8 0.12628124999999998 0.8399531609374999 0.218671875 0.8251990625 0.222515625 0.8309601875 0.2340625 0.8271194375 0.234484375 0.8245667453125 0.24046875 0.7899531609375 0.23834375 0.78098360625 0.22549999999999998 0.7899531609375 0.119015625 0.8040515218750001 0.1113125 0.7957142859374999 0.10190625 0.8072599531250001 0.108328125 0.8463466046875 0.1113125 0.8502107734375001 0.1254375 0.8463466046875 0.12628124999999998 0.8399531609374999
8 1 0.8059016390625 0.9761875 0.8073770484375 0.9613437499999999 0.8073770484375 0.9376093750000001 0.7940281031249999 0.93265625 0.9052224828125001 0.91584375 0.8844730671875001 0.84165625 0.9141217796875001 0.839671875 0.963044496875 0.84759375 0.9912177984375001 0.851546875 0.985292740625 0.854515625 0.963044496875 0.854515625 0.9511943796875 0.8614375000000001 0.948220140625 0.8881406249999999 0.9778688531249999 0.93265625 0.9986182671874999 0.9840937500000001 0.9986182671874999 0.9979374999999999 1 1 0.9793442625000001 1 0.8059016390625
8 0.7964687500000001 0.8088056203124999 0.77946875 0.8029274 0.772921875 0.7980327875000001 0.76571875 0.7980327875000001 0.76571875 0.8137002343749999 0.763109375 0.8529273999999999 0.7500312499999999 0.8578220140624999 0.73890625 0.87548009375 0.7284375 0.9088056203124999 0.71928125 0.9039110062500001 0.71340625 0.9068384078125 0.71340625 0.9333255265625 0.7166718750000001 0.960772834375 0.7277812499999999 0.9686182671875001 0.7474062499999999 0.962716628125 0.76571875 0.9588056203124999 0.792546875 0.964683840625 0.810859375 0.9725292734375 0.8350625 0.990163934375 0.837015625 0.9842857140625 0.838328125 0.9411475406250001 0.8429062500000001 0.8852693203124999 0.8500937499999999 0.8470491796875 0.8579531250000001 0.7872365343750001 0.8481406249999999 0.790187353125 0.839640625 0.8039110062500001 0.819359375 0.812740046875 0.7964687500000001 0.8088056203124999
8 0.150265625 0.9538173296875 0.183328125 0.9538173296875 0.208875 0.9538173296875 0.26296875000000003 0.9538173296875 0.30053125 0.93355971875 0.339609375 0.9155503515625 0.268984375 0.8254566750000001 0.0045156250000000005 0.859227165625 0.007515625 0.989859484375 0.147265625 0.989859484375 0.150265625 0.9538173296875
8 0.842609375 0.8044964875 0.8725937500000001 0.8584309140625 0.8890781249999999 0.829203746875 0.9550468750000001 0.829203746875 0.9625468749999999 0.8179859484374999 0.973046875 0.7910070250000001 0.907078125 0.7820140515625 0.73165625 0.705620609375 0.697171875 0.7842622953125 0.73615625 0.8561826703125 0.761640625 0.8449414515625 0.769140625 0.8202341921875 0.842609375 0.8044964875
9 0.353828125 0.7820140515625 0.34034375 0.9955035125 0.47078125000000004 0.9887587828125 0.46328125 0.8179859484374999 0.46778125 0.8157377046875001 0.500765625 0.833700234375 0.5337500000000001 0.8179859484374999 0.488765625 0.8 0.45278124999999997 0.7528103046875 0.45428125 0.7236065578125 0.48128125 0.6898829046875 0.48426562500000003 0.6426932078125 0.47828125000000005 0.6089929749999999 0.46328125 0.5820140515625 0.46328125 0.5685480093749999 0.46778125 0.53482435625 0.46328125 0.47639344218749996 0.45728125000000003 0.429203746875 0.43629687500000003 0.40674473125 0.3943125 0.429203746875 0.368828125 0.5415690859375 0.361328125 0.5955035125 0.352328125 0.60674473125 0.33734375 0.6786416859375 0.353828125 0.7820140515625
9 0.72715625 0.7129274 0.73915625 0.64775175625 0.7421562500000001 0.5825761125 0.71965625 0.544379390625 0.688171875 0.4994379390625 0.6806875 0.476955503125 0.686671875 0.44325526875000004 0.686671875 0.409555034375 0.6836875 0.37583138125 0.6716875 0.346627634375 0.644703125 0.344379390625 0.632703125 0.3646135828125 0.622203125 0.38932084375 0.61621875 0.42079625312499996 0.61621875 0.4544964875 0.623703125 0.481451990625 0.581734375 0.5331381734375 0.574234375 0.578079625 0.569734375 0.620796253125 0.566734375 0.6387587828125 0.5592343750000001 0.6724824359375 0.581734375 0.688196721875 0.58921875 0.6971896953125001 0.60871875 0.7196721312500001 0.6192031250000001 0.755620609375 0.6132187499999999 0.7803278687499999 0.551734375 0.8252693203125 0.574234375 0.8275175640624999 0.572734375 0.8589929749999999 0.551734375 0.9263934421875 0.5592343750000001 0.9556206093749999 0.553234375 0.9668618265625 0.5592343750000001 0.9983138171875 0.715171875 1 0.71815625 0.9825761125 0.709171875 0.9443793906250001 0.71965625 0.8275175640624999 0.715171875 0.757868853125 0.72715625 0.7129274
8 0.565234375 0.79775175625 0.59221875 0.79775175625 0.61021875 0.766299765625 0.61621875 0.7370726000000001 0.61621875 0.7123653390625 0.59671875 0.698875878125 0.578734375 0.6876346609375 0.54725 0.6808899296875001 0.51875 0.6763934421875 0.49626562500000004 0.6898829046875 0.47228125 0.698875878125 0.45578124999999997 0.72583138125 0.45278124999999997 0.7528103046875 0.46328125 0.73032786875 0.47828125000000005 0.7865105390625 0.506765625 0.7932552687500001 0.53525 0.79775175625 0.565234375 0.79775175625
8 0.127734375 0.739156909375 0.13721875 0.739156909375 0.14315625 0.7415222484374999 0.14710937500000001 0.7415222484374999 0.155796875 0.7415222484374999 0.16212500000000002 0.7415222484374999 0.16765625 0.7415222484374999 0.175953125 0.7421077281249999 0.181890625 0.7433021078125 0.1878125 0.7438875875 0.1949375 0.7438875875 0.20403125000000003 0.7415222484374999 0.2071875 0.7409367687499999 0.20798437500000003 0.7397423890625 0.20798437500000003 0.739156909375 0.1985 0.7249180328125 0.192953125 0.72255269375 0.175171875 0.7231615921875 0.1609375 0.7284777515624999 0.14315625 0.7284777515624999 0.126546875 0.7290866515625 0.10796874999999999 0.7302576109375 0.0878125 0.7326229515625 0.077921875 0.7326229515625 0.076734375 0.738548009375 0.076734375 0.7438875875 0.07910937500000001 0.7486182671875 0.07990625 0.751007025 0.076734375 0.756932084375 0.072 0.75810304375 0.070015625 0.75810304375 0.06725 0.75810304375 0.064875 0.75810304375 0.0625 0.756932084375 0.061328125 0.756323184375 0.06053125 0.75159250625 0.060921875 0.74744730625 0.062109375 0.7433021078125 0.0625 0.739156909375 0.0625 0.73676815 0.045109375 0.7355971890624999 0.037609375 0.7361826703125 0.030093750000000002 0.739156909375 0.018625 0.74032786875 0.012296875 0.7415222484374999 0.000046875 0.7397423890625 0 0.7527868859375 0.0008437500000000001 0.7628571421875 0.009140625 0.760468384375 0.018234375 0.7557377046875 0.026140625 0.7527868859375 0.032859375 0.7498126468749999 0.0466875 0.7450819671875 0.053015625 0.7438875875 0.056578125 0.753372365625 0.054593749999999996 0.7628571421875 0.053421874999999994 0.7699531609375 0.053421874999999994 0.774707259375 0.12298437499999999 0.7699531609375 0.126546875 0.760468384375 0.12734375 0.74744730625 0.127734375 0.739156909375
8 0.714484375 0.4771896953125 0.714484375 0.4905327875 0.69965625 0.48906323125 0.686796875 0.5024121781249999 0.7075625 0.523524590625 0.714484375 0.5172189703125001 0.714484375 0.5305620609374999 0.729328125 0.5602341921875 0.7402031250000001 0.604707259375 0.791640625 0.527611240625 0.8094531249999999 0.4846135828125 0.81934375 0.432716628125 0.83021875 0.3852693203125 0.8411093749999999 0.3674941453125 0.844078125 0.3437704921875 0.83021875 0.3437704921875 0.820328125 0.35414519843750003 0.7946093750000001 0.403067915625 0.772859375 0.43421545625 0.7441718749999999 0.4534894609375 0.714484375 0.4771896953125
8 0.41875 0.57170491875 0.395078125 0.5559250578125 0.395796875 0.5598829046875 0.40229687500000005 0.56709601875 0.40421874999999996 0.5728571421875001 0.41624999999999995 0.5743091328125 0.41384375 0.5908899296875 0.41432812500000005 0.60386416875 0.43140625000000005 0.5908899296875 0.4338125 0.5912412171875 0.44510937500000003 0.6027868859375001 0.44703125000000005 0.5999063234374999 0.45184375 0.5786182671875 0.44992187499999997 0.5771896953125 0.430671875 0.5829508203125 0.426640625 0.576964871875 0.41889062499999996 0.5743091328125 0.41875 0.57170491875
8 0.17470312500000001 0.8614754093749999 0.1814375 0.8690398125 0.18840625 0.8701170953125 0.191546875 0.8665105390625 0.19034374999999998 0.8618266984374999 0.1814375 0.8517330203125001 0.182640625 0.8499297421875 0.173265625 0.8376814984375001 0.17109375 0.8373302109375 0.16604687499999998 0.84128805625 0.17470312500000001 0.8614754093749999
8 0.20637500000000003 0.9300702578125 0.207671875 0.9190866515625 0.203359375 0.8990866515624999 0.1990625 0.8816627640625001 0.190015625 0.88229508125 0.18743749999999998 0.9003747078125001 0.19173437499999998 0.9003747078125001 0.193453125 0.9081264640625 0.19690625 0.9177985953125001 0.199921875 0.9294145203124999 0.19475 0.9307025765624999 0.20034375 0.9319906328125 0.20637500000000003 0.9300702578125
8 0.201171875 0.739180328125 0.182375 0.7433255265625001 0.169109375 0.7441686187500001 0.152546875 0.7433255265625001 0.13928125 0.7416627640625 0.133203125 0.74002341875 0.12601562500000002 0.740843090625 0.12989062499999998 0.802131146875 0.13928125 0.8029742390625 0.143703125 0.7979859484375 0.142046875 0.79384075 0.20890625 0.7863934421875001 0.20945312500000002 0.7913583140625 0.22326562499999997 0.7913583140625 0.22271875 0.7880562062500001 0.230453125 0.7267681500000001 0.21995312500000003 0.7267681500000001 0.21110937500000002 0.7358782203125 0.201171875 0.739180328125
8 0 0.8602341921875001 0.007078125 0.8581030437500001 0.028359375 0.8570491796875 0.04609375 0.8517330203125001 0.05034375 0.7539344265625 0.049640625 0.7475409843749999 0.048921875 0.7475409843749999 0.04821875 0.7486182671875 0.038296875 0.7518032781249999 0.000703125 0.76775175625 0 0.7709367687500001 0 0.8602341921875001
8 0.063 0.7333957843750001 0.065796875 0.70323185 0.06159375 0.7018501171875 0.049890625 0.7109601875 0.010125 0.713067915625 0.000765625 0.7137704921875 0.000296875 0.7383138171875 0.063 0.7333957843750001
8 0.330328125 1 0.342046875 0.9064402812499999 0.32915625 0.8994145203125001 0.32446875 0.9134660421874999 0.30278125 0.927540984375 0.26349999999999996 0.9503747078125 0.196671875 0.9565339578125001 0.16853125 0.943348946875 0.14976562499999999 0.939836065625 0.142734375 0.9451053859374999 0.14390624999999999 1 0.330328125 1
8 0.269078125 0.7122014046875 0.27334375 0.7097423890625 0.27334375 0.6944262296875 0.270390625 0.6939344265625 0.264484375 0.6580093671875 0.25593750000000004 0.6181498828125 0.25134375000000003 0.6225761125 0.25134375000000003 0.6294613578125 0.254953125 0.6594847781250001 0.25790625 0.69836065625 0.25134375000000003 0.7441217796874999 0.256921875 0.7593911 0.264484375 0.7309133484375 0.267109375 0.7304215453125 0.269078125 0.7122014046875
8 0.7187812499999999 0.7525761125 0.74953125 0.750163934375 0.7500625000000001 0.7593911 0.757015625 0.7553864171875 0.756484375 0.716908665625 0.725734375 0.7257142859375 0.7243906250000001 0.7381498828125 0.719046875 0.738548009375 0.7187812499999999 0.7525761125
8 0.322046875 0.752224825 0.32603125 0.7455035125 0.32603125 0.727611240625 0.33001562500000003 0.722388759375 0.331515625 0.6358548015625 0.32503125 0.6440749421875 0.31657812500000004 0.658243559375 0.315078125 0.6813583140625 0.316078125 0.708220140625 0.305125 0.7089461359375 0.304640625 0.7611709609374999 0.307125 0.7589227171874999 0.311109375 0.7335831374999999 0.317578125 0.7313348953125 0.315578125 0.771615925 0.317078125 0.77906323125 0.323546875 0.7783372359375 0.322046875 0.752224825
8 0.297390625 0.6962295078125 0.28759375 0.6962295078125 0.284578125 0.6803981265625 0.27703125 0.636323184375 0.2725 0.61936768125 0.268734375 0.621615925 0.26571875 0.6250117093750001 0.271 0.6498829046875 0.274015625 0.6837939109375 0.27325 0.707540984375 0.271 0.72224824375 0.2725 0.7267681500000001 0.27175 0.73128805625 0.27175 0.7493676812500001 0.271 0.761803278125 0.271 0.7651990625 0.27551562500000004 0.7697189703125 0.28532812500000004 0.71997658125 0.29965625 0.7131850109375 0.30946875 0.709812646875 0.297390625 0.6962295078125
8 0.071921875 0.5407494140625 0.07346875 0.5500468390625 0.07618749999999999 0.5674707265625 0.076578125 0.577939109375 0.08820312500000001 0.577939109375 0.09634374999999999 0.575035128125 0.101 0.5628337234375 0.09984375 0.5395784546875 0.1045 0.5128571421875 0.10371875 0.504707259375 0.09984375 0.499484778125 0.101390625 0.4954098359375 0.11264062500000001 0.484379390625 0.127765625 0.4849414515625 0.13009375 0.47971897031250005 0.12310937500000001 0.4657611234375 0.11340625 0.46229508125 0.102171875 0.46751756406249995 0.09867187499999999 0.4500702578125 0.09131249999999999 0.4413583140625 0.087046875 0.45822014062500005 0.084328125 0.46751756406249995 0.07696875 0.47740046875 0.067265625 0.47971897031250005 0.054468749999999996 0.4866978921875 0.063 0.4983138171875 0.07270312500000001 0.5012177984374999 0.06804687499999999 0.5070257609375 0.069203125 0.5221545671875 0.071921875 0.5407494140625
8 0.295953125 0.667587821875 0.32953125 0.6620608906250001 0.328671875 0.6286182671875 0.271484375 0.6305620609375 0.26432812499999997 0.6321779859375 0.263671875 0.64744730625 0.295953125 0.667587821875
8 0.53028125 0.8805152218750001 0.535484375 0.9168852453125 0.5528125 0.922084309375 0.538953125 0.8129976578125 0.504296875 0.8233723656249999 0.4835 0.8129976578125 0.474828125 0.924683840625 0.4886875 0.924683840625 0.4886875 0.8805152218750001 0.53028125 0.8805152218750001
8 0.16578125 0.7012646375 0.141015625 0.704964871875 0.11542187500000001 0.7041451984375 0.093140625 0.7025058546875 0.09615625 0.7338407499999999 0.17706249999999998 0.727236534375 0.1811875 0.7000234187500001 0.16578125 0.7012646375
8 0.0625 1 0.05625 0.9836065578125 0.040625 0.9836065578125 0.034375 0.9672131140625 0.014583332812499999 0.9672131140625 0.013530584374999998 0.9587921671874999 0.0853390953125 0.8661119140625001 0.0046875 0.9672131140625 0.0015625 0.9742388765625 0.0015625 1 0.0625 1
8 0.3 0.6323185015624999 0.3109375 0.6323185015624999 0.315625 0.6229508203125 0.3140625 0.608899296875 0.3046875 0.6018735359375 0.2921875 0.6018735359375 0.2859375 0.6112412171875 0.2828125 0.6112412171875 0.25887632968749996 0.6421346359375 0.278125 0.6323185015624999 0.2828125 0.6393442625 0.29375 0.6393442625 0.3 0.6323185015624999