2 0.62025 0.585640625 0.6462291671875 0.57784375 0.6384375 0.555453125 0.6553125 0.550578125 0.6462291671875 0.54084375 0.6319375 0.54084375 0.5787083328125 0.5418125 0.5618333328125 0.5603281250000001 0.5345625 0.566171875 0.5319583328124999 0.5885625 0.53975 0.5895312500000001 0.5683125 0.5895312500000001 0.62025 0.585640625
2 0.3331875 0.5623437499999999 0.3169375 0.5760625 0.28137500000000004 0.582921875 0.2762916671875 0.5920625 0.296625 0.6126406249999999 0.3331875 0.6126406249999999 0.39010416718749996 0.6118750000000001 0.44395833281249997 0.611125 0.4663125 0.60503125 0.4683541671875 0.594359375 0.469375 0.594359375 0.4642916671875 0.576828125 0.454125 0.57225 0.42262500000000003 0.557015625 0.3331875 0.5623437499999999
2 0.3366458328125 0.5622812500000001 0.42502083281249997 0.557171875 0.46310416718749997 0.577640625 0.46706250000000005 0.57603125 0.46597916718750004 0.57521875 0.4645416671875 0.564984375 0.4580833328125 0.549625 0.43904166718750004 0.5383125 0.368625 0.5401875 0.3391666671875 0.544234375 0.3165208328125 0.555546875 0.30862500000000004 0.56175 0.2917291671875 0.5660624999999999 0.2744791671875 0.5749531250000001 0.27377083281250003 0.588421875 0.28131249999999997 0.5833125 0.314 0.5765625 0.3366458328125 0.5622812500000001
2 0.1148472234375 0.5685520828125 0.10463194375 0.5745104171875 0.1047786453125 0.57876171875 0.0438958328125 0.5928125 0.0444583328125 0.611984375 0.047875 0.6136874999999999 0.0592291671875 0.6153906250000001 0.0631875 0.6200625 0.07681249999999999 0.622203125 0.0842083328125 0.6200625 0.0864791671875 0.614109375 0.09783333281249999 0.61240625 0.11995833281249998 0.612828125 0.12166666718750001 0.6153906250000001 0.12847916718750002 0.6187968749999999 0.1403958328125 0.6187968749999999 0.1415416671875 0.611125 0.1795625 0.611125 0.18014583281250002 0.608578125 0.19377083281250002 0.608140625 0.2301041671875 0.610703125 0.2317916671875 0.61665625 0.2363333328125 0.614953125 0.2454166671875 0.601328125 0.25564583281250003 0.60090625 0.2573333328125 0.597921875 0.2573333328125 0.59196875 0.2511041671875 0.5728125000000001 0.24485416718750003 0.571109375 0.23293750000000002 0.5608906250000001 0.2244166671875 0.556625 0.21760416718750003 0.554078125 0.1961028640625 0.5576855468749999 0.192625 0.556625 0.18595572968750002 0.5600273437500001 0.18013541718749998 0.5563046875000001 0.17580859375 0.562369140625 0.1676458328125 0.555984375 0.1656614578125 0.5647109375 0.1555143234375 0.567052734375 0.15515625 0.5556640625 0.1426666671875 0.55534375 0.12506250000000002 0.56259375 0.1352200515625 0.571736328125 0.11492578125 0.576419921875 0.1148472234375 0.5685520828125
2 0.7797708328125 0.5817187500000001 0.8046875 0.58109375 0.8066458328125 0.58340625 0.8136458328125 0.582984375 0.8158749999999999 0.579625 0.8172916671875001 0.576890625 0.817 0.5603125 0.8086041671875 0.558 0.8044166671875 0.554640625 0.7929375000000001 0.5487656249999999 0.7780833328125001 0.5487656249999999 0.7764166671875 0.5510625 0.77725 0.5825625 0.7797708328125 0.5817187500000001
2 0.8194583328125 0.560875 0.8194583328125 0.57715625 0.82325 0.5769062500000001 0.8249791671875 0.57896875 0.8315208328124999 0.58284375 0.8404999999999999 0.573546875 0.8363541671875 0.563203125 0.8211875 0.5528593749999999 0.8060208328125 0.550796875 0.8039583328125 0.5549375000000001 0.8073958328125 0.55675 0.8194583328125 0.560875
2 0.9667916671875 0.55909375 0.9667916671875 0.56028125 0.96775 0.572171875 0.9851875 0.5743125 0.9988333328125 0.57240625 0.9982083328125 0.546015625 0.9962916671875 0.5445781249999999 0.9782291671875001 0.545296875 0.9744166671875 0.5505312499999999 0.9693333328125 0.555765625 0.9667916671875 0.55909375
8 0.6279375 0.35173437500000004 0.6371666671875 0.356578125 0.6574583328125 0.356234375 0.6556041671874999 0.30159375 0.6334791671875 0.30125 0.6265625 0.302984375 0.6256458328125001 0.30989062500000003 0.6251666671875 0.34240624999999997 0.6279375 0.35173437500000004
1 0.5572083328125 0.51640625 0.512875 0.518359375 0.4867916671875 0.518359375 0.48287500000000005 0.53009375 0.4802708328125 0.546734375 0.4802708328125 0.547703125 0.4763541671875 0.5584687500000001 0.45939583281249996 0.573140625 0.46722916718749996 0.577046875 0.4815625 0.5956406249999999 0.49852083281250004 0.589765625 0.5363333328125 0.588796875 0.54025 0.573140625 0.5689583328125 0.547703125 0.5872083328125 0.537921875 0.6237291671875 0.537921875 0.6237291671875 0.5320625 0.6224166671875 0.517390625 0.5572083328125 0.51640625
1 0.6547708328125 0.552359375 0.6837916671875 0.54909375 0.6856458328125 0.550359375 0.6941458328125 0.550359375 0.7395208328125 0.5485781249999999 0.7379791671875 0.51953125 0.6815625 0.5212656250000001 0.6820625 0.525125 0.6805208328125001 0.526484375 0.684125 0.527046875 0.6858333328125 0.5315000000000001 0.6740833328125 0.533625 0.6686770828124999 0.5215546875 0.6444791671875 0.523390625 0.637 0.52590625 0.637 0.536328125 0.6532291671875 0.5485 0.6547708328125 0.552359375
1 0.8581979171875 0.5731041671875 0.8616250000000001 0.5770625 0.85175 0.580453125 0.8533958328125 0.581078125 0.8649166671874999 0.5770625 0.8822083328125 0.5739687499999999 0.8937291671875001 0.573359375 0.8937291671875001 0.577671875 0.8990833328125 0.578609375 0.9040208328125001 0.577671875 0.9081250000000001 0.573359375 0.922125 0.572734375 0.9282916671875 0.5764375 0.9328333328125 0.5739687499999999 0.9336458328124999 0.5681093749999999 0.9369375 0.56440625 0.9365208328125 0.5332343749999999 0.8822083328125 0.5332343749999999 0.8726041671875 0.5491822921875 0.8632708328125 0.537859375 0.8603958328125 0.538796875 0.8635999999999999 0.5457 0.8639291671875 0.553540625 0.8558749999999999 0.5526718749999999 0.8505208328125 0.5573125 0.8480416671875 0.5675 0.8630000000000001 0.5651302078125 0.8645875000000001 0.569221875 0.8581979171875 0.5731041671875
8 0.7810625 0.07357812500000001 0.7530208328125 0.07270312500000001 0.746 0.074453125 0.7366666671875 0.07884375 0.715625 0.08059374999999999 0.7132916671875 0.08146875 0.7308125000000001 0.3811875 0.8324791671874999 0.374171875 0.8149374999999999 0.07884375 0.7927500000000001 0.07884375 0.7810625 0.07357812500000001
8 0.49824999999999997 0.391546875 0.499125 0.346 0.5008958328124999 0.33015625000000004 0.4912083328125 0.32223437499999996 0.46568750000000003 0.315625 0.4419166671875 0.32090625 0.44456249999999997 0.37107812500000004 0.46568750000000003 0.371734375 0.4647916671875 0.39484375 0.49824999999999997 0.391546875
10 0.1496666671875 0.33809374999999997 0.1496666671875 0.34004687499999997 0.1496666671875 0.443796875 0.241875 0.448359375 0.2401458328125 0.34134375 0.1496666671875 0.33809374999999997