8 0.22427999999999998 0.7944410875 0.24125999999999997 0.783051359375 0.24691999999999997 0.759546828125 0.23748 0.7395770390624999 0.22806 0.7467069484375 0.229 0.7474320234375 0.22664 0.768791540625 0.22191999999999998 0.7802114796875 0.21814 0.78945619375 0.22427999999999998 0.7944410875
8 0.8481 0.8500302109375 0.8591200000000001 0.8510271906250001 0.8643000000000001 0.8510271906250001 0.8610599999999999 0.8402719031249999 0.8603999999999999 0.8285196375 0.8603999999999999 0.8158006046875 0.8603999999999999 0.8148338374999999 0.85782 0.808972809375 0.85782 0.799184290625 0.85588 0.8001510578125 0.8565200000000001 0.8011480359375 0.8474600000000001 0.8030815703125 0.84616 0.7972205437500001 0.84292 0.7972205437500001 0.84034 0.8011480359375 0.83904 0.8011480359375 0.8345 0.802114803125 0.8345 0.808972809375 0.8345 0.8275528703124999 0.8345 0.833413896875 0.8345 0.8412386703125 0.8351599999999999 0.8539577046875 0.84034 0.8519939578125 0.8409800000000001 0.8519939578125 0.8481 0.8500302109375
8 0.2894 0.8246223562500001 0.29091999999999996 0.8269033234375 0.2894 0.8337462234374999 0.29344000000000003 0.8406042296875 0.29998 0.8375528703124999 0.29696 0.82386706875 0.30452 0.8231117828125001 0.30954000000000004 0.8003021140625 0.30047999999999997 0.7873716015625 0.29746 0.7941993953125001 0.29897999999999997 0.8086706953125 0.29546 0.8116918421875001 0.2889 0.8116918421875001 0.28488 0.7828096671875 0.27934000000000003 0.7797583078125 0.27532 0.7828096671875 0.27532 0.7911782484375001 0.27934000000000003 0.799546828125 0.2733 0.8010574015625 0.2718 0.814743203125 0.27934000000000003 0.8094259812500001 0.27934000000000003 0.8299395765625001 0.2894 0.8246223562500001
9 0.21576 0.8381268875 0.23126000000000002 0.850725075 0.23424 0.8759516609375 0.24376000000000003 0.8525377640625 0.22111999999999998 0.8228398796875 0.22946 0.7976435046875 0.22290000000000001 0.7823262843750001 0.22827999999999998 0.74722054375 0.22349999999999998 0.7247129906249999 0.20802 0.7202114796875 0.20444 0.7328398796875 0.2104 0.7490332328125 0.20859999999999998 0.7553172203125 0.20206 0.7679154078125 0.20859999999999998 0.7751359515625 0.20682 0.8102416921875 0.20802 0.85613293125 0.19788 0.87054380625 0.19848 0.8750453171875 0.21217999999999998 0.8723262843749999 0.21576 0.8381268875
8 0.86524 0.809335346875 0.87096 0.8096978859374999 0.87784 0.806223565625 0.8835599999999999 0.7944712984375 0.88286 0.7782175234375 0.8792 0.7681873109375 0.8641 0.769909365625 0.86432 0.7813293046875 0.86754 0.796193353125 0.86524 0.809335346875
8 0.35710000000000003 0.77592145 0.3666 0.780815709375 0.3751 0.781117825 0.37894 0.7588217515625 0.37934 0.7466163140625001 0.3751 0.7511782484375 0.37104 0.7515105734375 0.36882000000000004 0.74906344375 0.37024 0.74202416875 0.36196 0.738972809375 0.35832 0.7457099703125001 0.35892 0.7643202421875 0.35710000000000003 0.77592145
9 0.66096 0.670664653125 0.6586000000000001 0.66353474375 0.65544 0.6627190328125 0.65126 0.6662839875000001 0.65072 0.6742296078125001 0.64574 0.678972809375 0.64574 0.69205438125 0.64968 0.7007552875 0.65046 0.7356193359375001 0.65518 0.741963746875 0.662 0.7403625375 0.66426 0.6867069484375 0.66462 0.6809667671875 0.662 0.6754078546875 0.66096 0.670664653125
9 0.28816 0.8172809671874999 0.29238 0.8116012078124999 0.30176 0.8548640484375 0.3088 0.8477643499999999 0.29942 0.806646525 0.306 0.7796978859375 0.3074 0.7343202421874999 0.29613999999999996 0.716586103125 0.29192 0.6960422953125 0.28158 0.700996978125 0.27876 0.7158912390625 0.28252 0.7244108765624999 0.27736 0.74353474375 0.27736 0.7683685796875 0.27782 0.804531721875 0.27924000000000004 0.8421148031250001 0.27924000000000004 0.8569788515625 0.28486 0.8555891234375 0.28816 0.8172809671874999
9 0.8209 0.753444109375 0.8256828578125001 0.7560984015625001 0.8291000000000001 0.7715105734375001 0.8281257140625 0.77222701875 0.833011428125 0.8044842484375 0.82842 0.8723564953125 0.8204800000000001 0.8873413890625 0.8582000000000001 0.8873413890625 0.86514 0.8843504531249999 0.86416 0.8603625375 0.8611800000000001 0.8498791546875 0.84034 0.852870090625 0.8354542859375 0.8206128609375 0.86804 0.8102719031250001 0.85868 0.8039577046874999 0.8412599999999999 0.801027190625 0.8480399999999999 0.7873716015625 0.8509399999999999 0.7893051359375 0.8644999999999999 0.7829607249999999 0.8528800000000001 0.744924471875 0.84092 0.7312688828125 0.8335000000000001 0.7146827796874999 0.8241400000000001 0.7127492453125 0.82026 0.718610271875 0.81898 0.7244410875 0.82478 0.73909365625 0.82324 0.7399697890625 0.8209 0.753444109375
9 0.1504 0.8609667671875 0.15504 0.8445921453125 0.162 0.7896978859375 0.17128000000000002 0.771027190625 0.16432 0.7243202421875 0.15428 0.7056193359375 0.14268 0.7277945625 0.12954000000000002 0.7453172203125 0.12798 0.797885196875 0.13494 0.8457703921874999 0.12179999999999999 0.8703021140624999 0.1303 0.889003021875 0.15428 0.8971601203124999 0.1504 0.8609667671875
9 0.6207 0.8361631421875 0.63224 0.826948640625 0.64104 0.84129909375 0.64036 0.8617824765625001 0.63902 0.87202416875 0.63088 0.8750755281249999 0.64376 0.8802114796874999 0.65258 0.8802114796874999 0.64648 0.8331117828125001 0.6397 0.8003323265625 0.6356200000000001 0.788036253125 0.63766 0.7665256796875 0.6397 0.7542296078125 0.63224 0.7306948640625001 0.62748 0.71223565 0.61732 0.7009667671875001 0.61122 0.70610271875 0.61122 0.7255589125 0.6159600000000001 0.74093655625 0.61392 0.7542296078125 0.6085 0.7798489421875 0.60172 0.7870090640625 0.5963 0.7972507546875 0.60172 0.8023867062500001 0.61528 0.788036253125 0.61528 0.8054380671875 0.60918 0.8351359515624999 0.6044400000000001 0.8607552875 0.5963 0.8668882171875 0.6058 0.8832930515624999 0.61936 0.8853172203125 0.618 0.8781570999999999 0.61528 0.8628096671875 0.6207 0.8361631421875
9 0.11513999999999999 0.8306948640625 0.11379999999999998 0.857311178125 0.11921999999999999 0.8696072499999999 0.126 0.8654984890625 0.12396 0.8583383687499999 0.12532000000000001 0.8296676734374999 0.12938 0.8173716015625001 0.12532000000000001 0.8009969781249999 0.12532000000000001 0.7917824765625 0.12804 0.756948640625 0.126 0.73646525625 0.13074 0.72314199375 0.12668 0.7108761328125001 0.11786 0.7077945625 0.11581999999999999 0.7159818734375001 0.11717999999999999 0.7323564953125 0.10972 0.739546828125 0.09278 0.793806646875 0.0948 0.7989425984375 0.10633999999999999 0.7743504531250001 0.11448 0.8183987921875 0.09074 0.8440181265625 0.0887 0.8603927499999999 0.09414 0.8634743203124999 0.09414 0.8522054375 0.11513999999999999 0.8306948640625
9 0.36482000000000003 0.7968277953125 0.37072 0.8021752265625001 0.37132 0.8298187312499999 0.36748 0.8387311171875 0.3725 0.841389728125 0.37692000000000003 0.8351661625 0.3775 0.8248942593749999 0.3778 0.7981571 0.3846 0.82223565 0.38517999999999997 0.8338066468750001 0.3896 0.8302416921875 0.39404 0.8141993953125001 0.38932 0.7981571 0.38784 0.791027190625 0.38814000000000004 0.7709667671875 0.38814000000000004 0.7397583078125 0.39286 0.738429003125 0.39168 0.7245921453124999 0.38312 0.7107854984374999 0.38046 0.7103323265625 0.37692000000000003 0.698036253125 0.37368 0.6940483390625001 0.36806 0.69761329375 0.3654 0.702507553125 0.36894 0.7154380671875 0.36629999999999996 0.7225679765625 0.36216 0.7332628406249999 0.36128 0.73906344375 0.35922 0.7410876140625 0.35892 0.7656193359375 0.35804 0.77942598125 0.36482000000000003 0.7812084593749999 0.36482000000000003 0.7968277953125
9 0.74132 0.79610271875 0.74424 0.7571903328125 0.74278 0.724169184375 0.7345200000000001 0.700664653125 0.72868 0.71314199375 0.72918 0.7586706953125 0.72674 0.7924471296875 0.73744 0.850453171875 0.7471599999999999 0.868066465625 0.75932 0.8658912390625 0.75736 0.8445921453125 0.7418199999999999 0.828429003125 0.74132 0.79610271875
9 0.60808 0.7316012078125 0.60316 0.72685800625 0.60182 0.720090634375 0.60406 0.7045619328125 0.6089800000000001 0.697129909375 0.61434 0.7005135953125 0.61344 0.6984894265625 0.6121000000000001 0.6944108765625 0.61122 0.68090634375 0.60494 0.68090634375 0.60092 0.683625378125 0.60002 0.6869788515625 0.60136 0.7025377640625 0.59958 0.7052265859375 0.58794 0.710634440625 0.58258 0.7214501515625 0.58572 0.7282175234375 0.5919800000000001 0.7295770390625 0.59734 0.770090634375 0.6045 0.7613293046875 0.6045 0.7484894265625 0.60808 0.7316012078125
9 0.6028800000000001 0.7252265859375 0.60812 0.7359516609375001 0.60476 0.7619939578125 0.59802 0.77498489375 0.5953999999999999 0.7891238671874999 0.5983799999999999 0.791963746875 0.60738 0.7772507546874999 0.60738 0.7823564953125001 0.59764 0.79649546875 0.60176 0.8049546828125 0.6025 0.8315407859375 0.60176 0.8507854984375 0.5957600000000001 0.864350453125 0.60624 0.85870090625 0.60774 0.8145921453125 0.6107400000000001 0.812326284375 0.61186 0.8208157093749999 0.6155999999999999 0.8066767374999999 0.6155999999999999 0.7031722046875 0.61112 0.698066465625 0.60512 0.7048640484375001 0.6028800000000001 0.717854984375 0.6028800000000001 0.7252265859375
8 0.64254 0.787129909375 0.6491 0.7758006046875 0.64794 0.7701510578125 0.64254 0.759184290625 0.63998 0.7584592140625 0.6381 0.7595166156250001 0.6374 0.7662537765625 0.6345799999999999 0.7903021140625001 0.63622 0.7913595171875001 0.64254 0.787129909375
8 0.9611000000000001 0.763595165625 0.95238 0.7715105734375001 0.9553 0.8092749250000001 0.95762 0.8154380671875 0.97216 0.8110271906250001 0.97332 0.7873111781250001 0.97158 0.766223565625 0.9611000000000001 0.763595165625
8 0.69814 0.7685800609375 0.69556 0.7819939578125 0.6888 0.7893957703125001 0.68552 0.82610271875 0.6904399999999999 0.8303323265625 0.69276 0.8380966765625001 0.70608 0.8391540781250001 0.70748 0.8024471296875 0.70724 0.7731722046875 0.69814 0.7685800609375
9 0.8875 0.778247734375 0.87698 0.7527190328125 0.8692399999999999 0.7389425984375 0.8684 0.7284894265624999 0.8637 0.71722054375 0.8532 0.71761329375 0.85458 0.7372507546875 0.8565200000000001 0.7581571 0.8651 0.7840483390624999 0.8670199999999999 0.7974320234375 0.8664799999999999 0.8208157093749999 0.8684 0.8475528703125 0.86592 0.869274925 0.86398 0.87054380625 0.86426 0.8747129906250001 0.8711800000000001 0.8776435046875 0.8761599999999999 0.8767975828125 0.87726 0.840453171875 0.89136 0.855075528125 0.89496 0.8613293046875 0.89552 0.8738670687500001 0.90602 0.87093655625 0.90256 0.86794561875 0.9007999999999999 0.8451963750000001 0.8804000000000001 0.82646525625 0.8813000000000001 0.7996676734375 0.8875 0.778247734375
9 0.7144199999999999 0.7030211484375 0.71194 0.6971601203125 0.70912 0.693444109375 0.70772 0.693444109375 0.70064 0.6987613296874999 0.6988800000000001 0.7003625375 0.69854 0.7078247734375 0.7003 0.715287009375 0.70594 0.7238368578125 0.7056 0.72649546875 0.70382 0.7329003015625 0.7027599999999999 0.7547734140625 0.70418 0.7853172203125001 0.7027599999999999 0.8130513593750001 0.70772 0.813595165625 0.70878 0.8237160125 0.71124 0.8567975828125001 0.70418 0.8733232624999999 0.7105400000000001 0.8733232624999999 0.72218 0.8738670687500001 0.72784 0.866948640625 0.7306600000000001 0.8717220546875 0.73526 0.8749244718750001 0.7359600000000001 0.8685498484374999 0.73454 0.8589425984375 0.7299599999999999 0.8301208453125 0.72218 0.8034743203125 0.72572 0.79386706875 0.72678 0.784803625 0.72466 0.7832024171875 0.72396 0.7730513593749999 0.72184 0.7362537765625 0.71724 0.72129909375 0.71724 0.72277945625 0.71512 0.70942598125 0.7144199999999999 0.7030211484375
9 0.35 0.8187311171875 0.354 0.7885196375 0.358 0.7824773406250001 0.358 0.7797742078125001 0.5780000000000001 0.8042614078125 0.708 0.8277945624999999 0.708 0.8187311171875 0.724 0.812688821875 0.727333334375 0.8277945624999999 0.728 0.8731117828125001 0.734 0.8580060421875 0.74 0.8640483390625 0.737 0.8489425984375 0.730666665625 0.8429003015625 0.734 0.8338368578124999 0.744 0.8308157093749999 0.744 0.821752265625 0.734 0.7837721171875 0.726 0.7854984890625001 0.728 0.7764350453125 0.724666665625 0.77039275 0.73 0.7678031937500001 0.723333334375 0.755287009375 0.726 0.7518342687499999 0.728 0.7183858421875 0.818 0.7190332328125 0.8240000000000001 0.7129909359375 0.828666665625 0.727089628125 0.8380000000000001 0.725075528125 0.8393333343749999 0.735146021875 0.8460000000000001 0.7371601203125 0.8550000000000001 0.7326283984375 0.8539999999999999 0.7492447125 0.906 0.7492447125 0.916 0.7673716015625 0.9199999999999999 0.7854984890625001 0.9179999999999999 0.8006042296875 0.9099999999999999 0.8157099703125 0.9099999999999999 0.84592145 0.9199999999999999 0.8972809671875 0.9259999999999999 0.9063444109375001 0.9380000000000001 0.9063444109375001 0.944 0.8942598187499999 0.944 0.8791540781249999 0.9359999999999999 0.8277945624999999 0.9460000000000001 0.8096676734375 0.9460000000000001 0.7824773406250001 0.9380000000000001 0.7492447125 0.93 0.731117825 0.924 0.72205438125 0.9119999999999999 0.72205438125 0.906 0.731117825 0.902222221875 0.71869755 0.8631111125 0.7052702234375 0.8560000000000001 0.716012084375 0.853333334375 0.7019133921875 0.8435555562499999 0.6985565625 0.8380000000000001 0.6918428999999999 0.8337777781250001 0.69519973125 0.8240000000000001 0.6918428999999999 0.818 0.70090634375 0.8131999999999999 0.692145015625 0.7376 0.69425981875 0.734 0.70090634375 0.73 0.6948640484374999 0.716 0.6948640484374999 0.714 0.7039274921875001 0.718 0.72205438125 0.714 0.725830815625 0.722 0.73586534375 0.722 0.74018126875 0.713 0.7413141999999999 0.709 0.803247734375 0.706 0.8157099703125 0.6980000000000001 0.8176180640625 0.588 0.8053744625 0.372 0.697885196875 0.368 0.697885196875 0.366 0.6797583078125 0.354 0.6797583078125 0.348 0.6888217515624999 0.353 0.7356495468750001 0.361333334375 0.735146021875 0.35466666562500004 0.7512588124999999 0.34466666562500003 0.7492447125 0.336333334375 0.7628398796875 0.33799999999999997 0.7775481 0.32799999999999996 0.7764350453125 0.327333334375 0.7915407859375 0.32599999999999996 0.821752265625 0.33199999999999996 0.8308157093749999 0.344 0.8308157093749999 0.35 0.8187311171875