8 0.5077083328125 0.291796875 0.5264166671875 0.29090625000000003 0.5451041671875 0.28303124999999996 0.5497916671875 0.276015625 0.5567916671875001 0.26549999999999996 0.5474375 0.24884374999999997 0.5334166671875 0.241828125 0.5205625 0.238328125 0.508875 0.238328125 0.4960208328125 0.24095312500000002 0.49485416718749997 0.23920312500000002 0.4738125 0.25321875 0.4738125 0.27075 0.48783333281249996 0.28390624999999997 0.5077083328125 0.291796875
9 0.0716875 0.7342187499999999 0.0745208328125 0.734640625 0.0745208328125 0.7355 0.07225000000000001 0.743578125 0.06885416718750001 0.746984375 0.0716875 0.7542187499999999 0.07339583281249999 0.757203125 0.0779375 0.761890625 0.079625 0.77125 0.079625 0.7759375000000001 0.0779375 0.7831718750000001 0.0750833328125 0.7895625 0.0750833328125 0.797234375 0.0785 0.80190625 0.08247916718750001 0.801484375 0.0961041671875 0.798078125 0.0966666671875 0.79553125 0.0961041671875 0.7912656250000001 0.0995 0.772953125 0.1012083328125 0.765296875 0.10518749999999999 0.763171875 0.1108541671875 0.7555 0.113125 0.75125 0.11483333281250001 0.749109375 0.11483333281250001 0.744859375 0.1176666671875 0.74103125 0.1199375 0.7401718749999999 0.1244791671875 0.739328125 0.12562500000000001 0.73634375 0.1244791671875 0.73209375 0.12391666718750001 0.726125 0.1233541671875 0.723140625 0.12164583281250001 0.716328125 0.1199375 0.7129218749999999 0.1176666671875 0.709515625 0.11710416718750001 0.7078125 0.113125 0.703984375 0.1108541671875 0.701859375 0.10914583281250001 0.69759375 0.10858333281250002 0.6941875 0.1063125 0.6920625 0.10347916718750001 0.6882343750000001 0.0989375 0.6878124999999999 0.092125 0.68525 0.0870208328125 0.689078125 0.0830416671875 0.692921875 0.0745208328125 0.706546875 0.0682708328125 0.7210156249999999 0.06770833281250001 0.7227187500000001 0.0671458328125 0.724421875 0.0716875 0.7342187499999999
9 0.18395833281250001 0.78334375 0.18395833281250001 0.7720625 0.1827083328125 0.76265625 0.18395833281250001 0.7551249999999999 0.1864791671875 0.74571875 0.1877291671875 0.7344375000000001 0.19775 0.720328125 0.19775 0.707171875 0.19775 0.699640625 0.194 0.6930625 0.19275 0.6836562500000001 0.18020833281249998 0.68178125 0.1764375 0.688359375 0.1751875 0.695890625 0.1651458328125 0.70246875 0.157625 0.7165781250000001 0.153875 0.731625 0.152625 0.74290625 0.1513541671875 0.773 0.14508333281250002 0.7918125 0.157625 0.7955625000000001 0.1789375 0.7908593749999999 0.18395833281250001 0.78334375
9 0.8625833328124999 0.79 0.8662083328125 0.792734375 0.8692708328125001 0.79084375 0.8723541671874999 0.7935625 0.8742916671875 0.8067500000000001 0.8888125 0.806125 0.8888125 0.8034062499999999 0.8818333328125 0.79503125 0.8835000000000001 0.78790625 0.8871458328124999 0.764046875 0.8787708328124999 0.75578125 0.8801666671874999 0.7453125 0.8932708328125001 0.7459374999999999 0.8999791671875 0.7442656249999999 0.901375 0.7402968750000001 0.8957916671874999 0.7363125 0.8823958328125 0.7344375000000001 0.8756875000000001 0.723125 0.8717916671875001 0.717484375 0.8673125 0.709734375 0.8544791671875 0.707640625 0.8502916671875 0.7107812499999999 0.8491875 0.7224062499999999 0.8382916671875 0.735171875 0.8402499999999999 0.7515 0.8480624999999999 0.745 0.8547708328124999 0.757984375 0.8673125 0.7743125 0.8603541671875 0.779953125 0.8472291671875001 0.786453125 0.8472291671875001 0.786875 0.8547708328124999 0.79 0.8625833328124999 0.79
9 0.9798125000000001 0.7434062499999999 0.9824375 0.7403125 0.9873125 0.7434062499999999 0.9895625000000001 0.7453593749999999 0.9910625 0.7453593749999999 0.9918125 0.7453593749999999 0.9951874999999999 0.744796875 0.9948124999999999 0.7434062499999999 0.9925625 0.7380625000000001 0.9895625000000001 0.73384375 0.9884375000000001 0.731046875 0.9884375000000001 0.728234375 0.9891875000000001 0.7245781250000001 0.9891875000000001 0.719234375 0.9880625000000001 0.7175625 0.9880625000000001 0.717 0.9876875 0.71559375 0.9888125000000001 0.71334375 0.9888125000000001 0.71025 0.9884375000000001 0.7085625 0.9854375 0.7085625 0.9839375 0.7085625 0.9768333328125 0.7105312500000001 0.9760833328125 0.71221875 0.9749583328125 0.7136250000000001 0.9712083328125001 0.7184062499999999 0.9712083328125001 0.723171875 0.9730833328124999 0.730484375 0.9749583328125 0.744796875 0.9734583328124999 0.745078125 0.9772083328125 0.745078125 0.9798125000000001 0.7434062499999999
9 0.3343541671875 0.726828125 0.3390416671875 0.7189687499999999 0.3386875 0.710859375 0.3419375 0.700296875 0.3390416671875 0.69596875 0.336875 0.69028125 0.3318333328125 0.6910937500000001 0.3282083328125 0.694609375 0.32966666718750004 0.696234375 0.3278541671875 0.6973281250000001 0.3289375 0.711125 0.3289375 0.711390625 0.3289375 0.7189687499999999 0.3343541671875 0.726828125
2 0.058562499999999997 0.748765625 0.0763333328125 0.748765625 0.098875 0.757296875 0.10058631093749999 0.749272321875 0.1118611109375 0.7565520828125 0.13783333281250001 0.7550625 0.1647916671875 0.7460625000000001 0.1558125 0.7033750000000001 0.11985937499999999 0.6949492187499999 0.1108541671875 0.701125 0.10787500000000001 0.6921406250000001 0.0788645828125 0.7011953125 0.0813958328125 0.68978125 0.05095833281249999 0.695484375 0.04525 0.70309765625 0.05803125 0.7085078125 0.0480625 0.71178125 0.039541667187500004 0.7107109375 0.038093749999999996 0.7150546875 0.0338333328125 0.7183242187500001 0.028125 0.718328125 0.028125 0.7259375 0.015437500000000002 0.722125 0.012895832812499999 0.74115625 0.0357291671875 0.74496875 0.0408125 0.76209375 0.058562499999999997 0.748765625
9 0.195625 0.7221093749999999 0.18829166718749998 0.734328125 0.1874791671875 0.7508125 0.18829166718749998 0.7798125 0.1826041671875 0.78653125 0.1874791671875 0.79171875 0.19685416718749998 0.79171875 0.2013333328125 0.784078125 0.2049791671875 0.7592187499999999 0.2078333328125 0.753109375 0.21354166718749998 0.746703125 0.2123125 0.741515625 0.20987499999999998 0.726859375 0.2110833328125 0.713421875 0.20987499999999998 0.70609375 0.20987499999999998 0.699390625 0.20987499999999998 0.6957187499999999 0.2078333328125 0.6917500000000001 0.20335416718750002 0.6896093750000001 0.19685416718749998 0.6896093750000001 0.1948125 0.6917500000000001 0.19685416718749998 0.7004374999999999 0.19685416718749998 0.7175312500000001 0.195625 0.7221093749999999
0 0.515125 0.7508125 0.4961875 0.730171875 0.4832916671875 0.730171875 0.4875833328125 0.7346874999999999 0.5013541671875 0.739203125 0.5013541671875 0.7508125 0.5005 0.765015625 0.5005 0.77534375 0.5065208328125 0.779859375 0.5168333328125 0.779859375 0.5288958328125 0.777921875 0.5383541671875001 0.7785624999999999 0.5503958328125 0.788890625 0.559875 0.792765625 0.5753541671875 0.794046875 0.5865416671875 0.783734375 0.589125 0.779203125 0.589125 0.7605000000000001 0.573625 0.755328125 0.5486875 0.748875 0.5357708328124999 0.7443593749999999 0.5237291671875 0.756625 0.515125 0.7508125
8 0.7939583328125 0.6504375 0.7974583328125 0.655125 0.811125 0.653375 0.8193125 0.6530781250000001 0.8240000000000001 0.62234375 0.8267291671875 0.61940625 0.8201041671875 0.586625 0.7962916671875 0.583109375 0.7853541671875 0.582234375 0.7873125 0.626140625 0.7939583328125 0.6504375
8 0.9634375000000001 0.666859375 0.9664999999999999 0.66959375 0.9645416671874999 0.670859375 0.96175 0.67275 0.9623125 0.6750468749999999 0.9653958328125001 0.677359375 0.9684791671875 0.68071875 0.9785416671875 0.680515625 0.9760208328125 0.65784375 0.9609166671875 0.657625 0.9611875 0.661203125 0.9609166671875 0.6637187499999999 0.9634375000000001 0.666859375
8 0.9881249999999999 0.6484687499999999 0.9862083328125 0.655328125 0.9924583328125 0.66325 1 0.66396875 0.9972708328125 0.629 0.9871666671874999 0.62971875 0.9847708328125 0.633328125 0.9813958328125001 0.6387343750000001 0.9881249999999999 0.6484687499999999
8 0.8477083328124999 0.617546875 0.8637499999999999 0.68140625 0.8803958328125001 0.680015625 0.8847291671875 0.6272656249999999 0.8606666671875001 0.608296875 0.8477083328124999 0.617546875
8 0.11410416718750001 0.731515625 0.11297916718750001 0.739203125 0.11810416718750001 0.740046875 0.12379166718750001 0.737921875 0.12662500000000002 0.735359375 0.12379166718750001 0.734078125 0.11810416718750001 0.728953125 0.1135416671875 0.7246875 0.1135416671875 0.72725 0.11410416718750001 0.731515625
9 0.9476041671875001 0.7325468749999999 0.9567916671875001 0.741515625 0.9655416671875001 0.74325 0.967375 0.7404843750000001 0.9595625 0.731171875 0.9646250000000001 0.723921875 0.9600208328125 0.714265625 0.9508125 0.70459375 0.943 0.706671875 0.9411666671875001 0.713921875 0.9361041671875 0.723578125 0.9328749999999999 0.741171875 0.943 0.737375 0.9420833328124999 0.73496875 0.9476041671875001 0.7325468749999999
13 0.7011458328125 0.76996875 0.773 0.777765625 0.7843541671875001 0.791953125 0.7876562500000001 0.7823789062500001 0.7975833328124999 0.782015625 0.8004166671874999 0.7841484375000001 0.7975833328124999 0.793359375 0.8131770828124999 0.78591796875 0.8259375 0.7876875 0.83144318125 0.7764701703125 0.8279930562500001 0.7753958328125 0.8281527765625001 0.7666510421875 0.83505303125 0.7687997156249999 0.8567121203125 0.7227769890625 0.8760486109375 0.7212760421875 0.8798333328125001 0.73096875 0.8779375 0.7465625 0.8883333328124999 0.779890625 0.9053541671875 0.777765625 0.9004010421875 0.74904296875 0.8883333328124999 0.7444375 0.8883333328124999 0.73734375 0.89875 0.73946875 0.8807708328125001 0.7011875 0.8684791671875001 0.701890625 0.8675416671875 0.6997656250000001 0.86393181875 0.7074360796875 0.8722638890625 0.7115833328125001 0.8603219687499999 0.715106534375 0.8505208328125 0.7075625 0.8486458328125 0.7011875 0.79475 0.6997656250000001 0.7919166671875 0.69834375 0.7304583328125 0.7011875 0.6926458328125 0.734515625 0.6860208328125 0.734515625 0.6781458328125 0.7406614578124999 0.6623958328125 0.752953125 0.6708958328125 0.7756406250000001 0.6992499999999999 0.77634375 0.7011458328125 0.76996875
9 0.8426041671875 0.7298281249999999 0.8484999999999999 0.722375 0.8488125 0.717484375 0.8540833328125 0.708171875 0.858125 0.707015625 0.8652708328125 0.70934375 0.8664999999999999 0.70515625 0.8668125 0.6965312499999999 0.859375 0.691875 0.8509791671875 0.6953750000000001 0.8528541671875001 0.6990937500000001 0.8500624999999999 0.7072499999999999 0.8416666671874999 0.711203125 0.8305 0.71725 0.8270833328125 0.72284375 0.8351666671875 0.73284375 0.8354791671875 0.733078125 0.8363958328125 0.73890625 0.8426041671875 0.7298281249999999
9 0.6671666671875001 0.7130625 0.6687708328124999 0.7174375000000001 0.670375 0.72303125 0.6762083328124999 0.72303125 0.6762083328124999 0.7214375000000001 0.6778125 0.710265625 0.6825833328125 0.705875 0.6793958328125 0.7015 0.6799375000000001 0.698703125 0.6756875 0.6971093749999999 0.670375 0.6983125 0.670375 0.70109375 0.6655833328125 0.7026875 0.6655833328125 0.707484375 0.6671666671875001 0.7130625
9 0.2279791671875 0.711421875 0.2282291671875 0.7139375 0.22995833281250003 0.715984375 0.23058333281249999 0.71421875 0.2307083328125 0.711234375 0.2309583328125 0.70928125 0.23108333281250001 0.706109375 0.22970833281249997 0.704796875 0.2293333328125 0.704140625 0.23008333281249999 0.702375 0.2294583328125 0.701625 0.2266041671875 0.70134375 0.2245 0.701625 0.22349999999999998 0.703125 0.22312500000000002 0.70396875 0.22027083281249998 0.705546875 0.2180208328125 0.70759375 0.21579166718749998 0.709375 0.2147916671875 0.710859375 0.2136666671875 0.71346875 0.2142916671875 0.715609375 0.21529166718749998 0.7167343749999999 0.2164166671875 0.713375 0.2164166671875 0.711890625 0.21852083281249998 0.710578125 0.2197708328125 0.711046875 0.2197708328125 0.71384375 0.2195208328125 0.715984375 0.2192708328125 0.717953125 0.21827083281249998 0.72009375 0.21827083281249998 0.721953125 0.2180208328125 0.723734375 0.21852083281249998 0.72484375 0.2195208328125 0.72484375 0.22039583281250003 0.722609375 0.22087500000000002 0.7201875 0.22200000000000003 0.71925 0.222875 0.71934375 0.22337500000000002 0.721296875 0.22312500000000002 0.723265625 0.22337500000000002 0.72428125 0.22522916718750002 0.72465625 0.2268541671875 0.72465625 0.22735416718749998 0.723546875 0.22735416718749998 0.72084375 0.2263541671875 0.71934375 0.2262291671875 0.722046875 0.2259791671875 0.7148749999999999 0.22522916718750002 0.712265625 0.22672916718749997 0.710765625 0.2279791671875 0.711421875
2 0.6703333328125 0.74703125 0.6776875 0.7421562500000001 0.6785416671875 0.7379374999999999 0.6919791671875 0.7327343749999999 0.6885 0.72721875 0.6733541671875 0.721375 0.6616666671875 0.718453125 0.65475 0.71553125 0.6560416671875 0.727546875 0.6556041671874999 0.742796875 0.6564791671875 0.75221875 0.6582083328125 0.7574062500000001 0.6629583328125 0.760328125 0.6668541671875 0.76553125 0.6711875 0.763578125 0.6703333328125 0.74703125