0 0.5988125 0.4114226796875 0.607875 0.4221855671875 0.615125 0.4377525765625 0.6115 0.4473195875 0.6096874999999999 0.4664536078125 0.624203125 0.473628865625 0.631453125 0.5047422687500001 0.451046875 0.5131134015625001 0.41751562499999995 0.520288659375 0.40934375 0.526268040625 0.39121875 0.5454020625 0.38125 0.5789072171874999 0.370375 0.5693402062499999 0.353140625 0.5789072171874999 0.347703125 0.5908659796875 0.22532812500000002 0.60402061875 0.205375 0.613587628125 0.2035625 0.6411134015625 0.222609375 0.6255463921875 0.23167187500000003 0.64470103125 0.20809375000000002 0.66861855625 0.1854375 0.717670103125 0.1781875 0.761917525 0.17546875 0.7894432984375 0.18362499999999998 0.7894432984375 0.1818125 0.8205360828125 0.1890625 0.8540412375 0.20446875000000003 0.9066597937499999 0.242546875 0.950927834375 0.2824375 0.9772577312499999 0.325046875 0.9832371140625 0.36310937499999996 0.97125773125 0.3939375 0.9449484531250001 0.41751562499999995 0.9162474234375001 0.439640625 0.8695876281249999 0.45142187500000003 0.8899175250000001 0.46864062500000003 0.9054639171875 0.49403125000000003 0.9078762890625001 0.51215625 0.8911134015625001 0.5239375 0.8707835046874999 0.52846875 0.84806185625 0.546609375 0.84925773125 0.5475156250000001 0.8612164953124999 0.557484375 0.8624123718750001 0.564734375 0.813360825 0.555671875 0.810969071875 0.549328125 0.8360824750000001 0.529375 0.83129896875 0.5275624999999999 0.8253195874999999 0.5166875 0.8061855671875 0.655390625 0.607608246875 0.660828125 0.6255463921875 0.63 0.659051546875 0.61278125 0.682969071875 0.59103125 0.7284329890625 0.582859375 0.7753195875000001 0.582859375 0.81002061875 0.5864843750000001 0.8435051546875 0.59103125 0.8805979374999999 0.601 0.877010309375 0.61096875 0.9069072171875 0.626375 0.9380206187500001 0.657203125 0.964329896875 0.7070624999999999 0.9930515468750001 0.7596406250000001 0.9930515468750001 0.790453125 0.976288659375 0.81403125 0.9535670109375 0.83940625 0.9200824750000001 0.8557343749999999 0.8817938140624999 0.869328125 0.8267628859375 0.867515625 0.763360825 0.8629843749999999 0.7286804124999999 0.84575 0.6891958765624999 0.82128125 0.655711340625 0.784109375 0.6245979375 0.7623593750000001 0.6138350515625 0.7378750000000001 0.609051546875 0.7378750000000001 0.6018762890625 0.72790625 0.6018762890625 0.6952812500000001 0.60665979375 0.677140625 0.6198144328125 0.6735156250000001 0.5994845359375 0.680765625 0.5791546390625 0.694375 0.5851340203125 0.701625 0.57793814375 0.70796875 0.5504329890624999 0.701625 0.539670103125 0.6961875 0.536082475 0.686203125 0.551628865625 0.679859375 0.55402061875 0.676234375 0.5695670109375001 0.664453125 0.57793814375 0.6463281249999999 0.5085567015625 0.645421875 0.49420618593750004 0.63725 0.47148453593750006 0.63725 0.46191752499999994 0.63453125 0.446371134375 0.6281875 0.4427835046875 0.619125 0.41406185625 0.62909375 0.41286597968749994 0.63453125 0.42602061874999997 0.645421875 0.42243298906250004 0.645421875 0.41406185625 0.649953125 0.4009072171875 0.651765625 0.3877525765625 0.688921875 0.41645360781249996 0.690734375 0.405690721875 0.662640625 0.37818556718749996 0.660828125 0.370989690625 0.662640625 0.35903092812500004 0.656296875 0.3518556703125 0.647234375 0.3554432984375 0.641796875 0.36859793750000003 0.640890625 0.37938144375 0.63815625 0.393731959375 0.6209374999999999 0.3973195875 0.619125 0.3961237109375 0.62909375 0.385360825 0.6155 0.37938144375 0.6091562500000001 0.37818556718749996 0.5883125 0.38057732031249997 0.585578125 0.388948453125 0.60371875 0.385360825 0.60734375 0.3901443296875 0.571984375 0.40808247499999994 0.570703125 0.41381443281249997 0.5770625 0.4245773203125 0.5988125 0.4114226796875
2 0.0745234375 0.324608246875 0.0785 0.32591752500000004 0.0748125 0.3362268046875 0.10690625000000001 0.36210309218750003 0.10804687500000001 0.37672165 0.135890625 0.375587628125 0.14015625 0.3654639171875 0.146125 0.3605979375 0.144421875 0.3482268046875 0.123390625 0.33397938125 0.104359375 0.316350515625 0.080765625 0.3152371140625 0.07423437499999999 0.312989690625 0.072171875 0.315139175 0.0651458328125 0.3134845359375 0.063578125 0.3150412375 0.046390625000000005 0.31484536093750004 0.046109375 0.3208453609375 0.05746875 0.3238556703125 0.064578125 0.32797938125 0.0745234375 0.324608246875
2 0.01178125 0.34482474218750003 0.01815625 0.352288659375 0.0250104171875 0.34874226875000003 0.024531249999999998 0.3597525765625 0.0445 0.3594226796875 0.043296875 0.367051546875 0.044984375 0.36830927812500003 0.050031250000000006 0.36769072187499996 0.051000000000000004 0.360391753125 0.049312499999999995 0.355628865625 0.054843750000000004 0.35465979375 0.057253125 0.356131959375 0.060375 0.3514845359375 0.06423124999999999 0.350672165625 0.08010937500000001 0.381010309375 0.084671875 0.3838762890625 0.08828125 0.3905360828125 0.106328125 0.38989690781249997 0.10801562499999999 0.37340206249999996 0.105125 0.36134020625 0.0909375 0.34927834999999996 0.0748125 0.35465979375 0.07071875 0.3534020625 0.0714375 0.34641237187499996 0.0781875 0.3397525765625 0.0748125 0.3365773203125 0.07120937499999999 0.345212371875 0.06879687500000001 0.3435463921875 0.0674765625 0.3302268046875 0.060140625 0.3238762890625 0.044265624999999996 0.32134020625000004 0.0285078125 0.321649484375 0.02525 0.3184742265625 0.020628906250000002 0.3218041234375 0.01178125 0.32006185625 0.012750000000000001 0.3219587625 0.01178125 0.34482474218750003
0 0.081578125 0.40288659843749997 0.0839375 0.404350515625 0.08803125 0.4014020625 0.09015625000000001 0.39336082499999997 0.08853124999999999 0.3902474234375 0.0831875 0.3831958765625 0.086796875 0.38583505156250003 0.08828125 0.3828865984375 0.0849375 0.3781237109375 0.07996875 0.3748453609375 0.07996875 0.3755051546875 0.080578125 0.3915670109375 0.081578125 0.40288659843749997
2 0.17471874999999998 0.3021855671875 0.17815625 0.30542267968750003 0.18157812499999998 0.307360825 0.1855 0.3118969078125 0.19040625 0.3131752578125 0.19334374999999998 0.318350515625 0.19678125 0.3144742265625 0.18746875000000002 0.3041237109375 0.18157812499999998 0.29443298906250004 0.17325 0.2924948453125 0.17276562499999998 0.2924948453125 0.17178125 0.2937731953125 0.17178125 0.3008865984375 0.17471874999999998 0.3021855671875
2 0.786515625 0.3234432984375 0.785828125 0.32921649531249997 0.7969062499999999 0.32983505156250004 0.798296875 0.32525773125 0.8015156250000001 0.32525773125 0.80175 0.327690721875 0.8100625000000001 0.32799999999999996 0.81075 0.331051546875 0.8149062499999999 0.331360825 0.8151406250000001 0.3270927828125 0.818375 0.3261649484375 0.820453125 0.3319587625 0.83290625 0.3368453609375 0.84121875 0.3319587625 0.85021875 0.3225154640625 0.8522968750000001 0.3179587625 0.8592187499999999 0.31338144375 0.8557656250000001 0.30851546406249997 0.844453125 0.306082475 0.820671875 0.3078969078125 0.814453125 0.3191752578125 0.8100625000000001 0.3197731953125 0.8105989578124999 0.3115601375 0.8021354171875 0.313388315625 0.8024374999999999 0.323731959375 0.789984375 0.3115463921875 0.78675 0.3127835046875 0.78675 0.3161237109375 0.79021875 0.317649484375 0.791828125 0.321608246875 0.786515625 0.3234432984375
2 0.730375 0.30880412343749997 0.72484375 0.3145979375 0.7225312500000001 0.3191546390625 0.7225312500000001 0.32525773125 0.747453125 0.32921649531249997 0.754609375 0.327690721875 0.75715625 0.3194639171875 0.7578437499999999 0.3118556703125 0.7578437499999999 0.3051546390625 0.756234375 0.3005773203125 0.740765625 0.3033195875 0.742390625 0.30393814375 0.734078125 0.30665979375 0.730375 0.30880412343749997
2 0.6956249999999999 0.3044948453125 0.6956249999999999 0.30127835 0.6873125 0.29870103124999997 0.6819375 0.29870103124999997 0.67753125 0.29870103124999997 0.672640625 0.301917525 0.667265625 0.309670103125 0.674109375 0.3154639171875 0.682421875 0.3135463921875 0.687796875 0.3141855671875 0.6926875 0.310948453125 0.6956249999999999 0.3044948453125
2 0.000171875 0.46661855625 0.0165625 0.46307216562500003 0.012546874999999999 0.439690721875 0.00384375 0.4277731953125 0.000171875 0.46661855625
2 0.190296875 0.3035670109375 0.19353125 0.3095257734375 0.19578125 0.31251546406249997 0.200953125 0.3171958765625 0.20579687500000002 0.316350515625 0.20934375 0.311649484375 0.20804687500000002 0.3061237109375 0.207078125 0.3035670109375 0.2045 0.2993195875 0.200625 0.2971752578125 0.19740625 0.2942061859375 0.192890625 0.29292783437500003 0.19159375 0.29206185625000003 0.187078125 0.2967628859375 0.190296875 0.3035670109375
8 0.551046875 0.35049484531249997 0.5508124999999999 0.3547628859375 0.554984375 0.363917525 0.5589062499999999 0.367587628125 0.56678125 0.37002061875000003 0.583203125 0.3727835046875 0.5926875 0.37125773125 0.59615625 0.370639175 0.5973124999999999 0.3654432984375 0.598234375 0.36331958750000004 0.60078125 0.3584329890625 0.60146875 0.3575051546875 0.6019375 0.35597938125 0.5998593750000001 0.3541649484375 0.59453125 0.352329896875 0.5894375000000001 0.3501855671875 0.58365625 0.345608246875 0.578796875 0.3425567015625 0.57325 0.34193814375 0.5663125 0.341649484375 0.558453125 0.3398144328125 0.55128125 0.341649484375 0.5485 0.34529896875 0.548734375 0.3480412375 0.551046875 0.35049484531249997
8 0.556453125 0.3165773203125 0.5476093750000001 0.31591752500000003 0.542703125 0.28806185625 0.518625 0.2854639171875 0.505859375 0.2971340203125 0.49209375 0.2938969078125 0.48178124999999994 0.29193814375 0.46557812500000006 0.2938969078125 0.458203125 0.301010309375 0.458203125 0.304268040625 0.44935937499999995 0.3101030921875 0.45034375000000004 0.3126804125 0.45525000000000004 0.32954639218750004 0.503890625 0.3450927828125 0.553015625 0.3405567015625 0.556453125 0.3165773203125
8 0.450671875 0.305917525 0.45093750000000005 0.3 0.440140625 0.29272165 0.429625 0.290288659375 0.42778124999999995 0.293051546875 0.42093749999999996 0.28820618593749997 0.41540625000000003 0.28125773125000003 0.407765625 0.28125773125000003 0.39460937500000004 0.298969071875 0.396703125 0.2968865984375 0.398296875 0.3121649484375 0.4259375 0.317731959375 0.4459375 0.3138969078125 0.450671875 0.305917525
8 0.40440624999999997 0.282639175 0.398734375 0.2844536078125 0.391671875 0.2787628859375 0.38090625 0.2784948453125 0.37306249999999996 0.2828865984375 0.369734375 0.2922061859375 0.37228125 0.30538144375 0.3803125 0.30692783437500004 0.38834375 0.3084948453125 0.39696875 0.300989690625 0.395 0.2971134015625 0.40284375 0.2875463921875 0.40440624999999997 0.282639175
8 0.8463906250000001 0.4297525765625 0.999171875 0.42167010312500003 1 0.3757525765625 0.9821249999999999 0.37305154687500003 0.984171875 0.3199587625 0.9889374999999999 0.3199587625 0.9903124999999999 0.313649484375 0.9309687500000001 0.3100412375 0.8866250000000001 0.3118556703125 0.8866250000000001 0.3154432984375 0.893453125 0.316350515625 0.8907187499999999 0.3568453609375 0.8880000000000001 0.3568453609375 0.8866250000000001 0.34606185625 0.870265625 0.34065979375 0.845703125 0.3361443296875 0.830703125 0.34065979375 0.830703125 0.3487628859375 0.817734375 0.352350515625 0.817734375 0.3631546390625 0.80409375 0.37125773125 0.8034062499999999 0.38115463906249997 0.813640625 0.39375257656249996 0.8463906250000001 0.4297525765625
8 0.16703125000000002 0.47647422656250005 0.16885937499999998 0.49096907187500005 0.15971875 0.5150927828125 0.15696875 0.5428659796875 0.17709375 0.5778556703125 0.200875 0.6032164953125 0.22282812500000002 0.6080412374999999 0.23562500000000003 0.6008041234375 0.34446875 0.5959587625 0.356359375 0.579072165625 0.37190625 0.5694226796875 0.38106249999999997 0.5742474234375 0.3908125 0.550109965625 0.387 0.5392474234375 0.3956875 0.5380412375 0.3687109375 0.534412371875 0.359109375 0.528371134375 0.35362499999999997 0.50061855625 0.35728125 0.4885567015625 0.34721875 0.4728659796875 0.3392595109375 0.4723056921875 0.34628125 0.45156701093749996 0.34628125 0.4442474234375 0.36739062499999997 0.42665979375 0.39237500000000003 0.42078350468750003 0.329078125 0.356309278125 0.247453125 0.3541030921875 0.24689062499999997 0.340927834375 0.2046875 0.3401855671875 0.20525000000000002 0.357051546875 0.1575 0.43872165 0.16415625 0.45997938125 0.2357894015625 0.4650219625 0.2375394015625 0.475062303125 0.16703125000000002 0.47647422656250005
2 0 0.4274432984375 0.012656249999999999 0.4391134015625 0.01753125 0.4415670109375 0.030109375 0.439731959375 0.032203125 0.444639175 0.049421875 0.44249484531250005 0.051984375000000006 0.4280412375 0.055937499999999994 0.4185360828125 0.057328124999999994 0.4093195875 0.05337499999999999 0.3924329890625 0.041734375000000004 0.377072165625 0.031734374999999995 0.3804536078125 0.034296875 0.3718556703125 0.030343750000000003 0.36540206249999996 0.019625 0.350969071875 0.003578125 0.334989690625 0 0.334989690625 0 0.4274432984375
2 0.630421875 0.3128659796875 0.635703125 0.30587628906250003 0.634953125 0.305628865625 0.631375 0.3021443296875 0.629109375 0.3001649484375 0.625140625 0.29841237187499997 0.615703125 0.2989072171875 0.6079687500000001 0.300412371875 0.604375 0.306391753125 0.601171875 0.30861855625 0.601171875 0.316350515625 0.60871875 0.31558762812499996 0.630421875 0.31484536093750004 0.630421875 0.3128659796875
8 0.644453125 0.33997938125 0.66653125 0.36455670156250003 0.665140625 0.3745567015625 0.672046875 0.38822680468750004 0.721 0.40550515468750004 0.8016875000000001 0.4027835046875 0.80996875 0.3927628859375 0.8037656249999999 0.38457732031249997 0.8051406249999999 0.37729896875 0.8154843749999999 0.3590927828125 0.793421875 0.33179381406249997 0.78721875 0.3272371140625 0.776875 0.333608246875 0.70928125 0.3199587625 0.6789375 0.3144948453125 0.610671875 0.31358762812499996 0.604453125 0.32270103125 0.584453125 0.32270103125 0.5775625 0.3408865984375 0.599625 0.36 0.6361875 0.37729896875 0.63825 0.3791134015625 0.63825 0.36727835 0.644453125 0.33997938125
8 0.29315625 0.326639175 0.280078125 0.322082475 0.257375 0.322989690625 0.264265625 0.3520412375 0.30278125 0.3511340203125 0.30071875000000003 0.3438762890625 0.29315625 0.326639175
8 0.31267187500000004 0.325072165625 0.302046875 0.3274020625 0.297625 0.334412371875 0.297625 0.33674226875 0.3038125 0.354268040625 0.33214062499999997 0.3565979375 0.329484375 0.346082475 0.3259375 0.3449072171875 0.3259375 0.329731959375 0.31267187500000004 0.325072165625
8 0.34678125 0.2941649484375 0.34915625 0.29927834999999997 0.362703125 0.29927834999999997 0.36507812500000003 0.29474226875 0.34678125 0.2941649484375
8 0.24312499999999998 0.2931134015625 0.24221875 0.2954845359375 0.241015625 0.30063917500000004 0.2368125 0.304989690625 0.234109375 0.3065773203125 0.23021875 0.311731959375 0.2263125 0.3188659796875 0.225109375 0.334309278125 0.227203125 0.33628865937499997 0.254828125 0.33193814375 0.25903125 0.3228247421875 0.277640625 0.32321649531249996 0.28634375 0.324412371875 0.294453125 0.3271752578125 0.295359375 0.326391753125 0.296546875 0.3251958765625 0.29865624999999996 0.32202061875 0.299546875 0.3168865984375 0.297453125 0.3105360828125 0.297453125 0.304989690625 0.29115625 0.30222680468749996 0.28575 0.309360825 0.273140625 0.304989690625 0.257234375 0.299051546875 0.257234375 0.2938969078125 0.24312499999999998 0.2931134015625
8 0.26915625 0.294082475 0.27164062499999997 0.294082475 0.27554687499999997 0.2945360828125 0.27909375000000003 0.2945360828125 0.28334375 0.29593814375 0.286890625 0.2968865984375 0.29114062500000004 0.29593814375 0.2915 0.293608246875 0.28440625 0.2898762890625 0.27731249999999996 0.288927834375 0.26951562500000004 0.28331958749999997 0.26596875 0.2805154640625 0.261 0.2791134015625 0.25071875 0.2842474234375 0.2514375 0.288 0.2525 0.29127835 0.2578125 0.29173195937499996 0.261359375 0.2931340203125 0.265265625 0.294082475 0.26915625 0.294082475
2 0.21170312500000002 0.29698969062499997 0.21370312500000002 0.3041443296875 0.21742187500000001 0.3041443296875 0.220421875 0.3039587625 0.222703125 0.30113402031250003 0.223 0.299051546875 0.22342187500000002 0.293587628125 0.22214062499999998 0.289051546875 0.22000000000000003 0.2841649484375 0.21614062500000003 0.28303092812499997 0.20842187499999998 0.2828453609375 0.20784375000000002 0.284350515625 0.20842187499999998 0.29622680468749996 0.21170312500000002 0.29698969062499997
2 0.60446875 0.306309278125 0.60634375 0.30065979375 0.610359375 0.2982061859375 0.6095625 0.29538144375000003 0.59965625 0.29538144375000003 0.5884375000000001 0.296082475 0.58040625 0.30030927812499997 0.5769375 0.311608246875 0.58121875 0.3169072171875 0.589234375 0.313731959375 0.59671875 0.3158350515625 0.5999375 0.3165360828125 0.6015312500000001 0.307360825 0.60446875 0.306309278125
8 0 0.8711134015625 0.0708125 0.8824536078125 0.080984375 0.8329072171874999 0.115796875 0.8251546390625 0.11540625 0.8458144328125 0.1251875 0.850969071875 0.1341875 0.798309278125 0.145140625 0.7621855671875 0.15335937500000002 0.7219175250000001 0.165875 0.6775051546874999 0.167828125 0.6341443296875 0.111890625 0.6295051546875 0.115625 0.6151752578125 0.16595312499999998 0.6155051546875 0.163109375 0.5961030921875 0.139625 0.5674845359375 0.12259374999999999 0.562371134375 0.11071875 0.5661237109374999 0.099359375 0.575670103125 0.1035 0.5869072171874999 0.0793794640625 0.5987304859375 0.067609375 0.5899587625 0.0713392859375 0.602671575 0.0632991078125 0.6066126656249999 0.060812500000000005 0.5981374578125 0.054015625 0.6063161499999999 0.055258928124999995 0.6105537546875001 0.0555755203125 0.6211924390625 0.04721875 0.6144948453125 0.0479166671875 0.6272096234375 0.044984375 0.6338969078125001 0.040257812500000004 0.6332268046875 0.0368125 0.6345773203125 0.0325989578125 0.6392439859375 0.028640624999999996 0.6352577312500001 0.0249401046875 0.6452611687500001 0.01728125 0.65127835 0.0314107140625 0.6814167890625 0 0.6924742265625 0 0.8711134015625
2 0.135265625 0.3152371140625 0.1384375 0.308371134375 0.150015625 0.3041649484375 0.160421875 0.30874226875 0.16764062500000002 0.33125773125 0.17053125 0.32362886562500004 0.17862499999999998 0.33125773125 0.186140625 0.3331546390625 0.19134374999999998 0.32094845312500003 0.18325 0.3095051546875 0.170828125 0.312948453125 0.1670625 0.30874226875 0.172265625 0.30263917500000004 0.163015625 0.2984536078125 0.1586875 0.297690721875 0.158109375 0.3072164953125 0.15145312500000002 0.29729896875 0.143078125 0.305690721875 0.1401875 0.295010309375 0.13353125 0.2988247421875 0.12659375 0.3098969078125 0.12775 0.316 0.130640625 0.31713402031250004 0.135265625 0.3152371140625
2 0.4203125 0.3154639171875 0.425 0.321649484375 0.4375 0.321649484375 0.446875 0.3154639171875 0.4484375 0.301030928125 0.5953125 0.2865979375 0.6015625 0.2927835046875 0.60625 0.2927835046875 0.60625 0.298969071875 0.615625 0.298969071875 0.6125 0.3072164953125 0.61875 0.3175257734375 0.634375 0.3154639171875 0.640625 0.3257731953125 0.65 0.3257731953125 0.6546875 0.31958762812499997 0.6625 0.31855670156250004 0.66875 0.30927835 0.6703125 0.3175257734375 0.675 0.301030928125 0.6806640625 0.30309278281249996 0.6796875 0.298969071875 0.6859375 0.2948453609375 0.6890625 0.298969071875 0.6953125 0.30309278281249996 0.6921875 0.31134020625000003 0.69375 0.3175257734375 0.696875 0.3175257734375 0.709375 0.33402061875 0.71875 0.33402061875 0.7234375 0.32783505156250003 0.7234375 0.3175257734375 0.73125 0.30927835 0.7328125 0.2969072171875 0.7420312499999999 0.2969072171875 0.75703125 0.3154639171875 0.75625 0.3298969078125 0.7625 0.34020618593749996 0.771875 0.34020618593749996 0.775 0.336082475 0.7815624999999999 0.3373195875 0.7859375 0.33402061875 0.7890625 0.336082475 0.79 0.3418556703125 0.796875 0.336082475 0.7984375 0.346391753125 0.803125 0.3525773203125 0.8125 0.3525773203125 0.821875 0.34432989687500004 0.834375 0.346391753125 0.8375 0.342268040625 0.8375 0.336082475 0.8421875 0.336082475 0.8484375 0.3298969078125 0.8625 0.3319587625 0.8671875 0.321649484375 0.865625 0.30927835 0.846875 0.2948453609375 0.8375 0.2948453609375 0.828125 0.301030928125 0.8171875 0.301030928125 0.8109375 0.30927835 0.7984375 0.31134020625000003 0.79375 0.30309278281249996 0.7859375 0.30309278281249996 0.78125 0.2948453609375 0.7625 0.2948453609375 0.7578125 0.301030928125 0.734140625 0.2948453609375 0.7265625 0.2845360828125 0.7262500000000001 0.2927835046875 0.718359375 0.29072165 0.7171875 0.2845360828125 0.71046875 0.28865979375 0.7109375 0.2927835046875 0.70234375 0.2927835046875 0.7025781249999999 0.2865979375 0.69375 0.2927835046875 0.6946875 0.2845360828125 0.686796875 0.2824742265625 0.6796875 0.2721649484375 0.67890625 0.280412371875 0.671015625 0.278350515625 0.6703125 0.2742268046875 0.663125 0.27628865937499997 0.66171875 0.269072165625 0.655234375 0.2742268046875 0.653125 0.263917525 0.64734375 0.2721649484375 0.64375 0.263917525 0.6390625 0.2680412375 0.6315625 0.2680412375 0.623671875 0.26597938125 0.6171875 0.257731959375 0.6157812500000001 0.263917525 0.60859375 0.2587628859375 0.607890625 0.2618556703125 0.6 0.2597938140625 0.59375 0.2680412375 0.5919836953125001 0.26113850312500003 0.4476902171875 0.2853428953125 0.44375 0.2927835046875 0.4396739125 0.2866875828125 0.4359375 0.29381443281249997 0.43165760937500003 0.288032271875 0.428125 0.2948453609375 0.42364130468749994 0.2893769609375 0.415625 0.29072165 0.4109375 0.2969072171875 0.4109375 0.30927835 0.415625 0.3154639171875 0.4203125 0.3154639171875