8 0.616078125 0.80923963125 0.616484375 0.7958064515625 0.6109375 0.797557603125 0.610734375 0.80981566875 0.6079687500000001 0.8174193546874999 0.606171875 0.8466359453125 0.617671875 0.848387096875 0.617859375 0.8226728109374999 0.616078125 0.80923963125
8 0.46117187499999995 0.6943778796875 0.45906250000000004 0.6804377875000001 0.45906250000000004 0.6721658984375 0.45696875 0.6623502296875 0.454515625 0.6623502296875 0.454515625 0.6700921656250001 0.454515625 0.6711290328125 0.454515625 0.6788709671875 0.454515625 0.686612903125 0.45346875000000003 0.6943778796875 0.46117187499999995 0.6943778796875
8 0.312890625 0.4620046078125 0.31242187499999996 0.4669124421875 0.311 0.47041474687499996 0.31146875 0.48094469999999995 0.31528125 0.48094469999999995 0.317171875 0.47532258125000004 0.31621875 0.4725115203125 0.314796875 0.4725115203125 0.31384375000000003 0.45990783437499994 0.312890625 0.4620046078125
8 0.687265625 0.54569124375 0.7299375 0.574907834375 0.760421875 0.579400921875 0.806125 0.54569124375 0.848796875 0.47827188906250007 0.87775 0.3771428578125 0.886890625 0.2782718890625 0.8686093749999999 0.174907834375 0.822890625 0.13670506875 0.74821875 0.0895161296875 0.699453125 0.1029953921875 0.6385 0.18165898593750002 0.60803125 0.33221198125 0.6156406249999999 0.4176036859375 0.643078125 0.4940092171875 0.687265625 0.54569124375
8 0.4803125 0.8600460828125 0.4681979171875 0.8769354843749999 0.4499375 0.8857373265625 0.45740625 0.8997004609375001 0.464375 0.893824884375 0.510703125 0.9408294937499999 0.515671875 0.9606451609375 0.52803125 0.94670506875 0.530125 0.9584562218749999 0.539578125 0.907050690625 0.53809375 0.9004377874999999 0.5425703125 0.896394009375 0.5455625000000001 0.8857373265625 0.555515625 0.8747235015625 0.55203125 0.8600460828125 0.58490625 0.8497695859375 0.590375 0.8578341015625 0.5973437500000001 0.8563594468750001 0.6048281249999999 0.8578341015625 0.611796875 0.8820737328125 0.62225 0.9033640546875 0.627234375 0.9004377874999999 0.62971875 0.8872119812499999 0.6386875 0.8761981562500001 0.6411718750000001 0.852695853125 0.596359375 0.8247926265625001 0.592875 0.821105990625 0.5884239578125 0.827975421875 0.58390625 0.8394700453124999 0.5804885421875 0.8311582187500001 0.5408114578125 0.8470721953125 0.53559375 0.8394700453124999 0.5328760421875 0.8502549937499999 0.5249406249999999 0.8534377875000001 0.52165625 0.8497695859375 0.5170052078125 0.8566205828125 0.5126875 0.85417050625 0.5090697921875 0.8598033796875001 0.503234375 0.851958525 0.501134375 0.862986175 0.49526562500000004 0.851958525 0.48778125 0.851958525 0.4931989578125 0.8661689703125001 0.4852635421875 0.8693517671875 0.4798125 0.8688479265625 0.4803125 0.8600460828125
9 0.20046875000000003 0.6483640546875 0.20671875 0.6483640546875 0.20828125000000003 0.64721198125 0.20984375000000002 0.6379953921875 0.20750000000000002 0.6264516125 0.20984375000000002 0.6103225812499999 0.219234375 0.5930414749999999 0.223921875 0.5653686640625 0.220796875 0.5480875578125 0.21609375000000003 0.5388709671874999 0.20359375000000002 0.5273502296875 0.19734374999999998 0.5158064515625 0.19109375 0.5077419359374999 0.182484375 0.5100460828125 0.17935937500000002 0.5181105984375 0.178578125 0.5285023046874999 0.18170312500000002 0.5423271890625 0.17779687500000002 0.546935484375 0.173109375 0.5549999999999999 0.169203125 0.5596082953125 0.166859375 0.5734331796875 0.166859375 0.5826728109375 0.170765625 0.5872811062500001 0.172328125 0.5872811062500001 0.17545312500000002 0.5930414749999999 0.176234375 0.606866359375 0.17779687500000002 0.6195391703124999 0.182484375 0.633387096875 0.195 0.6414516124999999 0.20046875000000003 0.6483640546875
9 0.307921875 0.7911520734375 0.30081250000000004 0.8488018437499999 0.32687499999999997 0.8959907828125001 0.32214062499999996 0.8418202765625 0.34109375000000003 0.7911520734375 0.336359375 0.7230184328125 0.32925 0.6776036859375 0.31267187500000004 0.6496543781249999 0.31267187500000004 0.618202765625 0.30081250000000004 0.6129723499999999 0.284234375 0.6199539171875 0.28304687500000003 0.626935484375 0.27949999999999997 0.6583870968750001 0.28778125 0.681105990625 0.286609375 0.71778801875 0.29134375 0.7474884796875 0.280671875 0.7509677421875 0.307921875 0.7597235015625 0.307921875 0.7911520734375
9 0.616296875 0.7939400921875001 0.618296875 0.816428571875 0.6315625 0.8223041468750001 0.6315625 0.8086175109375 0.64946875 0.8037096781249999 0.656765625 0.7919815671875 0.65278125 0.7851382484375 0.6468125 0.7577419359374999 0.639515625 0.7401382484375 0.627578125 0.721543778125 0.62890625 0.71373271875 0.6295625 0.6863364062499999 0.6169687500000001 0.6736175109375 0.6076875 0.6726497703125001 0.5983906250000001 0.6843778796875 0.600390625 0.7147004609375001 0.585125 0.73917050625 0.5884375000000001 0.8037096781249999 0.609671875 0.8125115203125001 0.611 0.8086175109375 0.611 0.798824884375 0.616296875 0.7939400921875001
9 0.39796875 0.6801382484375 0.40081249999999996 0.688571428125 0.403671875 0.6969815671874999 0.404140625 0.706797234375 0.40653125 0.71873271875 0.40653125 0.7348617515625 0.41032812500000004 0.7530875578125 0.41128125000000004 0.776935484375 0.41128125000000004 0.7916589859375 0.41603124999999996 0.8021658984375 0.42840625 0.7965668203125 0.44504687499999995 0.79025345625 0.446 0.785345621875 0.446 0.77974654375 0.446 0.7678110593749999 0.44646875 0.7502764984375 0.442671875 0.74677419375 0.44551562499999997 0.7390553 0.44504687499999995 0.7306451609375 0.449796875 0.7201152078125 0.45075000000000004 0.706105990625 0.447421875 0.6913594468750001 0.446 0.66891705 0.442671875 0.6485944703125 0.423171875 0.6359677421875001 0.4179375 0.630345621875 0.41509375000000004 0.621935484375 0.41414062500000004 0.621935484375 0.412234375 0.614930875 0.412703125 0.6008986171874999 0.41174999999999995 0.594585253125 0.399875 0.5875806453125 0.38940625 0.588986175 0.383703125 0.603709678125 0.383703125 0.6177419359375 0.383703125 0.627557603125 0.386078125 0.6345622125 0.390359375 0.6394700453125 0.393203125 0.6485944703125 0.3936875 0.654907834375 0.395109375 0.662626728125 0.397015625 0.6696313359375 0.39796875 0.6801382484375
9 0.903359375 0.7484792625 0.9094374999999999 0.744907834375 0.9234218750000001 0.751175115625 0.93253125 0.7574423968749999 0.9434687500000001 0.7610368656250001 0.9471093749999999 0.7583410140625 0.956234375 0.7520737328125 0.955015625 0.7287788015625 0.95196875 0.7135253453125 0.949546875 0.7072580640624999 0.94590625 0.6947235015625 0.9434687500000001 0.688456221875 0.9386093750000001 0.68126728125 0.93496875 0.6687327187500001 0.9331406250000001 0.6597695859375 0.9300937499999999 0.6552995390625 0.92403125 0.6526036859375 0.91915625 0.6526036859375 0.91734375 0.6535023046874999 0.9136875 0.660668203125 0.9106562500000001 0.6696313359375 0.907625 0.68126728125 0.907625 0.6902304140625 0.901546875 0.7018894015625 0.8924218749999999 0.7314516125 0.890609375 0.740414746875 0.8960781250000001 0.744907834375 0.903359375 0.7484792625
9 0.95390625 0.7175345625 0.9617968749999999 0.712373271875 0.9775625 0.703824884375 0.9805468749999999 0.6914285718750001 0.9775625 0.6829032265625 0.9758125 0.6552304140625 0.958984375 0.6373963140625001 0.9463593749999999 0.6490322578125001 0.9482968749999999 0.6591244234375 0.954078125 0.6818663593750001 0.95196875 0.688317971875 0.950046875 0.6984101375 0.95390625 0.7175345625
8 0.22284375 0.6607373265625001 0.22364062499999998 0.6529032265625 0.22396875 0.6450460828125 0.21782812499999998 0.6450460828125 0.200734375 0.64481566875 0.18848437499999998 0.6450460828125 0.184125 0.6476728109375001 0.183796875 0.658133640625 0.187359375 0.6697926265625 0.194765625 0.6873732718750001 0.21121875 0.6859677421875 0.21170312500000002 0.686428571875 0.21525 0.6809677421875 0.22284375 0.6607373265625001
8 0.45267187499999995 0.710599078125 0.4535 0.7176267281250001 0.454953125 0.7194470046875 0.46075 0.708456221875 0.46778125 0.6974884796875 0.470484375 0.6913824890625 0.47234375 0.6846543781250001 0.47192187499999994 0.6843548390625 0.466953125 0.6870967734375 0.46157812500000006 0.6922811062500001 0.455375 0.6941244234374999 0.449984375 0.6926036859375 0.44895312499999995 0.6950460828125 0.452265625 0.703894009375 0.45267187499999995 0.710599078125
8 0.768046875 0.6784331796874999 0.7727031249999999 0.6763824890625 0.78175 0.674907834375 0.78778125 0.672695853125 0.7907968750000001 0.66917050625 0.7914218749999999 0.668064515625 0.785390625 0.66619815625 0.7687968749999999 0.6615668203125 0.7575000000000001 0.6604608296875 0.7455468749999999 0.6565668203125 0.737015625 0.6526728109375 0.733859375 0.651935484375 0.733234375 0.6567511515625 0.734375 0.6628571421875 0.737265625 0.6743548390625 0.7461875 0.6773271890625 0.757625 0.6806451609375 0.7656562499999999 0.681958525 0.768046875 0.6784331796874999
8 0.46971875 0.6264746546875 0.433625 0.632949309375 0.434890625 0.6357142859375 0.452453125 0.6440553 0.47159375 0.638963134375 0.47221875 0.6283179718749999 0.46971875 0.6264746546875
8 0.13289062499999998 0.8362442390625 0.17195312499999998 0.825668203125 0.17009375 0.81391705 0.168765625 0.8009677421875001 0.16903125000000002 0.7950921656250001 0.1695625 0.788041475 0.169828125 0.78373271875 0.17009375 0.7809907828125 0.10818749999999999 0.7997926265624999 0.108984375 0.8041013828124999 0.126515625 0.8327188937500001 0.126515625 0.8511290328125 0.131296875 0.8519124421875001 0.13289062499999998 0.8362442390625
8 0.8451875 0.747626728125 0.8476250000000001 0.7485253453125 0.8567552078125 0.7503225812500001 0.8615625 0.74941884375 0.8658854171874999 0.752119815625 0.86975 0.7503149015624999 0.875015625 0.75391705 0.8774531250000001 0.7637788015625 0.8881171875 0.7682718890625 0.886125 0.7521070140624999 0.8943125000000001 0.753003071875 0.8996875 0.7566013828125 0.8987812500000001 0.7727649765625 0.909734375 0.770069125 0.9115624999999999 0.7817511515625 0.91521875 0.7844470046875001 0.9340937500000001 0.770069125 0.93165625 0.7664746546875 0.9188750000000001 0.7592857140625 0.9188750000000001 0.7556912437500001 0.9133906250000001 0.7592857140625 0.9106875000000001 0.7547951859375 0.912171875 0.7395391703125 0.901515625 0.738640553125 0.90059375 0.7404377875 0.890859375 0.7377419359374999 0.8591875 0.73684331875 0.838484375 0.7314516125 0.833609375 0.734147465625 0.83421875 0.7404377875 0.8415312500000001 0.7422350234375 0.8451875 0.747626728125
8 0.7755468750000001 0.6269815671875001 0.776578125 0.6189170500000001 0.7690625 0.6083410140625001 0.750953125 0.601290321875 0.7406875 0.5997695859375 0.73625 0.60329493125 0.727015625 0.6098617515625 0.720875 0.6184101375 0.7441093750000001 0.6365668203125 0.75675 0.6370737328125 0.7714531250000001 0.63 0.7755468750000001 0.6269815671875001
8 0.659984375 0.813824884375 0.65959375 0.82569124375 0.69059375 0.8173963140625 0.705890625 0.8245161296875001 0.710328125 0.8304608296874999 0.7131406250000001 0.8316359453125 0.724015625 0.8292626734375 0.727640625 0.8221428578125 0.73046875 0.8055069125 0.7292500000000001 0.800161290625 0.718375 0.7995622124999999 0.7010625 0.78829493125 0.696640625 0.7924423968750001 0.6925390625000001 0.788986175 0.6584453124999999 0.7917511515625 0.653546875 0.801359446875 0.649921875 0.7924423968750001 0.643078125 0.8010599078125 0.636234375 0.80967741875 0.6518072921875 0.8203533015625 0.656359375 0.8090783406250001 0.659984375 0.813824884375
8 0.57296875 0.5923963140625 0.573546875 0.5944700453125 0.5796718750000001 0.5959447 0.586640625 0.5957142859375 0.590203125 0.5955760375 0.59153125 0.591175115625 0.5929375 0.589585253125 0.59890625 0.5904377875 0.600984375 0.5910599078125001 0.6023125 0.5925345625 0.606375 0.5914285718750001 0.607953125 0.5915437781249999 0.60753125 0.5884792625 0.605296875 0.586543778125 0.6028125 0.585668203125 0.6008125 0.58677419375 0.59890625 0.588133640625 0.5956718750000001 0.58873271875 0.592609375 0.589585253125 0.587390625 0.5893548390625 0.579515625 0.591797234375 0.575109375 0.5903225812499999 0.573046875 0.589216590625 0.57296875 0.5923963140625
8 0.6244531249999999 0.66322580625 0.6288437499999999 0.665069125 0.631046875 0.6747926265624999 0.6341875 0.6734101375 0.639828125 0.6715668203125 0.64296875 0.6673963140625 0.64296875 0.6646082953125 0.620375 0.6595161296875001 0.620375 0.6544470046875001 0.6194375 0.6493548390625 0.61096875 0.6479493093750001 0.61096875 0.6507373265624999 0.61096875 0.6553686640625 0.61096875 0.658133640625 0.609703125 0.6585944703125 0.601859375 0.653963134375 0.59715625 0.65582949375 0.595265625 0.6493548390625 0.5886875 0.6474884796875 0.586171875 0.6474884796875 0.5864843750000001 0.6576728109375 0.5742499999999999 0.6613824890625 0.570484375 0.66322580625 0.562953125 0.6590553 0.561390625 0.66923963125 0.562640625 0.678041475 0.5642031249999999 0.683133640625 0.579578125 0.6896082953125 0.59715625 0.6826497703125 0.601234375 0.678041475 0.601546875 0.6701612906250001 0.6244531249999999 0.66322580625
8 0.31256249999999997 0.5906221203124999 0.314796875 0.601359446875 0.317609375 0.5969815671875 0.32043750000000004 0.592373271875 0.325625 0.591935484375 0.32578125 0.5879953921875 0.322953125 0.58822580625 0.32221875 0.586682028125 0.323109375 0.5853686640625 0.325625 0.584930875 0.32637499999999997 0.5816589859375 0.316125 0.5801152078125 0.31628124999999996 0.580345621875 0.315390625 0.5873502296875001 0.31256249999999997 0.5906221203124999
8 0.5534687500000001 0.537188940625 0.558203125 0.537188940625 0.5596875 0.495921659375 0.5592343750000001 0.489585253125 0.55271875 0.49069124375 0.5476875 0.49154377812499994 0.54725 0.53391705 0.547390625 0.535668203125 0.5534687500000001 0.535668203125 0.5534687500000001 0.537188940625
9 0.631328125 0.9744700453125 0.654921875 0.9735253453125001 0.6619375 0.9425115203125 0.66640625 0.928387096875 0.6740468749999999 0.9011290328125 0.6804218750000001 0.888894009375 0.67596875 0.8832488484375001 0.678515625 0.8794930875 0.686171875 0.8794930875 0.7123125 0.8644470046875 0.7155 0.8541013828124999 0.7116718750000001 0.8371658984374999 0.7059375 0.8268202765625 0.697640625 0.8164746546874999 0.6931875 0.8070737328125 0.692546875 0.7995622124999999 0.6970156249999999 0.79202765 0.698921875 0.7835714281249999 0.697640625 0.7732258062499999 0.692546875 0.756290321875 0.677875 0.7487788015625 0.6683125000000001 0.7487788015625 0.662578125 0.756290321875 0.6619375 0.763824884375 0.6587500000000001 0.7779262671875 0.65428125 0.7854608296875 0.6587500000000001 0.7882718890625 0.6574687499999999 0.79202765 0.654921875 0.8014285718749999 0.656828125 0.8042626734375 0.656828125 0.8108525343749999 0.66321875 0.8183640546875001 0.656203125 0.8277649765625 0.656203125 0.8352995390625001 0.64025 0.85315668125 0.639609375 0.8710368656249999 0.63515625 0.8785483875000001 0.633234375 0.8907834093749999 0.631328125 0.9011290328125 0.644078125 0.8926497703124999 0.647265625 0.8973502296874999 0.631328125 0.9744700453125
8 0.4555625 0.625599078125 0.45459375 0.6240322578125 0.452265625 0.62373271875 0.44928125 0.6243548390625 0.448328125 0.62608295 0.448328125 0.6273271890625 0.448640625 0.63815668125 0.45279687500000004 0.638640553125 0.455765625 0.637695853125 0.455765625 0.6317281109375 0.4555625 0.625599078125
8 0.481921875 0.87133640625 0.484859375 0.8740322578124999 0.4921875 0.877811059375 0.499140625 0.87917050625 0.5051875 0.87917050625 0.50884375 0.8780875578125 0.5105000000000001 0.8764746546875 0.515796875 0.8724193546875 0.5172656250000001 0.8678341015625 0.5163593750000001 0.8608064515624999 0.5148906249999999 0.85702765 0.510859375 0.8537788015625001 0.5044531250000001 0.851359446875 0.5000625000000001 0.8502764984375 0.49053125 0.85 0.48687500000000006 0.851359446875 0.48375 0.8529723499999999 0.483390625 0.8535253453125 0.4811875 0.857557603125 0.47990625 0.8608064515624999 0.47990625 0.865668203125 0.48009375 0.8667511515624999 0.481921875 0.87133640625
8 0.704171875 0.9755069125 0.707171875 0.9696082953125 0.7141875 0.93271889375 0.7231875 0.8928571421875 0.7191875 0.8677649765625001 0.7151875000000001 0.8692396312499999 0.704171875 0.8736635937499999 0.6871562499999999 0.8780875578125 0.67715625 0.889907834375 0.6711406249999999 0.9046543781249999 0.664140625 0.92532258125 0.657125 0.9445161296875 0.649125 0.9755069125 0.6581406249999999 0.9769815671875 0.67715625 0.9769815671875 0.704171875 0.9755069125
8 0.594828125 0.9134101375 0.588765625 0.9168202765625001 0.5789375 0.94576036875 0.569984375 0.9751382484375 0.63409375 0.9734331796875001 0.64853125 0.8980875578124999 0.6450625 0.89126728125 0.64390625 0.8925345625000001 0.626 0.9023271890625001 0.614171875 0.907880184375 0.6054999999999999 0.9108525343749999 0.594828125 0.9134101375
8 0.463578125 0.897304146875 0.424390625 0.976797234375 0.49217187500000004 0.9683640546875001 0.5076875000000001 0.9334331796875001 0.463578125 0.897304146875
8 0.068078125 0.840921659375 0.057890624999999994 0.8328341015625 0.053984374999999994 0.848986175 0.0735625 0.9252304140625001 0.08375 0.9760599078125001 0.10410937499999999 0.97721198125 0.10646875 0.9679723499999999 0.15346875 0.9425576031249999 0.1644375 0.9275576031250001 0.1644375 0.9090553 0.14328125 0.9044470046875001 0.14171875 0.9044470046875001 0.137015625 0.8640092171875 0.10803125 0.8778801843749999 0.091578125 0.88366359375 0.08139062500000001 0.8686405531249999 0.068078125 0.840921659375
8 0.7746875 0.9716359453125 0.805328125 0.9502995390625 0.803625 0.87119815625 0.8180937500000001 0.8109447 0.781484375 0.831036865625 0.77553125 0.8486175109375 0.762765625 0.86619815625 0.76190625 0.9452764984375 0.7746875 0.9716359453125
8 0.983578125 0.70373271875 0.9682656250000001 0.7063133640625 0.962578125 0.73278801875 0.963890625 0.757949309375 0.977890625 0.7366589859375 0.983578125 0.70373271875
8 0.562875 0.6362442390624999 0.5695 0.6648617515625 0.593171875 0.657880184375 0.593171875 0.6292626734375 0.562875 0.6362442390624999
8 0.606796875 0.637119815625 0.614765625 0.6316359453125 0.6195468749999999 0.6335944703124999 0.616359375 0.616359446875 0.615828125 0.61126728125 0.6107812499999999 0.605 0.6049375 0.604216590625 0.6028125 0.5971658984375 0.5964375000000001 0.5877649765624999 0.589796875 0.58815668125 0.592984375 0.599907834375 0.5937812499999999 0.61126728125 0.595375 0.64380184375 0.6001562500000001 0.6528110593750001 0.606 0.65633640625 0.606796875 0.637119815625
8 0.612328125 0.64481566875 0.617109375 0.6459907828125 0.620828125 0.6495161296874999 0.620828125 0.658133640625 0.6269375 0.658133640625 0.633578125 0.664400921875 0.6407499999999999 0.664400921875 0.641015625 0.6636175109375 0.63490625 0.6389400921874999 0.6149843749999999 0.6326728109374999 0.613390625 0.6365898624999999 0.612328125 0.64481566875
8 0.8506562499999999 0.8436866359374999 0.87853125 0.8140092171875001 0.8769843749999999 0.7740322578125001 0.8715624999999999 0.755783409375 0.852203125 0.75177419375 0.85684375 0.7746082953125 0.851046875 0.788317971875 0.83478125 0.8345622125000001 0.833234375 0.8414055296875 0.8343906249999999 0.8499769578124999 0.8506562499999999 0.8436866359374999
9 0.532 0.8265207374999999 0.5430625 0.8072580640625 0.565171875 0.8057834093749999 0.58528125 0.8235714281250001 0.595328125 0.81170506875 0.571203125 0.75684331875 0.5762343750000001 0.7197926265625 0.55009375 0.7034792624999999 0.535015625 0.7346082953125 0.51490625 0.7449769578125001 0.4988125 0.7850230421875 0.49278125 0.8383870968749999 0.51590625 0.8502534562499999 0.535015625 0.8413594468750001 0.532 0.8265207374999999
9 0.653703125 0.597880184375 0.651328125 0.587373271875 0.644203125 0.5850230421875 0.6347031249999999 0.5955299546874999 0.6347031249999999 0.61423963125 0.62678125 0.6247465437499999 0.62678125 0.63525345625 0.637078125 0.6551152078125 0.639453125 0.6667972343749999 0.646578125 0.662119815625 0.6505468750000001 0.6539400921875 0.66084375 0.6539400921875 0.6647968750000001 0.6492626734375 0.657671875 0.6422580640625 0.657671875 0.6270737328125 0.6521250000000001 0.620069125 0.653703125 0.597880184375
8 0.400390625 0.9733640546875 0.41410937499999995 0.9081336406249999 0.40878125 0.8901382484375 0.374453125 0.8597695859375 0.364546875 0.8766359453125 0.350046875 0.9261290328125 0.33021875 0.9317511515625 0.33021875 0.9418663593750001 0.32487499999999997 0.978986175 0.400390625 0.9733640546875
8 0.943921875 0.8329262671875 0.9479374999999999 0.833894009375 0.9506249999999999 0.84228110625 0.9509531250000001 0.8497004609375001 0.9509531250000001 0.8536405531250001 0.954296875 0.8497004609375001 0.9553125 0.822557603125 0.9539687499999999 0.8047926265625 0.951953125 0.7894930875 0.9536250000000001 0.781105990625 0.9563124999999999 0.778640553125 0.95865625 0.7717281109374999 0.9549687499999999 0.7658064515625 0.94928125 0.766797234375 0.938578125 0.7638479265625 0.9355625 0.7603917046875 0.9128125 0.7406451609375 0.906125 0.7416359453125 0.9004375 0.751013825 0.896421875 0.759400921875 0.890390625 0.7766589859375 0.89340625 0.7806221203125 0.8957499999999999 0.7796313359375 0.898765625 0.773709678125 0.9014374999999999 0.7633410140625 0.9044531250000001 0.7534792625 0.906453125 0.7505069125 0.909796875 0.747557603125 0.91146875 0.745092165625 0.9138125 0.748041475 0.9084687499999999 0.8013364062500001 0.9081250000000001 0.8161290328125 0.910140625 0.8245391703125 0.91615625 0.8334101374999999 0.9221875 0.8442626734375 0.92284375 0.8546313359375001 0.921515625 0.8625115203125 0.92453125 0.8694239625 0.927875 0.870414746875 0.9292031250000001 0.867949309375 0.928875 0.8635023046875 0.9302187500000001 0.8541244234375001 0.930875 0.8467281109375 0.930875 0.84032258125 0.93321875 0.8353917046875001 0.9362343750000001 0.8358755765625 0.943921875 0.8329262671875
8 0.133859375 0.851958525 0.135625 0.8545391703125 0.16204687499999998 0.8987096781250001 0.177890625 0.864930875 0.167328125 0.836359446875 0.133859375 0.851958525
8 0.287859375 0.5229953921875 0.288265625 0.4612211984375 0.24914062499999998 0.46354838750000005 0.251515625 0.5451382484375 0.285890625 0.5416359453124999 0.285890625 0.529400921875 0.287859375 0.5229953921875
9 0.544625 0.7972580640625 0.5354687499999999 0.8150230421875 0.5337500000000001 0.8335944703125 0.5480625 0.8597926265625 0.5560937499999999 0.880092165625 0.5394687499999999 0.91133640625 0.5343125 0.8826267281250001 0.5211406249999999 0.8843087562499999 0.51884375 0.909654378125 0.53203125 0.96880184375 0.553796875 0.9755760375 0.56984375 0.9705069125 0.5853125 0.9214976953124999 0.619125 0.904585253125 0.604796875 0.8589631343749999 0.5767187500000001 0.853894009375 0.57328125 0.81417050625 0.577859375 0.8150230421875 0.557234375 0.793894009375 0.544625 0.7972580640625
9 0.8188906250000001 0.8088940093750001 0.8284687500000001 0.8297235015625001 0.8405781250000001 0.8126036859375001 0.84865625 0.787304146875 0.858234375 0.778387096875 0.85621875 0.7597926265625 0.8456250000000001 0.744907834375 0.836546875 0.7374654375 0.8314999999999999 0.7344930875 0.8299843750000001 0.7129262671875 0.8259531250000001 0.69728110625 0.8133437499999999 0.6898617515625001 0.801734375 0.6980414749999999 0.79315625 0.7151382484375 0.794171875 0.7233410140625 0.79921875 0.7233410140625 0.79921875 0.7322580640624999 0.8022343749999999 0.7404377875 0.80375 0.7471428578125 0.805765625 0.7560599078125 0.80728125 0.7590322578124999 0.800734375 0.765 0.7951718750000001 0.772442396875 0.79315625 0.7806221203125 0.7956875 0.7969815671875 0.7951718750000001 0.8170737328125 0.811328125 0.8073963140625 0.8188906250000001 0.8088940093750001
9 0.8710000000000001 0.68532258125 0.8629843749999999 0.6740092171875001 0.857984375 0.6582488484375 0.8539843749999999 0.6533410140625 0.84096875 0.6582488484375 0.837296875 0.67891705 0.8306250000000001 0.6917281109375 0.8259531250000001 0.69467741875 0.8286093749999999 0.705 0.83128125 0.71582949375 0.836953125 0.72271889375 0.840625 0.7271428578125 0.8432968750000001 0.730092165625 0.8643281249999999 0.7340322578125 0.8720000000000001 0.733064515625 0.8743281250000001 0.708456221875 0.8710000000000001 0.68532258125
8 0.45340625 0.6195391703124999 0.45257812499999994 0.6098387093750001 0.450125 0.6103225812499999 0.449625 0.61880184375 0.4488125 0.6219585249999999 0.448640625 0.6359907828125 0.453890625 0.6364746546875 0.45406250000000004 0.6229262671875 0.45340625 0.6195391703124999
8 0.408203125 0.8086635937500001 0.41200000000000003 0.8682488484374999 0.41956249999999995 0.881290321875 0.420828125 0.95391705 0.447359375 0.9203917046875001 0.447359375 0.894331796875 0.43346875 0.8719815671875001 0.442296875 0.7918894015625 0.408203125 0.8086635937500001
9 0.354390625 0.8252995390625 0.354390625 0.8547235015625001 0.35154687500000004 0.8981797234375 0.35724999999999996 0.8953686640624999 0.375296875 0.8603225812499999 0.416078125 0.9012211984375 0.40856250000000005 0.8729493093749999 0.40856250000000005 0.8463364062500001 0.40665625 0.8238940093749999 0.416171875 0.8056912437499999 0.41332812499999994 0.793064515625 0.41332812499999994 0.772050690625 0.40951562499999994 0.7468202765624999 0.40951562499999994 0.7243778796875 0.40571875 0.6963594468750001 0.40096875 0.6767511515625 0.39621875 0.6557142859375 0.38765625 0.638894009375 0.374359375 0.6318894015625001 0.366734375 0.63619815625 0.359140625 0.6515207375000001 0.359140625 0.6725345625 0.369609375 0.6837557609375 0.362 0.7047695859374999 0.354390625 0.8007142859374999 0.356296875 0.7944700453125 0.3581875 0.811290321875 0.354390625 0.8252995390625
8 0.4828125 0.7626728109375 0.49325 0.7735483875 0.48250000000000004 0.7780875578125 0.48587499999999995 0.7826036859375 0.491109375 0.7957373265625 0.49325 0.8138479265624999 0.49939062500000003 0.798456221875 0.504 0.7812442390625 0.510453125 0.7681105984375 0.5257968749999999 0.74684331875 0.53378125 0.7391244234375 0.504 0.728709678125 0.500625 0.7318894015625 0.49264062500000005 0.7391244234375 0.478515625 0.7450230421875 0.4828125 0.7504608296875 0.48496875 0.7590553 0.4828125 0.7626728109375
9 0.14375 0.6428571421875 0.153125 0.6474654375 0.1609375 0.6359447 0.159375 0.6129032265625 0.215625 0.610599078125 0.21875 0.6175115203125 0.2265625 0.61981566875 0.23875000000000002 0.6138248843749999 0.2421875 0.60829493125 0.2464583328125 0.61797235 0.2671875 0.6290322578125 0.2734375 0.6382488484375 0.28125 0.6359447 0.3158333328125 0.6552995390625 0.321875 0.6612903218749999 0.3296875 0.68202765 0.3359375 0.72119815625 0.34375 0.7235023046875 0.35 0.718894009375 0.359375 0.7235023046875 0.36875 0.684331796875 0.3609375 0.6751152078125 0.35625 0.68202765 0.353125 0.668202765625 0.365625 0.6405529953125 0.3671875 0.63133640625 0.3609375 0.622119815625 0.353125 0.622119815625 0.3578125 0.5783410140624999 0.3921875 0.5806451609375001 0.3890625 0.57373271875 0.39366319375000003 0.5697644656249999 0.4015625 0.582949309375 0.4171875 0.6175115203125 0.4203125 0.633640553125 0.43125 0.6428571421875 0.43046875 0.6486175109375 0.45347222187499997 0.697900665625 0.4609375 0.7027649765625 0.4578125 0.70967741875 0.4626736109375 0.7176139265625 0.45625 0.7281105984375 0.4453125 0.7350230421874999 0.4453125 0.79032258125 0.434375 0.8018433187499999 0.43125 0.8133640546875001 0.43125 0.8778801843749999 0.4328125 0.8824884796875001 0.440625 0.8870967734375 0.4546875 0.8870967734375 0.4765625 0.8709677421875 0.484375 0.854838709375 0.4890625 0.854838709375 0.49375 0.8479262671875001 0.49375 0.7972350234375 0.4921875 0.792626728125 0.484375 0.79032258125 0.4828125 0.7857142859375 0.484375 0.7603686640625 0.4796875 0.741935484375 0.4953125 0.741935484375 0.5046875 0.7373271890625 0.5122395828124999 0.7288786468749999 0.53125 0.7373271890625 0.5375 0.730414746875 0.5390625 0.7165898625 0.55 0.705069125 0.565625 0.7142857140625 0.56875 0.69815668125 0.575 0.707373271875 0.5734375 0.718894009375 0.575 0.7350230421874999 0.5796875 0.730414746875 0.58125 0.7165898625 0.5703125 0.6751152078125 0.5703125 0.6658986171875 0.5671875 0.658986175 0.553125 0.6520737328124999 0.5453125 0.6520737328124999 0.5359375 0.6705069124999999 0.5270833328125 0.66513056875 0.5328125 0.63133640625 0.53125 0.6175115203125 0.5953125 0.5921658984375 0.5984375 0.599078340625 0.60625 0.6013824890625 0.621875 0.5898617515625 0.6328125 0.6059907828125 0.6609375 0.6036866359374999 0.665625 0.6129032265625 0.6640625 0.6290322578125 0.6671875 0.6359447 0.6828125 0.6382488484375 0.6859375 0.645161290625 0.6921875 0.6474654375 0.6921875 0.6543778796875 0.6875 0.6612903218749999 0.68125 0.6612903218749999 0.6703125 0.68202765 0.6671875 0.718894009375 0.6640625 0.718894009375 0.659375 0.7258064515625 0.659375 0.7396313359375 0.665625 0.7534562218749999 0.66875 0.7488479265625 0.6828125 0.7488479265625 0.696875 0.769585253125 0.7 0.79032258125 0.7078125 0.792626728125 0.746875 0.7488479265625 0.746875 0.718894009375 0.8015625 0.69815668125 0.8125 0.6912442390625 0.8203125 0.6958525343749999 0.8296875 0.6935483875 0.8375 0.6797235015624999 0.8390625 0.6705069124999999 0.836221590625 0.6684122328125001 0.8421875 0.658986175 0.843465909375 0.6633850015625 0.8453125 0.656682028125 0.85 0.6543778796875 0.8507102265625001 0.658357771875 0.8546875 0.6543778796875 0.859375 0.6612903218749999 0.865625 0.658986175 0.8703125 0.6635944703125001 0.8734375 0.6797235015624999 0.88125 0.684331796875 0.8875 0.6935483875 0.8921875 0.6935483875 0.8984375 0.6866359453124999 0.9015625 0.6751152078125 0.9015625 0.6612903218749999 0.90625 0.658986175 0.9109375 0.6497695859375 0.909375 0.6359447 0.9203125 0.63133640625 0.9265625 0.6543778796875 0.934375 0.656682028125 0.940625 0.6497695859375 0.9453125 0.6520737328124999 0.9546875 0.6405529953125 0.9546875 0.6290322578125 0.9515625 0.622119815625 0.9546875 0.6036866359374999 0.9515625 0.59677419375 0.928125 0.59677419375 0.9234375 0.6036866359374999 0.8826388890624999 0.590885815625 0.875 0.599078340625 0.8703125 0.5921658984375 0.8744791671875 0.5883256515624999 0.865625 0.576036865625 0.8663194437499999 0.5857654890624999 0.858159721875 0.583205325 0.8546875 0.57373271875 0.85 0.5806451609375001 0.7796875 0.5768747375000001 0.778125 0.58525345625 0.771875 0.576036865625 0.7640625 0.576036865625 0.759375 0.582949309375 0.75625 0.57482993125 0.7328125 0.5712091296875 0.728125 0.5668202765625 0.728125 0.5576036859375 0.725 0.55069124375 0.715625 0.5437788015625 0.7078125 0.5437788015625 0.709375 0.567588325 0.7015625 0.5663813921874999 0.696875 0.5576036859375 0.69375 0.5651744562500001 0.6859375 0.5639675234375 0.690625 0.5529953921875 0.6859375 0.53917050625 0.675 0.536866359375 0.6703125 0.5437788015625 0.6703125 0.5615536546875 0.66875 0.5645161296875 0.6625 0.56034671875 0.6609375 0.5645161296875 0.6546875 0.5591397859375 0.653125 0.5645161296875 0.646875 0.55793285 0.6447916671875 0.56221198125 0.6390625 0.5567259171875001 0.6364583328125 0.5599078343749999 0.63125 0.55551898125 0.628125 0.5576036859375 0.6234375 0.5543120484374999 0.6 0.55069124375 0.5953125 0.5576036859375 0.5921875 0.5492165906250001 0.428125 0.5182488484375 0.4234375 0.525345621875 0.4203125 0.51677419375 0.421875 0.5115207374999999 0.4171875 0.5069124421875 0.4125 0.5152995390624999 0.409375 0.5069124421875 0.4046875 0.513824884375 0.27860054375 0.544279703125 0.2734375 0.5529953921875 0.270720109375 0.5461831296875 0.265625 0.5529953921875 0.2628396734375 0.5480865546875 0.23131793437499998 0.5557002609375 0.228125 0.5599078343749999 0.2234375 0.5576036859375 0.153125 0.5821114374999999 0.1484375 0.5898617515625 0.1453125 0.5848345203124999 0.1375 0.5875576031249999 0.1328125 0.5944700453125 0.1328125 0.60829493125 0.1375 0.6152073734375 0.14375 0.6428571421875
8 0.6546875 0.7165898625 0.665625 0.7165898625 0.6703125 0.7142857140625 0.6796875 0.6958525343749999 0.7158333328125 0.7069124421875 0.725 0.7511520734375 0.7203125 0.758064515625 0.7203125 0.781105990625 0.725 0.7880184328125 0.734375 0.7880184328125 0.7390625 0.77880184375 0.740625 0.7511520734375 0.771875 0.7511520734375 0.775 0.758064515625 0.775 0.7718894015625 0.7796875 0.77880184375 0.796875 0.77880184375 0.8 0.7741935484375 0.8015625 0.7603686640625 0.795028409375 0.7448680359375001 0.8563920453125 0.71973188125 0.94375 0.7027649765625 0.9484375 0.70967741875 0.9640625 0.7142857140625 0.971875 0.707373271875 0.975 0.6866359453124999 0.9703125 0.6774193546875 0.9484375 0.68202765 0.94375 0.6889400921875 0.9407670453125 0.68516966875 0.8640625 0.7165898625 0.7328125 0.7511520734375 0.7135416671875 0.6958525343749999 0.6975 0.6184331796875 0.6953125 0.6129032265625 0.6952083328125 0.607373271875 0.7046875 0.6129032265625 0.7109375 0.6013824890625 0.709375 0.5875576031249999 0.7046875 0.5806451609375001 0.6953125 0.5806451609375001 0.690625 0.58525345625 0.67375 0.590783409375 0.6703125 0.6013824890625 0.6640625 0.5898617515625 0.656875 0.5963133640625 0.6546875 0.5898617515625 0.6484375 0.599078340625 0.5546875 0.60829493125 0.6372767859375 0.68926925625 0.634375 0.7004608296875 0.640625 0.70967741875 0.6546875 0.7165898625
8 0.32847222187499997 0.6958525343749999 0.3249421296875 0.7066052234375 0.3265046296875 0.707373271875 0.3237557875 0.718509984375 0.3243969296875 0.730414746875 0.32256944375 0.730414746875 0.324256821875 0.741935484375 0.3205159359375 0.7417818734375 0.31846242812500003 0.7531490015625 0.324116715625 0.7534562218749999 0.32397660781250004 0.7649769578125001 0.3164089203125 0.7645161296875 0.2917668265625 0.900921659375 0.29305555625 0.90322580625 0.2896634609375 0.912442396875 0.2910879625 0.91474654375 0.287560096875 0.923963134375 0.2891203703125 0.92626728125 0.28545673125 0.9354838703125001 0.287152778125 0.9377880187500001 0.283353365625 0.9470046078125 0.2859375 0.9516129031249999 0.28125 0.9585253453125 0.2832175921875 0.96082949375 0.28125 0.9723502296875 0.2859375 0.9792626734375001 0.2984375 0.9792626734375001 0.3015625 0.9838709671875 0.328125 0.9838709671875 0.334375 0.976958525 0.346875 0.9746543781250001 0.3515625 0.9654377875 0.3515625 0.9562211984375001 0.346875 0.9470046078125 0.3359375 0.9470046078125 0.328125 0.9516129031249999 0.321875 0.9377880187500001 0.3238365015625 0.7764976953125 0.3304398140625 0.684331796875 0.334375 0.6612903218749999 0.3421875 0.6543778796875 0.5546875 0.60829493125 0.3515625 0.6282642093749999 0.3453125 0.633640553125 0.340625 0.6244239625 0.3359375 0.6298003078125001 0.3328125 0.6244239625 0.328125 0.63056835625 0.325 0.6244239625 0.3203125 0.63133640625 0.3203125 0.645161290625 0.3296875 0.658986175 0.326128471875 0.6947004609375 0.32847222187499997 0.6958525343749999
8 0.440625 0.6751152078125 0.45625 0.7004608296875 0.465625 0.7004608296875 0.478125 0.6774193546875 0.503125 0.7027649765625 0.4953125 0.70967741875 0.4953125 0.730414746875 0.5013020828125 0.72119815625 0.5078125 0.7396313359375 0.5171875 0.7396313359375 0.525 0.7258064515625 0.5296875 0.70967741875 0.5296875 0.6958525343749999 0.525 0.6912442390625 0.5252604171875 0.684331796875 0.5296875 0.6728110593750001 0.5328125 0.6774193546875 0.55 0.6774193546875 0.559375 0.668202765625 0.5671875 0.668202765625 0.56875 0.6635944703125001 0.5640625 0.6382488484375 0.5921875 0.63133640625 0.59375 0.6244239625 0.59375 0.6152073734375 0.6125 0.60829493125 0.61875 0.6267281109375 0.6174107140625 0.630678078125 0.6247767859375 0.6642527984375 0.625 0.7119815671875 0.628125 0.7281105984375 0.6390625 0.7488479265625 0.6546875 0.7511520734375 0.659375 0.741935484375 0.659375 0.73271889375 0.6546875 0.7235023046875 0.653125 0.7119815671875 0.6390625 0.6866359453124999 0.6296875 0.6866359453124999 0.6272321421875 0.6754443718750001 0.634375 0.674654378125 0.634375 0.6267281109375 0.6529017859375 0.62574061875 0.6671875 0.6382488484375 0.6625 0.645161290625 0.6625 0.6612903218749999 0.6671875 0.6751152078125 0.6734375 0.684331796875 0.6875 0.6866359453124999 0.6921875 0.6774193546875 0.69375 0.6474654375 0.6875 0.6405529953125 0.68359375 0.6290322578125 0.724609375 0.6059907828125 0.734375 0.622119815625 0.7296875 0.6290322578125 0.7296875 0.6428571421875 0.7390625 0.6543778796875 0.7484375 0.658986175 0.759375 0.658986175 0.76875 0.668202765625 0.76875 0.68202765 0.7625 0.6935483875 0.7625 0.7119815671875 0.7671875 0.718894009375 0.78125 0.718894009375 0.7890625 0.70967741875 0.7984375 0.70967741875 0.8125 0.68202765 0.8140625 0.6474654375 0.821875 0.63133640625 0.8203125 0.6152073734375 0.8171875 0.610599078125 0.8078125 0.610599078125 0.79375 0.63133640625 0.7921875 0.6405529953125 0.778125 0.6405529953125 0.771875 0.63133640625 0.7578125 0.63133640625 0.7484375 0.6267281109375 0.7484375 0.622119815625 0.7578125 0.610599078125 0.7609375 0.610599078125 0.765625 0.6013824890625 0.765625 0.5921658984375 0.7609375 0.582949309375 0.7484375 0.582949309375 0.7328125 0.6013824890625 0.645758928125 0.6194865046875 0.6390625 0.6175115203125 0.6390625 0.60829493125 0.634375 0.599078340625 0.6314732140625 0.606978275 0.628125 0.5944700453125 0.6243303578125 0.6007241609375 0.6171875 0.5944700453125 0.6125 0.6013824890625 0.60875 0.59423963125 0.591875 0.5937788015625001 0.5890625 0.6036866359374999 0.5834374999999999 0.5935483875 0.5796875 0.6025345625 0.575 0.593317971875 0.5703125 0.6013824890625 0.5665625000000001 0.5930875578125 0.558125 0.5928571421875 0.5578125 0.582949309375 0.5484375 0.581797234375 0.5496875 0.5926267281250001 0.54125 0.5923963140625 0.5390625 0.5806451609375001 0.5328125 0.5921658984375 0.4591517859375 0.63166556875 0.4640625 0.645161290625 0.45546875 0.6457373265624999 0.4517857140625 0.6356155359375 0.446875 0.6463133640625001 0.44441964218749996 0.6395655031249999 0.43828125 0.6468894015625 0.43705357187500005 0.6435154703125 0.4296875 0.6474654375 0.421875 0.646175115625 0.4265625 0.6520737328124999 0.4265625 0.6635944703125001 0.4359375 0.6751152078125 0.440625 0.6751152078125