8 0.8378593750000001 0.8051458328125 0.73609375 0.8066875 0.62390625 0.8066875 0.582265625 0.7943541671875 0.567234375 0.7835625 0.52675 0.7789375 0.51634375 0.7912708328125 0.5336875 0.8236666671874999 0.53021875 0.8575833328125 0.536 0.8575833328125 0.707171875 0.8745416671875 0.820515625 0.8529583328125 0.8413281250000001 0.8159375000000001 0.8378593750000001 0.8051458328125
8 0.7575000000000001 0.7563541671875 0.766078125 0.76625 0.7780781250000001 0.7746458328125 0.780375 0.7822708328125 0.8015156250000001 0.7883541671875001 0.807234375 0.8005625000000001 0.8432499999999999 0.8097083328125001 0.8363906249999999 0.8333333328125001 0.8529687499999999 0.8394166671875001 0.91584375 0.8432291671875 0.9581406250000001 0.7891250000000001 0.940421875 0.7860833328125 0.92440625 0.7845416671875001 0.91584375 0.7799791671875 0.870109375 0.78075 0.854671875 0.78075 0.852390625 0.7716041671875 0.830671875 0.7685416671875 0.823234375 0.742625 0.8243750000000001 0.7312083328125001 0.8278125 0.7205208328125 0.8420937500000001 0.711375 0.8403906250000001 0.6991875000000001 0.8278125 0.6961458328125001 0.8158125 0.6885208328125 0.8060937499999999 0.687 0.8060937499999999 0.6778541671875 0.7872343749999999 0.6793750000000001 0.788375 0.6953750000000001 0.7523593749999999 0.7007083328125 0.7415 0.7068125000000001 0.7403593749999999 0.7151875000000001 0.783796875 0.7235833328125 0.782078125 0.7403541671875 0.7677968749999999 0.7388125 0.7575000000000001 0.7563541671875
8 0.953375 0.7909166671875 0.941796875 0.8164583328124999 0.99746875 0.8057708328125001 0.998796875 0.7576666671875001 0.9640625 0.7558958328125 0.957828125 0.7505416671875 0.95159375 0.6935416671875 0.947578125 0.7487708328125 0.92709375 0.6994791671875 0.8932499999999999 0.694125 0.8580625 0.7089791671875 0.87365625 0.7220416671875001 0.8740937499999999 0.7493541671874999 0.8313437499999999 0.7463958328125 0.8286718750000001 0.7552916671875 0.83178125 0.7647916671874999 0.85584375 0.7760833328125 0.9235312499999999 0.7802291671875 0.953375 0.7909166671875
8 0.503375 0.8502291671875 0.4949375 0.8299583328125 0.48479687499999996 0.8209375 0.459453125 0.751125 0.39865625 0.744375 0.366546875 0.755625 0.320953125 0.755625 0.3141875 0.7623958328125 0.34121875 0.7849166671875001 0.36317187500000003 0.8006666671874999 0.3733125 0.7781458328124999 0.383453125 0.7758958328125 0.391890625 0.7894166671875 0.391890625 0.8074375 0.38851562500000003 0.8141875000000001 0.40878125 0.8389583328124999 0.42229687499999996 0.8547291671874999 0.43075 0.8705 0.43075 0.8885208328124999 0.42904687499999994 0.9020208328124999 0.427359375 0.9245416671875001 0.427359375 0.9290625 0.44932812499999997 0.9358124999999999 0.496625 0.9425625 0.53040625 0.866 0.5135156249999999 0.8637291671874999 0.516890625 0.8502291671875 0.503375 0.8502291671875
8 0.23090625 0.8561875000000001 0.182015625 0.8382083328125001 0.12640625 0.7528125 0.055625 0.7528125 0.025281249999999998 0.7707916671875 0.0455 0.8247291671875001 0.008421874999999999 0.905625 0.008421874999999999 0.9258333328124999 0.17359375 0.9820208328125 0.384265625 0.9258333328124999 0.32696875 0.9168541671874999 0.23090625 0.8561875000000001
8 0.60834375 0.59525 0.6674218749999999 0.5897291671875 0.667796875 0.5847083328125 0.665546875 0.5796875 0.66253125 0.5741666671875 0.6568906250000001 0.5390625 0.647484375 0.521 0.6358125 0.5164791671875 0.620765625 0.5290208328125 0.604953125 0.5415625000000001 0.601578125 0.557625 0.5996875 0.5686458328125 0.601203125 0.5741666671875 0.601578125 0.5746666671875 0.6057187500000001 0.5796875 0.6000625 0.5796875 0.6000625 0.5852083328125001 0.604203125 0.5862083328125001 0.60834375 0.59525
8 0.769640625 0.5419375 0.7676093749999999 0.5422083328125 0.7629374999999999 0.5443749999999999 0.759078125 0.5441041671875 0.75846875 0.5462708328125 0.759484375 0.5500625 0.7621249999999999 0.5503333328125 0.7676093749999999 0.5503333328125 0.769640625 0.5419375
9 0.625140625 0.5495 0.6233906250000001 0.5460208328125 0.621546875 0.5466041671874999 0.6212187499999999 0.5496458328125 0.620578125 0.55225 0.620140625 0.5584583328125 0.6190625 0.5665625000000001 0.623828125 0.5720625 0.6248125 0.5719166671875 0.626109375 0.5660000000000001 0.6272968750000001 0.5631041671875 0.626765625 0.5519583328125 0.625140625 0.5495
8 0.897375 0.5273125000000001 0.907328125 0.5261666671875 0.9105000000000001 0.5231041671875001 0.9014843750000001 0.5164583328125001 0.8934374999999999 0.5170833328125 0.8856875000000001 0.5237291671875 0.8862500000000001 0.5262916671875 0.89334375 0.5206041671875 0.8983281249999999 0.5197708328124999 0.897375 0.5273125000000001
9 0.994140625 0.5611666671875 0.997234375 0.5589791671875 0.997234375 0.5540208328125 0.9951718749999999 0.5542916671875 0.9951718749999999 0.5567708328125 0.9933125 0.5562291671875 0.9933125 0.5540208328125 0.9900156250000001 0.5531875 0.990421875 0.5573125 0.987953125 0.5576041671875 0.98815625 0.5562291671875 0.986921875 0.5559375 0.986921875 0.5597916671875 0.989609375 0.5611666671875 0.989609375 0.5622708328125 0.989609375 0.5735416671875 0.990421875 0.5746458328124999 0.9939375 0.5743750000000001 0.994140625 0.5611666671875
8 0.88515625 0.5247708328125 0.88459375 0.5248541671875 0.8852968750000001 0.526625 0.8955781249999999 0.528125 0.8975312499999999 0.5271041671875001 0.88628125 0.5264375 0.88515625 0.5247708328125