8 0.48101562500000006 0.47391666718750003 0.471203125 0.5426875 0.48782812499999995 0.488125 0.48910937499999996 0.47447916718750005 0.49592187499999996 0.46310416718749997 0.48953125000000003 0.45287499999999997 0.48442187499999995 0.46310416718749997 0.48101562500000006 0.47391666718750003
8 0.375734375 0.5577708328125001 0.3765 0.5336875 0.375359375 0.5336875 0.344890625 0.5341875 0.34375 0.5362083328125 0.34225 0.5592708328125 0.375734375 0.5577708328125001
9 0.47528125 0.46291666718749996 0.47021875 0.4763958328125 0.466859375 0.48314583281249995 0.45168749999999996 0.496625 0.439890625 0.5101041671875 0.434828125 0.5146041671875 0.42640625 0.5325833328125 0.43820312499999997 0.5662916671875 0.443265625 0.5685416671875 0.463484375 0.5775208328125 0.463484375 0.7123541671875 0.46517187499999996 0.7370833328125 0.47190624999999997 0.7910208328125 0.47021875 0.8359583328125 0.47021875 0.8876458328125001 0.4449375 0.9236041671875 0.40785937499999997 0.9438124999999999 0.463484375 0.9640416671875001 0.47359375000000004 0.9640416671875001 0.48539062499999996 0.9640416671875001 0.515734375 0.9662916671874999 0.51909375 0.9348333328124999 0.514046875 0.8741666671875 0.5174218749999999 0.8426875 0.542703125 0.8741666671875 0.541015625 0.8921250000000001 0.5578593749999999 0.9752708328124999 0.57978125 0.9640416671875001 0.584828125 0.9573124999999999 0.608421875 0.9415833328125001 0.62190625 0.9550625 0.608421875 0.9213541671875 0.6016874999999999 0.8921250000000001 0.5949375 0.8471875000000001 0.583140625 0.8314583328125 0.54775 0.8134791671875 0.5443749999999999 0.7820208328125 0.5443749999999999 0.7775208328125001 0.5578593749999999 0.7460625000000001 0.56965625 0.6988749999999999 0.56965625 0.6157291671875 0.57134375 0.60675 0.5780937500000001 0.5842708328125 0.5780937500000001 0.5797708328125 0.57303125 0.5617916671875001 0.5578593749999999 0.48989583281250004 0.54775 0.47191666718749997 0.52921875 0.4426875 0.52921875 0.40225 0.51909375 0.3752708328125 0.49214062500000005 0.36404166718750003 0.47696875 0.3707916671875 0.47528125 0.3910208328125 0.47528125 0.4337083328125 0.490453125 0.44718749999999996 0.47865624999999995 0.44045833281249996 0.47528125 0.45841666718749996 0.47528125 0.46291666718749996
9 0.095703125 1 0.094359375 0.9555416671874999 0.0896875 0.9208541671875 0.092359375 0.9186249999999999 0.09703125 0.9150625 0.098703125 0.8679166671875 0.10303124999999999 0.7793958328125 0.10570312500000001 0.7224375000000001 0.10103124999999999 0.6899791671875 0.095703125 0.6757291671875 0.097703125 0.6655 0.098703125 0.6597291671875001 0.10603125 0.5974375000000001 0.10804687500000001 0.5302708328125 0.105375 0.5044791671875 0.099703125 0.48579166718750005 0.09503125 0.476 0.0936875 0.47466666718750006 0.09003125 0.4697708328125 0.085015625 0.464875 0.0836875 0.460875 0.08101562500000001 0.4524166671875 0.08134375 0.4493125 0.0876875 0.4448541671875 0.0886875 0.44264583281250003 0.093359375 0.4261875 0.10103124999999999 0.40037500000000004 0.100703125 0.3946041671875 0.097703125 0.37725 0.0916875 0.3687916671875 0.079015625 0.3554583328125 0.070671875 0.3523333328125 0.059328124999999995 0.3527708328125 0.048984375000000004 0.3527708328125 0.0373125 0.3652916671875 0.02884375 0.3728125 0.026734374999999998 0.39068749999999997 0.029546875 0.4019583328125 0.020390625000000002 0.4104375 0.025312499999999998 0.42454166718749997 0.025312499999999998 0.434875 0.024609375 0.450875 0.03871875 0.4583958328125 0.041546875 0.4771875 0.04578125 0.48754166718749997 0.044359375 0.48941666718750004 0.03378125 0.5044791671875 0.0225 0.5637083328125 0.022468750000000003 0.5780833328125 0.017671875 0.6132291671875 0.014468749999999999 0.6601041671875 0.013671875 0.6728958328125 0.020859375 0.6739583328125 0.0200625 0.688875 0.0008906249999999999 0.7229583328125 0.00428125 0.8545624999999999 0.0052812499999999995 0.866125 0.0052812499999999995 0.9128333328125 0.006609375000000001 0.9128333328125 0.006953125 0.9128333328125 0.049984375 0.9141666671875001 0.050984375000000005 0.9172916671875001 0.065328125 1 0.095703125 1
9 0.7326406249999999 1 0.74153125 0.9976041671875 0.761546875 0.9798125000000001 0.73709375 0.9249583328125001 0.73153125 0.8967916671875 0.73153125 0.8478749999999999 0.72375 0.8286041671875 0.721515625 0.7915416671875 0.711515625 0.6996041671875 0.69484375 0.6462291671875 0.6837187499999999 0.6210416671875 0.6859375 0.5706249999999999 0.6859375 0.5202083328125 0.677046875 0.49797916718749996 0.661484375 0.47575 0.6536875 0.4579583328125 0.65146875 0.44016666718749997 0.660359375 0.40754166718749996 0.64925 0.3867916671875 0.631453125 0.3749166671875 0.617 0.3749166671875 0.60365625 0.3912291671875 0.604765625 0.41050000000000003 0.607 0.420875 0.60365625 0.4386666671875 0.604765625 0.45054166718750005 0.61921875 0.463875 0.623671875 0.47424999999999995 0.610328125 0.4965 0.60365625 0.5202083328125 0.607 0.5528333328125 0.6058749999999999 0.624 0.6125468749999999 0.6403125000000001 0.5992031250000001 0.6521666671874999 0.595875 0.667 0.58475 0.6729166671875 0.5758593750000001 0.6818125 0.5803125 0.7070208328125 0.6014375000000001 0.71 0.591421875 0.7322291671875 0.5791875 0.8019166671875 0.5725156250000001 0.8197083328125 0.5791875 0.8266249999999999 0.578078125 0.8345208328125 0.563625 0.8537916671874999 0.563625 0.9131041671875 0.5841953125 0.92421875 0.57696875 0.9338541671874999 0.5525 0.9486874999999999 0.524703125 0.9546250000000001 0.5080312499999999 0.9561041671874999 0.50246875 0.9620208328125001 0.5235937500000001 0.9827916671875 0.55028125 0.9902083328125 0.5569531249999999 0.9946458328125001 0.564734375 0.9827916671875 0.56696875 0.9664791671874999 0.56050625 0.94765 0.5685125 0.9466125 0.573640625 0.9486874999999999 0.57651875 0.945575 0.712625 0.9279375 0.7092968749999999 0.9664791671874999 0.6909453125 0.9916197921875 0.6948333328125 1 0.7326406249999999 1
9 0.7058984374999999 0.9406354171875 0.6951562499999999 0.9365416671875 0.687984375 0.9570000000000001 0.7057239578125001 0.9633611109375 0.7145937499999999 0.9624583328125 0.7145937499999999 0.9665416671875 0.7181744796875 0.9556284734375 0.7166406249999999 0.9447291671875 0.7217552078125 0.9447152765625001 0.7324973953125 0.91197569375 0.7360781249999999 0.9092499999999999 0.739146875 0.9114291671875 0.751421875 0.9528958328125 0.7637109375 0.9392604171875 0.76678125 0.9542708328125 0.80975 0.9570000000000001 0.8172552078124999 0.9510902765625 0.818953125 0.9733750000000001 0.862953125 0.9583541671875 0.872171875 0.9256249999999999 0.865 0.8683125 0.870125 0.8246666671874999 0.85784375 0.7782708328125 0.867046875 0.767375 0.862953125 0.6609583328124999 0.858859375 0.6118333328125 0.867046875 0.575 0.86603125 0.5545416671875001 0.855796875 0.4726875 0.843515625 0.4385833328125 0.819984375 0.40856250000000005 0.8343125 0.3608125 0.8066875 0.3267083328125 0.780078125 0.3485416671875 0.770875 0.38127083281249996 0.7718906249999999 0.41675000000000006 0.7790546875000001 0.42152083281249997 0.775984375 0.4303958328125 0.770875 0.45495833281250003 0.7718906249999999 0.4890625 0.77803125 0.5490833328125 0.7698437499999999 0.5941041671875 0.7381249999999999 0.6841458328125001 0.7135625 0.7414375 0.7340312499999999 0.7564583328125 0.7340312499999999 0.8369375 0.7360781249999999 0.9010624999999999 0.7058984374999999 0.9406354171875
9 0.328484375 0.5091875 0.328484375 0.5125 0.32475 0.5141666671875 0.319125 0.5141666671875 0.316015625 0.5208333328125 0.312890625 0.5258125 0.311640625 0.5308125 0.30665624999999996 0.544125 0.30851562499999996 0.5549375000000001 0.31039062500000003 0.5674166671875 0.312265625 0.5757291671875 0.312890625 0.5848958328125 0.3185 0.5848958328125 0.31975 0.5848958328125 0.32475 0.5848958328125 0.325375 0.5832291671875 0.324125 0.5724166671875001 0.32475 0.5757291671875 0.32599999999999996 0.5765625 0.330984375 0.5798958328125 0.33410937500000004 0.5798958328125 0.33846875 0.5807291671875 0.34034375 0.5798958328125 0.34159375000000003 0.5757291671875 0.34284375 0.5724166671875001 0.34159375000000003 0.5624166671874999 0.34159375000000003 0.5541041671875 0.34284375 0.5474583328125 0.34409375 0.5432916671875 0.34409375 0.5374583328125 0.345953125 0.5358125 0.349078125 0.5358125 0.352203125 0.5358125 0.352828125 0.5358125 0.3584375 0.5341458328125 0.3584375 0.5316458328125 0.355328125 0.5258125 0.35095312500000003 0.5216666671875 0.347203125 0.5141666671875 0.346578125 0.5041875 0.34159375000000003 0.4983541671875 0.33659374999999997 0.4983541671875 0.330359375 0.5000208328125 0.33410937500000004 0.5016875 0.33410937500000004 0.5025208328125 0.328484375 0.5091875
9 0.8767343750000001 0.41675000000000006 0.8815781250000001 0.40854166718749996 0.882015625 0.4064791671875 0.8826875 0.40120833281249996 0.8846562499999999 0.3976875 0.890390625 0.40031249999999996 0.897859375 0.40060416718749997 0.897859375 0.4038333328125 0.89390625 0.4146875 0.89346875 0.41997916718750006 0.8945624999999999 0.4208541671875 0.8952187500000001 0.42056250000000006 0.8998437499999999 0.41910416718750004 0.90996875 0.4146875 0.9110625000000001 0.41116666718749995 0.907765625 0.3935625 0.9093125000000001 0.380375 0.906671875 0.37654166718750004 0.8945624999999999 0.3645208328125 0.8949999999999999 0.3501458328125 0.89346875 0.3445625 0.8899374999999999 0.33810416718749997 0.8848750000000001 0.3366458328125 0.87828125 0.33987500000000004 0.8762968750000001 0.3422291671875 0.875640625 0.3539583328125 0.876953125 0.3648125 0.87828125 0.36804166718750003 0.869703125 0.373625 0.8675 0.3877083328125 0.8670625 0.3891666671875 0.8725625000000001 0.41587500000000005 0.8767343750000001 0.41675000000000006
9 0.9319375000000001 0.3305625 0.93365625 0.3333125 0.936796875 0.3373333328125 0.938203125 0.3407916671875 0.9383125 0.34325 0.9403593750000001 0.3537708328125 0.9418749999999999 0.3593958328125 0.9420937500000001 0.3591041671875 0.9437031250000001 0.3572291671875 0.9444687500000001 0.3528958328125 0.9444687500000001 0.3491666671875 0.94803125 0.3428125 0.950734375 0.3348958328125 0.9479218749999999 0.3288333328125 0.9426249999999999 0.3232291671875 0.9430624999999999 0.3161666671875 0.9433906249999999 0.3076666671875 0.940796875 0.3011875 0.9310625 0.30074999999999996 0.92675 0.3091041671875 0.929546875 0.31716666718750003 0.9303125 0.3212083328125 0.931390625 0.3232291671875 0.93128125 0.3271041671875 0.9319375000000001 0.3305625
9 0.4576875 0.47474999999999995 0.45568749999999997 0.4711666671875 0.45568749999999997 0.45779166718750003 0.45234375 0.45064583281250004 0.4443125 0.4497708328125 0.43828125 0.4524375 0.435609375 0.4613541671875 0.4329375 0.47029166718750004 0.43359375 0.47474999999999995 0.430921875 0.4801041671875 0.42690625000000004 0.48902083281250003 0.428921875 0.49527083281250006 0.432265625 0.5041875 0.43493750000000003 0.5148958328125001 0.44029687500000003 0.5184791671875 0.443640625 0.5220416671875 0.45099999999999996 0.5291875 0.455015625 0.53275 0.4576875 0.5300625 0.460375 0.5256041671875 0.460375 0.5184791671875 0.461703125 0.5104375 0.463046875 0.5050833328125 0.46439062499999995 0.500625 0.46571875 0.49793750000000003 0.466390625 0.48991666718750004 0.466390625 0.4854583328125 0.46104687499999997 0.47920833281249997 0.4576875 0.47474999999999995
9 0.9471875000000001 0.8719166671874999 0.9505625 0.8382083328125001 0.9488749999999999 0.7707916671875 0.9977499999999999 0.7842708328125 0.9994375 0.39775 0.9977499999999999 0.3842708328125 0.9960625000000001 0.34831249999999997 0.97246875 0.3146041671875 0.9471875000000001 0.3213541671875 0.9438124999999999 0.3662916671875 0.9471875000000001 0.39325 0.9539375 0.4179791671875 0.9505625 0.45841666718749996 0.92696875 0.49437499999999995 0.913484375 0.505625 0.8882031250000001 0.5078750000000001 0.859546875 0.46291666718749996 0.8528125 0.47864583281249995 0.8612343750000001 0.5191041671875001 0.881453125 0.5415833328125 0.940453125 0.5640416671875 0.940453125 0.59325 0.8932656250000001 0.7483125 0.911796875 0.7528125 0.9033749999999999 0.9123541671875 0.896625 0.9236041671875 0.87303125 0.9438124999999999 0.87978125 0.9573124999999999 0.9016875000000001 0.9820208328125 0.9488749999999999 0.9730416671875 0.940453125 0.9415833328125001 0.940453125 0.898875 0.9471875000000001 0.8719166671874999
9 0.596296875 0.284 0.5845312500000001 0.2795208328125 0.5845312500000001 0.2638125 0.571078125 0.2638125 0.569390625 0.2795208328125 0.569390625 0.2750416671875 0.5525781249999999 0.2884791671875 0.562671875 0.3266041671875 0.5929375 0.317625 0.596296875 0.284
9 0.45385937500000006 0.45225 0.455203125 0.45877083281250003 0.455203125 0.47125000000000006 0.46009374999999997 0.4730208328125 0.46187500000000004 0.4676875 0.46098437499999995 0.4439375 0.45296875 0.43324999999999997 0.451640625 0.421375 0.446296875 0.4112708328125 0.4405 0.4106666671875 0.4369375 0.4178125 0.43470312499999997 0.42789583281250004 0.427140625 0.430875 0.41956249999999995 0.4385833328125 0.416453125 0.4647083328125 0.420015625 0.476 0.432921875 0.4753958328125 0.43648437500000004 0.45520833281249995 0.44182812499999996 0.449875 0.44985937500000006 0.4486875 0.45385937500000006 0.45225
8 0.864484375 0.592 0.868828125 0.5887916671875 0.8731562500000001 0.5804375 0.8779843749999999 0.5785 0.885203125 0.5804375 0.887609375 0.6003541671875 0.8958125000000001 0.5997083328125 0.8996562499999999 0.5862083328125001 0.905921875 0.5752916671875 0.9092968750000001 0.592 0.91653125 0.5990624999999999 0.9203749999999999 0.592 0.9102656250000001 0.559875 0.9121874999999999 0.5380416671875 0.90834375 0.5348124999999999 0.8982187500000001 0.5309583328125 0.894571428125 0.5252767859375 0.9174843750000001 0.5084791671875 0.9174843750000001 0.4962708328125 0.9121874999999999 0.4892083328125 0.902546875 0.495625 0.905921875 0.5065625 0.89003125 0.5052708328125 0.8923013390625 0.5152738109375 0.8924375 0.5238958328125001 0.8856875000000001 0.5193958328125 0.877015625 0.5200416671875 0.864484375 0.5361041671875 0.866421875 0.555375 0.8649687500000001 0.5695208328125 0.862078125 0.5804375 0.864484375 0.592
9 0.9147812500000001 0.36833333281249997 0.9123125 0.374125 0.9070937499999999 0.38225 0.9037656249999999 0.4061875 0.906671875 0.41295833281250005 0.9110156249999999 0.4179791671875 0.921296875 0.42260416718749994 0.930703125 0.4168125 0.935921875 0.4056041671875 0.938671875 0.3961458328125 0.9376562500000001 0.37066666718749997 0.9399843750000001 0.3555833328125 0.9372343750000001 0.3488333328125 0.9369375 0.3426458328125 0.93578125 0.3386041671875 0.93303125 0.3368541671875 0.928109375 0.3389791671875 0.9255000000000001 0.3430416671875 0.9240468749999999 0.3497916671875 0.9198437500000001 0.35770833281250003 0.91665625 0.3640833328125 0.9147812500000001 0.36833333281249997
8 0.259375 0.5634791671875 0.260390625 0.5543958328125 0.2601875 0.5445 0.24307812499999998 0.5439583328125 0.24328124999999998 0.5560416671875 0.24534375000000003 0.5604375 0.246171875 0.5634791671875 0.259375 0.5634791671875
9 0.378515625 0.44291666718749995 0.37559375 0.4344791671875 0.368765625 0.43187499999999995 0.36828125 0.4221458328125 0.36924999999999997 0.41825 0.36901562499999996 0.40818750000000004 0.36121875000000003 0.4023333328125 0.3531875 0.4107708328125 0.35684375 0.4283125 0.346375 0.43674999999999997 0.35026562499999997 0.4523333328125 0.34831249999999997 0.46987500000000004 0.3529375 0.48187499999999994 0.35196875 0.49877083281249995 0.36609375 0.4945416671875 0.3765625 0.47797916718750005 0.378515625 0.44291666718749995
9 0.0015625 0.0770833328125 0.0015625 0.1666666671875 0.0109375 0.1729166671875 0.0109375 0.20416666718749998 0.0171875 0.21875 0.015625 0.22291666718749997 0.0078125 0.225 0.0015625 0.23541666718749998 0.0015625 0.3604166671875 0.0171875 0.36666666718749996 0.0234375 0.3729166671875 0.0296875 0.3729166671875 0.040625 0.3625 0.0440625 0.3754166671875 0.0234375 0.43541666718750005 0.0078125 0.43541666718750005 0.0015625 0.44166666718750003 0.0015625 0.475 0.0149553578125 0.4767857140625 0.0015625 0.5208333328125 0.015625 0.5291666671875 0.025 0.5270833328125 0.0296875 0.5229166671875001 0.034375 0.5041666671875 0.0390625 0.49791666718750005 0.0375 0.4583333328125 0.025 0.45208333281249996 0.025 0.4375 0.0866666671875 0.42374999999999996 0.09375 0.425 0.0875 0.4458333328125 0.08125 0.45416666718750004 0.084375 0.46458333281249997 0.0984375 0.48333333281249996 0.1046875 0.5041666671875 0.1078125 0.5291666671875 0.1078125 0.5625 0.1234375 0.5729166671875 0.153125 0.5729166671875 0.1625 0.56875 0.178125 0.56875 0.1859375 0.5666666671875 0.1953125 0.5583333328125 0.203125 0.5583333328125 0.2109375 0.5645833328125 0.2203125 0.5666666671875 0.228125 0.5645833328125 0.234375 0.5583333328125 0.275 0.5583333328125 0.3015625 0.5520833328125 0.30625 0.5479166671875 0.315625 0.5229166671875001 0.315625 0.5125 0.328125 0.5104166671875 0.334375 0.5 0.3421875 0.5 0.3453125 0.49583333281249997 0.35 0.5020833328125 0.3484375 0.5166666671875 0.3578125 0.53125 0.3578125 0.5354166671875 0.3546875 0.5354166671875 0.353125 0.5395833328124999 0.3625 0.5479166671875 0.378125 0.5479166671875 0.3984375 0.53125 0.4125 0.5375 0.421875 0.5354166671875 0.4296875 0.5270833328125 0.434375 0.5166666671875 0.428125 0.4875 0.4421875 0.45208333281249996 0.453125 0.45208333281249996 0.4609375 0.47083333281249995 0.4578125 0.475 0.465625 0.48541666718750004 0.475 0.46458333281249997 0.478125 0.44375 0.4859375 0.4458333328125 0.5640625 0.43541666718750005 0.55625 0.4583333328125 0.553125 0.48333333281249996 0.5578125 0.4916666671875 0.5625 0.5125 0.5671875 0.51875 0.5671875 0.5354166671875 0.575 0.5541666671875001 0.5875 0.5604166671875 0.6 0.55625 0.60625 0.5479166671875 0.6046875 0.5166666671875 0.609375 0.4916666671875 0.61875 0.4791666671875 0.6203125 0.46666666718750005 0.653125 0.45208333281249996 0.659375 0.47291666718750003 0.671875 0.4916666671875 0.6765625 0.49375 0.6875 0.4895833328125 0.696875 0.5208333328125 0.6859375 0.5333333328125 0.6875 0.5708333328124999 0.703125 0.58125 0.7234375 0.5791666671875 0.734375 0.5666666671875 0.7390625 0.5395833328124999 0.74375 0.5375 0.7515625 0.5270833328125 0.7546875 0.5166666671875 0.75 0.475 0.7375 0.4583333328125 0.740625 0.44166666718750003 0.75625 0.44166666718750003 0.7671875 0.4291666671875 0.7703125 0.41875 0.7703125 0.40625 0.765625 0.3895833328125 0.7703125 0.3854166671875 0.7765625 0.3625 0.7815624999999999 0.35583333281249996 0.8169791671875 0.3329166671875 0.81875 0.3416666671875 0.8328125 0.3604166671875 0.8265625 0.39375 0.8390625 0.4 0.8484375 0.39791666718749996 0.859375 0.3854166671875 0.8625 0.375 0.8609375 0.33125 0.89375 0.3229166671875 0.9015625 0.3395833328125 0.915625 0.3458333328125 0.9234375 0.34375 0.93125 0.33541666718749996 0.9296875 0.31875 0.946875 0.31875 0.9546875 0.3104166671875 0.959375 0.3104166671875 0.965625 0.3166666671875 0.9734375 0.3166666671875 0.9765625 0.32083333281250004 0.984375 0.31875 0.9953125 0.30625 0.9984375 0.2958333328125 0.996875 0.2770833328125 0.990625 0.2666666671875 0.9953125 0.2520833328125 0.9953125 0.23958333281250002 0.9921875 0.22916666718749998 0.9859375 0.2208333328125 0.9921875 0.20416666718749998 0.9921875 0.1916666671875 0.9890625 0.18125 0.978125 0.16875 0.9625 0.16875 0.9546875 0.175 0.95 0.1833333328125 0.94375 0.17916666718750002 0.928125 0.17916666718750002 0.91875 0.1875 0.909375 0.20833333281250002 0.9046875 0.20416666718749998 0.8890625 0.20416666718749998 0.8828125 0.2104166671875 0.8631097562500001 0.20706300781250003 0.85625 0.2104166671875 0.85625 0.1979166671875 0.853125 0.1875 0.8421875 0.175 0.8265625 0.175 0.821875 0.17916666718750002 0.8140625 0.175 0.7984375 0.175 0.7953125 0.1604166671875 0.80625 0.14791666718750002 0.809375 0.1375 0.8078125 0.1166666671875 0.8 0.1 0.80625 0.0916666671875 0.81875 0.0979166671875 0.83125 0.09375 0.840625 0.0791666671875 0.8421875 0.060416667187499995 0.8390625 0.05 0.83125 0.0395833328125 0.809375 0.0375 0.8 0.0229166671875 0.7890625 0.0208333328125 0.784375 0.0166666671875 0.76875 0.0166666671875 0.7609375 0.0229166671875 0.7546875 0.0375 0.7564453125 0.0477864578125 0.7546875 0.054166667187499996 0.6873355265625001 0.08278508749999999 0.6859375 0.054166667187499996 0.6734375 0.0375 0.6609375 0.0375 0.6546875 0.03125 0.6390625 0.03125 0.6328125 0.0375 0.625 0.03125 0.609375 0.03125 0.6 0.0395833328125 0.5875 0.075 0.5875 0.0916666671875 0.5921875 0.1041666671875 0.6078125 0.1145833328125 0.6078125 0.11875 0.6015625 0.1270833328125 0.6026041671875 0.13263888906250001 0.596875 0.1395833328125 0.578125 0.1375 0.5734375 0.1416666671875 0.5546875 0.1416666671875 0.546875 0.14791666718750002 0.5421875 0.15625 0.537118903125 0.15157520468750002 0.534375 0.15625 0.528125 0.1541666671875 0.5293572156249999 0.1502540640625 0.5265625 0.1541666671875 0.5203125 0.1541666671875 0.521595528125 0.14893292656249998 0.5171875 0.1541666671875 0.5046875 0.1395833328125 0.4890625 0.1395833328125 0.48278709375 0.14232723593750002 0.4828125 0.1458333328125 0.4796875 0.14791666718750002 0.47502540625 0.1410060984375 0.428455284375 0.13307926875 0.4265625 0.10833333281249999 0.4140625 0.0916666671875 0.4140625 0.0770833328125 0.425 0.07291666718749999 0.4328125 0.0625 0.4359375 0.05208333281250001 0.4359375 0.0354166671875 0.4328125 0.025 0.421875 0.0125 0.40625 0.0125 0.396875 0.0208333328125 0.3921875 0.0333333328125 0.39375 0.060416667187499995 0.3890625 0.065625 0.3859375 0.0645833328125 0.378125 0.0354166671875 0.3703125 0.025 0.3515625 0.0229166671875 0.34375 0.029166667187500002 0.3390625 0.0375 0.3390625 0.0666666671875 0.3020833328125 0.0840277765625 0.2984375 0.0916666671875 0.29375 0.08541666718749999 0.2828125 0.0791666671875 0.2734375 0.0791666671875 0.265625 0.075 0.2515625 0.05625 0.2171875 0.05625 0.2078125 0.0625 0.203125 0.04375 0.1921875 0.03125 0.1734375 0.0333333328125 0.1671875 0.0395833328125 0.1625 0.05208333281250001 0.11875 0.05 0.109375 0.05208333281250001 0.1015625 0.058333332812500006 0.096875 0.054166667187499996 0.096875 0.029166667187500002 0.084375 0.0125 0.065625 0.014583332812499999 0.059375 0.0208333328125 0.0546875 0.0333333328125 0.04375 0.0479166671875 0.0328125 0.0354166671875 0.0171875 0.0354166671875 0.009375 0.0416666671875 0.003125 0.054166667187499996 0.0015625 0.060416667187499995 0.009324187500000001 0.061737804687499995 0.0091517859375 0.0732142859375 0.0015625 0.0770833328125