9 0.42400000000000004 0.45171875000000006 0.45395833281250003 0.458453125 0.49889583281250005 0.458453125 0.5078958328125001 0.435984375 0.4958958328125 0.409015625 0.4569583328125 0.368578125 0.4419791671875 0.34384375 0.41500000000000004 0.337109375 0.421 0.325875 0.421 0.321375 0.421 0.292171875 0.3880416671875 0.265203125 0.3550833328125 0.22925 0.3311041671875 0.21576562500000002 0.313125 0.21576562500000002 0.2861666671875 0.218015625 0.2801666671875 0.233734375 0.21425 0.341609375 0.1992708328125 0.361828125 0.1992708328125 0.382046875 0.21125 0.409015625 0.22325 0.43373437499999995 0.2322291671875 0.46070312500000005 0.2382291671875 0.4764375 0.2711875 0.49217187500000004 0.3101458328125 0.507890625 0.33410416718749997 0.516890625 0.44495833281249997 0.521375 0.46293749999999995 0.528125 0.43897916718749996 0.485421875 0.42400000000000004 0.45171875000000006
9 0.5093541671875 0.5123593750000001 0.6591666671875 0.557296875 0.7340833328125 0.5438125 0.7490625 0.467421875 0.7670416671875 0.467421875 0.7580625000000001 0.539328125 0.8029999999999999 0.541578125 0.8149791671875001 0.49437499999999995 0.794 0.27640625 0.7580625000000001 0.26742187500000003 0.8 0.22246875 0.8 0.16404687499999998 0.6831458328125 0.1483125 0.6322083328125 0.23370312499999998 0.5363333328125 0.27865625 0.49437499999999995 0.408984375 0.5123541671875 0.406734375 0.500375 0.5101093750000001 0.5093541671875 0.5123593750000001
9 0.1871458328125 0.8306875 0.20608333281250002 0.8433125 0.2250208328125 0.874859375 0.2428958328125 0.8993125 0.2534166671875 0.93165625 0.323875 0.9245625000000001 0.3522708328125 0.937171875 0.37435416718750003 0.897734375 0.4006666671875 0.8204375 0.4385208328125 0.75496875 0.4290416671875 0.7415625 0.41116666718749995 0.717890625 0.3859166671875 0.71709375 0.3627916671875 0.7439218750000001 0.3522708328125 0.7904687499999999 0.306 0.802296875 0.22395833281250002 0.8346406249999999 0.2428958328125 0.769953125 0.262875 0.712375 0.2418541671875 0.691859375 0.21554166718749998 0.65715625 0.1503333328125 0.658734375 0.0830416671875 0.676078125 0.1009166671875 0.7455 0.15875 0.7825624999999999 0.1608541671875 0.7904687499999999 0.171375 0.81175 0.1871458328125 0.8306875
8 0.7039791671875 0.69184375 0.7203125 0.69709375 0.7483333328125 0.70059375 0.7973541671875 0.707609375 0.8136875 0.707609375 0.8557083328124999 0.711109375 0.8953958328124999 0.7128593750000001 0.9327500000000001 0.707609375 0.9561041671874999 0.6953437499999999 0.9677708328125 0.669078125 0.9677708328125 0.6358125 0.9654375 0.6235625 0.9584374999999999 0.607796875 0.9467708328125 0.5955468749999999 0.91875 0.57628125 0.8767291671875 0.5920468750000001 0.8557083328124999 0.593796875 0.8183541671875 0.597296875 0.7833541671875001 0.597296875 0.7483333328125 0.599046875 0.7109791671875 0.599046875 0.6992916671875 0.613046875 0.6782916671875 0.6305625 0.6759583328125001 0.6410625 0.6852916671875 0.658578125 0.7016458328125 0.67959375 0.7039791671875 0.69184375
8 0.5256875 0.782328125 0.495875 0.7930937499999999 0.49366666718749996 0.81628125 0.49366666718749996 0.837828125 0.5212708328125 0.844453125 0.5577083328125 0.83865625 0.5742708328125 0.8311875000000001 0.5709583328125001 0.800546875 0.5654375 0.7930937499999999 0.5588124999999999 0.782328125 0.5256875 0.782328125
8 0.9138541671875 0.8337031250000001 0.9198541671875 0.8247187500000001 0.8629166671874999 0.813484375 0.8269583328125 0.8022500000000001 0.7760208328125 0.8247187500000001 0.7610416671875 0.8494375 0.7640416671875 0.8943749999999999 0.7820208328125 0.883140625 0.8599166671875 0.88090625 0.8898958328125 0.8764062499999999 0.9018750000000001 0.862921875 0.9138541671875 0.8337031250000001
8 0.6974375 1 0.6842083328124999 0.9608437500000001 0.6709791671875001 0.9591875 0.6621666671875001 0.9401718750000001 0.6456458328125 0.9360468750000001 0.6136874999999999 0.937703125 0.5762291671875001 0.943484375 0.5608125 0.9410000000000001 0.5508958328125 0.9624843750000001 0.5519791671875 0.964140625 0.5618958328125 0.99059375 0.5508958328125 0.98728125 0.5310625 1 0.5519791671875 1 0.6974375 1
8 0.6131666671875 0.60734375 0.6241041671875001 0.6018749999999999 0.6364791671875001 0.590953125 0.5854791671874999 0.578390625 0.5417708328125 0.572921875 0.5191874999999999 0.58275 0.517 0.593140625 0.52575 0.600234375 0.5789375 0.6095312500000001 0.589125 0.600234375 0.5898541671875 0.6018749999999999 0.6000625 0.6040625000000001 0.6131666671875 0.60734375
8 0.7693125000000001 0.59715625 0.8013333328125001 0.60046875 0.8178958328125001 0.59715625 0.8377708328125 0.5955 0.8477083328124999 0.589703125 0.8477083328124999 0.58059375 0.8477083328124999 0.568171875 0.8455 0.55740625 0.8410833328124999 0.545796875 0.8377708328125 0.5433125000000001 0.8267291671875 0.534203125 0.8201041671875 0.532546875 0.8024374999999999 0.527578125 0.7880833328125 0.52675 0.7748333328125 0.5300625 0.7671041671875 0.53834375 0.7648958328125001 0.544140625 0.7571666671874999 0.554921875 0.7560625 0.56734375 0.7571666671874999 0.574796875 0.7615833328125 0.581421875 0.7671041671875 0.586390625 0.772625 0.5921875 0.75275 0.591359375 0.7626875 0.59715625 0.7693125000000001 0.59715625
9 0.140375 1 0.140375 0.992140625 0.1320833328125 0.976609375 0.1101875 0.9539687499999999 0.1007291671875 0.939328125 0.0877083328125 0.9229062499999999 0.07764583281250001 0.9157968750000001 0.07764583281250001 0.9149062499999999 0.07764583281250001 0.91003125 0.08060416718749999 0.9055937500000001 0.09243749999999999 0.90115625 0.1007291671875 0.8962656250000001 0.1018958328125 0.8873906249999999 0.0953958328125 0.878078125 0.0930208328125 0.8678593749999999 0.09243749999999999 0.8625468749999999 0.0965833328125 0.8567656250000001 0.11610416718750001 0.8403437500000001 0.1190625 0.828359375 0.13327083281250002 0.79346875 0.1426666671875 0.775875 0.144 0.7542500000000001 0.1326041671875 0.731125 0.119875 0.7145312500000001 0.10847916718749999 0.6979375 0.0876875 0.686875 0.0360625 0.669265625 0.016625 0.663734375 0.0012083328125000001 0.657703125 0.0017708328125 1 0.140375 1
9 0.9956875000000001 0.37528125 0.9904791671875 0.42907812500000003 0.98743055625 0.44538020781250004 0.9902644234375 0.445712740625 0.98590625 0.45353125 0.9843819437500001 0.4616822921875 0.98845673125 0.46918990312500003 0.9828576390625001 0.4698333328125 0.9813333328124999 0.477984375 0.9878541671875001 0.47701562500000005 0.9996041671875 0.48385937500000004 0.9988208328124999 0.468209375 0.9890592953124999 0.4613641828125 0.9984291671875001 0.460384375 0.9896618578125 0.4535384609375 0.9980375 0.452559375 0.9976458328125 0.444734375 0.9908669874999999 0.43788701874999997 0.9972541671874999 0.43690937500000004 0.9914695515625 0.4300612984375 0.9968625 0.42908437499999996 0.9920721140625 0.4222355765625 0.9922152765625001 0.42125520781250003 0.9964708328125 0.421259375 0.9926746796874999 0.41440985625 0.9960791671875 0.413434375 0.99327724375 0.40658413437499996 0.9956875000000001 0.40560937499999994 0.9938798078125 0.3987584140625 0.9950849359375 0.383106971875 1 0.36648437500000003 0.9996041671875 0.3518125 0.9956875000000001 0.346921875 0.9846041671875 0.3405625 0.98590625 0.33175781249999997 0.9982916671875 0.3293125 0.9917708328125 0.29117187499999997 0.9200416671875 0.32442187499999997 0.9135208328125 0.330296875 0.9239583328125001 0.341046875 0.9513541671875 0.35571875 0.9956875000000001 0.37528125
8 0.7074166671875 0.559828125 0.7048958328125 0.5700624999999999 0.7540416671875 0.581234375 0.755625 0.560546875 0.7121875 0.549609375 0.7109166671875 0.5510312500000001 0.7102708328125 0.55721875 0.7074166671875 0.559828125
8 0.49456249999999996 0.8193125 0.4973958328125 0.798015625 0.4650416671875 0.791203125 0.44752083281250005 0.780125 0.4411875 0.7737499999999999 0.4299791671875 0.778015625 0.4434583328125 0.791203125 0.4491458328125 0.7946093750000001 0.440625 0.803125 0.42699999999999994 0.8056875 0.42416666718749996 0.793765625 0.4218958328125 0.78653125 0.4139375 0.7946093750000001 0.4065625 0.80865625 0.40883333281249995 0.832078125 0.4162083328125 0.840171875 0.43891666718750005 0.8397500000000001 0.45425000000000004 0.8363437499999999 0.48150000000000004 0.82909375 0.4803541671875 0.814625 0.4866041671875 0.8159062499999999 0.49456249999999996 0.8193125
9 0.025479167187500002 0.43190625000000005 0.029249999999999998 0.41403125 0.040520832812500004 0.40275 0.0605833328125 0.418734375 0.074375 0.447890625 0.061833332812499996 0.48079687499999996 0.0455416671875 0.49303125000000003 0.010437499999999999 0.51371875 0 0.53346875 0.0016458328125 0.6641874999999999 0.0631041671875 0.65384375 0.11200000000000002 0.6425468750000001 0.1345625 0.63503125 0.1433333328125 0.6171562500000001 0.1721875 0.609640625 0.2210833328125 0.611515625 0.2474166671875 0.611515625 0.2825208328125 0.6049375 0.2975625 0.600234375 0.3389583328125 0.604 0.3702916671875 0.609640625 0.3878541671875 0.61528125 0.40791666718749997 0.61528125 0.4292291671875 0.612453125 0.43674999999999997 0.60775 0.44679166718749996 0.59553125 0.433 0.5880156249999999 0.4555625 0.5880156249999999 0.4618333328125 0.5880156249999999 0.45806250000000004 0.5804843749999999 0.44679166718749996 0.57484375 0.43674999999999997 0.5720156249999999 0.45054166718750005 0.5673125 0.4718541671875 0.5654375 0.4417708328125 0.54475 0.4543125 0.53721875 0.46058333281249997 0.5409843750000001 0.4869166671875 0.5456875 0.4881666671875 0.53628125 0.4455208328125 0.517484375 0.3301666671875 0.509953125 0.2511875 0.48268750000000005 0.234875 0.47985937500000003 0.19225 0.41590625000000003 0.19225 0.381109375 0.1734375 0.340671875 0.1659166671875 0.33315625 0.18472916718750002 0.328453125 0.2047916671875 0.329390625 0.22735416718749998 0.329390625 0.22985416718749999 0.3209375 0.22985416718749999 0.3049375 0.23112499999999997 0.296484375 0.2423958328125 0.29271875 0.2536875 0.28895312500000003 0.2511875 0.262625 0.2687291671875 0.23346874999999997 0.27375 0.217484375 0.2725 0.196796875 0.2398958328125 0.15071874999999998 0.20227083281249997 0.145078125 0.1659166671875 0.138484375 0.1408333328125 0.1431875 0.09568750000000001 0.164828125 0.0793958328125 0.18456250000000002 0.0631041671875 0.207140625 0.0530625 0.2240625 0.046791667187500004 0.238171875 0 0.279546875 0.00039583281249999994 0.4253125 0.025479167187500002 0.44318749999999996 0.025479167187500002 0.43190625000000005
9 0.147125 1 0.4864166671875 0.9995468750000001 0.4935833328125 0.98790625 0.49000000000000005 0.977140625 0.4840416671875 0.9654999999999999 0.4768541671875 0.952953125 0.45775 0.9430937500000001 0.4410208328125 0.9466875 0.4255 0.9520625 0.40279166718750004 0.9610156249999999 0.3920416671875 0.981625 0.3418541671875 0.988796875 0.2952708328125 0.9950625000000001 0.27137500000000003 0.9932812500000001 0.2845208328125 0.9735625000000001 0.2976458328125 0.975359375 0.3179583328125 0.981625 0.3430625 0.964609375 0.3454375 0.9538437500000001 0.325125 0.92696875 0.312 0.923390625 0.2940625 0.923390625 0.27137500000000003 0.931453125 0.2438958328125 0.944890625 0.2450833328125 0.919796875 0.2319375 0.8651406250000001 0.21760416718750003 0.8239218749999999 0.1972916671875 0.8015156250000001 0.1435416671875 0.782703125 0.1291875 0.791671875 0.1184375 0.8284062499999999 0.0933541671875 0.8669375 0.0969375 0.878578125 0.1029166671875 0.89471875 0.0778333328125 0.9108437500000001 0.0826041671875 0.922484375 0.1256041671875 0.971765625 0.14114583281249998 1 0.147125 1
9 0.6065833328125 0.24095312500000002 0.6109375 0.244234375 0.6171875 0.241890625 0.6290416671875 0.23815624999999999 0.6390208328125 0.23253125 0.649 0.21803124999999998 0.6589791671875 0.20634375 0.6695833328125 0.18621875000000002 0.6770625 0.178734375 0.6814375 0.17171875 0.6826666671875 0.16798437500000002 0.6832916671875 0.163765625 0.6832916671875 0.1595625 0.6776875 0.154875 0.6533541671875 0.13664062500000002 0.6327708328125 0.12540625 0.6165625 0.122140625 0.6115625 0.12446874999999999 0.6047083328125 0.14178125 0.6034583328124999 0.151140625 0.6015833328125 0.153953125 0.5972291671875001 0.15534375 0.586625 0.1576875 0.5766458328125 0.1605 0.5735208328125 0.164703125 0.5710208328124999 0.1740625 0.5728958328125 0.182484375 0.5629166671875 0.182953125 0.5579166671875 0.182015625 0.5535625 0.18060937500000002 0.5535625 0.182015625 0.5616666671874999 0.187625 0.5672916671875 0.1895 0.5660416671874999 0.19137500000000002 0.5723958328125 0.201078125 0.5733333328125 0.208875 0.5808958328125 0.21382812499999998 0.5827916671875 0.21809375000000003 0.5827916671875 0.22234375 0.5846875 0.22659375 0.5894166671875001 0.23298437500000002 0.5978541671875 0.238625 0.6040833328125 0.23956249999999998 0.6065833328125 0.24095312500000002
8 0.0694375 0.70703125 0.2013958328125 0.66796875 0.2361041671875 0.678390625 0.25347916718749997 0.709640625 0.2673541671875 0.71484375 0.25204901875 0.75957904375 0.2528465921875 0.7674048296875 0.24306250000000001 0.764328125 0.21875 0.774734375 0.2152708328125 0.83203125 0.34027083281250003 0.8007764421875001 0.3409034078125 0.7950951703125 0.3506875 0.798171875 0.26263068125 0.770481534375 0.2610355390625 0.7548299625 0.3239411765625 0.721586396875 0.3252361109375 0.71484375 0.3329276953125 0.7168373156250001 0.3419142171875 0.7120882359375 0.34792083281249997 0.71328125 0.3509007359375 0.7073391546875001 0.3590291671875 0.71171875 0.3923541671875 0.70703125 0.37786029375 0.6930919125 0.3958333328125 0.68359375 0.3888958328125 0.623703125 0.3819375 0.608078125 0.34375 0.60546875 0.2708333328125 0.60546875 0.25 0.58203125 0.2013958328125 0.57421875 0.1215208328125 0.623703125 0.1041666671875 0.654953125 0.0347291671875 0.665359375 0.0694375 0.70703125
8 0.9968541671875 0.9284218750000001 0.99 0.9284218750000001 0.974 0.9232812499999999 0.8894583328125 0.971265625 0.9077500000000001 0.971265625 0.9580208328125 0.993546875 1 0.971265625 0.9968541671875 0.938703125 0.9968541671875 0.9284218750000001
8 0.8986875 0.9545468749999999 0.9212083328125 0.9489218749999999 0.9751041671875 0.92384375 0.9873958328124999 0.9233437500000001 0.98125 0.91565625 0.9621458328125 0.9166874999999999 0.9594166671875 0.909515625 0.9532708328125 0.8987812500000001 0.8605 0.9166874999999999 0.8488958328124999 0.9305 0.8352499999999999 0.9386875 0.8332083328125 0.926921875 0.8181875 0.9136093750000001 0.8018124999999999 0.9202656250000001 0.7956875 0.94021875 0.7758958328125 0.95915625 0.8025 0.9652968749999999 0.8072708328125 0.9785937499999999 0.8222916671875 0.985765625 0.8529791671875 0.991390625 0.8911875 0.9934375 0.9116666671875 0.988328125 0.9062083328125 0.97809375 0.8973333328124999 0.9714375000000001 0.8939166671875001 0.9663125000000001 0.8980208328125 0.9606875 0.8986875 0.9545468749999999
8 0.6049791671875 0.6453125 0.61425 0.65115625 0.645125 0.6453125 0.6499166671875 0.64171875 0.6472083328125 0.6367812500000001 0.6283333328125 0.6403749999999999 0.6109583328125 0.637671875 0.584 0.6298125 0.5759166671875 0.632734375 0.5959791671875 0.6387968749999999 0.6049791671875 0.6453125