0 0.671890625 0.5705729171875 0.6791406249999999 0.567109375 0.68203125 0.5633333328125001 0.686390625 0.5633333328125001 0.690109375 0.557109375 0.691765625 0.5574479171875 0.6921875 0.5660937500000001 0.694453125 0.5684895828125 0.70521875 0.567109375 0.707296875 0.5474479171875 0.6996249999999999 0.53640625 0.693828125 0.537109375 0.6921875 0.547109375 0.6897031250000001 0.5481510421875 0.6876249999999999 0.538828125 0.68825 0.5291666671875 0.6872109375 0.5277864578125 0.679765625 0.5298697921875 0.6814218750000001 0.5174479171875 0.6720937499999999 0.5184635421875 0.6720937499999999 0.5274479171875 0.67540625 0.528125 0.676453125 0.5308854171874999 0.67375 0.5346875 0.6654687499999999 0.5377864578125 0.662375 0.548828125 0.66278125 0.55953125 0.6658906250000001 0.5660937500000001 0.671890625 0.5705729171875
2 0.6890625 0.32697916718750003 0.6830625 0.3273697921875 0.6830625 0.3315885421875 0.6861875000000001 0.3344791671875 0.6846875 0.33869791718750003 0.6846875 0.3509895828125 0.68571875 0.3517708328125 0.68571875 0.361953125 0.68825 0.3613802078125 0.69090625 0.3630989578125 0.69459375 0.36388020781249997 0.69609375 0.35734374999999996 0.70415625 0.3561979171875 0.705546875 0.3419791671875 0.7068125000000001 0.33890625 0.711078125 0.3258333328125 0.713390625 0.3273697921875 0.718578125 0.32776041718750004 0.716375 0.317578125 0.713609375 0.3145052078125 0.6949375 0.3141145828125 0.6890625 0.32697916718750003
9 0.1278125 0.7188020828125 0.1268125 0.7286979171875 0.12632812499999999 0.7460677078125 0.13128125 0.7526822921874999 0.132765625 0.7642447921875 0.13425 0.788203125 0.133765625 0.8005989578125 0.130296875 0.8270572921875001 0.12434375 0.8386197921875 0.136234375 0.8386197921875 0.140203125 0.839453125 0.14070312499999998 0.8386197921875 0.1421875 0.8328385421875 0.1421875 0.8270572921875001 0.144171875 0.7619270828125 0.14615625000000002 0.7561458328125 0.148140625 0.7578125 0.148140625 0.76109375 0.147640625 0.77515625 0.148140625 0.7834114578125 0.151109375 0.8015885421875 0.152109375 0.8230729171875 0.151609375 0.8321875000000001 0.15309375 0.8462239578125 0.156078125 0.8462239578125 0.159046875 0.8379687499999999 0.159546875 0.8296875 0.159546875 0.8230729171875 0.159546875 0.8048958328125 0.159546875 0.7346614578125 0.162015625 0.6999479171874999 0.160046875 0.68921875 0.15409375 0.6842447921875 0.152109375 0.6784635421874999 0.149625 0.667734375 0.1426875 0.6586458328125 0.13821875 0.670859375 0.13921875 0.6791145828125 0.13178125000000002 0.6931770828125 0.128796875 0.708046875 0.1278125 0.7188020828125
9 0.203703125 0.63375 0.203703125 0.6453645828125001 0.203703125 0.653125 0.204875 0.6634375 0.206796875 0.671171875 0.20990625000000002 0.6834374999999999 0.20525000000000002 0.6924739578125 0.197125 0.7066666671874999 0.19789062500000001 0.7241145828125 0.201375 0.7279687499999999 0.204484375 0.7299218749999999 0.20409375000000002 0.7260416671875001 0.2033125 0.7189322921875 0.2033125 0.7137760421875 0.20603125000000003 0.710546875 0.21028125000000003 0.7086197921874999 0.213 0.7034635421875 0.2149375 0.69765625 0.21415625 0.6970052078125 0.21376562500000001 0.6873177078125 0.214546875 0.6802083328124999 0.21803124999999998 0.675703125 0.22112500000000002 0.671171875 0.22112500000000002 0.6118229171875 0.21996875 0.6079427078124999 0.2188125 0.6027864578125001 0.2188125 0.5995572921875 0.21996875 0.5950260421875 0.22112500000000002 0.591171875 0.21996875 0.5834114578125 0.21726562500000002 0.5795572921875001 0.21415625 0.5776041671875001 0.21028125000000003 0.5801822921875 0.209125 0.5859895828125 0.208734375 0.5924479171875 0.20796874999999998 0.59890625 0.2033125 0.6034375 0.2033125 0.6072916671875 0.2029375 0.6176302078125 0.203703125 0.63375
9 0.9549687499999999 0.7288281249999999 0.9561718750000001 0.7341145828125 0.957203125 0.7352083328125001 0.95978125 0.7354166671875 0.96171875 0.7369270828125 0.961078125 0.7408072921875 0.95759375 0.7466145828124999 0.95578125 0.7524479171875 0.9533906249999999 0.7658072921875 0.9524687500000001 0.7750520828125 0.9524687500000001 0.7889322921875 0.9524687500000001 0.7939583328125 0.9506249999999999 0.7970312500000001 0.950859375 0.8024479171875001 0.95178125 0.8074479171875 0.949921875 0.8090104171875 0.948890625 0.8080208328125 0.9475312499999999 0.8093229171875 0.9441875 0.8155468750000001 0.945171875 0.8171614578125 0.947328125 0.8191145828125 0.9500781249999999 0.825 0.9502656249999999 0.8279427078125 0.9447812499999999 0.8521093750000001 0.945171875 0.8570052078125 0.945171875 0.8605989578125 0.9477187499999999 0.8707291671874999 0.9514374999999999 0.88640625 0.9553593749999999 0.9007552078125001 0.9539843749999999 0.9036979171875 0.952421875 0.9082812499999999 0.9484999999999999 0.9147916671875 0.9461562499999999 0.9193749999999999 0.9494843749999999 0.9216666671875 0.9537968749999999 0.9213281249999999 0.9553593749999999 0.9180729171875001 0.9610468750000001 0.917734375 0.9647656250000001 0.9151302078124999 0.9645625000000001 0.9112239578124999 0.9624218750000001 0.9023958328124999 0.9612343750000001 0.8916145828125 0.9600625 0.8824739578124999 0.9588906250000001 0.8716927078125 0.9569218749999999 0.862890625 0.9567343749999999 0.8534114578124999 0.95790625 0.8439322921875 0.9585000000000001 0.8452604171875 0.9600625 0.8517708328125 0.9616250000000001 0.8658333328125 0.96378125 0.8772395828124999 0.9663281250000001 0.888671875 0.969265625 0.9043489578124999 0.9679062500000001 0.913828125 0.9645625000000001 0.917734375 0.9596718750000001 0.9242708328125 0.9594687499999999 0.9282031249999999 0.9667187500000001 0.928515625 0.97396875 0.9282031249999999 0.979265625 0.9242708328125 0.97965625 0.9197135421875 0.9773125 0.9128385421875 0.976515625 0.9063020828124999 0.976328125 0.8981510421875001 0.975546875 0.8857291671875 0.974171875 0.873984375 0.9714218750000001 0.866796875 0.9714218750000001 0.8579947921875 0.9722031250000001 0.8432812500000001 0.97378125 0.826953125 0.9749531250000001 0.8223958328125001 0.976515625 0.8145572921875001 0.9773125 0.8080208328125 0.9773125 0.8022916671875 0.9756875 0.7965885421875 0.976578125 0.7929947921875 0.9773125 0.7791666671875 0.9778437500000001 0.7713541671875 0.9785625 0.7698437499999999 0.9764062499999999 0.760546875 0.9762187499999999 0.7530208328125 0.9764062499999999 0.744921875 0.9764062499999999 0.73890625 0.975859375 0.732890625 0.9737031249999999 0.7166666671875 0.9713593749999999 0.7109635421875 0.9688281249999999 0.7046354171875 0.9657656250000001 0.7022395828125 0.9607187500000001 0.7025520828125 0.957828125 0.705859375 0.9554843749999999 0.7121614578125001 0.9549687499999999 0.7184635421875 0.9533125 0.7260677078125 0.9549687499999999 0.7288281249999999
9 0.6796249999999999 0.5008072921875 0.677296875 0.506875 0.671671875 0.5170833328125 0.672671875 0.5234114578125 0.675984375 0.520390625 0.680609375 0.5137760421875 0.6817656249999999 0.5165364578125 0.679953125 0.5209374999999999 0.67978125 0.5247916671875 0.6824375 0.5270052078125 0.68525 0.52453125 0.686734375 0.530859375 0.6860625 0.55265625 0.6887187499999999 0.5669791671875 0.6936875 0.5645052078125 0.69334375 0.56203125 0.6916875 0.5347135421875 0.695171875 0.5300260421874999 0.69765625 0.5223177078125001 0.69765625 0.51625 0.696 0.49585937500000005 0.692359375 0.48921875000000004 0.6860625 0.4867447921875 0.68525 0.48645833281249995 0.682265625 0.48453125 0.67978125 0.48619791718750005 0.6792812500000001 0.49114583281249996 0.679453125 0.4908854171875 0.6789531249999999 0.4952864578125 0.6796249999999999 0.5008072921875
9 0.826984375 0.3896875 0.827921875 0.38708333281249996 0.8293125 0.3746875 0.8328749999999999 0.3733854171875 0.8358281249999999 0.3827083328125 0.838765625 0.3876041671875 0.8412499999999999 0.3896875 0.842796875 0.38244791718750004 0.8383125 0.3759895828125 0.8372187500000001 0.3682291671875 0.839703125 0.3656510421875 0.838765625 0.3599479171875 0.838765625 0.35453125 0.8383125 0.3493489578125 0.83784375 0.34546875 0.837375 0.34109375000000003 0.8372187500000001 0.33796875000000004 0.8376875 0.3330729171875 0.8321093749999999 0.3322916671875 0.82946875 0.3348697921875 0.827296875 0.3423697921875 0.8274531250000001 0.3514322921875 0.8262031249999999 0.3658854171875 0.823421875 0.384765625 0.8224843749999999 0.386328125 0.8227968750000001 0.3896875 0.826984375 0.3896875
8 0.14965625 0.0831510421875 0.14965625 0.13033854218750002 0.20090625 0.12359374999999999 0.20224999999999999 0.008984375 0.2049375 0.0022395828125 0.153703125 0 0.14965625 0.0831510421875
8 0.420015625 0.2609895828125 0.42043749999999996 0.15578125 0.41875 0.15578125 0.38971875 0.15437499999999998 0.38971875 0.15367187499999999 0.387203125 0.2609895828125 0.420015625 0.2609895828125
8 0.47806249999999995 0.23351562499999998 0.47946875 0.22565104218749998 0.479234375 0.22015625 0.47781250000000003 0.21466145781249998 0.47946875 0.2107291671875 0.479 0.20445312499999999 0.48040625 0.19778645781249998 0.481828125 0.1836458328125 0.47734375 0.175390625 0.47428125000000004 0.1761979171875 0.46957812499999996 0.1832552078125 0.46934375 0.18953124999999998 0.47028125000000004 0.1970052078125 0.46957812499999996 0.20601562499999998 0.46957812499999996 0.20760416718750002 0.470046875 0.2134895828125 0.470515625 0.21976562500000002 0.46839062499999995 0.2303645828125 0.470515625 0.2386197921875 0.47240624999999997 0.2382291671875 0.47806249999999995 0.23351562499999998
8 0.5665625000000001 0.22914062500000001 0.5782499999999999 0.228828125 0.5793437499999999 0.21330729218750002 0.5683906249999999 0.21330729218750002 0.56984375 0.2126822921875 0.5661875000000001 0.2129947921875 0.5665625000000001 0.22914062500000001
8 0.944234375 0.57359375 0.945375 0.57359375 0.9493124999999999 0.5660677078125 0.9510156249999999 0.501171875 0.9498749999999999 0.48989583281250004 0.9465 0.48802083281249997 0.942546875 0.48989583281250004 0.9385937500000001 0.4927083328125 0.93578125 0.5688802078124999 0.9385937500000001 0.5707552078125 0.941984375 0.57265625 0.944234375 0.57359375
8 0.9900625 0.6642187500000001 0.9951874999999999 0.6595052078125 0.995953125 0.6488541671875 0.9954375000000001 0.6002083328125 0.9944062499999999 0.5946614578125 0.992359375 0.5869791671875 0.9903124999999999 0.58015625 0.9880156250000001 0.571171875 0.98646875 0.5677604171875 0.9836562499999999 0.561796875 0.9846875 0.5579427078125 0.991859375 0.5575260421875 0.991859375 0.5536979171875 0.9877499999999999 0.550703125 0.98340625 0.5536979171875 0.9795624999999999 0.5588020828125 0.9780312500000001 0.5682031249999999 0.9790468750000001 0.6560937499999999 0.98109375 0.6620833328125 0.984421875 0.6646354171875 0.9900625 0.6642187500000001
8 0.481046875 0.2297135421875 0.47484374999999995 0.23486979218749998 0.47175 0.2897395828125 0.49574999999999997 0.2897395828125 0.49574999999999997 0.21744791718749998 0.48296875000000006 0.21809895781250002 0.48181250000000003 0.22132812500000001 0.48181250000000003 0.2245572921875 0.481046875 0.2297135421875
8 0.8664531249999999 0.3087239578125 0.8628281250000001 0.318359375 0.861390625 0.3111197921875 0.8635624999999999 0.34846354218750003 0.86934375 0.34846354218750003 0.8714999999999999 0.31473958281250003 0.8664531249999999 0.3087239578125
8 0.19820312499999998 0.5187239578125 0.19820312499999998 0.41085937499999997 0.179328125 0.4086197921875 0.182015625 0.4130989578125 0.179328125 0.5119791671875 0.19820312499999998 0.5187239578125
9 0.0643125 0.7035416671875 0.059250000000000004 0.6880989578125 0.059671875 0.6677604171875 0.06725 0.6712760421875 0.059671875 0.6502343749999999 0.062203125000000005 0.6354947921874999 0.059250000000000004 0.6263802078125 0.050421875000000005 0.6242708328125001 0.04453125 0.646015625 0.0310625 0.6691666671875 0.036109375 0.7056250000000001 0.04746875 0.7519270828125 0.054625 0.7582291671875 0.054203125 0.7505208328124999 0.056734375000000004 0.7238802078125001 0.0643125 0.7035416671875
0 0.214515625 0.6758333328125 0.2131875 0.6847135421874999 0.21212499999999998 0.6980208328125 0.21212499999999998 0.7117708328125001 0.21212499999999998 0.722421875 0.20998437499999997 0.7423958328125 0.21025 0.7534895828125 0.21770312500000003 0.7548177078125 0.223828125 0.7481510421875 0.22596875 0.72109375 0.227296875 0.6975781249999999 0.22409374999999998 0.67671875 0.231015625 0.6660677078125 0.23581249999999998 0.661640625 0.23581249999999998 0.6585156249999999 0.227828125 0.6607291671875 0.226765625 0.6620833328125 0.215046875 0.66296875 0.21078125 0.665625 0.215046875 0.6691666671875 0.214515625 0.6758333328125
2 0.4205 0.6008333328125001 0.42992187499999995 0.59421875 0.455703125 0.5909114578125 0.45025000000000004 0.57109375 0.44281249999999994 0.5463020828125 0.41653124999999996 0.5446354171875 0.41653124999999996 0.5413281249999999 0.41404687500000004 0.6107552078125 0.4205 0.6008333328125001
1 0.7739375 0.5887760421875 0.7671875 0.6269791671875 0.7658437499999999 0.6988802078125 0.75909375 0.7730208328125 0.75909375 0.8404427078125 0.769890625 0.8988802078125 0.8494375 0.9011197921875 0.926296875 0.8831510421875001 0.937078125 0.8584375 0.93978125 0.8157291671875001 0.93978125 0.61796875 0.926296875 0.5887760421875 0.83190625 0.5842708328125 0.7739375 0.5887760421875
8 0.745625 0.11236979218750001 0.7658437499999999 0.1011197921875 0.7671875 0.0404427078125 0.7429218750000001 0.029218749999999998 0.7429218750000001 0.0988802078125 0.745625 0.11236979218750001
9 0.339984375 0.6692708328125 0.33959375 0.648046875 0.333046875 0.6037239578125 0.331125 0.5921614578125001 0.327265625 0.5805989578124999 0.32610937500000003 0.5786718750000001 0.32071875 0.5799479171875 0.318015625 0.5966666671875 0.32071875 0.6422656250000001 0.321875 0.6551302078125001 0.32071875 0.6750520828125001 0.32109375 0.6891666671875 0.324953125 0.6930208328125 0.3291875 0.696875 0.336125 0.699453125 0.337671875 0.6930208328125 0.338828125 0.6955989578125 0.34190624999999997 0.6782552078124999 0.339984375 0.6692708328125
9 0.6107812499999999 0.3280989578125 0.605390625 0.3258333328125 0.605390625 0.3123697921875 0.59865625 0.3123697921875 0.59865625 0.3213541671875 0.59190625 0.3258333328125 0.594609375 0.3483072921875 0.59865625 0.3887760421875 0.604046875 0.38203125 0.605390625 0.34382812500000004 0.6107812499999999 0.34382812500000004 0.6107812499999999 0.3280989578125
9 0.057499999999999996 0.6923958328125 0.0605 0.7092708328125 0.05487499999999999 0.7242447921874999 0.052625 0.75734375 0.050375 0.7841927078125 0.06498437500000001 0.7841927078125 0.066859375 0.7716927078125 0.063125 0.7579687500000001 0.066484375 0.674296875 0.062375 0.671171875 0.059375 0.673046875 0.057499999999999996 0.6923958328125
9 0.0300625 0.7960416671874999 0.034171875000000004 0.7955989578125 0.03571875 0.8140625 0.03546875 0.826953125 0.038296875 0.8338281249999999 0.04628125 0.837265625 0.0426875 0.7870052078125 0.045 0.7736979171875 0.0365 0.755234375 0.041390625 0.7479427078125 0.047578125 0.7616666671875 0.05221875 0.7608072921875 0.04475 0.7269010421875 0.03753125 0.7122916671875 0.0388125 0.7045572921875001 0.03340625 0.6865364578125 0.028765625 0.6860937500000001 0.029796875 0.7067187500000001 0.0300625 0.7960416671874999
2 0.4015625 0.75 0.50546875 0.7513020828125 0.50859375 0.65234375 0.4890625 0.6184895828125 0.45625 0.6145833328125 0.425 0.6184895828125 0.415625 0.6328125 0.40546875 0.6966145828125 0.4015625 0.75
2 0.530328125 0.6355208328125 0.5306875 0.6271614578125 0.5715312499999999 0.6284114578125 0.57228125 0.6361458328125 0.580453125 0.6345833328125 0.580078125 0.617890625 0.582484375 0.6126302078125 0.580265625 0.5820052078125 0.5847187500000001 0.5807552078125 0.58415625 0.5745572921875 0.579890625 0.5708593750000001 0.5746875 0.5717708328125 0.570234375 0.554453125 0.551109375 0.5541406249999999 0.5318125 0.5569270828125 0.529953125 0.5590885421875 0.5249375 0.57859375 0.523640625 0.5758072921874999 0.5177031249999999 0.5751822921875 0.5173281249999999 0.5820052078125 0.52234375 0.585078125 0.52140625 0.6342708328125 0.5245625 0.6376822921875 0.530328125 0.6355208328125
2 0.6067812499999999 0.44838541718749997 0.606390625 0.4425 0.636140625 0.43794270781250005 0.63771875 0.44640625 0.6443749999999999 0.45033854218749997 0.64515625 0.414453125 0.640453125 0.3824739578125 0.60875 0.3844270828125 0.601296875 0.4066145828125 0.602484375 0.444453125 0.6067812499999999 0.44838541718749997
2 0.48703124999999997 0.5280208328125 0.48871875 0.5528385421875 0.4989375 0.55140625 0.5061718749999999 0.5542447921875 0.532546875 0.550703125 0.5367968750000001 0.5556510421875 0.55296875 0.5570833328125 0.5661562499999999 0.55140625 0.569140625 0.5258854171875 0.558921875 0.5180729171875 0.5291406249999999 0.515234375 0.5149635421875 0.5029427078125 0.51425 0.504609375 0.5078750000000001 0.49679687499999997 0.5068046875000001 0.49929687500000003 0.49935937499999994 0.493984375 0.48659375000000005 0.493984375 0.489578125 0.5024739578124999 0.48871875 0.5272916671875 0.48703124999999997 0.5280208328125
2 0.44496874999999997 0.6155208328125 0.457421875 0.6155208328125 0.47228125 0.6170312499999999 0.488671875 0.6190625 0.494140625 0.6261197921874999 0.492625 0.6210677078125 0.48200000000000004 0.596796875 0.42857812500000003 0.5972916671874999 0.420390625 0.6129687500000001 0.41734375 0.6241145828125 0.41553125 0.6251302078125 0.41218750000000004 0.6251302078125 0.40884375000000006 0.6281510421875 0.4100625 0.6327083328125 0.41401562500000005 0.6342187499999999 0.414921875 0.6342187499999999 0.427359375 0.6145052078125001 0.44496874999999997 0.6155208328125
2 0.703609375 0.3597916671875 0.7049218749999999 0.3656510421875 0.7049218749999999 0.375859375 0.707109375 0.3784375 0.70909375 0.3780729171875 0.7106250000000001 0.3766145828125 0.7115 0.3707552078125 0.734515625 0.3711197921875 0.735609375 0.374765625 0.7378125 0.3762239578125 0.73978125 0.375859375 0.74065625 0.3718489578125 0.74065625 0.3594270828125 0.7413125 0.3491927078125 0.74 0.34518229218749996 0.74175 0.3437239578125 0.7424062499999999 0.3419010421875 0.7413125 0.3404166671875 0.739125 0.3400520828125 0.7380312499999999 0.33932291718749996 0.7365 0.3356770828125 0.735171875 0.33239583281249996 0.733421875 0.3298177078125 0.732328125 0.3279947921875 0.730578125 0.3269010421875 0.718953125 0.3279947921875 0.7119375 0.327265625 0.708421875 0.33458333281249997 0.7049218749999999 0.3429947921875 0.704265625 0.349921875 0.703609375 0.3597916671875
9 0.5853906249999999 0.3617447921875 0.58509375 0.35640625 0.5857812499999999 0.352734375 0.5855937499999999 0.348046875 0.5855937499999999 0.3422135421875 0.585984375 0.33804687499999997 0.58428125 0.3375520828125 0.581984375 0.3361979171875 0.580578125 0.3328645828125 0.57928125 0.333359375 0.5778749999999999 0.335703125 0.5765781249999999 0.340703125 0.57628125 0.34622395781250004 0.576171875 0.350234375 0.576171875 0.3548958328125 0.57646875 0.35757812499999997 0.5775781249999999 0.3609114578125 0.578171875 0.3619010421875 0.5786718750000001 0.365234375 0.578578125 0.3705989578125 0.578578125 0.3751041671875 0.578578125 0.3779427078125 0.57878125 0.3801041671875 0.5796875 0.382265625 0.5825781250000001 0.379765625 0.58378125 0.37776041718750003 0.58459375 0.367578125 0.5853906249999999 0.3617447921875
9 0.854828125 0.5606770828125 0.853328125 0.5628385421875 0.852625 0.5678385421875001 0.8524218749999999 0.573828125 0.852328125 0.578828125 0.853125 0.5836458328125 0.854328125 0.5859895828125 0.8630156250000001 0.5848177078125001 0.8633124999999999 0.5806510421875 0.8626093750000001 0.5728385421875 0.8614062499999999 0.5671875 0.8618124999999999 0.5645052078125 0.8612187499999999 0.5591927078125 0.8623125 0.5553645828125 0.8608125 0.5518489578125 0.8560156250000001 0.5477083328125001 0.8550156250000001 0.550703125 0.855515625 0.5551822921875 0.854828125 0.5606770828125
9 0.539515625 0.570390625 0.543640625 0.5721093749999999 0.54415625 0.5645833328125 0.53821875 0.562421875 0.537578125 0.5697395828125 0.539515625 0.570390625
8 0.711234375 0.1340625 0.707890625 0.1316927078125 0.704421875 0.134921875 0.704796875 0.13984375 0.70878125 0.1434895828125 0.711875 0.1387760421875 0.711234375 0.1340625
9 0.26875 0.6432291671875 0.2578125 0.599609375 0.265625 0.578125 0.2609375 0.5677083328125 0.25625 0.5677083328125 0.25625 0.6770833328125 0.2625 0.6822916671875 0.26875 0.6614583328125 0.26875 0.6432291671875
8 0.0296875 0.4817708328125 0.017534721875 0.41521990625000005 0.0223958328125 0.3697916671875 0.17671874999999998 0.3649739578125 0.32015625000000003 0.3720052078125 0.325 0.3776041671875 0.3265625 0.4583333328125 0.3296875 0.4635416671875 0.3390625 0.4635416671875 0.3421875 0.4557291671875 0.3453125 0.3958333328125 0.3375 0.3723958328125 0.47386363593749997 0.351089015625 0.5015625 0.3697916671875 0.5015625 0.4010416671875 0.5046875 0.40625 0.5109375 0.40625 0.5140625 0.4010416671875 0.515625 0.3515625 0.5359375 0.3333333328125 0.5390625 0.3385416671875 0.5453125 0.3385416671875 0.5484375 0.3333333328125 0.7815896734375001 0.3871150359375 0.8890625 0.4322916671875 0.8875 0.4947916671875 0.89375 0.5052083328125 0.903125 0.5052083328125 0.909375 0.4921875 0.909375 0.4401041671875 0.903125 0.4270833328125 0.89375 0.4270833328125 0.77391304375 0.3838881328125 0.5512907609375 0.290307971875 0.5484375 0.3020833328125 0.5421875 0.2838541671875 0.5359375 0.2838541671875 0.5309895828125 0.2942708328125 0.5380208328125 0.3038194453125 0.5328125 0.3072916671875 0.5260416671875 0.3046875 0.5111979171875001 0.3359375 0.5125 0.3463541671875 0.50625 0.3463541671875 0.5015625 0.3541666671875 0.49815340937499997 0.347537878125 0.4819602265625 0.3499053015625 0.16875 0.3645833328125 0.03328125 0.35794270781250004 0.0296875 0.3645833328125 0.0234375 0.3515625 0.017343749999999998 0.3571614578125 0.0140625 0.3515625 0.009375 0.3567708328125 0.009201389062499999 0.3709490734375 0.0151041671875 0.375 0.009027778125 0.385127315625 0.0126736109375 0.38859953593749996 0.0151041671875 0.40190972187499996 0.008854167187500001 0.3993055546875 0.0079861109375 0.4701967609375 0.0078125 0.484375 0.0140625 0.4947916671875 0.0234375 0.4947916671875 0.0296875 0.4817708328125