7 0.5951951953125 0.72636 0.618858859375 0.7241 0.639159159375 0.71058 0.6560660656249999 0.72184 0.666216215625 0.7285999999999999 0.6695795796875 0.7331000000000001 0.666216215625 0.76014 0.6628228234375 0.78266 0.6628228234375 0.78942 0.649309309375 0.80518 0.639159159375 0.8119400000000001 0.629009009375 0.8187 0.629009009375 0.82996 0.629009009375 0.84798 0.629009009375 0.86148 0.629009009375 0.87726 0.629009009375 0.8975199999999999 0.635765765625 0.91328 0.635765765625 0.9313 0.6594294296875 0.9380599999999999 0.6628228234375 0.94708 0.6594294296875 0.9673400000000001 0.6526726734375 0.9785999999999999 0.618858859375 0.9785999999999999 0.5918018015625 0.9785999999999999 0.5918018015625 0.98762 0.9435135140625001 0.98536 0.9604204203125001 0.9808600000000001 0.9401201203125 0.9741 0.9299699703125001 0.95382 0.9435135140625001 0.91554 0.9604204203125001 0.89978 0.9807207203124999 0.85472 0.973933934375 0.84346 0.93675675625 0.89528 0.91645645625 0.90428 0.91645645625 0.84572 0.9096997 0.81644 0.9130630625 0.7804 0.9130630625 0.76464 0.89615615625 0.74436 0.8758858859374999 0.73536 0.8555855859375001 0.7308600000000001 0.848828828125 0.71734 0.8454354359374999 0.6970799999999999 0.8285285281249999 0.68806 0.8082282281250001 0.67004 0.8082282281250001 0.65428 0.818378378125 0.63852 0.8555855859375001 0.634 0.8690990984375 0.6205 0.89954955 0.60698 0.9570270265625 0.59346 0.9502702703124999 0.58446 0.89954955 0.58446 0.8758858859374999 0.5912200000000001 0.8352852859375 0.59798 0.818378378125 0.60698 0.7981081078125001 0.6227400000000001 0.7879579578125 0.63852 0.7676576578125001 0.64752 0.73384384375 0.65202 0.7270870875 0.64752 0.70339339375 0.64752 0.6831231234375 0.64076 0.666216215625 0.6362599999999999 0.635765765625 0.64528 0.639159159375 0.6587799999999999 0.635765765625 0.67004 0.615465465625 0.6835600000000001 0.5647447453125001 0.71284 0.57153153125 0.7151 0.5748948953124999 0.7241 0.5951951953125 0.72636
7 0.1685585578125 0.6423 0.223633634375 0.64578 0.2708708703125 0.6685 0.25774774843750003 0.69296 0.244624625 0.73664 0.2603603609375 0.7611 0.2524924921875 0.78206 0.25774774843750003 0.8065200000000001 0.25510510468750003 0.84494 0.213153153125 0.8764 0.2026426421875 0.8938599999999999 0.2000300296875 0.91482 0.1974174171875 0.9323 0.17642642656250002 0.9340400000000001 0.1974174171875 0.9637399999999999 0.1974174171875 0.9759800000000001 0.17642642656250002 0.99694 0.2184084078125 0.99868 0.5567867875 0.99694 0.5226726734375 0.94278 0.5069369375 0.9165800000000001 0.42561561562500005 0.8764 0.527927928125 0.88688 0.5436636640625 0.86592 0.525315315625 0.86066 0.43348348281250004 0.83796 0.4859459453125 0.817 0.42036036093750007 0.8204800000000001 0.4177477484375 0.8065200000000001 0.423003003125 0.74712 0.423003003125 0.7279 0.39414414375 0.71218 0.41249249218750006 0.6947 0.44135135156249994 0.69296 0.44399399375000004 0.665 0.3285585578125 0.64754 0.2970870875 0.6388 0.12921921875 0.60036 0.1370870875 0.60736 0.1423123125 0.65452 0.1685585578125 0.6423
7 0.2639639640625 0.52828 0.27864864843750003 0.55958 0.27864864843750003 0.5957600000000001 0.313903903125 0.60554 0.3285885890625 0.5899 0.3447447453125 0.5703400000000001 0.35942942968749997 0.5537 0.3550450453125 0.5312 0.3521021015625 0.51164 0.3447447453125 0.4911 0.33153153125 0.46764 0.330060059375 0.44806 0.3403603609375 0.43339999999999995 0.33300300312500003 0.43144 0.2933633640625 0.43438 0.271321321875 0.44416 0.25663663593749997 0.46274 0.2610510515625 0.47350000000000003 0.2595795796875 0.48328 0.25663663593749997 0.5087200000000001 0.2639639640625 0.5224 0.2639639640625 0.52828
9 0.7158558562499999 0.6436 0.749309309375 0.63936 0.776366365625 0.6383 0.8018618625 0.6298199999999999 0.81698198125 0.6277 0.8177777781250001 0.63724 0.8050450453125 0.6457200000000001 0.8018618625 0.65526 0.8161879515624999 0.6719894125 0.8273361593749999 0.6646270578125 0.8336936937500001 0.6722400000000001 0.8464264265624999 0.6733 0.8432432437499999 0.69026 0.8464264265624999 0.7189 0.8544144140625001 0.7274 0.876696696875 0.74012 0.8973873875 0.75708 0.9021921921875 0.7528400000000001 0.9021921921875 0.73588 0.8973873875 0.7274 0.86555555625 0.70724 0.8639639640624999 0.70194 0.86555555625 0.6786 0.8782882890625 0.6679999999999999 0.8846546546875 0.6563399999999999 0.8846546546875 0.64996 0.862372371875 0.64678 0.8607807812500001 0.64254 0.8528228234374999 0.6383 0.8457126359375 0.6288323078125 0.840060059375 0.633 0.8321021015625 0.62558 0.8373827687500001 0.6198584625 0.8432432437499999 0.6192 0.8496396390625 0.59588 0.8448348343750001 0.5873999999999999 0.8321021015625 0.5767800000000001 0.8209609609375 0.57148 0.8145945953125 0.5577 0.8018618625 0.5386 0.785915915625 0.5301199999999999 0.7620420421875 0.5290600000000001 0.754084084375 0.5301199999999999 0.754084084375 0.53224 0.731771771875 0.5333 0.7031231234375 0.5736 0.6855855859375 0.58952 0.6664864859375 0.61284 0.668078078125 0.62664 0.6808108109375001 0.6383 0.7158558562499999 0.6436
9 0.4137237234375 0.37192 0.41153153124999997 0.36682000000000003 0.38189189218749997 0.36828 0.3709009015625 0.37120000000000003 0.3654054046875 0.39166 0.367627628125 0.40118 0.34675675625 0.41214000000000006 0.33906906875 0.437 0.3171171171875 0.4699 0.3335735734375 0.47573999999999994 0.3445645640625 0.44576000000000005 0.358828828125 0.43479999999999996 0.359939940625 0.44358000000000003 0.358828828125 0.45599999999999996 0.359939940625 0.46844 0.3632132125 0.48963999999999996 0.3752852859375 0.51668 0.3785885890625 0.52984 0.3742042046875 0.5466599999999999 0.37201201250000004 0.5642 0.3709009015625 0.57882 0.3742042046875 0.5876 0.40603603593750004 0.59126 0.4093393390625 0.5781 0.404924925 0.5569 0.3950450453125 0.54374 0.3983483484375 0.52108 0.40603603593750004 0.5093799999999999 0.424684684375 0.50572 0.42687687656250006 0.49985999999999997 0.4290990984375 0.48452 0.4301801796875 0.4655 0.4279879875 0.45088 0.4279879875 0.43113999999999997 0.44225225156250003 0.42896 0.44225225156250003 0.42238 0.44225225156250003 0.4114 0.4301801796875 0.41068 0.41153153124999997 0.39752 0.4137237234375 0.39678 0.4137237234375 0.38361999999999996 0.4137237234375 0.37192
9 0.511291290625 0.45304 0.5285885890625 0.45854 0.5421021015624999 0.45204000000000005 0.5721621625 0.44654 0.5932132125 0.44654 0.5962162156249999 0.44001999999999997 0.5842042046875 0.42752 0.5706606609375 0.41550000000000004 0.5669069062500001 0.40148 0.551141140625 0.39748 0.5263363359375 0.40148 0.5255855859375 0.41150000000000003 0.511291290625 0.417 0.4947447453125 0.422 0.4977477484375 0.44654 0.5000300296875 0.44654 0.5060360359375 0.44704 0.511291290625 0.45304
9 0.5915915921875 0.39868000000000003 0.5961861859375001 0.4112 0.5957357359375 0.43014 0.6053453453125 0.43044000000000004 0.6071771765625 0.42645999999999995 0.6085585578125 0.41242 0.6035135140625 0.38374 0.5929729734375 0.38526 0.5915915921875 0.38618 0.593903903125 0.39411999999999997 0.5915915921875 0.39868000000000003
9 0.275675675 0.40171999999999997 0.270990990625 0.40586 0.26735735781250003 0.4107 0.26735735781250003 0.42074 0.26891891874999996 0.42800000000000005 0.274624625 0.42800000000000005 0.285525525 0.42591999999999997 0.29333333281249996 0.42178000000000004 0.3011111109375 0.42142 0.308378378125 0.42142 0.325525525 0.42108 0.32447447500000004 0.41832 0.32084084062499996 0.41002 0.3115015015625 0.40102000000000004 0.308378378125 0.3993 0.3073573578125 0.39548 0.308378378125 0.39306 0.30993994062499997 0.38683999999999996 0.30993994062499997 0.382 0.3094294296875 0.37612 0.308378378125 0.37232 0.3037237234375 0.37162 0.295915915625 0.37162 0.2912612609375 0.37162 0.285525525 0.37162 0.2787987984375 0.37646 0.28138138125 0.38442 0.2829429421875 0.39376 0.28345345312500003 0.39722 0.2803303296875 0.39826 0.275675675 0.40171999999999997
9 0.29768768749999996 0.43316 0.3067267265625 0.43818 0.3207907890625 0.45724666562499994 0.31876876875 0.46075999999999995 0.32806806875 0.466273334375 0.3383633640625 0.46426 0.33534534531250004 0.48422 0.345915915625 0.49223999999999996 0.366996996875 0.50088 0.358708709375 0.5088 0.3715015015625 0.55144 0.37903903906249997 0.5323800000000001 0.3654954953125 0.52586 0.3782882890625 0.52184 0.374534534375 0.5088 0.3609609609375 0.48281999999999997 0.3575825828125 0.44671000000000005 0.34891891875000003 0.44118 0.35720720781250004 0.43617999999999996 0.33084084062499997 0.42211999999999994 0.3112612609375 0.41912000000000005 0.300690690625 0.40708 0.2848948953125 0.40406000000000003 0.2698198203125 0.41007999999999994 0.26906906875000003 0.41912000000000005 0.2735735734375 0.42713999999999996 0.2728228234375 0.43014 0.29768768749999996 0.43316
9 0.4550450453125 0.41044 0.4566666671875 0.41546000000000005 0.4609609609375 0.417356 0.4572072078125 0.42982 0.4573573578125 0.438448 0.4547897890625 0.44023 0.45555555625000005 0.448994 0.4463363359375 0.4546 0.453753753125 0.45953999999999995 0.440765765625 0.46573000000000003 0.4351951953125 0.47686 0.453753753125 0.5115000000000001 0.459939940625 0.49829999999999997 0.4933633640625 0.48840000000000006 0.482222221875 0.46943999999999997 0.46798798750000004 0.46448999999999996 0.466366365625 0.45852000000000004 0.49117117187500003 0.45242000000000004 0.4970870875 0.45242000000000004 0.4917117109375 0.44848 0.49627627656250006 0.44064 0.483603603125 0.43484 0.495465465625 0.42885999999999996 0.49870870937499995 0.39296000000000003 0.506246246875 0.3822 0.5105705703125001 0.36928 0.483603603125 0.35708 0.471771771875 0.35408 0.4645645640625 0.396264 0.459909909375 0.39893999999999996 0.4627627625 0.40681 0.4550450453125 0.41044
9 0.43204204218750003 0.37362 0.4352852859375 0.38034 0.4367267265625 0.38492000000000004 0.43819819843749996 0.38972 0.4450450453125 0.39526 0.43708708749999997 0.40293999999999996 0.43240240312499995 0.40752 0.4352852859375 0.41689999999999994 0.4414414421875 0.42388000000000003 0.4428828828125 0.42892 0.44360360312499997 0.43710000000000004 0.44468468437500003 0.44623999999999997 0.45444444375000004 0.45128 0.4522522515625 0.44286000000000003 0.456246246875 0.42916 0.455165165625 0.41112000000000004 0.4591291296875 0.40488 0.4663363359375 0.39116 0.46816816875 0.37914 0.46852852812499995 0.37216 0.465615615625 0.36784 0.4508108109375 0.36448 0.44864864843749996 0.36472000000000004 0.43927927968749997 0.36568 0.43204204218750003 0.37362
9 0.4319519515625 0.40876 0.43357357343749997 0.40578000000000003 0.43885885937499997 0.40144 0.44213213281249997 0.39683999999999997 0.44252252187499996 0.3936 0.441321321875 0.39198 0.43723723750000004 0.38818 0.43642642656249997 0.38574 0.43438438437500004 0.3806 0.43033032968749996 0.37736000000000003 0.427477478125 0.37818 0.42465465468749997 0.38034 0.4250450453125 0.3871 0.42951951875 0.39386 0.4270870875 0.39902000000000004 0.4278978984375 0.40793999999999997 0.4319519515625 0.4093 0.4319519515625 0.40876
9 0.0266666671875 0.77454 0.0205105109375 0.7479 0.0312612609375 0.69566 0.0251051046875 0.6782600000000001 0.0205105109375 0.63422 0.0205105109375 0.61066 0.0343543546875 0.53898 0.0420420421875 0.4683 0.0405105109375 0.45192 0.011291290625 0.42528 0.0081981984375 0.42118 0.0081981984375 0.40275999999999995 0.011291290625 0.38330000000000003 0.0035735734375000002 0.36998000000000003 0.0035735734375000002 0.78784 0.0266666671875 0.78478 0.0266666671875 0.77454
7 0.5493693687500001 0.5001 0.5118918921875 0.49626000000000003 0.5032732734375001 0.5001 0.4773273265625 0.51546 0.48309309375 0.54616 0.494624625 0.5692 0.4773273265625 0.59798 0.457147146875 0.62676 0.4657957953125 0.6613 0.4484984984375 0.6997 0.4398798796875 0.70736 0.48885885937499995 0.73808 0.50615615625 0.74192 0.52630630625 0.74958 0.50615615625 0.79756 0.52630630625 0.8052400000000001 0.5493693687500001 0.79756 0.5868168171875 0.8206 0.5925825828125 0.8013999999999999 0.595465465625 0.74766 0.583933934375 0.7054400000000001 0.6127627625 0.68242 0.6185285281249999 0.64212 0.6185285281249999 0.5807 0.4975075078125 0.5711 0.520540540625 0.5442400000000001 0.5609009015625 0.5250600000000001 0.5493693687500001 0.5001
7 0.12579579531250001 0.59652 0.12810810781249998 0.60212 0.1448948953125 0.60772 0.167777778125 0.6097400000000001 0.1777177171875 0.6122799999999999 0.189159159375 0.61432 0.18687687656250002 0.5797399999999999 0.1845945953125 0.5706 0.207477478125 0.56602 0.2067267265625 0.55738 0.187627628125 0.55332 0.186096096875 0.54568 0.1845945953125 0.53044 0.170840840625 0.52382 0.1632132125 0.51518 0.1639639640625 0.50858 0.172372371875 0.50552 0.1845945953125 0.504 0.20366366406249997 0.5045 0.20975975937500002 0.49638 0.2021321328125 0.4857 0.20519519531250002 0.46942000000000006 0.1952552546875 0.46536 0.1822822828125 0.46841999999999995 0.18687687656250002 0.47350000000000003 0.2021321328125 0.48468 0.19831831875 0.48366 0.1822822828125 0.4801 0.1715915921875 0.47451999999999994 0.1570870875 0.46688 0.13876876875 0.46078 0.13495495468750002 0.44808000000000003 0.12426426406249999 0.43536 0.107477478125 0.43536 0.10291291250000001 0.44349999999999995 0.107477478125 0.44808000000000003 0.11741741718750001 0.45774 0.10444444374999999 0.45266 0.089939940625 0.45366 0.0838138140625 0.46130000000000004 0.0822822828125 0.46841999999999995 0.0960360359375 0.47248 0.110540540625 0.47451999999999994 0.12123123124999999 0.47908 0.12657657656250001 0.5045 0.12198198125 0.53044 0.11435435468749999 0.5467 0.12426426406249999 0.5507799999999999 0.12657657656250001 0.56094 0.12579579531250001 0.59652
7 0.7090690687500001 0.54792 0.7165165171875 0.54516 0.727297296875 0.5346599999999999 0.7364264265625 0.52858 0.7571771765624999 0.5236 0.7745945953125 0.52084 0.786216215625 0.51642 0.7978078078124999 0.51808 0.8085885890625001 0.5004 0.780390390625 0.45068 0.765465465625 0.44516 0.7414114109375001 0.45178 0.734774775 0.46006 0.7206606609375 0.47388 0.7132132125 0.47939999999999994 0.7015915921875 0.49046 0.6808408406249999 0.49432 0.6758858859375 0.50868 0.650990990625 0.52416 0.645165165625 0.5313399999999999 0.64600600625 0.53632 0.66093093125 0.54294 0.670060059375 0.54626 0.68831831875 0.54626 0.7090690687500001 0.54792
9 0.554324325 0.36294 0.555525525 0.36214 0.5594894890625 0.3587 0.5594894890625 0.35384000000000004 0.5570570578125 0.3516 0.5506606609375 0.3516 0.549159159375 0.35808 0.5506606609375 0.35808 0.5524924921875 0.3587 0.554324325 0.36294
9 0.5273873874999999 0.40693999999999997 0.525075075 0.40312000000000003 0.511291290625 0.39624000000000004 0.5130330328125 0.39088 0.5164864859375 0.38514 0.52108108125 0.37978 0.519909909375 0.37328 0.5170570578125 0.371 0.5078678671875 0.3706 0.504984984375 0.37252 0.5032732734375001 0.37826 0.4969369375 0.38322 0.49294294218749996 0.38706 0.49810810781250003 0.39318 0.4969369375 0.39814 0.49120120156249997 0.41306000000000004 0.494084084375 0.42148 0.50555555625 0.41803999999999997 0.523933934375 0.41268000000000005 0.5090090093749999 0.41688000000000003 0.5227927921875 0.41152 0.5273873874999999 0.40693999999999997