2 0.743234375 0.5596721312499999 0.7690625 0.5618266984375 0.78196875 0.5360187359374999 0.8651875 0.5252693203125001 0.88528125 0.495152225 0.879546875 0.4736533953125 0.8723593749999999 0.44140515156250004 0.8709374999999999 0.41128805625 0.8522812500000001 0.41128805625 0.807796875 0.3962295078125 0.75184375 0.37903981249999996 0.6930156249999999 0.3897892265625 0.6370625000000001 0.3940749421875 0.5983125 0.43278688593750003 0.608359375 0.5510772828125 0.723140625 0.54032786875 0.743234375 0.5596721312499999
2 0.994578125 0.50290398125 0.9995468750000001 0.499156909375 0.9995468750000001 0.380796253125 0.9983124999999999 0.3817330203125 0.95540625 0.4162060890625 0.9516718750000001 0.4329976578125 0.9516718750000001 0.4544262296875 0.9516718750000001 0.47213114687499996 0.952296875 0.49730679218749996 0.95603125 0.515948478125 0.95540625 0.515948478125 0.9927187500000001 0.5177985953124999 0.994578125 0.50290398125
2 0.03265625 0.524964871875 0.028953125000000003 0.5376346609375 0.03159375 0.5693442625 0.034765625 0.5867681499999999 0.039 0.5836065578125 0.051171875 0.594707259375 0.0538125 0.585995315625 0.05487499999999999 0.5812177984375 0.07390624999999999 0.5796487124999999 0.0665 0.504355971875 0.063328125 0.492459015625 0.06703125 0.48295082031250003 0.07284375 0.47501170937500004 0.07971875 0.45915690937500003 0.0791875 0.450444965625 0.04059375 0.45758782187499997 0.037421875 0.4988056203125 0.033187499999999995 0.504355971875 0.03265625 0.524964871875
1 0.293859375 0.1415690859375 0.29685937500000004 0.15955503437500002 0.166421875 0.19325526875000001 0.1424375 0.3168618265625 0.172421875 0.629203746875 0.21440625 0.79775175625 0.215578125 0.8044028109375001 0.63003125 0.702107728125 0.554734375 0.11236533906249999 0.33884375 0.11686182656249999 0.293859375 0.1415690859375
9 0.758203125 0.36238875937500004 0.7561093750000001 0.3674707265625 0.756890625 0.3729742390625 0.75846875 0.37805620625 0.773890625 0.3819672125 0.7751875 0.37608899375 0.775984375 0.3721779859375 0.775984375 0.366299765625 0.773625 0.3682669796875 0.76996875 0.366299765625 0.76996875 0.3639578453125 0.769703125 0.36278688593749997 0.769703125 0.3619906328125 0.7694375 0.358852459375 0.76996875 0.35416861875 0.76996875 0.35063231875 0.7657812500000001 0.3455269328125 0.76003125 0.34672131093749997 0.7608125 0.3522014046875 0.761859375 0.35651053906249996 0.758203125 0.36238875937500004
9 0.69221875 0.3828337234375 0.696296875 0.38487119375 0.696546875 0.3813583140625 0.6969218749999999 0.3761826703125 0.6946875 0.372459015625 0.694078125 0.36468384062500003 0.6917187499999999 0.3611709609375 0.687890625 0.3617096015625 0.68703125 0.36320843125 0.688390625 0.3680093671875 0.689625 0.3744964875 0.690484375 0.37969555 0.69221875 0.3828337234375
9 0.675796875 0.385995315625 0.67628125 0.3854332546875 0.67640625 0.384707259375 0.675671875 0.37878220156250003 0.6733125 0.3726463703125 0.671578125 0.37079625312500003 0.67071875 0.37079625312500003 0.67034375 0.37079625312500003 0.668734375 0.37098360625 0.6679999999999999 0.3706089 0.6679999999999999 0.3691334890625 0.6681250000000001 0.3654332546875 0.666890625 0.3637704921875 0.66553125 0.36320843125 0.664296875 0.3635831375 0.6626875 0.3652459015625 0.6621875 0.36709601875 0.6624375 0.3691334890625 0.663546875 0.372107728125 0.663546875 0.373395784375 0.6629375 0.37468384062500004 0.6625625 0.3763700234375 0.6620625 0.37878220156250003 0.6618125 0.381920375 0.6619375 0.3880327875 0.6618125 0.389508196875 0.6618125 0.390819671875 0.663671875 0.38915690937499997 0.67071875 0.3863700234375 0.672578125 0.38618267031250003 0.6739375 0.38618267031250003 0.675796875 0.385995315625
9 0.727859375 0.37903981249999996 0.72734375 0.370843090625 0.7251875 0.365152225 0.7254375 0.359812646875 0.724171875 0.3544730671875 0.722390625 0.3520140515625 0.7189687499999999 0.35353629999999997 0.717953125 0.356955503125 0.7203593749999999 0.360187353125 0.7203593749999999 0.3645667453125 0.722140625 0.36608899375 0.722515625 0.3677985953125 0.71971875 0.36932084375 0.7171875 0.3742857140625 0.71553125 0.378079625 0.71565625 0.37903981249999996 0.7168125 0.38074941406249996 0.727859375 0.37903981249999996
8 0.6000156249999999 0.19644028125 0.6000156249999999 0.170491803125 0.59628125 0.15716627656249998 0.59628125 0.12351288125 0.594875 0.101779859375 0.588796875 0.08845433281250001 0.588796875 0.071615925 0.586921875 0.0625058546875 0.584578125 0.0484777515625 0.585046875 0.035152224999999995 0.5813125 0.025339578125 0.555109375 0.037259953125 0.55790625 0.09615925 0.55978125 0.15156908593750001 0.57803125 0.20976580781249998 0.6000156249999999 0.19644028125
8 0.9002343749999999 0.0949414515625 0.9067187499999999 0.08199063281249999 0.90240625 0.05932084375 0.89684375 0.050515221875 0.9005468750000001 0.0403512875 0.905484375 0.025526932812499997 0.90178125 0.0065573765625 0.88975 0.0033255265625000002 0.87615625 0.002412178125 0.8647343749999999 0.00517564375 0.8585625 0.01997658125 0.8644375 0.0870726 0.88109375 0.10002341875000001 0.89221875 0.0995784546875 0.9002343749999999 0.0949414515625
9 0.648078125 0.39203747031249997 0.647265625 0.388688525 0.644203125 0.3825761125 0.644203125 0.37676815 0.64278125 0.3731147546875 0.641140625 0.37128805625 0.63728125 0.373723653125 0.637078125 0.37676815 0.636671875 0.3825761125 0.63565625 0.3834894609375 0.634625 0.38777517499999997 0.63728125 0.39355971875 0.63971875 0.39662763437500004 0.6387031249999999 0.396932084375 0.6409374999999999 0.396323184375 0.648078125 0.39203747031249997
9 0.733609375 0.380444965625 0.7365625 0.3792505859375 0.73521875 0.3729976578125 0.7344062499999999 0.3673536296875 0.731984375 0.3635363 0.7294375 0.3649414515625 0.72715625 0.369180328125 0.727421875 0.376627634375 0.7307812499999999 0.3802576109375 0.733609375 0.380444965625
9 0.7131406250000001 0.373747071875 0.7129218749999999 0.3774941453125 0.714390625 0.379180328125 0.715875 0.3769789234375 0.717125 0.3740749421875 0.7193906250000001 0.36932084375 0.7206406249999999 0.366932084375 0.71984375 0.3647306796875 0.718703125 0.36081967187499997 0.717125 0.3582669796875 0.714734375 0.3592740046875 0.71303125 0.3626932078125 0.7126875 0.3677985953125 0.7125781250000001 0.3664168625 0.7125781250000001 0.36932084375 0.7131406250000001 0.373747071875
2 0.033875 0.5926697890625 0.033875 0.5828571421875 0.032468750000000005 0.57163934375 0.027796875 0.5485011703125 0.003921875 0.50290398125 0.001125 0.5000936765625 0 0.6207259953125 0.013750000000000002 0.613723653125 0.014687500000000001 0.62775175625 0.037625 0.6221311468749999 0.033875 0.5926697890625
2 0.031406250000000004 0.55608899375 0.028828125 0.5483372359375001 0.029265625 0.5438173296875 0.0296875 0.5392974234375 0.030125000000000002 0.5341451984375001 0.032265625 0.5283372359375 0.032703125 0.5244496484375001 0.032703125 0.5180093671875 0.033140625 0.5115456671875 0.034 0.5063934421875 0.034421875000000005 0.5038173296874999 0.037015625 0.5012177984374999 0.038296875 0.4973536296875 0.037875 0.49025761093750003 0.0374375 0.4760655734375 0.028828125 0.47540983593749997 0.022375 0.47929742343750004 0.02021875 0.4837939109375 0.019359375 0.49283372343750004 0.015484375 0.5025292734375 0.013765625 0.5044496484375001 0.00815625 0.5051053859375 0.009453125 0.5102576109375 0.026250000000000002 0.5457611234375 0.031406250000000004 0.55608899375
2 0.08175 0.5276580796875 0.08927500000000001 0.5330023421875 0.08175 0.545187353125 0.090190625 0.5459578453125 0.092021875 0.571868853125 0.08175 0.562716628125 0.08429687500000001 0.6023653390625 0.091421875 0.60997658125 0.16209374999999998 0.5833021078125 0.161178125 0.5714894609375001 0.17276562499999998 0.5779625296875001 0.170734375 0.539859484375 0.16159375 0.46517564375 0.1529375 0.46517564375 0.155684375 0.5006135828125 0.085828125 0.5078454328124999 0.08835937499999999 0.5200468390624999 0.076671875 0.5139578453125 0.07768749999999999 0.5200468390624999 0.08175 0.5276580796875
2 0.071765625 0.5443091328125 0.078578125 0.55836065625 0.093640625 0.57709601875 0.087953125 0.5162060890625 0.08284375000000001 0.44042154531250005 0.081140625 0.44255269375 0.08 0.4587353625 0.07290624999999999 0.47702576093750004 0.06465625 0.49023419218750003 0.068921875 0.508548009375 0.071765625 0.5443091328125
2 0.012859375000000001 0.5024121781249999 0.019015625 0.49962529218749996 0.021484375 0.4797892265625 0.02640625 0.47470725937499997 0.038421875 0.47423887656249997 0.0375 0.4640749421875 0.040265625 0.45578454375 0.046421875 0.45437939062500005 0.040890625 0.4529976578125 0.010703124999999999 0.4571662765625 0.0008437500000000001 0.4626932078125 0.0008437500000000001 0.46084309062499995 0.00053125 0.5000936765625 0.012859375000000001 0.5024121781249999
8 0.634765625 0.247283371875 0.6365937500000001 0.248196721875 0.63925 0.303747071875 0.64759375 0.301007025 0.6429218750000001 0.2185948484375 0.640671875 0.2185948484375 0.6359843749999999 0.22957845468750002 0.6361875 0.24056206093750002 0.6345625 0.2426932078125 0.634765625 0.247283371875
8 0.021968750000000002 0.341100703125 0.015140625 0.3406557375 0.013359375000000001 0.34199063281250003 0.01603125 0.40114754062499997 0.024625 0.399812646875 0.023453125 0.3437704921875 0.021968750000000002 0.341100703125
9 0.85996875 0.406276346875 0.8700468750000001 0.417868853125 0.8730781249999999 0.4244262296875 0.8754375 0.42037470781249997 0.8666874999999999 0.398220140625 0.8666874999999999 0.39065573750000004 0.8690468750000001 0.3664637 0.8650156250000001 0.34681498906249997 0.8690468750000001 0.34529274062500004 0.867359375 0.33873536249999997 0.8656874999999999 0.3311943796875 0.8542500000000001 0.32967213125 0.853578125 0.338243559375 0.8559374999999999 0.3458079625 0.8542500000000001 0.34681498906249997 0.8492031250000001 0.369484778125 0.85559375 0.38007025781250003 0.85459375 0.399227165625 0.856265625 0.407775175 0.856609375 0.41433255312500006 0.859625 0.41433255312500006 0.85996875 0.406276346875
9 0.8414531249999999 0.34313817343749997 0.8384375000000001 0.3500702578125 0.8384375000000001 0.3549180328125 0.836359375 0.368079625 0.835890625 0.37639344218750004 0.8393593750000001 0.3874941453125 0.8405156249999999 0.393723653125 0.8414531249999999 0.40482435624999996 0.8430624999999999 0.41487119375 0.85625 0.41313817343750003 0.855328125 0.3968618265625 0.8541718749999999 0.384028103125 0.854390625 0.3781264640625 0.8523125 0.3739812640625 0.851390625 0.370163934375 0.85 0.365316159375 0.8518593750000001 0.3587353625 0.848609375 0.3555971890625 0.847453125 0.351451990625 0.846296875 0.3427868859375 0.8414531249999999 0.34313817343749997
8 0.688953125 0.25391100624999996 0.688125 0.2634894609375 0.6936875 0.263067915625 0.694515625 0.26641686249999996 0.688125 0.26932084375 0.688671875 0.28098360625 0.699796875 0.27889929687500004 0.697859375 0.23681498906249998 0.6953437499999999 0.234332553125 0.69340625 0.235995315625 0.6872812500000001 0.2364168625 0.686734375 0.2476580796875 0.6936875 0.2476580796875 0.694234375 0.2518266984375 0.688953125 0.25391100624999996