8 0.582265625 0.903213296875 0.587109375 0.8623545703125 0.6028749999999999 0.8322714687499999 0.61015625 0.8494736843749999 0.612578125 0.8881717453125001 0.6174375000000001 0.896786703125 0.613796875 0.9182825484375 0.62228125 0.9311911359374999 0.6235 0.96772853125 0.621078125 0.9870914125000001 0.633203125 0.9892520781249999 0.640484375 0.9440997234375 0.647765625 0.9075346265625001 0.65625 0.8817174515625 0.667171875 0.836565096875 0.676875 0.8 0.6829375 0.75268698125 0.7205468749999999 0.7268698062500001 0.693859375 0.7290304703125 0.674453125 0.7139889203124999 0.674453125 0.756980609375 0.674453125 0.789252078125 0.672015625 0.817202215625 0.65625 0.8258171750000001 0.64896875 0.81936288125 0.64896875 0.789252078125 0.6441250000000001 0.78063711875 0.6441250000000001 0.7333241 0.6441250000000001 0.7010803328125 0.6295625 0.66022160625 0.61865625 0.64731301875 0.6150156250000001 0.6129085875 0.612578125 0.5827977843750001 0.6089375 0.5333241 0.5968125 0.52686980625 0.578625 0.5225761765625 0.5640625 0.5311911359375 0.559203125 0.5741828250000001 0.55678125 0.59354570625 0.55678125 0.604293628125 0.55678125 0.6214958453125 0.5507187499999999 0.6451523546875 0.545859375 0.6559002765625 0.5495 0.6709695296875 0.5507187499999999 0.6924653734375 0.55678125 0.696786703125 0.561640625 0.7010803328125 0.572546875 0.683878115625 0.582265625 0.66022160625 0.58346875 0.6559002765625 0.583265625 0.6981717453125 0.577203125 0.7282825484375001 0.5747656250000001 0.766980609375 0.5747656250000001 0.7970914125 0.5747656250000001 0.827202215625 0.57234375 0.8465650968749999 0.57234375 0.8680609421875 0.571125 0.8981717453125 0.5675 0.92396121875 0.5687031250000001 0.9304155125 0.569921875 0.9454847640624999 0.563859375 0.9626869812500001 0.5628437500000001 0.9785041546875 0.5761875 0.98063711875 0.585890625 0.9613019390625 0.582265625 0.9354847640624999 0.582265625 0.903213296875
8 0.7499374999999999 0.620110803125 0.74834375 0.6585041546875 0.74940625 0.6734626031250001 0.7557343750000001 0.687506925 0.75046875 0.697811634375 0.75046875 0.7352631578125 0.7562656249999999 0.8073407203125 0.75996875 0.838227146875 0.758375 0.8569529078125001 0.7552187499999999 0.8691135734375001 0.7546875 0.8878393359375 0.7552187499999999 0.9121606640625 0.753109375 0.9262049859375001 0.74834375 0.9477562328125 0.737265625 0.97770083125 0.74940625 0.9814404437500001 0.757328125 0.976759003125 0.75890625 0.97022160625 0.75890625 0.959916896875 0.7594375 0.9496121890625 0.758375 0.9234072015624999 0.7605000000000001 0.91310249375 0.77 0.8868975062500001 0.7694687499999999 0.8719113578125001 0.766828125 0.8569529078125001 0.77053125 0.8157617734375 0.77528125 0.8195013843750001 0.776328125 0.84102493125 0.7805625 0.853213296875 0.78371875 0.8644321328125001 0.7805625 0.8719113578125001 0.786359375 0.8868975062500001 0.79059375 0.9037396125000001 0.79059375 0.9374515234375 0.7868906250000001 0.961772853125 0.795875 0.967396121875 0.7995625000000001 0.9627146812499999 0.7985156250000001 0.9533518000000001 0.795875 0.9402493078124999 0.792703125 0.9037396125000001 0.7942812499999999 0.8943767312500001 0.796390625 0.8812742374999999 0.793765625 0.8691135734375001 0.791640625 0.8634903046875 0.792703125 0.8550692515625 0.7900625 0.8447645421875001 0.7900625 0.823240996875 0.792171875 0.8279224375 0.7942812499999999 0.8503878109375 0.79903125 0.8719113578125001 0.7995625000000001 0.8915789468750001 0.8048437500000001 0.90562326875 0.8022031249999999 0.9187257625 0.8074843749999999 0.9411911359375 0.8111875 0.9468144046875 0.819109375 0.9411911359375 0.82175 0.9215235453125 0.818046875 0.9112465375 0.8143437499999999 0.8962603874999999 0.80959375 0.8812742374999999 0.8059062499999999 0.8663157890625 0.8022031249999999 0.8447645421875001 0.8032656250000001 0.8204432140625 0.806953125 0.8073407203125 0.8122343750000001 0.8007756234375 0.81646875 0.8120221609374999 0.819109375 0.8363434906249999 0.8206875 0.8700554015625 0.81646875 0.8887811640625 0.818046875 0.9018836562500001 0.823328125 0.9224653734375 0.8206875 0.9430747921875 0.819109375 0.9786426593750001 0.823328125 0.9851800546874999 0.83071875 0.976759003125 0.8249062500000001 0.9299722984375001 0.828078125 0.9140443218750001 0.82965625 0.8962603874999999 0.827546875 0.8794182828125001 0.8322968749999999 0.8578947375 0.8349375 0.8354293625 0.8349375 0.8007756234375 0.8407500000000001 0.8007756234375 0.8571249999999999 0.8073407203125 0.85659375 0.7951523546875 0.8481406249999999 0.785817175 0.8322968749999999 0.7792520781250001 0.8338906250000001 0.77268698125 0.834421875 0.756786703125 0.832828125 0.74648199375 0.8322968749999999 0.7296398890625 0.83125 0.7259002765625 0.83125 0.707174515625 0.827546875 0.68565096875 0.827546875 0.6762880890625 0.823859375 0.6631855953125 0.82175 0.6528808859375 0.813828125 0.6332132968749999 0.8064375 0.6425761765625 0.8032656250000001 0.63603878125 0.803796875 0.63229916875 0.8111875 0.6304155125 0.818046875 0.62853185625 0.822265625 0.620110803125 0.8206875 0.6145152359375 0.8127656249999999 0.5985872578125 0.808546875 0.5892243765625 0.803796875 0.5798614953125 0.80115625 0.570498615625 0.802734375 0.56770083125 0.80959375 0.55645429375 0.8090624999999999 0.551772853125 0.8032656250000001 0.5396121890625001 0.792703125 0.5349307484375 0.78584375 0.5293074796874999 0.7800312500000001 0.5218282546874999 0.7800312500000001 0.51060941875 0.7795 0.497479225 0.77 0.5031024937499999 0.7562656249999999 0.5171468140625 0.74834375 0.5283933515625 0.748875 0.5452354578125 0.74834375 0.5602216062500001 0.745703125 0.576121884375 0.7451875 0.6032686984375 0.7499374999999999 0.620110803125
9 0.5684843749999999 0.7061911359375 0.5596484375 0.7017174515625 0.538828125 0.7308033234375 0.55775 0.7531578953125 0.56153125 0.7554016625 0.5899296875 0.655844875 0.635359375 0.6122299171875001 0.642296875 0.639085871875 0.6574375 0.6726315796875 0.658703125 0.7129085875000001 0.6511250000000001 0.7732963984375 0.6574375 0.8292243765625 0.672578125 0.809085871875 0.676375 0.6972299171875 0.6713281249999999 0.681578946875 0.668796875 0.6413019390625 0.668796875 0.605512465625 0.6814218750000001 0.5562880890625 0.699078125 0.502603878125 0.71928125 0.4757617734375 0.724328125 0.4578670359375 0.734421875 0.4354847640625 0.73946875 0.4354847640625 0.738203125 0.4153739609375 0.72684375 0.408642659375 0.71928125 0.43997229843749996 0.707921875 0.4422160671875 0.707921875 0.41088642656249996 0.699078125 0.3773407203125 0.688984375 0.3683933515625 0.672578125 0.384044321875 0.661234375 0.4243213296875 0.6410312499999999 0.43772853125 0.618328125 0.47351800624999996 0.62715625 0.5227423828125 0.5934794921875 0.6434002765625 0.56659375 0.690526315625 0.5684843749999999 0.7061911359375
9 0.752859375 0.5246260390625 0.76425 0.5129362875 0.7714531250000001 0.50229916875 0.778046875 0.5044321328125 0.7870468749999999 0.5246260390625 0.790640625 0.527811634375 0.80621875 0.537396121875 0.8158125 0.54271468125 0.82421875 0.5257063718749999 0.8158125 0.47468144062500006 0.80803125 0.4513019390625 0.790640625 0.41088642656249996 0.79903125 0.3949584484375 0.8044218750000001 0.37900277031249996 0.784640625 0.3566759 0.77925 0.35030470937499997 0.77625 0.34393351875 0.7696562499999999 0.3481717453125 0.77025 0.3641274234375 0.77325 0.3726315796875 0.781640625 0.37900277031249996 0.77684375 0.387506925 0.772046875 0.38645429375 0.7630625 0.38855955625 0.755859375 0.3843213296875 0.752859375 0.361994459375 0.749859375 0.34393351875 0.74146875 0.3386149578125 0.7324843750000001 0.3418005546875 0.727078125 0.3598614953125 0.730671875 0.3800554015625 0.733078125 0.3991966765625 0.73846875 0.41088642656249996 0.7408750000000001 0.41833795 0.7408750000000001 0.42897506874999997 0.7378750000000001 0.43853185625 0.72828125 0.4470360109375 0.727078125 0.4619113578125 0.730078125 0.47891966718749995 0.730671875 0.50229916875 0.739078125 0.537396121875 0.743875 0.5352631578125 0.7492656249999999 0.5299445984375 0.752859375 0.5246260390625
9 0.88221875 0.5542105265624999 0.878140625 0.550498615625 0.877828125 0.548836565625 0.8785624999999999 0.5429085875 0.8784531250000001 0.5375346265625 0.87709375 0.53603878125 0.874375 0.535290859375 0.87290625 0.5365927984375001 0.8724999999999999 0.538448753125 0.872171875 0.5414127421875 0.872171875 0.5447645421875 0.8730156250000001 0.5490304703125 0.8674687499999999 0.5510526312499999 0.862671875 0.5562326875 0.86109375 0.5592243765625 0.861515625 0.562188365625 0.8676875000000001 0.570332409375 0.868203125 0.5706925203125001 0.868828125 0.5747922437499999 0.8681093750000001 0.58144044375 0.8668437499999999 0.5899722984375 0.867890625 0.5927423828125 0.867890625 0.5986980609375 0.868625 0.6027700828125 0.8689375 0.60648199375 0.8684218749999999 0.610914128125 0.8674687499999999 0.6125761765625 0.868625 0.6148199453125 0.87009375 0.61498615 0.870921875 0.6122160671875 0.87103125 0.6077562328125 0.8717656249999999 0.6012742375 0.871859375 0.5975623265625 0.8725937500000001 0.5944321328125 0.8730156250000001 0.600526315625 0.8730156250000001 0.607396121875 0.8730156250000001 0.609252078125 0.8731249999999999 0.614265928125 0.8755312500000001 0.61498615 0.87709375 0.6127700828125 0.87678125 0.6112742375 0.8757343750000001 0.6096121890624999 0.8764687500000001 0.6033241 0.8788750000000001 0.5870083109374999 0.880859375 0.5729362874999999 0.8885937500000001 0.5649584484375 0.8871249999999999 0.5582825484375 0.88221875 0.5542105265624999
9 0.896921875 0.5761772859375001 0.8970312500000001 0.5791966765625001 0.8971406249999999 0.5818282546875 0.89578125 0.5850415515625 0.8948750000000001 0.5862326875 0.89578125 0.588254846875 0.897828125 0.5894459828125 0.9015625 0.588254846875 0.902359375 0.588033240625 0.90371875 0.588254846875 0.9032656250000001 0.5842382265625 0.9033749999999999 0.5791966765625001 0.9039375 0.5755955671875 0.9040625 0.5725761765625 0.90371875 0.5697506921875 0.905078125 0.5687534624999999 0.9060937499999999 0.5687534624999999 0.9064375 0.5667590031249999 0.9064375 0.56271468125 0.9063281249999999 0.560526315625 0.9048437500000001 0.5595013843750001 0.9028124999999999 0.5593074796875 0.902359375 0.559916896875 0.902578125 0.559916896875 0.90190625 0.5641274234375 0.9005468750000001 0.5667590031249999 0.899640625 0.56894736875 0.896921875 0.5761772859375001
9 0.937890625 0.5642105265625 0.9342499999999999 0.5642105265625 0.933171875 0.5706648203125 0.9295312499999999 0.580332409375 0.9255156250000001 0.5939058171875 0.9309843750000001 0.5880886421875 0.9309843750000001 0.5913019390625001 0.9313437499999999 0.591966759375 0.934984375 0.5939058171875 0.938265625 0.5977562328125 0.9397187499999999 0.6016343484375 0.9389843750000001 0.5809972296875 0.9389843750000001 0.575817175 0.938625 0.5687257625 0.937890625 0.5642105265625
9 0.407109375 0.5654570640625 0.40629687499999995 0.5638504156249999 0.405390625 0.56227146875 0.4050625 0.5599445984375 0.4050625 0.556343490625 0.40475000000000005 0.554182825 0.40303125 0.5536011078125 0.40165625 0.5537396125 0.40075000000000005 0.5546260390625 0.40034375000000005 0.55606648125 0.400828125 0.5585041546875 0.40115625 0.5602493078124999 0.40132812500000004 0.5629916890625 0.400515625 0.5650138499999999 0.39978125000000003 0.5709418281249999 0.40881249999999997 0.5722437671875 0.408484375 0.57022160625 0.407109375 0.5654570640625
9 0.94471875 0.5632409968750001 0.941640625 0.5638504156249999 0.9409531250000001 0.5693351796874999 0.940609375 0.5729639890625 0.93940625 0.5747922437499999 0.9397500000000001 0.5839058171875 0.9404375 0.58939058125 0.9404375 0.5948476453125 0.94215625 0.5954570640625 0.94865625 0.5951523546875 0.9478125000000001 0.590304709375 0.94865625 0.5924376734375 0.948328125 0.5747922437499999 0.9455781249999999 0.5735734078125 0.9455781249999999 0.5653739609375 0.94471875 0.5632409968750001
9 0.997453125 0.593628809375 0.997796875 0.588421053125 0.996421875 0.5859833796875 0.9955624999999999 0.5813850421875 0.994 0.5807756234375 0.9924531249999999 0.5819944593749999 0.9921093750000001 0.5865927984375 0.992796875 0.5899722984375 0.9919375 0.5942382265624999 0.993140625 0.5963988921875 0.996078125 0.5970083109375001 0.997453125 0.593628809375
9 0.053359375 0.7421052625 0.05209375000000001 0.6948199453125 0.041921875 0.6677839328124999 0.036843749999999995 0.6385041546875 0.0190625 0.62501385 0.012703125000000001 0.66102493125 0.0025468749999999997 0.690304709375 0 0.751135734375 0.008890625000000001 0.737617728125 0.025406250000000002 0.748864265625 0.053359375 0.7421052625
9 0.8393593750000001 0.5802493078125 0.83784375 0.5802493078125 0.8361562499999999 0.5805817171875 0.8353125 0.5812465375 0.8355 0.586759003125 0.8354062499999999 0.5902493078125 0.8361562499999999 0.5924376734375 0.840859375 0.592603878125 0.8411406250000001 0.5850692515625 0.8407656250000001 0.5819113578125 0.8393593750000001 0.5802493078125