8 0.8768800000000001 0.20158 0.8798666671875001 0.14528000000000002 0.8618666671874999 0.13176000000000002 0.8738666671875001 0.10924 0.8768800000000001 0.06870000000000001 0.8648533328125 0.05068 0.8768800000000001 0.00788 0.6997066671875001 0.0033799999999999998 0.6966933328125 0.22183999999999998 0.7627733328125 0.21509999999999999 0.8288266671875 0.21058 0.8768800000000001 0.20158
8 0.8691466671875 0.76498 0.8582666671875 0.76824 0.8386933328125 0.78796 0.83144 0.7934 0.8285333328125001 0.8129799999999999 0.8205600000000001 0.8429 0.8234666671875001 0.84562 0.8234666671875001 0.8374599999999999 0.8350666671875 0.8352999999999999 0.8568266671875 0.8537800000000001 0.85176 0.87446 0.8495733328125 0.88208 0.8510133328125 0.8886 0.8488533328125 0.91798 0.8582666671875 0.92178 0.8655200000000001 0.89786 0.8640800000000001 0.89132 0.8633599999999999 0.86412 0.8771466671875 0.87066 0.9235466671875001 0.8836999999999999 0.9322666671875 0.85814 0.9395200000000001 0.84712 0.95184 0.83134 0.95328 0.8237399999999999 0.9931733328125001 0.78892 0.9902933328125 0.78566 0.9765066671874999 0.7910999999999999 0.9656266671875 0.78566 0.9423999999999999 0.81068 0.8996266671875001 0.79164 0.89528 0.78076 0.8923733328125 0.7693399999999999 0.8836533328125 0.76444 0.9017866671875 0.71602 0.8996266671875001 0.70446 0.8727733328125 0.76226 0.8691466671875 0.76498
9 1 0.60256 0.9976533328125001 0.59728 0.9859466671874999 0.59376 0.9593866671875 0.5955199999999999 0.9402666671875 0.60226 0.9269866671875 0.6125 0.9215199999999999 0.6309400000000001 0.91608 0.64354 0.91608 0.65876 0.9301066671875 0.6655 0.9211466671874999 0.6672399999999999 0.9188000000000001 0.67018 0.9055199999999999 0.68862 0.8989066671874999 0.70092 0.9035733328125 0.72316 0.9152799999999999 0.76472 0.90944 0.7902 0.92896 0.80366 0.9352 0.8063 0.9488533328125 0.8300000000000001 0.9359733328125 0.859 0.9262133328125 0.87188 0.9164533328125 0.87802 0.8859999999999999 0.8692399999999999 0.8832800000000001 0.8818199999999999 0.8746933328125 0.9108 0.87704 0.91374 0.88992 0.92222 0.88992 0.9225199999999999 0.88992 0.9263199999999999 0.9000533328125 0.9336399999999999 0.8883466671875 0.9679 0.8879733328125001 0.97726 0.8922666671874999 1 0.9133333328125 1 0.9648533328125 1 0.9660266671875 0.9857400000000001 0.9726666671875 0.9538399999999999 1 0.95676 0.9992000000000001 0.9374399999999999 1 0.86866 1 0.80366 1 0.75712 1 0.69242 0.9863200000000001 0.67838 0.9921866671874999 0.6731 1 0.6672399999999999 1 0.6614 1 0.62978 1 0.60256
9 0 0.49214 0.006 0.54382 0.0029866671875 0.65394 0.0029866671875 0.77528 0.0449333328125 0.77078 0.041946667187499995 0.73258 0.041946667187499995 0.6898799999999999 0.050933332812499996 0.65168 0.06592 0.6067400000000001 0.0898933328125 0.59776 0.0809066671875 0.5528 0.0449333328125 0.51686 0.0209866671875 0.50112 0.041946667187499995 0.47416 0.0029866671875 0.45167999999999997 0 0.45842 0 0.49214
9 0.85416 0.6261599999999999 0.85664 0.63544 0.8479733328125001 0.64242 0.8485866671875 0.65172 0.8535466671874999 0.65032 0.8535466671874999 0.6466000000000001 0.8578666671875 0.64334 0.8578666671875 0.6494 0.8585066671874999 0.65264 0.86656 0.6531 0.86904 0.65218 0.8653066671874999 0.648 0.8659466671875 0.6401 0.8684266671875 0.63312 0.8702666671875001 0.61964 0.8752266671875001 0.61964 0.8752266671875001 0.61222 0.8721333328125 0.60432 0.8659466671875 0.6006 0.8640800000000001 0.5913 0.8591200000000001 0.58852 0.8529333328125001 0.5899 0.8510666671875 0.59502 0.8504533328124999 0.60012 0.8504533328124999 0.60198 0.8504533328124999 0.60384 0.8504533328124999 0.61082 0.8504533328124999 0.61314 0.8504533328124999 0.62522 0.85416 0.6261599999999999
9 0.8263733328124999 0.6290199999999999 0.8324 0.62644 0.8306666671875 0.6174000000000001 0.8306666671875 0.59804 0.8272266671875 0.59158 0.8272266671875 0.59094 0.8280799999999999 0.58256 0.8254933328125 0.57998 0.8169066671874999 0.5819 0.81776 0.5870599999999999 0.8091466671875001 0.59352 0.8134666671874999 0.60578 0.8125866671875001 0.62062 0.81088 0.6303 0.8211999999999999 0.6290199999999999 0.8211999999999999 0.63998 0.8229333328124999 0.6451399999999999 0.8194933328125 0.6451399999999999 0.8280799999999999 0.64708 0.8289333328125 0.6451399999999999 0.8280799999999999 0.64256 0.8263733328124999 0.6290199999999999
9 0.8130933328125 0.62804 0.8142133328125001 0.6122799999999999 0.8062666671875001 0.58972 0.8057066671875001 0.5829 0.8017333328125 0.57906 0.7960533328125 0.57992 0.7932266671875 0.59354 0.7954933328125 0.61314 0.8028533328125 0.62632 0.79776 0.64464 0.8068266671875 0.64974 0.8085333328125 0.6425 0.81024 0.63612 0.8130933328125 0.62804
9 0.79032 0.64454 0.7914666671874999 0.64072 0.7942933328125 0.64242 0.7988266671875001 0.642 0.79768 0.63264 0.7988266671875001 0.6267 0.79656 0.6131 0.7925866671875 0.6046199999999999 0.7948533328125 0.5871999999999999 0.7920266671875 0.5838 0.7948533328125 0.58168 0.7937333328125 0.57658 0.7892 0.57402 0.7857866671875 0.5753 0.7824 0.577 0.78296 0.5825199999999999 0.7806933328125 0.58294 0.7812533328125 0.6211800000000001 0.7852266671875 0.62416 0.7863466671875 0.6317999999999999 0.7869333328125 0.64284 0.79032 0.64454
9 0.9033599999999999 0.62194 0.9096 0.61598 0.9141600000000001 0.62366 0.91984 0.62194 0.9135733328125 0.60406 0.9073333328125001 0.59726 0.9039466671874999 0.593 0.9005333328124999 0.59258 0.8942933328124999 0.5981 0.8869066671875 0.5981 0.8834933328125001 0.6062000000000001 0.8863466671875001 0.62024 0.8834933328125001 0.64878 0.89144 0.6526 0.8982666671875 0.63984 0.9005333328124999 0.64238 0.9056266671875 0.65644 0.9135733328125 0.65218 0.9130133328125 0.6509 0.9096 0.6394 0.9033599999999999 0.62194
9 0.5848 0.5998 0.5889066671875 0.60094 0.5908 0.59222 0.5851733328125001 0.5692 0.5900266671875001 0.55684 0.5874133328125 0.5501 0.5814133328125 0.5456000000000001 0.5780533328125 0.54756 0.5791733328124999 0.5523399999999999 0.5754400000000001 0.56048 0.5739466671875 0.58576 0.5739466671875 0.5911 0.57168 0.59672 0.5754400000000001 0.5978399999999999 0.57992 0.5947600000000001 0.5780533328125 0.58802 0.5848 0.58858 0.5848 0.5998
9 0.5611466671875001 0.54446 0.5601066671875 0.54688 0.5602933328125 0.5507 0.5533333328125 0.55874 0.5529866671875 0.5623 0.5531466671875 0.5660000000000001 0.5590933328125 0.5779799999999999 0.5590933328125 0.5804 0.55792 0.58792 0.5560266671874999 0.59136 0.554 0.59428 0.5614666671874999 0.5953 0.5645333328125 0.59428 0.5645333328125 0.5897 0.5664 0.5730000000000001 0.56776 0.55618 0.5660533328125 0.54904 0.5653866671875 0.54522 0.5641866671875 0.5442 0.5611466671875001 0.54446
9 0.7269599999999999 0.57396 0.7283466671875 0.5826 0.7301866671874999 0.6281399999999999 0.73248 0.62538 0.7389066671875 0.6088199999999999 0.7444266671875 0.60848 0.74352 0.59882 0.7412266671875 0.57984 0.7407466671875 0.56776 0.7370666671875 0.5650000000000001 0.7352266671875001 0.56328 0.7301866671874999 0.56568 0.7269599999999999 0.57396
9 0.55824 0.55418 0.5579733328125001 0.54568 0.5555466671875 0.54506 0.5549866671875 0.54142 0.55392 0.53898 0.5506666671875 0.53858 0.5477066671874999 0.54 0.54608 0.54264 0.5412266671875 0.54506 0.54096 0.54994 0.5406666671875 0.55418 0.5406666671875 0.55804 0.5420266671875 0.55986 0.5428533328125 0.56046 0.5436533328125 0.56472 0.5420266671875 0.57324 0.5412266671875 0.57688 0.5420266671875 0.58094 0.5420266671875 0.58296 0.5477066671874999 0.58174 0.5485066671875 0.57404 0.5506666671875 0.57566 0.5525599999999999 0.5827600000000001 0.55688 0.5835600000000001 0.5587733328125 0.56574 0.5533866671875 0.56472 0.55392 0.56066 0.55824 0.55418
13 0.03888 0.50722 0.1146666671875 0.51032 0.1105333328125 0.50102 0.1394666671875 0.41006 0.027839999999999997 0.39249999999999996 0.027839999999999997 0.4452 0.05541333281250001 0.48448 0.03888 0.50722
9 0.4770666671875 0.55708 0.4749066671875 0.56052 0.4843466671875 0.56274 0.48840000000000006 0.56314 0.48840000000000006 0.5609200000000001 0.48760000000000003 0.5509999999999999 0.4881333328125 0.54938 0.4892 0.53906 0.48893333281249995 0.5334 0.48514666718750005 0.53076 0.48514666718750005 0.5281399999999999 0.48328 0.52712 0.47813333281250003 0.52834 0.47786666718750004 0.53056 0.4759733328125 0.53056 0.4749066671875 0.5394599999999999 0.47626666718750005 0.5431 0.47813333281250003 0.54918 0.4770666671875 0.55708
9 0.4486133328125 0.55958 0.45466666718750004 0.55396 0.45368 0.52876 0.4508 0.52422 0.4498133328125 0.52058 0.44765333281249997 0.51732 0.4445066671875 0.51696 0.44136 0.51806 0.4404 0.52494 0.43821333281249997 0.53184 0.44064 0.54852 0.43893333281249997 0.55614 0.43821333281249997 0.5601200000000001 0.44136 0.5614 0.4486133328125 0.55958
9 0.1786666671875 0.496 0.1893333328125 0.492 0.1973333328125 0.49800000000000005 0.2133333328125 0.49800000000000005 0.2186666671875 0.49400000000000005 0.2293333328125 0.508 0.2506666671875 0.522 0.2693333328125 0.522 0.2746666671875 0.518 0.2773333328125 0.506 0.284 0.49800000000000005 0.3346666671875 0.522 0.3333333328125 0.536 0.3413333328125 0.542 0.38133333281250004 0.546 0.38933333281250004 0.536 0.388 0.523 0.40622222187499996 0.532 0.40800000000000003 0.5559999999999999 0.41600000000000004 0.562 0.43200000000000005 0.562 0.44000000000000006 0.5519999999999999 0.5428571437499999 0.552571428125 0.5946666671874999 0.568 0.5866666671874999 0.5740000000000001 0.592 0.5900000000000001 0.5893333328125 0.608 0.5973333328125 0.614 0.6133333328125 0.614 0.6213333328124999 0.604 0.616 0.592 0.6186666671875 0.576 0.6106666671875 0.568 0.5299047625 0.5487142859375 0.4521904765625 0.525571428125 0.44000000000000006 0.529333334375 0.44000000000000006 0.518 0.4346666671875 0.514 0.4262857140625 0.5178571421875 0.41333333281250006 0.514 0.40533333281250006 0.52 0.3978666671875 0.5128 0.3866666671875 0.51 0.38239999999999996 0.5115999999999999 0.38133333281250004 0.506 0.3669333328125 0.5104 0.3653333328125 0.506 0.36 0.502 0.3514666671875 0.5092 0.344 0.502 0.33599999999999997 0.508 0.29700000000000004 0.5005 0.2666666671875 0.48600000000000004 0.2613333328125 0.48200000000000004 0.24533333281249997 0.48200000000000004 0.24500000000000002 0.49050000000000005 0.2306666671875 0.49800000000000005 0.23199999999999998 0.488 0.2213333328125 0.48200000000000004 0.2133333328125 0.47400000000000003 0.20426666718750003 0.4816 0.1973333328125 0.47400000000000003 0.1866666671875 0.48 0.1786666671875 0.472 0.1765333328125 0.47519999999999996 0.1626666671875 0.472 0.1546666671875 0.47800000000000004 0.1546666671875 0.49000000000000005 0.1626666671875 0.496 0.1786666671875 0.496