9 0.061119842187499995 0.7631249999999999 0.0876424359375 0.7659374999999999 0.09559921406250001 0.762421875 0.1088408640625 0.762421875 0.1459724953125 0.76453125 0.1724754421875 0.76453125 0.19192534375 0.7568125 0.1830844796875 0.754 0.1804322203125 0.7518906249999999 0.1698231828125 0.74696875 0.144204321875 0.742046875 0.12563850625 0.739234375 0.11944990156249999 0.73009375 0.12652259375 0.706203125 0.13713163125 0.6893281250000001 0.1539292734375 0.6640312500000001 0.1636542234375 0.640828125 0.17159135625 0.6541875 0.1671709234375 0.672453125 0.174243615625 0.6858125 0.199882121875 0.711125 0.19811394843750002 0.715453125 0.1910412578125 0.746375 0.19634577656250002 0.794171875 0.214911590625 0.8581406250000001 0.2184479375 0.8953906249999999 0.21402750468749998 0.9403750000000001 0.229037328125 0.9438906250000001 0.271473478125 0.9431875 0.305933203125 0.95021875 0.363379175 0.9431875 0.3695677796875 0.9298437500000001 0.3642632609375 0.927734375 0.3298035359375 0.9199999999999999 0.289135559375 0.90171875 0.275893909375 0.88825 0.2670530453125 0.86434375 0.270589390625 0.76453125 0.27324165 0.729390625 0.29178781875 0.71321875 0.315658153125 0.657390625 0.33952848750000003 0.5393125000000001 0.34834970468750004 0.53684375 0.34834970468750004 0.526296875 0.3536542234375 0.467953125 0.344813359375 0.4496875 0.336876228125 0.422265625 0.33422396875 0.4011875 0.3403929265625 0.40246875 0.3518860515625 0.401765625 0.34746561875 0.397546875 0.3271512765625 0.379984375 0.3386444015625 0.374359375 0.3589587421875 0.36240625 0.36514734843749996 0.335703125 0.3566797640625 0.32146875 0.3624950890625 0.291359375 0.3741453828125 0.2983125 0.4658546171875 0.31451562499999997 0.47314341875 0.30178125 0.4978781921875 0.26242187499999997 0.4949705296875 0.24506250000000002 0.51243615 0.23926562499999998 0.5226326125 0.219578125 0.51098231875 0.190640625 0.4993320234375 0.166328125 0.47605108124999995 0.169796875 0.46730844843749997 0.19875 0.47314341875 0.2276875 0.45858546093749997 0.2323125 0.44838899843749996 0.26242187499999997 0.416365421875 0.24853125 0.3755992140625 0.216109375 0.32756385 0.21032812500000003 0.3246561890625 0.196421875 0.3377603140625 0.162859375 0.33192534375 0.09223437500000001 0.28243615 0.06096875 0.2023575640625 0.07370312500000001 0.1295677796875 0.15590625 0.1674263265625 0.18717187500000002 0.22275049062500002 0.190640625 0.1848919453125 0.205359375 0.14192534375000002 0.242515625 0.12137524531249999 0.30343749999999997 0.13257367343749998 0.348015625 0.12324165000000001 0.35990625 0.14192534375000002 0.388140625 0.119508840625 0.43865625 0.100825146875 0.47282812500000004 0.11015717031250001 0.529296875 0.1251080546875 0.588734375 0.12137524531249999 0.6021093750000001 0.08960707343749999 0.652625 0.0802750484375 0.694234375 0.082141453125 0.713546875 0.0752652265625 0.723765625 0.0620039296875 0.747671875 0.061119842187499995 0.7631249999999999
9 0.69070726875 0.538109375 0.7752848718750001 0.567265625 0.8288408640625 0.672640625 0.8795874265625001 0.7421562500000001 0.8626719062499999 0.7847500000000001 0.8429469546874999 0.8049375 0.8711394890624999 0.8340781249999999 0.8993320234375 0.8340781249999999 0.91624754375 0.8161406250000001 0.9303339875000001 0.7847500000000001 0.9303339875000001 0.7690625 0.902141453125 0.713 0.8795874265625001 0.6591875 0.87394891875 0.636765625 0.8570333984375 0.5784687500000001 0.8795874265625001 0.54484375 0.8824165031250001 0.535875 0.896502946875 0.4484375 0.8795874265625001 0.42153124999999997 0.8570333984375 0.396859375 0.8485854609375 0.381171875 0.845756384375 0.345296875 0.8513948921875001 0.336328125 0.8655009828125 0.320625 0.8824165031250001 0.309421875 0.8852259328125 0.307171875 0.9218860515625 0.316140625 0.9669941062499999 0.309421875 0.9698035359375 0.28923437500000004 0.9669941062499999 0.244390625 0.952888015625 0.226453125 0.9275245578125 0.226453125 0.902141453125 0.24215625 0.8993320234375 0.244390625 0.8908644406249999 0.23990625 0.8373084484375 0.228703125 0.8203929265625 0.22421875 0.7978389 0.20851562499999998 0.7978389 0.20179687500000001 0.7978389 0.179375 0.789371315625 0.147984375 0.7668172890625 0.13228125 0.7442632609375 0.1255625 0.721709234375 0.1255625 0.7047937125 0.130046875 0.676601178125 0.147984375 0.6484086437500001 0.16815625 0.6399607078125 0.20179687500000001 0.6484086437500001 0.22196875 0.676601178125 0.244390625 0.6596856578125 0.264578125 0.6427701375 0.271296875 0.6202357562499999 0.316140625 0.6202357562499999 0.36546875 0.6512377203125 0.372203125 0.665324165625 0.372203125 0.670962671875 0.394625 0.6540471515624999 0.45292187500000003 0.57793713125 0.605375 0.5751277015625 0.647984375 0.5384675828125001 0.6950624999999999 0.5525736734375 0.6950624999999999 0.5835756390625 0.6860937500000001 0.6033202359375001 0.6860937500000001 0.62868369375 0.663671875 0.62868369375 0.65021875 0.63713163125 0.63228125 0.69070726875 0.538109375
8 0.3439882125 0.32942187500000003 0.33043222031249997 0.322796875 0.3238375890625 0.29366145781249997 0.3273084484375 0.285515625 0.366895875 0.288 0.3773084484375 0.2648125 0.3512770140625 0.24907812499999998 0.326267190625 0.2615 0.3203667328125 0.3018072921875 0.30995415937500004 0.3262447921875 0.3184577609375 0.32859375 0.3064833 0.334390625 0.303359528125 0.337703125 0.30127701406249996 0.35343749999999996 0.314813359375 0.35757812499999997 0.33459724999999996 0.3468125 0.3439882125 0.32942187500000003
9 0.3606876234375 0.18392187499999998 0.36579567812499997 0.186078125 0.367819253125 0.19121875 0.367819253125 0.196078125 0.37666011718750003 0.201203125 0.3827701375 0.201203125 0.40178781875 0.200390625 0.41469548125 0.20228125000000002 0.41978389062500004 0.20390625 0.43031434218750003 0.20228125000000002 0.43131630625 0.195796875 0.434715128125 0.175 0.43540275 0.16798437500000002 0.437445971875 0.15367187499999999 0.43404715156250007 0.1404375 0.421807465625 0.13584374999999999 0.41469548125 0.13179687499999998 0.4106090375 0.12423437500000001 0.410943025 0.115328125 0.408565815625 0.10748437500000001 0.40347740625000006 0.103171875 0.3895677796875 0.10128124999999999 0.3827701375 0.102359375 0.3780157171875 0.1066875 0.3763064828125 0.111546875 0.3814145390625 0.13179687499999998 0.374950884375 0.13314062499999998 0.3708840859375 0.134765625 0.3647740671875 0.13828125 0.36239685625 0.141796875 0.35866404687500003 0.148265625 0.354577603125 0.158796875 0.35051080625000003 0.16664062500000001 0.3460903734375 0.170421875 0.3410019640625 0.179328125 0.348801571875 0.18203125 0.3573084484375 0.18203125 0.3606876234375 0.18392187499999998
9 0.1503339875 0.11246875 0.15630648281249998 0.11009374999999999 0.1600392921875 0.10178125 0.1719842828125 0.09821875 0.17870334062499998 0.09109375 0.16974459687500001 0.08040625 0.162278978125 0.071484375 0.1525736734375 0.066140625 0.139882121875 0.06792187499999999 0.1256778 0.075046875 0.121198428125 0.0821875 0.12045186562500002 0.092875 0.12045186562500002 0.10296875000000001 0.12418467656250001 0.11365624999999999 0.1226915515625 0.12137500000000001 0.11821218124999999 0.12671875 0.112986246875 0.1368125 0.1413752453125 0.12196875 0.14436149375000001 0.119 0.1503339875 0.11246875
8 0.613379175 0.222171875 0.6149901765625 0.22453125 0.6228290765625 0.225390625 0.627956778125 0.22517187500000002 0.626876228125 0.222171875 0.624440078125 0.217015625 0.6287622796875 0.21315625 0.6298428296874999 0.210359375 0.6330844796874999 0.198765625 0.6328094296875 0.19253125 0.6298428296874999 0.1908125 0.6241650296875 0.1908125 0.6174263265625 0.19275 0.6149901765625 0.195109375 0.612298625 0.20520312500000001 0.6147151281250001 0.21121875 0.6187819250000001 0.214875 0.617956778125 0.21637499999999998 0.616620825 0.218734375 0.613379175 0.222171875
8 0.4075245578125 0.219484375 0.4065815328125 0.229921875 0.400962671875 0.23142187500000003 0.4178389 0.23215625 0.41033398749999994 0.22545312499999998 0.41033398749999994 0.22023437499999998 0.4178389 0.21725 0.4178389 0.20903125 0.40188605156249996 0.2038125 0.40001964687499997 0.215 0.4075245578125 0.219484375
8 0.428664046875 0.2208125 0.42962671874999997 0.22234375 0.42962671874999997 0.22571875000000002 0.42962671874999997 0.22940624999999998 0.421709234375 0.232015625 0.4288605109375 0.23293750000000002 0.43734774062500004 0.23340624999999998 0.43966601250000004 0.23185937499999998 0.43445972499999996 0.228171875 0.4342632609375 0.22018749999999998 0.43850687656250004 0.21389062499999997 0.4394695484375 0.20928125 0.4379174859375 0.20284375 0.4292337921875 0.20221874999999997 0.42402750468750006 0.203453125 0.42286836875 0.204828125 0.42306483281249996 0.21128125 0.42402750468750006 0.21573437499999998 0.42499017656250004 0.21865625 0.428664046875 0.2208125
8 0.5970333984375 0.22028124999999998 0.5966601171875 0.22204687500000003 0.5998231828125 0.224875 0.6065422390624999 0.22428125 0.6100785859375 0.22115625 0.6072888015625 0.219390625 0.6072888015625 0.21596875 0.60671905625 0.21182812499999998 0.60840864375 0.205296875 0.6121218078124999 0.203375 0.6139882125 0.20278125 0.6216306484375 0.189734375 0.6236935171875 0.18157812499999998 0.6011198421875 0.18009375 0.5974066796875 0.180546875 0.5960903734375 0.181875 0.59591355625 0.192546875 0.5968369359375 0.199515625 0.6026129671875 0.20678125 0.6009430250000001 0.21804687500000003 0.5970333984375 0.22028124999999998
8 0.7292829078125 0.2833359375 0.726272803125 0.2771205359375 0.728526521875 0.272515625 0.7275245578125 0.269296875 0.7243895593749999 0.268602678125 0.7336935171875 0.234296875 0.7382711203125 0.22990624999999998 0.7373673875 0.225296875 0.7171709234375 0.221390625 0.71685658125 0.23453125 0.7225063140625 0.260084821875 0.7184479374999999 0.26890625 0.709371315625 0.276515625 0.707858546875 0.29175 0.7300392921875 0.29415625 0.7281560484375 0.2856383921875 0.7292829078125 0.2833359375
8 0.50145383125 0.1879375 0.4981139484375 0.1694375 0.4881532421875 0.16414062499999998 0.47707269218750004 0.1703125 0.47375245625 0.179125 0.47153241718750005 0.20554687500000002 0.48039292656250004 0.201140625 0.48705304531250004 0.19409375 0.50145383125 0.1879375
8 0.9155992140625001 0.27754687499999997 0.9155992140625001 0.26432812499999997 0.9100589390625 0.252875 0.8834774062499999 0.268734375 0.901198428125 0.283703125 0.9100589390625 0.283703125 0.9155992140625001 0.27754687499999997
9 0 0.3061875 0.008781925 0.30081250000000004 0.029037328125 0.32051562499999997 0.031296659375 0.35275 0.031296659375 0.36171875 0.0605697453125 0.3635 0.0628290765625 0.347390625 0.053811395312499996 0.304390625 0.0583104125 0.24529687500000003 0.0628290765625 0.20051562500000003 0.049312376562499996 0.14320312500000001 0.038055009375 0.125296875 0.042554028125 0.109171875 0.0335363453125 0.08051562500000001 0 0.055437499999999994 0 0.3061875
8 0.45023575625 0.203375 0.376404715625 0.1975 0.3656188609375 0.197046875 0.3616306484375 0.184859375 0.34913555937499996 0.179890625 0.33267190625 0.18575 0.3144990171875 0.19207812500000002 0.325284871875 0.20382812499999997 0.3502750484375 0.212859375 0.3752652265625 0.22007812499999999 0.386620825 0.234078125 0.39400785781250003 0.235890625 0.465559921875 0.23318750000000002 0.46669941093749995 0.22865625 0.4473870328125 0.22776562500000003 0.45023575625 0.203375
8 0.62732809375 0.22215625 0.62732809375 0.224703125 0.6209233796875 0.224703125 0.6155795671875001 0.223 0.6161100203125 0.22171875000000002 0.6097053046875 0.220453125 0.60117878125 0.21960937500000002 0.597956778125 0.22087500000000002 0.5872888015625 0.21960937500000002 0.5899607078125 0.21662499999999998 0.5856974453125 0.21578124999999998 0.572888015625 0.214515625 0.5547347734375 0.214515625 0.53070726875 0.21578124999999998 0.5339096265625 0.2170625 0.55206286875 0.220453125 0.5760903734375 0.224265625 0.6225147343749999 0.22937500000000002 0.6652259328125 0.23064062500000002 0.662023575 0.224703125 0.6289194499999999 0.22087500000000002 0.62732809375 0.22215625