2 0.34334 0.57726 0.3404 0.5753 0.33354 0.5743199999999999 0.32766 0.57334 0.3198 0.57334 0.3149 0.57334 0.31196 0.5743199999999999 0.30412 0.57628 0.29628 0.57628 0.29138000000000003 0.57824 0.29138000000000003 0.5870599999999999 0.2904 0.5900000000000001 0.29236 0.59882 0.32276 0.59882 0.3649 0.5998 0.36196 0.58902 0.35608 0.58412 0.35019999999999996 0.58216 0.34334 0.57726
2 0.20412 0.58698 0.20514000000000002 0.58904 0.20204 0.5908599999999999 0.21316000000000002 0.5911 0.21342 0.59292 0.22480000000000003 0.58956 0.22738 0.59162 0.225053334375 0.5941266656249999 0.22918 0.5924 0.23152 0.59266 0.23152 0.59422 0.24832 0.59654 0.27054 0.59654 0.28398 0.5986 0.28864 0.59834 0.29096 0.5962799999999999 0.29044 0.5875 0.27262 0.56862 0.24933999999999998 0.56758 0.24598 0.5711999999999999 0.24496 0.56914 0.23514 0.57404 0.23435999999999998 0.5688799999999999 0.22712 0.5688799999999999 0.22686 0.56474 0.21652 0.5588 0.21756000000000003 0.56758 0.21524000000000001 0.57716 0.21032 0.57172 0.20800000000000002 0.57302 0.20695999999999998 0.56836 0.20128 0.5663 0.20102000000000003 0.5606 0.19404 0.56242 0.19378 0.5650000000000001 0.20566 0.57482 0.20644 0.58336 0.20412 0.58698
2 0.28932 0.57942 0.29044 0.58672 0.2927 0.57466 0.29886 0.57382 0.31204 0.5740999999999999 0.32212 0.57186 0.34006 0.5724199999999999 0.34453999999999996 0.5752200000000001 0.3479 0.57942 0.36276 0.5856 0.36556 0.5906399999999999 0.36808 0.59316 0.37116 0.58868 0.37228 0.58196 0.37454 0.57186 0.37032 0.5601 0.36976 0.5542 0.3552 0.55532 0.29382 0.55756 0.29186 0.5601 0.2941 0.55784 0.28764 0.56486 0.27812000000000003 0.56654 0.27784 0.57074 0.28932 0.57942
2 0.4202 0.58504 0.41938000000000003 0.59502 0.42800000000000005 0.5969 0.43582 0.5969 0.4439 0.59636 0.44606 0.59474 0.44930000000000003 0.57588 0.44930000000000003 0.5734600000000001 0.44794 0.5734600000000001 0.43662 0.57992 0.43041999999999997 0.58262 0.42316000000000004 0.5828800000000001 0.4202 0.58504
9 0.7409 0.62858 0.7324200000000001 0.66252 0.72392 0.67842 0.71014 0.72828 0.7006 0.72934 0.69424 0.7378199999999999 0.6974199999999999 0.7484200000000001 0.7059 0.7494799999999999 0.71862 0.741 0.73136 0.7155400000000001 0.75892 0.6572199999999999 0.76104 0.6794800000000001 0.75998 0.71024 0.7653 0.7155400000000001 0.75786 0.75462 0.76212 0.7769 0.76954 0.82356 0.7780199999999999 0.85008 0.7801400000000001 0.8680999999999999 0.77378 0.90098 0.76318 0.92856 0.76742 0.92856 0.79924 0.9317399999999999 0.7971199999999999 0.9052199999999999 0.8066599999999999 0.8935600000000001 0.8162 0.90948 0.82256 0.9306800000000001 0.8172599999999999 0.94978 0.80242 0.96038 0.8162 0.96462 0.84378 0.9582599999999999 0.8533200000000001 0.95508 0.8490800000000001 0.9338599999999999 0.8352999999999999 0.9169 0.8289199999999999 0.88508 0.81196 0.85008 0.8162 0.8479599999999999 0.8172599999999999 0.8225 0.83636 0.7716000000000001 0.85014 0.75144 0.8512000000000001 0.72704 0.8628600000000001 0.71644 0.87666 0.68144 0.8713599999999999 0.6527999999999999 0.8543799999999999 0.6093200000000001 0.8289199999999999 0.5976600000000001 0.81196 0.58492 0.81196 0.5828 0.8151400000000001 0.56902 0.81408 0.5414399999999999 0.7971199999999999 0.53402 0.77908 0.53508 0.7706000000000001 0.5530999999999999 0.77166 0.5764400000000001 0.7780199999999999 0.5913 0.77272 0.59404 0.7567999999999999 0.6089 0.7409 0.62858
9 0.12279999999999999 0.59782 0.12472000000000001 0.59494 0.12452 0.5841999999999999 0.12624 0.58228 0.12644 0.57768 0.12836 0.57768 0.12969999999999998 0.57268 0.12932 0.57038 0.12778 0.57384 0.12568 0.5746 0.12472000000000001 0.5680799999999999 0.12490000000000001 0.56636 0.12472000000000001 0.56194 0.12088000000000002 0.56098 0.1182 0.5623400000000001 0.11742 0.56578 0.1203 0.56828 0.11686 0.57078 0.1182 0.5748 0.1155 0.57978 0.11779999999999999 0.5865 0.11779999999999999 0.59378 0.11724000000000001 0.5960799999999999 0.11916 0.5984 0.12279999999999999 0.59782
8 0.7564 0.48032 0.7574799999999999 0.48305999999999993 0.75476 0.4907 0.7629400000000001 0.48416 0.76786 0.48360000000000003 0.76678 0.48088 0.7629400000000001 0.47924 0.75694 0.47539999999999993 0.7482 0.47704 0.7564 0.48032
8 0.9552400000000001 0.25470000000000004 0.95192 0.25756 0.9480999999999999 0.26374 0.94526 0.26756 0.95168 0.2678 0.9590400000000001 0.26684 0.9650000000000001 0.2647 0.9676199999999999 0.26042 0.96738 0.25708000000000003 0.9661799999999999 0.25470000000000004 0.96214 0.25494 0.96262 0.25518 0.9604799999999999 0.25448 0.9552400000000001 0.25470000000000004
8 0.7859 0.32432 0.7849 0.32612 0.78434 0.3285 0.78444 0.32984 0.7868 0.32838 0.78704 0.3258 0.78816 0.32342 0.7886 0.31779999999999997 0.79064 0.31758000000000003 0.79276 0.31826 0.79378 0.32096 0.79378 0.32376 0.79344 0.32545999999999997 0.79254 0.3294 0.79254 0.33152 0.7942400000000001 0.3322 0.7942400000000001 0.32961999999999997 0.79558 0.3267 0.79694 0.32456 0.79558 0.32084 0.79514 0.31758000000000003 0.79558 0.31432000000000004 0.794 0.31016 0.7913 0.3097 0.78804 0.31004 0.7879400000000001 0.31779999999999997 0.7876000000000001 0.31972 0.78636 0.32152 0.7859 0.32432
8 0.63914 0.45582 0.6324 0.45682 0.63388 0.45861999999999997 0.6368400000000001 0.46403999999999995 0.6368400000000001 0.47128 0.64012 0.47012 0.64144 0.45896 0.63914 0.45582
8 0.56518 0.5118 0.56086 0.51504 0.56382 0.5191 0.57736 0.52884 0.57682 0.5256000000000001 0.5732999999999999 0.51666 0.56518 0.5118
8 0.45890000000000003 0.52068 0.45804 0.523 0.45384 0.52574 0.46105999999999997 0.53152 0.4638 0.53628 0.45962 0.54812 0.46858000000000005 0.53758 0.46958 0.53398 0.46958 0.53368 0.47002 0.5347000000000001 0.47666000000000003 0.51996 0.47522000000000003 0.5163599999999999 0.46858000000000005 0.5165 0.45890000000000003 0.52068
8 0.23424 0.11712 0.19144 0.11035999999999999 0.17118 0.09459999999999999 0.13738 0.07882 0.11035999999999999 0.045040000000000004 0.11035999999999999 0.04954 0.12387999999999999 0.08784 0.14864 0.13964000000000001 0.15089999999999998 0.13288 0.18468 0.13064 0.23424 0.11712
8 0.1622 0.49576000000000003 0.16022 0.48634000000000005 0.16314 0.49548 0.1637 0.49548 0.16146 0.48606 0.16644 0.49002 0.16728 0.48963999999999996 0.16202 0.48390000000000005 0.16240000000000002 0.47958 0.15928 0.47759999999999997 0.1557 0.47768 0.15467999999999998 0.48022 0.15768 0.48436 0.15928 0.4856 0.15975999999999999 0.49332000000000004 0.1622 0.49576000000000003
8 0.04178 0.48954000000000003 0.04898 0.48684000000000005 0.0518 0.49456 0.053759999999999995 0.48782 0.04972 0.48428000000000004 0.0458 0.48366 0.04056 0.48782 0.03614 0.48612 0.030520000000000002 0.48231999999999997 0.026860000000000002 0.4838 0.02294 0.49013999999999996 0.02294 0.4932 0.027339999999999996 0.48562000000000005 0.02918 0.48525999999999997 0.03114 0.48684000000000005 0.03628 0.49112 0.03602 0.49833999999999995 0.03908 0.49822 0.0403 0.49345999999999995 0.04178 0.48954000000000003
9 0.86144 0.6220600000000001 0.8637600000000001 0.61638 0.8637600000000001 0.6132799999999999 0.86582 0.60812 0.8650399999999999 0.60348 0.8678800000000001 0.60194 0.8689199999999999 0.59858 0.8653000000000001 0.5911 0.86144 0.5887800000000001 0.8586 0.58362 0.8518800000000001 0.58388 0.85138 0.58672 0.85138 0.59188 0.8557600000000001 0.59342 0.8562799999999999 0.59524 0.8554999999999999 0.60014 0.85472 0.6068399999999999 0.8573000000000001 0.61044 0.8573000000000001 0.6171599999999999 0.86144 0.6220600000000001
9 0.24384 0.57824 0.24900000000000003 0.58404 0.25028 0.5795399999999999 0.24192 0.56924 0.23806 0.56344 0.23548 0.5673 0.23354 0.5730999999999999 0.23354 0.58404 0.23290000000000002 0.59756 0.2374 0.59886 0.2432 0.59692 0.24384 0.57824
9 0.22448 0.58316 0.22448 0.57698 0.22391999999999998 0.57192 0.22391999999999998 0.56742 0.22000000000000003 0.5663 0.21944 0.5690999999999999 0.21888000000000002 0.57192 0.21718 0.5727599999999999 0.21549999999999997 0.57528 0.21381999999999998 0.5781 0.21494 0.5792200000000001 0.21494 0.58372 0.21606 0.58906 0.21661999999999998 0.59804 0.22336 0.5988800000000001 0.22448 0.5960799999999999 0.22448 0.5899 0.22448 0.58316
9 0.64506 0.5892999999999999 0.64232 0.59832 0.6419400000000001 0.61006 0.64076 0.6175200000000001 0.63802 0.61868 0.6431 0.61948 0.6446799999999999 0.60772 0.6493800000000001 0.6038 0.65056 0.60576 0.65134 0.61516 0.6493800000000001 0.62026 0.6529 0.6190800000000001 0.65408 0.6136 0.65408 0.6065400000000001 0.65642 0.6042 0.65604 0.5944 0.65642 0.58538 0.6619200000000001 0.58342 0.6587799999999999 0.57598 0.65486 0.57246 0.65252 0.5662 0.65134 0.5662 0.64702 0.56776 0.6486 0.5736399999999999 0.64506 0.57756 0.64506 0.5892999999999999
9 0.8682399999999999 0.61656 0.87074 0.61608 0.87436 0.604 0.8749800000000001 0.60118 0.87734 0.6019599999999999 0.87686 0.61482 0.87734 0.6164 0.87812 0.61672 0.8789 0.61702 0.88172 0.61686 0.88048 0.61592 0.88142 0.60666 0.8806200000000001 0.5894 0.8815799999999999 0.58736 0.88172 0.58392 0.87874 0.57952 0.87812 0.57826 0.8789 0.5749799999999999 0.8753 0.5723 0.8737199999999999 0.57528 0.87388 0.5791999999999999 0.87012 0.5814 0.86776 0.58612 0.8691800000000001 0.59098 0.87058 0.59836 0.8690200000000001 0.60682 0.86682 0.61342 0.8666600000000001 0.61342 0.8673 0.61546 0.8682399999999999 0.61656
9 0.47232 0.57236 0.46849999999999997 0.57998 0.46773999999999993 0.59446 0.47535999999999995 0.596 0.47384000000000004 0.59066 0.47384000000000004 0.58456 0.47232 0.57236
9 0.7459800000000001 0.59746 0.74612 0.5945400000000001 0.7477400000000001 0.59352 0.7494799999999999 0.59484 0.75066 0.59804 0.75182 0.6014 0.7524 0.60404 0.75358 0.60622 0.7546 0.60798 0.75634 0.60812 0.75694 0.60696 0.75664 0.60024 0.75548 0.59658 0.7546 0.5926400000000001 0.7540199999999999 0.58944 0.7546 0.5865199999999999 0.75634 0.58302 0.75722 0.5795 0.75634 0.5763 0.7540199999999999 0.57352 0.75066 0.5725 0.7475799999999999 0.5722 0.74642 0.57104 0.74642 0.5687 0.7458400000000001 0.5665199999999999 0.74248 0.56608 0.73926 0.5687 0.73926 0.57176 0.74 0.57454 0.74378 0.5782 0.74326 0.5806199999999999 0.74154 0.5844199999999999 0.74032 0.58666 0.7398 0.58856 0.74256 0.58804 0.74412 0.5878599999999999 0.74516 0.58958 0.74532 0.5901 0.74412 0.59148 0.74274 0.59304 0.7411800000000001 0.59546 0.7411800000000001 0.5977 0.74084 0.6006199999999999 0.7411800000000001 0.60286 0.74136 0.60424 0.74136 0.6058 0.7405 0.60666 0.73844 0.60666 0.7370599999999999 0.607 0.7370599999999999 0.6077 0.73882 0.60812 0.74452 0.60768 0.7462799999999999 0.60652 0.7458400000000001 0.60068 0.7459800000000001 0.59746
9 0.52474 0.59082 0.52494 0.57614 0.52494 0.57146 0.52454 0.568 0.51964 0.568 0.51864 0.57146 0.5172 0.57228 0.5137400000000001 0.5739 0.5137400000000001 0.57838 0.5174000000000001 0.5788 0.51578 0.58572 0.5153800000000001 0.5985400000000001 0.51762 0.59896 0.52514 0.5985400000000001 0.52474 0.59082
9 0.96388 0.59966 0.9672000000000001 0.6032 0.96896 0.60232 0.96764 0.5979 0.9632 0.58594 0.95834 0.5830599999999999 0.9552400000000001 0.5788599999999999 0.9537000000000001 0.57952 0.9537000000000001 0.5846199999999999 0.95236 0.58772 0.94794 0.59722 0.9472799999999999 0.60144 0.94926 0.60188 0.95326 0.5967800000000001 0.95414 0.6060800000000001 0.9552400000000001 0.6071799999999999 0.95436 0.6167 0.9556800000000001 0.6198 0.9621000000000001 0.6198 0.96388 0.59966
2 0.63788 0.58458 0.6460600000000001 0.5743400000000001 0.6552800000000001 0.57126 0.6604 0.5815 0.6604 0.59482 0.6634800000000001 0.5968600000000001 0.67782 0.59584 0.67986 0.58764 0.6900999999999999 0.5825199999999999 0.68602 0.58048 0.68498 0.56922 0.69626 0.56818 0.6993199999999999 0.56204 0.6982999999999999 0.5599999999999999 0.67986 0.55488 0.61534 0.5599999999999999 0.59794 0.57638 0.5877 0.5907199999999999 0.58974 0.5968600000000001 0.60818 0.59892 0.62866 0.5938 0.63788 0.5907199999999999 0.63788 0.58458
2 0.43014 0.58354 0.43933999999999995 0.57878 0.40616 0.57698 0.39876 0.57698 0.39696 0.58174 0.39777999999999997 0.58666 0.39678 0.59062 0.39662000000000003 0.5939 0.39942 0.5968600000000001 0.41864 0.59652 0.42078 0.58436 0.42257999999999996 0.5824 0.43014 0.58354
8 0.22052 0.51544 0.22546 0.52096 0.22052 0.5262800000000001 0.22071999999999997 0.52904 0.23354 0.5205599999999999 0.23393999999999998 0.5184 0.2225 0.5144599999999999 0.22052 0.51544
8 0.19328 0.51854 0.19541999999999998 0.52024 0.19736 0.52346 0.19841999999999999 0.5228200000000001 0.20056 0.51854 0.20314000000000002 0.51746 0.20506000000000002 0.51554 0.20356000000000002 0.51296 0.20099999999999998 0.5121 0.20013999999999998 0.51104 0.19841999999999999 0.5104 0.19672 0.51232 0.19414 0.51424 0.18986 0.5144599999999999 0.18836 0.51682 0.18964 0.51788 0.19328 0.51854
9 0.39652 0.5808 0.39754 0.5768 0.3967 0.57414 0.39502000000000004 0.5728 0.3927 0.5743 0.39168 0.57596 0.39068 0.5789799999999999 0.39002 0.57998 0.38818 0.58748 0.38917999999999997 0.5925 0.39068 0.5974999999999999 0.39986 0.599 0.39804 0.5889800000000001 0.39652 0.5808
9 0.70758 0.59702 0.71056 0.5885 0.71248 0.5885 0.71568 0.59254 0.72058 0.59234 0.72058 0.58978 0.7139800000000001 0.58168 0.7090799999999999 0.57592 0.7082200000000001 0.5720799999999999 0.70738 0.5689 0.7031 0.56654 0.69948 0.56782 0.6982 0.5706 0.6965 0.57294 0.69458 0.57336 0.69224 0.5718799999999999 0.68606 0.56932 0.68478 0.5714400000000001 0.6916 0.5772 0.69544 0.5789 0.69736 0.59446 0.69756 0.61002 0.70162 0.61216 0.70802 0.6113000000000001 0.70758 0.59702
13 0.45552000000000004 0.59232 0.46762 0.59704 0.46836 0.58438 0.47234 0.57152 0.47386 0.56982 0.47573999999999994 0.56962 0.47802 0.57076 0.47896 0.57378 0.4746 0.59062 0.47706 0.59138 0.47725999999999996 0.59138 0.4852 0.58872 0.48634000000000005 0.59062 0.48613999999999996 0.5963 0.51432 0.5981799999999999 0.51336 0.58834 0.51242 0.57662 0.51544 0.5726600000000001 0.51866 0.5683 0.52376 0.56604 0.5266 0.56868 0.52396 0.59874 0.53208 0.59874 0.5353 0.59214 0.5355000000000001 0.59194 0.53492 0.58514 0.53776 0.57606 0.5394599999999999 0.57246 0.5404 0.5717 0.5423 0.57114 0.54476 0.57096 0.54514 0.57096 0.5458999999999999 0.5717 0.54664 0.57284 0.54722 0.57512 0.5476 0.58418 0.55176 0.58816 0.55308 0.59232 0.54626 0.5917600000000001 0.5483399999999999 0.59874 0.55932 0.59856 0.56026 0.58324 0.56064 0.55564 0.54872 0.55508 0.49824 0.5522400000000001 0.47782 0.55374 0.47725999999999996 0.55602 0.46420000000000006 0.5675399999999999 0.45552000000000004 0.59232
13 0.92034 0.5877 0.91784 0.6126199999999999 0.9555199999999999 0.6148 0.95272 0.59768 0.9483599999999999 0.6035999999999999 0.9486800000000001 0.59736 0.9533400000000001 0.58552 0.95272 0.57836 0.95896 0.57806 0.9592599999999999 0.58334 0.9651799999999999 0.58522 0.96736 0.5948800000000001 0.9776400000000001 0.5955 0.98356 0.60234 0.98698 0.59924 0.98698 0.58864 0.9888600000000001 0.5771200000000001 0.9873 0.54566 0.96426 0.54598 0.94152 0.5593600000000001 0.9384 0.5593600000000001 0.9356 0.57462 0.92034 0.5877
8 0.56496 0.50652 0.56562 0.50458 0.56552 0.50438 0.5614399999999999 0.50132 0.5602400000000001 0.5017 0.55986 0.5020800000000001 0.5574600000000001 0.503 0.55634 0.503 0.5562400000000001 0.503 0.55596 0.50254 0.5569 0.5016 0.5569 0.50152 0.55912 0.5008600000000001 0.56006 0.5004 0.56182 0.50022 0.56348 0.49966 0.56376 0.49948 0.5647800000000001 0.499 0.56692 0.49808 0.5683 0.49734 0.5696 0.4967 0.57044 0.49622 0.57332 0.49614 0.57414 0.49576000000000003 0.5749 0.49501999999999996 0.5761000000000001 0.49298000000000003 0.5723 0.49168 0.57062 0.49269999999999997 0.56896 0.49400000000000005 0.5684 0.49484000000000006 0.56748 0.49558 0.56608 0.49604 0.56496 0.4967 0.56274 0.49817999999999996 0.56108 0.49846 0.55894 0.49846 0.55644 0.49882 0.55494 0.49948 0.5543 0.50078 0.55374 0.5022599999999999 0.55384 0.50346 0.55504 0.50494 0.55578 0.5050399999999999 0.5569 0.50616 0.55968 0.51154 0.55986 0.5117200000000001 0.56126 0.51366 0.56496 0.50652
8 0.22886 0.47363999999999995 0.22674 0.47519999999999996 0.22602000000000003 0.47675999999999996 0.22504 0.48183999999999994 0.22418 0.48453999999999997 0.23168000000000002 0.47648 0.23252 0.47492 0.23154 0.47363999999999995 0.22886 0.47363999999999995
2 0.18104 0.57508 0.1837 0.5775 0.18708 0.5804199999999999 0.19 0.5838 0.19362 0.58768 0.19483999999999999 0.5947 0.19992000000000001 0.59324 0.20379999999999998 0.59082 0.20379999999999998 0.58986 0.20476 0.58598 0.20524 0.58284 0.20622 0.57992 0.20670000000000002 0.57558 0.20936 0.57074 0.20329999999999998 0.5661400000000001 0.17474 0.5656399999999999 0.17474 0.5668599999999999 0.17716 0.57194 0.18104 0.57508
9 0.174 0.5820000000000001 0.16799999999999998 0.58 0.16799999999999998 0.5660000000000001 0.158 0.564 0.154 0.568 0.154 0.592 0.172 0.596 0.174 0.5820000000000001
8 0.213333334375 0.536666665625 0.2045 0.541 0.20400000000000001 0.5519999999999999 0.21200000000000002 0.5559999999999999 0.21800000000000003 0.5519999999999999 0.21600000000000003 0.512 0.308 0.48200000000000004 0.314 0.48600000000000004 0.32999999999999996 0.483 0.35 0.49400000000000005 0.348 0.504 0.354 0.508 0.36 0.504 0.36 0.49800000000000005 0.358 0.49400000000000005 0.360133334375 0.493866665625 0.502 0.492 0.5 0.502 0.506 0.506 0.512 0.502 0.512 0.496 0.51 0.492 0.512 0.4916521734375 0.592 0.48886956562500006 0.73 0.49400000000000005 0.736 0.49800000000000005 0.742 0.49400000000000005 0.742 0.488 0.74 0.484 0.602 0.488521740625 0.32 0.48200000000000004 0.32 0.476 0.318 0.472 0.31 0.472 0.2154545453125 0.504727271875 0.21400000000000002 0.508 0.20600000000000002 0.508 0.20550000000000002 0.519 0.20866666562499997 0.527333334375 0.205 0.53 0.213333334375 0.536666665625