8 1 0.4651666671875 0.9977499999999999 0.4089791671875 0.9994375 0.0202291671875 0.7045 0.0426875 0.7028125000000001 0.053937500000000006 0.7028125000000001 0.19102083281249999 0.69775 0.3820208328125 0.72303125 0.39775 0.8005625000000001 0.39775 0.8005625000000001 0.40449999999999997 0.7786562499999999 0.4382083328125 0.7786562499999999 0.45841666718749996 0.891578125 0.46966666718749994 1 0.4651666671875
8 0.42000000000000004 0.9882291671875001 0.35646875 0.5976458328125 0 0.6376458328125 0.0017656249999999998 0.9858750000000001 0.42000000000000004 0.9882291671875001
8 1 0.9124166671875 0.9919062500000001 0.8966875 0.9381875000000001 0.8705 0.9080468749999999 0.8547708328124999 0.8268125 0.8407916671875 0.778328125 0.8425416671875 0.7128125 0.8285625 0.6473125 0.8058541671875 0.5713125 0.791875 0.51890625 0.793625 0.463875 0.8006041671874999 0.42979687499999997 0.8180833328125001 0.40753125 0.8425416671875 0.397046875 0.8530208328125 0.41801562499999995 0.9508541671874999 0.42325 0.9962708328125001 1 1 1 0.9124166671875
8 0.41798437499999996 1 0.364046875 0.60675 0.0016875000000000002 0.6337083328124999 0 1 0.41798437499999996 1
8 0.07503125000000001 0.5666041671875 0.077359375 0.603 0.0836875 0.603 0.098328125 0.5972291671875001 0.096 0.5754791671875 0.1 0.5430833328125 0.10132812499999999 0.5204583328125 0.09234375 0.49783333281250003 0.083359375 0.48452083281249997 0.08003125 0.48541666718750004 0.07503125000000001 0.4907291671875 0.062406249999999996 0.48724999999999996 0.065046875 0.505375 0.07270312500000001 0.5426458328125 0.07503125000000001 0.5666041671875
8 0.020546875 0.5281458328124999 0.0200625 0.5675208328125 0.025859375 0.6320416671875 0.050062499999999996 0.6275416671875 0.043296875 0.6010833328125 0.042812499999999996 0.5558958328125 0.03990625 0.5287916671875 0.0389375 0.5158958328125001 0.03603125 0.5062083328125 0.022 0.4971666671875 0.021515625 0.5081458328124999 0.021515625 0.5133125 0.021515625 0.5171875 0.020546875 0.5281458328124999
8 0.05242187499999999 0.6267291671875 0.066015625 0.614375 0.05675 0.5871458328125 0.050562499999999996 0.5071666671874999 0.037578125000000004 0.5129374999999999 0.042515625 0.5574791671875 0.043140625 0.5995208328125 0.05242187499999999 0.6267291671875
8 0 0.2501875 0.002375 0.2501875 0.09203125 0.256 0.088296875 0.244375 0.088921875 0.2410625 0.06526562500000001 0.23939583281250001 0.064640625 0.2311041671875 0.0198125 0.2302708328125 0.0198125 0.2385625 0 0.2385625 0 0.2501875
8 0.069015625 0.44420833281250005 0.029578125 0.4182708328125 0.029046875 0.42387499999999995 0.0395625 0.43931250000000005 0.07796875 0.45964583281250004 0.078484375 0.4841875 0.087953125 0.4834791671875 0.09059375 0.4568333328125 0.069015625 0.44420833281250005
8 0.48224999999999996 0.5633333328125001 0.487109375 0.6552916671875 0.50171875 0.6520416671875 0.50171875 0.543875 0.511453125 0.30416666718749996 0.480625 0.2998333328125 0.431140625 0.2814375 0.360546875 0.2955 0.32810937500000004 0.2998333328125 0.318359375 0.3474375 0.30539062499999997 0.36906249999999996 0.269765625 0.3733958328125 0.254359375 0.386375 0.24706250000000002 0.4209791671875 0.24867187500000001 0.44262499999999994 0.24543750000000003 0.4685833328125 0.24706250000000002 0.49887499999999996 0.24300000000000002 0.5291666671875 0.24706250000000002 0.5939583328125 0.26409375 0.592875 0.26328125 0.5636666671875 0.30384375 0.5744791671875 0.337109375 0.5809791671875 0.339546875 0.6036875 0.353328125 0.6058541671875 0.353328125 0.586375 0.40981249999999997 0.5850625 0.436734375 0.5818749999999999 0.436734375 0.5930416671875001 0.43432812500000006 0.61575 0.438828125 0.6588125 0.43703125 0.6679583328125 0.43732812499999996 0.693875 0.44734375000000004 0.6953958328125001 0.45142187500000003 0.6909791671875001 0.449796875 0.6585208328125 0.45628124999999997 0.6163333328125 0.45465625000000004 0.5849791671875 0.48224999999999996 0.5633333328125001
8 0.03021875 0.3292083328125 0.02759375 0.3292083328125 0.029562500000000002 0.35025 0.122890625 0.4641666671875 0.1275 0.4571666671875 0.03546875 0.34500000000000003 0.03021875 0.3292083328125