8 0.22393749999999998 0.5264522828125 0.218890625 0.534605809375 0.21853125 0.5460995843750001 0.21925 0.55904564375 0.21960937500000002 0.5662240656249999 0.21853125 0.57437759375 0.21853125 0.580601659375 0.21853125 0.5877800828125 0.224296875 0.599771784375 0.22718750000000001 0.6026348546875 0.23765624999999999 0.60504149375 0.23981249999999998 0.6131742734375 0.24126562499999998 0.62466805 0.24739062500000003 0.6285062234375001 0.248484375 0.6265975109374999 0.245953125 0.619398340625 0.24342187499999998 0.6117427390625 0.24342187499999998 0.6074273859375 0.246671875 0.6031120328124999 0.251 0.599273859375 0.251734375 0.60120331875 0.251734375 0.6141286312500001 0.252453125 0.619398340625 0.25460937499999997 0.6189211625000001 0.256421875 0.6093360999999999 0.2575 0.6117427390625 0.258578125 0.6189211625000001 0.26110937500000003 0.6265975109374999 0.264359375 0.6328215765625 0.26579687500000004 0.6347302906250001 0.26796875 0.6347302906250001 0.26940624999999996 0.6280290453124999 0.26940624999999996 0.6179668046875 0.269046875 0.6136514515625 0.26760937500000004 0.60599585 0.272296875 0.6026348546875 0.285640625 0.60120331875 0.28709375000000004 0.599273859375 0.287453125 0.5772406640625001 0.288171875 0.5681327796875 0.28853125 0.55520746875 0.286375 0.5475311203125 0.28131249999999997 0.5321991703125 0.276625 0.5226141078125 0.27265625 0.5159128625 0.2705 0.50537344375 0.271578125 0.5024896265625001 0.276984375 0.5010580906250001 0.27915625 0.5034647296875 0.28240625 0.5063278015625 0.28384375 0.5044190875 0.28312499999999996 0.49867219843750005 0.279875 0.494834025 0.27734375 0.49340248906250006 0.273015625 0.490518671875 0.26725 0.4924273859375 0.26471875 0.49099585 0.260390625 0.49099585 0.257140625 0.49292531093749997 0.24739062500000003 0.4976970953125 0.24162499999999998 0.50921161875 0.2401875 0.5135269703125 0.23151562499999997 0.5211825718750001 0.22393749999999998 0.5264522828125
2 0.730328125 0.4121369296875 0.7281875 0.395103734375 0.68928125 0.38647302968749997 0.68821875 0.38647302968749997 0.680734375 0.389315353125 0.675390625 0.390726140625 0.671125 0.3921576765625 0.671125 0.40209543593749997 0.671125 0.4049170125 0.671125 0.4120124484375 0.671125 0.4176970953125 0.6721874999999999 0.4233609953125 0.718140625 0.42195020781250003 0.7142968749999999 0.42205394218750003 0.7260625 0.41780082968750004 0.729265625 0.41921161875 0.7281875 0.41495850624999997 0.730328125 0.4121369296875
9 0.8577031249999999 0.49363070468750003 0.860734375 0.4981535265625 0.8648906249999999 0.50620331875 0.870953125 0.5197717843749999 0.874359375 0.534356846875 0.87815625 0.5383817421875 0.8898906249999999 0.5383817421875 0.8955624999999999 0.534356846875 0.8982187500000001 0.5278215765625001 0.8951874999999999 0.5258091281249999 0.89140625 0.52429460625 0.8880000000000001 0.5247925312499999 0.883828125 0.5222821578125 0.880046875 0.5132365140624999 0.877765625 0.505186721875 0.87321875 0.4931120328125 0.871328125 0.4820539421875 0.870953125 0.470497925 0.867546875 0.4624481328125 0.8690625000000001 0.4584232359375 0.867546875 0.44887966874999996 0.8686875000000001 0.4378215765625 0.871328125 0.4378215765625 0.875125 0.43931535312500003 0.87965625 0.445850621875 0.8823124999999999 0.4529045640625 0.8830781249999999 0.4529045640625 0.886859375 0.4473651453125 0.884203125 0.44082987500000004 0.8747343750000001 0.43327800781250003 0.870578125 0.4222199171875 0.870578125 0.3985892109375 0.87209375 0.399605809375 0.87284375 0.3925518671875 0.873609375 0.38802904531250004 0.87209375 0.378983403125 0.86565625 0.37495850625 0.86034375 0.3819917015625 0.8611093750000001 0.39053941875 0.8588281249999999 0.3935684640625 0.8520156249999999 0.4081535265625 0.848609375 0.42825726093750005 0.8452031249999999 0.4463692953125 0.8440625 0.459937759375 0.8452031249999999 0.46898340312500003 0.847859375 0.47400415 0.84671875 0.4770331953125 0.844828125 0.4835684640625 0.84028125 0.49363070468750003 0.83459375 0.5082157671875 0.8319531250000001 0.5217842328125 0.8277812499999999 0.535352696875 0.8327031249999999 0.53587136875 0.84065625 0.53587136875 0.842171875 0.5318464734374999 0.842171875 0.52429460625 0.8436875 0.5157468875 0.849375 0.4986514515625 0.8561875000000001 0.49112033125 0.8558125000000001 0.4916182578125 0.8565625000000001 0.4916182578125 0.8577031249999999 0.49363070468750003
9 0.3439375 0.43203319531249995 0.344953125 0.4226970953125 0.34415625 0.4167012453125 0.344234375 0.4110788375 0.344796875 0.4076556015625 0.34767187499999996 0.41412863125 0.34753124999999996 0.40479253125000003 0.345296875 0.398983403125 0.343078125 0.39535269687499996 0.3400625 0.390684646875 0.341 0.385933609375 0.340921875 0.3820331953125 0.33914062500000003 0.37887966875 0.3361875 0.380020746875 0.335109375 0.38612033125 0.33576562499999996 0.39012448125 0.333890625 0.395829875 0.32865625 0.399564315625 0.32751562500000003 0.405269709375 0.32571875 0.42099585 0.32621875 0.4329875515625 0.328078125 0.4326141078125 0.328078125 0.425560165625 0.328078125 0.4218464734375 0.335625 0.43508298749999996 0.33590624999999996 0.44022821562500003 0.330671875 0.4526141078125 0.32995312499999996 0.4567219921875 0.329453125 0.460809128125 0.330375 0.463858921875 0.33418749999999997 0.464149378125 0.3366875 0.4623443984375 0.334546875 0.45929460625 0.33590624999999996 0.455103734375 0.337046875 0.45091286249999996 0.33834375 0.44860995781249996 0.33964062500000003 0.45184647343749995 0.33985937499999996 0.46033194999999993 0.34049999999999997 0.46423236562500003 0.3405625 0.4630082984375 0.346671875 0.46356846406249996 0.34271875 0.44404564375 0.34171874999999996 0.4376556015625 0.3439375 0.43203319531249995
9 0.3640625 0.428900415625 0.3681875 0.4276970953125 0.36924999999999997 0.4236514515625 0.36996875 0.414854771875 0.36924999999999997 0.41033194999999995 0.365671875 0.40676348593749995 0.361375 0.405103734375 0.361015625 0.40248962656250004 0.360484375 0.39917012500000004 0.35796875 0.3960788375 0.356359375 0.3967842328125 0.35475 0.4036721984375 0.35475 0.4065352703125 0.35331250000000003 0.4122406640625 0.352234375 0.4181950203125 0.354203125 0.4229460578125 0.35940625000000004 0.425560165625 0.3640625 0.428900415625
9 0.974234375 0.42006224062499997 0.9752968750000001 0.40599584999999994 0.9774062499999999 0.40107883749999995 0.97953125 0.39475103749999996 0.973171875 0.3849170125 0.972640625 0.3919502078125 0.9668281249999999 0.39334024843750004 0.9694687500000001 0.40248962656250004 0.97 0.41865145156250005 0.9689375 0.41585062187500005 0.9694687500000001 0.4284854765625 0.974234375 0.42006224062499997
9 0.40715625 0.41960580937499997 0.4091875 0.41933610000000004 0.407765625 0.4112448125 0.40756249999999994 0.40962655625 0.408984375 0.4034024890625 0.41 0.4034024890625 0.41020312499999995 0.3974688796875 0.4059375 0.3977385890625 0.404921875 0.4015145234375 0.40390625 0.410975103125 0.403703125 0.4112448125 0.4059375 0.41852697031249997 0.40715625 0.41960580937499997
9 0.77115625 0.419564315625 0.770234375 0.41744813281250004 0.7714218749999999 0.41307053906249996 0.773140625 0.41815352656250004 0.7749843750000001 0.4172821578125 0.774203125 0.41080912812500003 0.77275 0.40904564375 0.77103125 0.40047717812499994 0.7740625 0.3994190875 0.7739375 0.3962655609375 0.77209375 0.394170125 0.77275 0.390829875 0.77209375 0.38802904531250004 0.77090625 0.3868049796875 0.7687968749999999 0.388900415625 0.76746875 0.3920539421875 0.766546875 0.3964315359375 0.7676093749999999 0.4076556015625 0.7681250000000001 0.4081742734375 0.769046875 0.41412863125 0.76865625 0.41518672187499994 0.76865625 0.419024896875 0.77115625 0.419564315625
9 0.39845312499999996 0.400850621875 0.397171875 0.39742738593750004 0.39428125 0.39871369218749997 0.3933125 0.400850621875 0.393953125 0.4063692953125 0.393640625 0.41446058125 0.3933125 0.41531120312500003 0.3955625 0.410643153125 0.396203125 0.4119087140625 0.3955625 0.4072199171875 0.396203125 0.4021161828125 0.398765625 0.400850621875 0.39845312499999996 0.400850621875
13 0.742953125 0.4020331953125 0.7242968750000001 0.33446058125 0.5122656250000001 0.33446058125 0.5156562499999999 0.3434647296875 0.513953125 0.41103734375 0.742953125 0.4020331953125
9 0.78803125 0.4121576765625 0.787828125 0.39896265625 0.790578125 0.396141078125 0.790359375 0.393900415625 0.7831718750000001 0.3972821578125 0.782328125 0.3922199171875 0.787609375 0.3832365140625 0.783375 0.38238589218749997 0.78 0.39446058125 0.782109375 0.399522821875 0.781265625 0.4132780078125 0.78803125 0.4121576765625
9 0.923 0.395726140625 0.9235468750000001 0.391099584375 0.922859375 0.389605809375 0.9215937500000001 0.3884854765625 0.921453125 0.3868257265625 0.92090625 0.38404564375 0.9202031249999999 0.3814522828125 0.9188124999999999 0.379605809375 0.91559375 0.3810788375 0.913359375 0.38385892187500004 0.91559375 0.3868257265625 0.9149062499999999 0.39404564375 0.914203125 0.3944190875 0.9140625 0.39831950156249996 0.9213125 0.399066390625 0.921734375 0.39609958437500004 0.923 0.395726140625
9 0.92621875 0.385228215625 0.92378125 0.3854149375 0.92303125 0.3870331953125 0.922578125 0.3928630703125 0.921359375 0.399522821875 0.9239375000000001 0.40576763437499996 0.926359375 0.40736514531249995 0.92834375 0.4029460578125 0.929703125 0.395684646875 0.92834375 0.3922614109375 0.9272812500000001 0.38802904531250004 0.92621875 0.385228215625
9 0.947625 0.399730290625 0.9498125 0.39946058125 0.952609375 0.3980082984375 0.949921875 0.396016596875 0.950609375 0.3957468875 0.951109375 0.3929875515625 0.9487187499999999 0.39232365156250004 0.9474218750000001 0.39232365156250004 0.945828125 0.39377593437499997 0.9438437499999999 0.396016596875 0.9422499999999999 0.4015767640625 0.943046875 0.410829875 0.9409531250000001 0.4215560171875 0.944734375 0.42327800781249997 0.947625 0.41599585 0.951609375 0.40487551875000005 0.949609375 0.4032987546875 0.9493124999999999 0.4026348546875 0.947625 0.399730290625
9 0.43853125000000004 0.41004149375 0.43918749999999995 0.4135684640625 0.44318749999999996 0.41180497968749996 0.44653124999999994 0.41180497968749996 0.45220312500000004 0.4113692953125 0.45320312500000004 0.40914937812499996 0.45053124999999994 0.405601659375 0.446859375 0.4029460578125 0.446859375 0.401182571875 0.44453125 0.3967427390625 0.44318749999999996 0.3985269703125 0.442859375 0.40251037343749996 0.44018750000000006 0.403838175 0.438859375 0.40470954375 0.43853125000000004 0.41004149375
2 0.848546875 0.4015560171875 0.850625 0.40871369218750003 0.8510937500000001 0.4076556015625 0.855703125 0.40112033125 0.848546875 0.4015560171875
7 0.6360625 0.360477178125 0.633078125 0.358775934375 0.63071875 0.358775934375 0.627515625 0.359896265625 0.6272968750000001 0.360186721875 0.627515625 0.35848547656249996 0.626015625 0.3570539421875 0.624515625 0.358775934375 0.6217343750000001 0.3593361 0.618953125 0.35848547656249996 0.61875 0.35593360937499996 0.616609375 0.35593360937499996 0.61575 0.35848547656249996 0.615328125 0.3627385890625 0.61403125 0.36529045625 0.61425 0.36553941874999996 0.6138281250000001 0.3666804984375 0.611890625 0.371224065625 0.609328125 0.3732157671875 0.606546875 0.3766182578125 0.606546875 0.380601659375 0.601203125 0.38400415 0.6005625 0.3868464734375 0.600140625 0.3919709546875 0.5982031250000001 0.39479253124999997 0.59884375 0.3973651453125 0.600984375 0.39479253124999997 0.601203125 0.3993361 0.601421875 0.40360995781250003 0.602921875 0.40730290468749997 0.606984375 0.40929460625 0.60996875 0.40900415 0.6138281250000001 0.40587136875 0.61575 0.40047717812499994 0.6148906249999999 0.3967842328125 0.61446875 0.3919709546875 0.616390625 0.3936721984375 0.618953125 0.39253112031250004 0.623234375 0.38089211562499997 0.6228125 0.378900415625 0.621953125 0.3763485484375 0.621953125 0.37292531093750003 0.624296875 0.37292531093750003 0.626234375 0.3783195015625 0.63115625 0.3817427390625 0.635859375 0.37946058125 0.6386406250000001 0.3686721984375 0.639484375 0.36813277968749997 0.6386406250000001 0.364439834375 0.6360625 0.360477178125
13 0.471078125 0.35269709531250004 0.470484375 0.3586307046875 0.46900000000000003 0.3625933609375 0.46900000000000003 0.370518671875 0.4663125 0.3815975109375 0.49971875 0.38319502031249997 0.500015625 0.3427800828125 0.472875 0.3415975109375 0.469890625 0.3431742734375 0.471078125 0.3467427390625 0.471078125 0.35269709531250004
9 0.809375 0.3971161828125 0.809375 0.3932572609375 0.808546875 0.3929875515625 0.80646875 0.3921576765625 0.8060625 0.3921576765625 0.8041874999999999 0.3949170125 0.8054375 0.3971161828125 0.8037812499999999 0.4012448125 0.805015625 0.4086929453125 0.8048125 0.41116182500000004 0.8048125 0.416141078125 0.802734375 0.41807053906249997 0.8079218750000001 0.42000000000000004 0.809171875 0.419439834375 0.809796875 0.41807053906249997 0.8079218750000001 0.41695020781250003 0.8099999999999999 0.4078630703125 0.8108281249999999 0.4015145234375 0.8106249999999999 0.4004149375 0.809375 0.3971161828125
9 0.7640625 0.394190871875 0.765625 0.3983402484375 0.771875 0.4004149375 0.7734375 0.41078838125 0.7703125 0.4232365140625 0.775 0.42946058125000003 0.7828125 0.42946058125000003 0.7890625 0.421161825 0.7890625 0.38589211562500003 0.8 0.394190871875 0.8046875 0.394190871875 0.8046875 0.40248962656250004 0.8 0.40871369218750003 0.8046875 0.4232365140625 0.809375 0.42946058125000003 0.8484375 0.4273858921875 0.85625 0.4004149375 0.8729166671874999 0.40248962656250004 0.871875 0.4273858921875 0.88125 0.439834025 0.9234375 0.4377593359375 0.940625 0.425311203125 0.946875 0.4315352703125 0.975 0.4315352703125 0.9828125 0.4377593359375 0.9875 0.43568464687499997 0.9953125 0.4232365140625 0.9984375 0.4232365140625 0.9984375 0.3962655609375 0.990625 0.3962655609375 0.9859375 0.3879668046875 0.9765625 0.3879668046875 0.9765625 0.3921161828125 0.9703125 0.3921161828125 0.9671875 0.383817428125 0.9609375 0.3775933609375 0.9515625 0.37966805 0.946875 0.3879668046875 0.940625 0.383817428125 0.9140625 0.38589211562500003 0.903125 0.365145228125 0.8953125 0.36307053906250003 0.890625 0.3672199171875 0.884375 0.3817427390625 0.8734375 0.39004149374999997 0.8574652781250001 0.39004149374999997 0.853125 0.3962655609375 0.8494791671874999 0.39004149374999997 0.8421875 0.394190871875 0.84149305625 0.39004149374999997 0.83350694375 0.39004149374999997 0.8359375 0.3817427390625 0.8296875 0.36929460625 0.8171875 0.36929460625 0.8125 0.375518671875 0.8095486109375001 0.39004149374999997 0.8015625 0.39004149374999997 0.781875 0.3726141078125 0.778125 0.36099585 0.7753125 0.36680497968750003 0.76875 0.36099585 0.7640625 0.3672199171875 0.7697916671875 0.376210234375 0.7640625 0.383817428125 0.7640625 0.394190871875