2 0.78224 0.48216000000000003 0.7862199999999999 0.49061333281249997 0.787 0.4990933328125 0.787 0.5160266671875 0.79416 0.5149600000000001 0.8124 0.5170933328125 0.83542 0.5181333328125 0.8544600000000001 0.5202666671875 0.8564999999999999 0.5202666671875 0.85854 0.5284 0.86262 0.5284 0.86974 0.52976 0.8789199999999999 0.52432 0.88706 0.52432 0.90234 0.52296 0.90234 0.5093866671875 0.90438 0.5012533328125001 0.9013199999999999 0.4971733328125 0.89726 0.48357333281250003 0.8687400000000001 0.47816000000000003 0.86058 0.47000000000000003 0.8351200000000001 0.4564266671875 0.7872399999999999 0.4605066671875 0.7791 0.4768 0.77828 0.47687999999999997 0.77828 0.47792 0.78224 0.48216000000000003
2 0.34796 0.5069333328125001 0.35518 0.4985866671875 0.35950000000000004 0.49730666718750005 0.36286 0.49730666718750005 0.36576 0.5062933328125 0.37970000000000004 0.4985866671875 0.38738 0.5069333328125001 0.39316 0.49474666718750004 0.40566 0.47615999999999997 0.40275999999999995 0.47552000000000005 0.38978 0.4620533328125 0.36576 0.4543733328125 0.34843999999999997 0.4588533328125 0.33834 0.46784 0.33066 0.46784 0.3268 0.47424 0.32632 0.4934666671875 0.33498 0.4934666671875 0.34124 0.5062933328125 0.34796 0.5069333328125001
9 0.51652 0.6973066671875 0.5462 0.6577066671875 0.56698 0.6696 0.60854 0.7309333328125 0.6352599999999999 0.7428266671875 0.63082 0.63792 0.63972 0.58448 0.61894 0.4736533328125 0.57738 0.46178666718750006 0.58034 0.44000000000000006 0.5655 0.40834666718749996 0.5373 0.40042666718750003 0.5224599999999999 0.43407999999999997 0.53136 0.48752000000000006 0.50762 0.4974133328125 0.49426 0.6280266671875 0.51058 0.6676 0.51206 0.7170933328125 0.51652 0.6973066671875
9 0.50056 0.6876533328125001 0.50898 0.6337066671875 0.51742 0.5595466671875 0.5123599999999999 0.5236 0.50898 0.4876533328125 0.49888000000000005 0.4606666671875 0.4955 0.45842666718749997 0.46348 0.44943999999999995 0.46685999999999994 0.4314666671875 0.47866 0.40224000000000004 0.46012000000000003 0.39325333281249997 0.45506 0.37528 0.44494 0.3842666671875 0.42977999999999994 0.3910133328125 0.4264 0.42472000000000004 0.42472000000000004 0.4404533328125 0.41798 0.4674133328125 0.40112 0.4674133328125 0.39102000000000003 0.5707733328125 0.40786 0.6337066671875 0.40449999999999997 0.7236 0.50056 0.7190933328125 0.50056 0.7168533328125 0.50056 0.6876533328125001
8 0.66704 0.8188533328125001 0.65688 0.8369066671875001 0.65688 0.8640000000000001 0.64842 0.8685066671874999 0.64842 0.9813866671874999 0.73476 0.9858933328124999 0.74322 0.9813866671874999 0.73646 0.9475199999999999 0.7330599999999999 0.8978666671875001 0.75508 0.85272 0.76186 0.8481866671875 0.75 0.8075733328125001 0.728 0.7962666671874999 0.69414 0.7894933328125 0.66704 0.8188533328125001
8 0.5333 0.7466133328125 0.51298 0.75112 0.49266 0.72856 0.48082 0.7578933328125 0.47404 0.80304 0.47912 0.85272 0.48082 0.9249333328124999 0.47912 0.9858933328124999 0.56038 0.9768533328125001 0.56376 0.9204266671875001 0.557 0.88656 0.5824 0.85272 0.57732 0.8346399999999999 0.59256 0.8346399999999999 0.5908599999999999 0.8120799999999999 0.56038 0.7782133328125 0.57732 0.77144 0.57562 0.7556533328125 0.58916 0.74888 0.61626 0.7466133328125 0.61626 0.7330666671875 0.59762 0.7240533328125001 0.57392 0.7262933328125001 0.5434599999999999 0.7398399999999999 0.5333 0.7466133328125
8 0.47695999999999994 0.9797866671875 0.47695999999999994 0.9528000000000001 0.47528 0.9056266671875 0.47695999999999994 0.8651733328125 0.47528 0.8449333328125 0.47192 0.8157333328125 0.47192 0.7820266671875 0.47528 0.7640533328125 0.48369999999999996 0.7370666671875 0.47866 0.7190933328125 0.46853999999999996 0.7236 0.43651999999999996 0.7123466671875 0.41966000000000003 0.7303466671875001 0.39776 0.74608 0.37751999999999997 0.7550666671874999 0.37078 0.7820266671875 0.37078 0.8067466671875 0.37584 0.8674133328125 0.37584 0.90112 0.37751999999999997 0.92136 0.37922 0.9685333328124999 0.37922 0.97752 0.43314 0.9842666671875 0.46012000000000003 0.9842666671875 0.47695999999999994 0.9797866671875
8 0.59508 0.9159200000000001 0.5782 0.9217066671874999 0.5705 0.9255466671875 0.56856 0.9287733328125001 0.5676 0.99752 0.56664 0.9994400000000001 0.6023 0.9994400000000001 0.6119399999999999 0.9865866671875001 0.62398 0.9994400000000001 0.6418 1 0.64278 0.9859466671874999 0.6451800000000001 0.8709333328125 0.64422 0.8696533328125 0.63362 0.8779999999999999 0.62542 0.8921333328125 0.61338 0.9043466671875 0.59508 0.9159200000000001
8 0.83764 0.9528000000000001 0.8325799999999999 0.9393333328125 0.8325799999999999 0.9325866671874999 0.8325799999999999 0.9190933328125 0.8325799999999999 0.90112 0.8309 0.8898933328125 0.82248 0.87416 0.81742 0.8696533328125 0.81404 0.8561866671875 0.80898 0.85168 0.7972 0.8449333328125 0.7837 0.8404533328125 0.76854 0.8359466671875 0.76686 0.8382133328125001 0.76012 0.8472 0.75338 0.8674133328125 0.74326 0.89664 0.74662 0.9977600000000001 0.83764 0.9865066671875 0.83764 0.9730399999999999 0.83764 0.9528000000000001
8 0.32366 0.7986666671875 0.32144 0.9751200000000001 0.33921999999999997 0.9810399999999999 0.3748 0.9973333328124999 0.37704 0.96472 0.37258 0.7942400000000001 0.36924 0.7794133328124999 0.32921999999999996 0.7794133328124999 0.32366 0.7986666671875
8 0.5468200000000001 0.6780533328125 0.5442400000000001 0.68944 0.52972 0.7037066671875001 0.53144 0.7059733328125 0.5365599999999999 0.7093866671875 0.54382 0.72192 0.5472400000000001 0.7242133328125 0.5575 0.7230666671875 0.56348 0.7293333328125 0.57202 0.7293333328125 0.58312 0.7276266671875 0.5895400000000001 0.7253333328125 0.59252 0.7190666671875 0.59082 0.6980000000000001 0.5873999999999999 0.6866133328124999 0.57672 0.6814666671875 0.57202 0.6723733328125 0.56176 0.65984 0.5498000000000001 0.6529866671875 0.54254 0.6592533328125 0.54766 0.6672266671875 0.5468200000000001 0.6780533328125
2 1 0.47135999999999995 0.9935600000000001 0.4612 0.97406 0.46231999999999995 0.95286 0.45778666718750005 0.9410000000000001 0.46005333281249994 0.9359 0.47928 0.93082 0.5098133328125 0.9333600000000001 0.5346666671875 0.9299799999999999 0.5346666671875 0.94862 0.5369333328125 0.96304 0.5369333328125 0.99612 0.5369333328125 0.9978 0.5324266671875 1 0.48719999999999997 1 0.47135999999999995
2 0.33036 0.4674133328125 0.32372 0.4588 0.31762 0.4571733328125 0.31412 0.45136000000000004 0.30906 0.4501866671875 0.30732 0.4501866671875 0.31028 0.47695999999999994 0.32302 0.47533333281249995 0.3246 0.47834666718749996 0.32755999999999996 0.4750933328125 0.33036 0.4674133328125