8 0 0.25201562499999997 0.0044496484375 0.253 0.01836065625 0.249359375 0.0283138171875 0.25134375000000003 0.0392505859375 0.24703124999999998 0.0472131140625 0.240734375 0.046721310937499996 0.230109375 0.04421545625 0.221828125 0.0268149890625 0.21385937500000002 0.0089227171875 0.21385937500000002 0.0009601874999999999 0.216515625 0 0.216515625 0 0.239734375 0 0.25201562499999997
8 0.632435596875 0.47296875 0.6198594843749999 0.478125 0.623723653125 0.479421875 0.637259953125 0.478125 0.641124121875 0.554921875 0.653700234375 0.5529843750000001 0.6421077281249999 0.43360937499999996 0.634355971875 0.41746875 0.630491803125 0.42973437499999995 0.632435596875 0.44585937500000006 0.632435596875 0.47296875
8 0.3599531609375 0.164234375 0.3584309140625 0.17884375 0.3584309140625 0.187921875 0.35768149843749997 0.20253125 0.35768149843749997 0.20606249999999998 0.36222482500000003 0.2055625 0.3644730671875 0.2050625 0.36901639375 0.199015625 0.3765573765625 0.1899375 0.381100703125 0.181375 0.3841217796875 0.1743125 0.3939344265625 0.16525 0.3977283375 0.16473437500000002 0.4007494140625 0.16373437500000002 0.41433255312500006 0.16221875 0.42264637031249996 0.16221875 0.4347306796875 0.168265625 0.43925058593750005 0.17028125 0.4415222484375 0.17834375 0.4468149890625 0.195484375 0.4468149890625 0.20253125 0.4581498828125 0.213125 0.45964871250000006 0.214625 0.469484778125 0.212109375 0.46871194374999997 0.204546875 0.46796252968749996 0.191953125 0.474004684375 0.182375 0.478548009375 0.168765625 0.4755269328125 0.163234375 0.4672131140625 0.16171875 0.4611709609375 0.15617187500000002 0.4581498828125 0.144578125 0.4505854796875 0.13903125 0.36674473124999996 0.14156249999999998 0.3644730671875 0.13954687500000001 0.3599531609375 0.148609375 0.3599531609375 0.164234375
8 0.15725995312500002 0.31753125 0.141007025 0.31753125 0.111920375 0.31639062500000004 0.0691334890625 0.31753125 0.0528571421875 0.31925 0.0357611234375 0.324953125 0.028899296875 0.33465625 0.0237704921875 0.346078125 0.0186416859375 0.360359375 0.0160655734375 0.378046875 0.02805620625 0.40260937500000005 0.0520140515625 0.40603125 0.0776814984375 0.39632812500000003 0.098220140625 0.3831875 0.1187587828125 0.352359375 0.1392974234375 0.33923437500000003 0.17351288125 0.333515625 0.199203746875 0.324953125 0.199203746875 0.307828125 0.1752224828125 0.310109375 0.15725995312500002 0.31753125
9 0.582084309375 0.424625 0.5864168624999999 0.41342187499999994 0.5840983609375 0.40840624999999997 0.5551522249999999 0.407234375 0.5476346609375 0.408015625 0.5433021078125 0.40164062500000003 0.5172365343750001 0.390046875 0.5189695546875 0.37710937499999997 0.5152224828125 0.369390625 0.516651053125 0.352203125 0.511451990625 0.342921875 0.5053629984375 0.327671875 0.49669789218749993 0.318015625 0.47585480156250004 0.313375 0.46166276406250006 0.31048437500000003 0.4506557375 0.309703125 0.4419672125 0.31240625 0.4359016390625 0.31839062500000004 0.43822014062500003 0.3263125 0.44081967187500004 0.33268749999999997 0.4217096015625 0.34775 0.41128805625 0.342734375 0.40086651093750003 0.34678125 0.3739578453125 0.340796875 0.319227165625 0.32032812499999996 0.2853629984375 0.31240625 0.2494613578125 0.302375 0.2381733015625 0.301203125 0.2222716625 0.2898125 0.21444964843749997 0.2919375 0.20690866562500002 0.294640625 0.20229508125 0.29715625 0.1970726 0.30353125 0.195339578125 0.3089375 0.19997658125 0.314734375 0.20836065625 0.321296875 0.217915690625 0.32515625 0.23674473125 0.33384375 0.2671194375 0.33654687499999997 0.2955035125 0.3454375 0.334004684375 0.357984375 0.3797423890625 0.373828125 0.3979859484375 0.38059375 0.398548009375 0.386375 0.4089695546875 0.39835937499999996 0.4107025765625 0.401453125 0.4144730671875 0.411109375 0.42779859531250003 0.43562500000000004 0.44428571406249995 0.45784375 0.46367681562499996 0.47232812500000004 0.46367681562499996 0.47290625000000003 0.4587587828125 0.48429687499999996 0.458196721875 0.489328125 0.4599297421875 0.493375 0.4474707265625 0.486234375 0.43964871250000004 0.48025 0.43386416875 0.47271875 0.4118735359375 0.4609375 0.38379391093750004 0.450890625 0.38119437968750003 0.44123437499999996 0.3742388765625 0.43814062500000006 0.37046838437499996 0.434859375 0.3623653390625 0.433890625 0.3568618265625 0.433890625 0.35194379374999996 0.434671875 0.35224824374999997 0.44470312500000003 0.3513583140625 0.450890625 0.3502107734375 0.45629687499999994 0.3580327875 0.4613125 0.364964871875 0.46479687500000005 0.3774238875 0.4694375 0.3861124125 0.4715625 0.4002810296875 0.48217187499999997 0.41274004687500004 0.495125 0.45674473125 0.519453125 0.4680327875 0.52409375 0.47585480156250004 0.52409375 0.4839578453125 0.519453125 0.4984309140625 0.5055468750000001 0.5071194375 0.49974999999999997 0.5143559718749999 0.50825 0.5048009375 0.5169374999999999 0.49988290468749996 0.523703125 0.49988290468749996 0.530078125 0.5036299765625001 0.535875 0.502763465625 0.539921875 0.4856908671875 0.55228125 0.47845433281250005 0.560015625 0.482224825 0.572171875 0.483372365625 0.5957343749999999 0.47932084374999995 0.60328125 0.4726697890625 0.609640625 0.49351288125000004 0.6196875000000001 0.49407494218750003 0.62703125 0.5007494140625 0.648078125 0.4995784546875 0.657359375 0.4969789234375 0.686125 0.4963934421875 0.7075625 0.4908899296875 0.72340625 0.47990632343749995 0.74059375 0.4767213109375 0.73865625 0.47063231875 0.74059375 0.469484778125 0.745234375 0.466299765625 0.7483125 0.4587587828125 0.75334375 0.45355971874999995 0.758171875 0.4587587828125 0.7618437499999999 0.4570257609375 0.76840625 0.4445901640625 0.7770937499999999 0.4329976578125 0.78365625 0.432412178125 0.786171875 0.432412178125 0.7906093750000001 0.44545667499999997 0.797953125 0.457611240625 0.799109375 0.4770023421875 0.79603125 0.50189695625 0.78559375 0.5178220140625001 0.778828125 0.5386651046875001 0.7697499999999999 0.5531381734374999 0.761453125 0.5531381734374999 0.752765625 0.5429976578125 0.7477343750000001 0.5273770484375 0.73865625 0.5276580796875 0.72996875 0.5357611234374999 0.713359375 0.54416861875 0.6896093750000001 0.54967213125 0.678984375 0.5490866515625 0.670671875 0.550819671875 0.6442187500000001 0.548220140625 0.6303124999999999 0.5589227171875 0.6239375 0.5699297421875 0.60365625 0.584683840625 0.60365625 0.5870023421874999 0.604625 0.601756440625 0.6191093750000001 0.604660421875 0.6266406250000001 0.6090163937499999 0.638625 0.6197189703125 0.661015625 0.6205854796875 0.668171875 0.6249180328125 0.674734375 0.6220374703125 0.69675 0.6139344265625 0.700609375 0.610444965625 0.70640625 0.60871194375 0.712203125 0.6040749421875 0.7181875 0.601475409375 0.723984375 0.5896018734374999 0.7324843750000001 0.5736768156250001 0.7400156250000001 0.57224824375 0.743484375 0.5757142859375 0.74928125 0.5829508203125 0.7514062499999999 0.6023419203125 0.7517968749999999 0.6446135828124999 0.7407812500000001 0.6900702578125 0.7259218749999999 0.6900702578125 0.720890625 0.6671896953124999 0.70196875 0.6616861828125 0.696359375 0.6585011703125 0.677046875 0.655620609375 0.6579375 0.6588056203125 0.636296875 0.6535831375 0.622015625 0.6330210765625 0.59071875 0.626955503125 0.5551875 0.624355971875 0.52871875 0.6307259953125001 0.520609375 0.6330210765625 0.49646875 0.62259953125 0.48004687500000004 0.5945199062500001 0.458421875 0.591920375 0.45590624999999996 0.5896018734374999 0.44123437499999996 0.582084309375 0.424625
9 0.543723653125 0.33090625 0.54255269375 0.33559375 0.5255269328125001 0.33834375 0.5225761125 0.340296875 0.5290398125 0.34500000000000003 0.5390398125 0.34578125000000004 0.547259953125 0.35871875000000003 0.547259953125 0.365765625 0.5402107734375 0.367328125 0.5196487125 0.37439062500000003 0.5167213109375 0.389671875 0.51906323125 0.391625 0.5396252921875 0.40025000000000005 0.5525292734375 0.408078125 0.585995315625 0.408078125 0.5871896953125 0.41121875 0.585995315625 0.417484375 0.5836533953124999 0.43040625 0.59128805625 0.44646875 0.5971662765625 0.46057812499999995 0.6200702578125 0.47664062500000004 0.6347540984375 0.46920312500000005 0.631803278125 0.452359375 0.6300468390625 0.43237500000000006 0.631803278125 0.41434375 0.638852459375 0.397109375 0.6347540984375 0.374 0.59775175625 0.359109375 0.596580796875 0.35440625 0.5936299765624999 0.346171875 0.609484778125 0.344609375 0.6124355968749999 0.341484375 0.592459015625 0.337171875 0.5918735359375 0.323453125 0.5760187359375 0.32032812499999996 0.5754332546875001 0.31953125 0.5525292734375 0.32032812499999996 0.543723653125 0.33090625
9 0.32416861875 0.319578125 0.34587822031250004 0.32871875 0.365292740625 0.33023437499999997 0.38355971875 0.292140625 0.38355971875 0.33404687499999997 0.39840749375 0.34395312499999997 0.41325526874999996 0.34167187499999996 0.412131146875 0.329484375 0.41784543281250003 0.292140625 0.43381732968750003 0.28984375 0.4600936765625 0.28146875 0.4715222484375 0.254796875 0.469227165625 0.23040625 0.45782201406249995 0.20220312499999998 0.44067915625 0.176296875 0.42583138125 0.163328125 0.39840749375 0.162578125 0.38128805625 0.174 0.3778454328125 0.19 0.3744262296875 0.2014375 0.3607259953125 0.214390625 0.35615925000000004 0.2250625 0.35615925000000004 0.26240625 0.352716628125 0.28528125000000004 0.32416861875 0.319578125
9 0.34386416875000003 0.27134375 0.3381264640625 0.236375 0.340796253125 0.210734375 0.3188056203125 0.18334375 0.30119437968749996 0.1676875 0.264543325 0.17453125 0.264543325 0.20192187499999997 0.260163934375 0.210734375 0.24255269375 0.220515625 0.23522248281249997 0.252796875 0.244028103125 0.26746875000000003 0.24255269375 0.276265625 0.241100703125 0.305609375 0.323395784375 0.32160937500000003 0.34058547968749997 0.29867187500000003 0.34386416875000003 0.27134375
9 0.837259953125 0.29540625 0.8227868859375 0.26478125 0.832435596875 0.213234375 0.8251990625 0.198734375 0.832435596875 0.1745625 0.8034660421875 0.15521875000000002 0.7696487125 0.1600625 0.7624121781250001 0.181 0.7455035125 0.190671875 0.7285948484375 0.21000000000000002 0.733419203125 0.268015625 0.76 0.27928125000000004 0.7937939109375 0.329234375 0.83002341875 0.32440625 0.8541686187499999 0.322796875 0.837259953125 0.29540625
9 0.826908665625 0.254453125 0.8367447312499999 0.26209375 0.828548009375 0.268109375 0.8318266984375 0.28723437500000004 0.8351053859374999 0.29596875 0.8383840749999999 0.30034375 0.8441217796875 0.30909375 0.8465807968749999 0.31237499999999996 0.849836065625 0.31728125 0.8563934421875 0.333671875 0.8645901640625 0.33640625 0.8613114749999999 0.3315 0.8662295078125 0.3249375 0.8842388765625 0.3249375 0.8727868859375001 0.301984375 0.8719672125000001 0.289421875 0.8809601875 0.282859375 0.9030913343750001 0.282859375 0.93093676875 0.2823125 0.94648711875 0.28504687500000003 0.953044496875 0.290515625 0.9587822015624999 0.2970625 0.963700234375 0.308 0.9653161593749999 0.32275 0.9612412171875 0.330953125 0.9653161593749999 0.3315 0.9825292734375 0.3353125 0.984988290625 0.332578125 0.995620609375 0.327671875 0.9980796249999999 0.26373437499999997 0.9907259953124999 0.2588125 0.963700234375 0.24734375000000003 0.9702341921875 0.23640625 0.9710538640624999 0.223296875 0.954683840625 0.1970625 0.945667446875 0.188328125 0.9268384078125 0.183953125 0.914543325 0.18121875 0.9088056203124999 0.1763125 0.914543325 0.172484375 0.9178220140625 0.165375 0.9178220140625 0.15990625 0.9178220140625 0.1528125 0.9153629984375 0.14953125 0.8973536296875 0.14460937499999998 0.8752459015625 0.14351562499999998 0.8654098359375 0.148984375 0.8637704921875 0.15718749999999998 0.8637704921875 0.164828125 0.8637704921875 0.171390625 0.8686885249999999 0.178484375 0.8670491796875 0.18231250000000002 0.8547540984375 0.187234375 0.8392037468750001 0.19434374999999998 0.819531615625 0.228765625 0.8121779859375 0.234234375 0.8121779859375 0.240234375 0.826908665625 0.254453125
9 0.612107728125 0.197125 0.6431381734375 0.20253125 0.6755269328125 0.20432812500000003 0.6714754093749999 0.2529375 0.684964871875 0.27273437500000003 0.707892271875 0.269140625 0.699812646875 0.2484375 0.707892271875 0.218734375 0.6984543328124999 0.174625 0.7092505859375 0.156625 0.6971194374999999 0.12153125000000001 0.6701170953125 0.094515625 0.6687822015625 0.085515625 0.6458548015625001 0.077421875 0.6175175640624999 0.082828125 0.61615925 0.107125 0.6026697890625 0.11071875 0.578384075 0.129625 0.5797423890625 0.174625 0.5729976578125 0.178234375 0.5918735359375 0.255640625 0.5810772828124999 0.27003125 0.58648711875 0.269140625 0.618852459375 0.26734375 0.612107728125 0.197125
9 0.22728337187499997 0.178453125 0.210819671875 0.172640625 0.209836065625 0.16746875 0.217611240625 0.1629375 0.224379390625 0.159703125 0.2331147546875 0.157109375 0.2379625296875 0.15323437499999998 0.2379625296875 0.14353125 0.2428103046875 0.12606250000000002 0.2350585484375 0.1183125 0.21372365312500002 0.113125 0.205971896875 0.10084375000000001 0.210819671875 0.0814375 0.190444965625 0.076265625 0.1720374703125 0.080796875 0.1759250578125 0.105375 0.1788290390625 0.1111875 0.14974238906249998 0.116359375 0.1390866515625 0.12025 0.1371428578125 0.12671875 0.131311475 0.134484375 0.13615925 0.13965624999999998 0.11775175625 0.142234375 0.11775175625 0.15259375 0.12259953125 0.1590625 0.1351990625 0.1668125 0.1458548015625 0.170046875 0.1507025765625 0.17328125 0.15360655781250002 0.17134375 0.15845433281250002 0.15646875 0.1642857140625 0.14740625000000002 0.1826932078125 0.144828125 0.192388759375 0.150640625 0.19822014062499999 0.164234375 0.19822014062499999 0.177171875 0.205971896875 0.192046875 0.22243559687499997 0.197859375 0.229227165625 0.199796875 0.23213114687499997 0.197859375 0.2350585484375 0.19139062499999998 0.24086651093749997 0.186859375 0.2331147546875 0.1816875 0.22728337187499997 0.178453125
9 0.153091334375 0.2953125 0.1555737703125 0.292 0.1655035125 0.289796875 0.17377049218750001 0.291453125 0.17540983593749998 0.29696875 0.18615925 0.297515625 0.211779859375 0.29640625 0.21838407499999998 0.291453125 0.2216861828125 0.284828125 0.2225292734375 0.27545312499999997 0.223348946875 0.26553125 0.22583138125 0.260578125 0.230796253125 0.25284375 0.236580796875 0.24126562499999998 0.23740046874999998 0.23134375000000001 0.2357377046875 0.222515625 0.23243559687499998 0.21204687500000002 0.22995316093749998 0.20653125 0.223348946875 0.199921875 0.20517564375 0.19275 0.205995315625 0.190546875 0.20269320781250003 0.18171874999999998 0.191124121875 0.157453125 0.1902810296875 0.149734375 0.1820374703125 0.146984375 0.1745901640625 0.14642187499999998 0.1671428578125 0.1491875 0.15887587812499998 0.15359375 0.1564168625 0.1585625 0.1555737703125 0.17289062500000002 0.1522716625 0.177859375 0.1497892265625 0.188890625 0.1357377046875 0.19440625 0.11920374687499999 0.20432812500000003 0.113419203125 0.216453125 0.11177985937499998 0.22859375 0.11259953125 0.24348437500000003 0.11674473125 0.260015625 0.11674473125 0.266640625 0.1068149890625 0.2859375 0.105995315625 0.292 0.1340983609375 0.294203125 0.153091334375 0.2953125
9 0.24051522187500002 0.14925 0.25030445 0.16707812500000002 0.25386416875 0.190234375 0.2618735359375 0.18251562500000001 0.2841217796875 0.169453125 0.30370023437500004 0.168265625 0.3179625296875 0.17479687500000002 0.33932084375 0.186078125 0.3286416859375 0.177171875 0.33576112343750003 0.12965625 0.3161826703125 0.10887500000000001 0.3081498828125 0.10353125 0.30548009375 0.0875 0.28145199062500004 0.07621875 0.2618735359375 0.0863125 0.25030445 0.10293749999999999 0.25030445 0.10709375000000002 0.2494145203125 0.11956249999999999 0.2458548015625 0.11599999999999999 0.24051522187500002 0.1255 0.2396252921875 0.1361875 0.24051522187500002 0.14925
9 0.5206089 0.134859375 0.5206089 0.13259375 0.5137939109375 0.12196875 0.5149414515624999 0.11742187500000001 0.5183372359375 0.11742187500000001 0.528571428125 0.118171875 0.5262997656249999 0.12196875 0.5262997656249999 0.134859375 0.5365339578125 0.135625 0.5513348953125 0.137140625 0.5706557375 0.13865624999999998 0.5729274 0.137140625 0.5729274 0.128796875 0.5729274 0.12045312500000001 0.5751990625000001 0.112109375 0.5763466046875 0.09996875 0.5786182671875 0.09768750000000001 0.5831615921875 0.091625 0.5843091328125001 0.08479687500000001 0.588852459375 0.070375 0.588852459375 0.05671875 0.5820374703125 0.041546875 0.567236534375 0.036234375 0.5615690859375 0.033203125 0.552459015625 0.030156250000000002 0.547915690625 0.026375 0.5365339578125 0.020296875 0.5411007031249999 0.014234374999999999 0.5411007031249999 0.008921875 0.542224825 0.00284375 0.49559718906250005 0.00284375 0.4944730671875 0.004359375 0.49674473125 0.012718750000000001 0.5012880562500001 0.0210625 0.4933255265625 0.027890625000000002 0.48423887656250003 0.0316875 0.4728571421875 0.03546875 0.4648946140625 0.040781250000000005 0.4626229515625 0.047609374999999995 0.46147540937500003 0.058234375000000005 0.46147540937500003 0.069609375 0.4603512875 0.081 0.4637704921875 0.092375 0.47058547968750003 0.098453125 0.47058547968750003 0.101484375 0.47058547968750003 0.10528124999999999 0.47058547968750003 0.10831249999999999 0.4683138171875 0.11285937500000001 0.47058547968750003 0.12045312500000001 0.4728571421875 0.128796875 0.47512880625 0.137140625 0.5206089 0.13790625 0.5206089 0.135625 0.5206089 0.134859375
8 0.7125292734374999 0.2128125 0.72969555 0.21165625000000002 0.72969555 0.20593750000000002 0.753700234375 0.188765625 0.7708665109374999 0.181890625 0.76229508125 0.16471875 0.7811709609374999 0.159 0.8051990625000001 0.157859375 0.8206323187500001 0.170453125 0.8206323187500001 0.191046875 0.82578454375 0.19334374999999998 0.8240749421875 0.165859375 0.8137704921875001 0.150984375 0.8034660421875 0.138390625 0.7502810296875 0.13609374999999999 0.7125292734374999 0.13725 0.7108196718750001 0.157859375 0.7039578453125 0.163578125 0.7073770484375 0.1773125 0.7090866515625 0.173875 0.7108196718750001 0.19564062499999998 0.7125292734374999 0.2128125
8 0.8664637000000001 0.150140625 0.8717096015625 0.145296875 0.882224825 0.13990625 0.8907025765625001 0.140984375 0.9100936765625001 0.149875 0.9165339578125 0.1560625 0.913723653125 0.1628125 0.9064402812499999 0.17709375 0.9084777515625 0.179515625 0.9302810296875 0.184359375 0.93997658125 0.1854375 0.9432084312500001 0.181125 0.9407728343749999 0.160375 0.9383606562500001 0.159296875 0.9254332546875 0.160375 0.9238173296875001 0.152296875 0.9209836062500001 0.13640625 0.8276814984374999 0.13909375 0.827283371875 0.1506875 0.82810304375 0.15903125 0.8292974234375 0.1784375 0.8276814984374999 0.20026562499999997 0.868875878125 0.17978125 0.864847775 0.17034375 0.8664637000000001 0.150140625
8 0.94093676875 0.138390625 0.94093676875 0.152546875 0.9428571421875 0.16414062499999998 0.9467213109375001 0.185390625 0.9611943796875 0.198265625 0.9698829046874999 0.21371875 0.994028103125 0.21371875 0.9969086656249999 0.216296875 0.998852459375 0.13773437500000002 0.94093676875 0.138390625
9 0.0746370015625 0.271890625 0.0709133484375 0.255328125 0.0858079625 0.2511875 0.0771194375 0.23628125 0.07215456718749999 0.2246875 0.07215456718749999 0.21392187499999998 0.042341920312499996 0.171671875 0.0311709609375 0.168359375 0.016276346875 0.16007812500000002 0.0100702578125 0.155109375 0.0088290390625 0.15428124999999998 0 0.151796875 0.00386416875 0.194859375 0.007587821875 0.22551562500000003 0 0.296734375 0.048548009375 0.293421875 0.073395784375 0.290109375 0.07836065625000001 0.28514062500000004 0.0796018734375 0.27934375 0.0746370015625 0.271890625
8 0.475948478125 0.1684453125 0.484084309375 0.174953125 0.475948478125 0.1795 0.48793910937499996 0.17942881875 0.4854098359375 0.18392187499999998 0.4778454328125 0.220546875 0.5866978921875 0.219921875 0.581024590625 0.1910234375 0.58386416875 0.178859375 0.5791334890625001 0.181390625 0.5718735359375 0.17893055625 0.582207259375 0.16954296875 0.577236534375 0.14159375000000002 0.4787822015625 0.139078125 0.480107728125 0.148046875 0.4773653390625 0.148234375 0.4814332546875 0.157015625 0.475948478125 0.157390625 0.4827587828125 0.16598437500000002 0.475948478125 0.1684453125
9 0.7696018734375001 0.1251875 0.7746838406250001 0.13954687500000001 0.8050819671875 0.137015625 0.8012646374999999 0.10321875 0.8 0.09476562499999999 0.80255269375 0.077015625 0.80255269375 0.06096875 0.7987353625 0.044906249999999995 0.7873536296875 0.028859375 0.773419203125 0.028015625 0.7620140515625 0.0229375 0.7658079625 0.006046875 0.721475409375 0.00096875 0.724004684375 0.01871875 0.7202107734375 0.025468750000000002 0.7113583140624999 0.027171875 0.6936299765625 0.035609375 0.6860187359375 0.055890625000000006 0.689812646875 0.08378125 0.6948946140625 0.090546875 0.6923419203125001 0.1074375 0.7024824359374999 0.12181249999999999 0.705011709375 0.12434375 0.706276346875 0.131953125 0.7316159250000001 0.12181249999999999 0.737939109375 0.11504687499999999 0.758220140625 0.11842187500000001 0.7696018734375001 0.1251875
8 0.9446370015625 0.28585937499999997 0.9296955499999999 0.280875 0.910140515625 0.27971875 0.8911709609375 0.27934375 0.8779625296875 0.2835625 0.872224825 0.2954375 0.872224825 0.30234375 0.8796955499999999 0.29314062500000004 0.8934894609375 0.29276562500000003 0.9446370015625 0.292 0.9440515218750001 0.32459375 0.9521077281249999 0.3265 0.9521077281249999 0.28585937499999997 0.9446370015625 0.28585937499999997
8 0.710491803125 0.24700000000000003 0.712084309375 0.31209375 0.7258548015625 0.31315624999999997 0.7322248250000001 0.288390625 0.7815222484375 0.29334375 0.7820608906250001 0.28521874999999997 0.765620609375 0.28132812500000004 0.7263934421875 0.277078125 0.72744730625 0.2586875 0.7359250578125 0.24489062499999997 0.7316861828125 0.222953125 0.7248009375 0.22225 0.7263934421875 0.22578125 0.7226697890625 0.25090625 0.710491803125 0.24700000000000003
8 0.46159250625 0.11651562499999998 0.46159250625 0.10601562499999999 0.452716628125 0.0863125 0.45173302031249996 0.065296875 0.44189695625000003 0.053468749999999995 0.3729976578125 0.05675 0.3729976578125 0.08696875 0.3739812640625 0.10995312500000001 0.3720140515625 0.113890625 0.3729976578125 0.11782812499999999 0.46159250625 0.11651562499999998
9 0.2950819671875 0 0.2903981265625 0.003125 0.19906323125 0.0015625 0.194379390625 0.0046875 0.185011709375 0.0015625 0.16627634687499998 0.0015625 0.1498829046875 0.0078125 0.1288056203125 0.0046875 0.1241217796875 0.0015625 0.07728337187499999 0.0015625 0.0702576109375 0.0046875 0.06323185 0.0015625 0.0070257609375 0.0015625 0.0023419203124999998 0.0078125 0.0023419203124999998 0.1140625 0.0070257609375 0.11875 0 0.1296875 0.0117827875 0.129833984375 0 0.1421875 0.0070257609375 0.1546875 0.032786885937499996 0.1703125 0.042154567187500006 0.171875 0.0655737703125 0.2046875 0.08430913281249999 0.25 0.07259953125 0.25625 0.07494145156250001 0.2734375 0.08430913281249999 0.28125 0.10070257656249999 0.2796875 0.11007025781249999 0.2765625 0.1147540984375 0.271875 0.1147540984375 0.2140625 0.121779859375 0.203125 0.131147540625 0.1984375 0.131147540625 0.165625 0.121779859375 0.159375 0.11799675624999999 0.1530048078125 0.342190596875 0.1735576921875 0.3489461359375 0.16875 0.353990271875 0.1746394234375 0.35597189687499997 0.1734375 0.3770491796875 0.1859375 0.3775896234375 0.176802884375 0.3840749421875 0.1734375 0.3893893 0.177884615625 0.4365880015625 0.1822115390625 0.4426229515625 0.1796875 0.4483876765625 0.18329326875000002 0.44730679218749997 0.1875 0.46370023437499996 0.2125 0.545667446875 0.2140625 0.5784543328125 0.209375 0.5784543328125 0.2015625 0.5899837875 0.19627403906250002 0.6159250578125001 0.2 0.7049180328125 0.1453125 0.707259953125 0.146875 0.7142857140625 0.1390625 0.71875 0.138623046875 0.7189695546875 0.134375 0.7305327875 0.13876953125 0.7540983609375 0.1390625 0.761124121875 0.14375 0.7728337234375 0.1390625 0.7915690859375 0.1390625 0.7985948484375001 0.1453125 0.8149882906249999 0.15 0.8524590156249999 0.1515625 0.86416861875 0.15 0.8758782203125 0.14375 0.8969555031249999 0.1453125 0.9203747078125 0.1359375 0.960187353125 0.134375 0.9718969562499999 0.128125 0.9789227171875 0.115625 0.9976580796875 0.1078125 0.9976580796875 0.0140625 0.985948478125 0 0.9437939109375 0 0.9086651046875 0.003125 0.73067915625 0 0.2950819671875 0