8 0.4814375 0.41800561875 0.475671875 0.43528089843749995 0.47953124999999996 0.5320786515625 0.48865625 0.53727528125 0.4955416671875 0.5459176046875001 0.51028125 0.5251685390625 0.53625 0.533820225 0.54875 0.556292134375 0.54875 0.590842696875 0.558359375 0.6185112359375 0.609328125 0.6565449437499999 0.6155781250000001 0.6401264046875 0.6251953125 0.6418539328125 0.6285624999999999 0.6599999999999999 0.7189375 0.6219662921875 0.7660625 0.61331460625 0.7660625 0.62713483125 0.7760625 0.65204494375 0.77953125 0.6945505625 0.78721875 0.7516292140624999 0.79296875 0.7567977531250001 0.784328125 0.6876685390625 0.77490625 0.6378764046875001 0.7737499999999999 0.6237078656249999 0.796828125 0.5718539328125 0.8439375 0.5389887640625 0.84778125 0.5251685390625 0.86990625 0.49749999999999994 0.867984375 0.4810814609375 0.87375 0.471573034375 0.8814375 0.4784831453125 0.93625 0.4024157296875 0.931125 0.3713295875 0.93865625 0.3635533703125 0.9487500000000001 0.371320225 0.9525937499999999 0.2762359546875 0.9449062500000001 0.2658707859375 0.9564375 0.2295786515625 0.9487500000000001 0.17252809062500002 0.9410624999999999 0.1880898875 0.91028125 0.14834269687499999 0.8237500000000001 0.0532584265625 0.8006718749999999 0.0307865171875 0.6189375 0.0878089890625 0.4876875 0.27970505625 0.4689375 0.310842696875 0.47278125 0.4145505625 0.4814375 0.41800561875
8 0.46375 0.2430898875 0.49325 0.2304213484375 0.481703125 0.2880617984375 0.516328125 0.231573034375 0.5208125 0.1900842703125 0.53171875 0.1624157296875 0.556078125 0.14514045 0.556078125 0.117471909375 0.56440625 0.07713483125000001 0.569546875 0.073679775 0.5939062500000001 0.08404494375 0.6054375000000001 0.07483146093750001 0.620828125 0.0863483140625 0.634296875 0.0817415734375 0.602234375 0.0529213484375 0.57915625 0.0344662921875 0.5451718750000001 0.0229494375 0.502859375 0.028707865625000002 0.470171875 0.06213483125 0.461828125 0.0713483140625 0.47081249999999997 0.1370505625 0.482984375 0.1831741578125 0.474015625 0.1843258421875 0.46375 0.2430898875
9 0.3525 0.94831460625 0.34249999999999997 0.9213483140625 0.34750000000000003 0.833707865625 0.3375 0.7865168546875 0.3325 0.7730337078125 0.33625 0.74831460625 0.34249999999999997 0.7213483140625 0.34375 0.6988764046875 0.33875 0.68764045 0.3375 0.65168539375 0.35 0.622471909375 0.35875 0.5595505625 0.35875 0.5393258421875 0.35875 0.5033707859375001 0.35375 0.4808988765625 0.34875 0.47640449374999994 0.33625 0.4629213484375 0.30874999999999997 0.4449438203125 0.27375 0.4629213484375 0.24625 0.5550561796875 0.23875000000000002 0.6269662921875 0.23625 0.6449438203125 0.22749999999999998 0.658426965625 0.21875 0.674157303125 0.21625 0.7033707859375 0.205 0.7685393265625 0.21875 0.9707865171875 0.21375000000000002 0.9842696625 0.35125 0.9887640453125 0.3525 0.94831460625
9 0.528765625 0.7113483140625 0.535046875 0.7103932578125 0.542375 0.7103932578125 0.54446875 0.7151123593750001 0.5496875 0.73390449375 0.547078125 0.7555337078125001 0.5523125 0.7649438203125001 0.5491718750000001 0.7762359546875001 0.5449843750000001 0.786573034375 0.5376562500000001 0.7959831453125 0.534 0.809157303125 0.5371406249999999 0.8411235953125 0.55178125 0.8448876406249999 0.576375 0.8665168546875 0.5784687500000001 0.8599438203125 0.581609375 0.84300561875 0.583171875 0.8392415734374999 0.591015625 0.83831460625 0.5962500000000001 0.8307865171875 0.59678125 0.8307865171875 0.6004375 0.8185393265625001 0.6035781250000001 0.8082022468750001 0.6088125 0.8204213484375 0.6208437499999999 0.8307865171875 0.641234375 0.836432584375 0.645953125 0.843932584375 0.650125 0.8458146062499999 0.6543125 0.843932584375 0.6548437500000001 0.84300561875 0.6579843750000001 0.843932584375 0.663203125 0.8514606734375001 0.670015625 0.8589887640624999 0.670015625 0.8495786515624999 0.66478125 0.78 0.6490781250000001 0.759297753125 0.651171875 0.750842696875 0.65065625 0.7245224718750001 0.6485624999999999 0.7057022468749999 0.64490625 0.7000561796875 0.63653125 0.7010112359375 0.63234375 0.7028932578125 0.6255468750000001 0.7075842703124999 0.6224062499999999 0.72264045 0.613515625 0.7132303375 0.605671875 0.7038202250000001 0.58840625 0.6981741578125 0.58840625 0.697247190625 0.58475 0.6831460671875 0.58265625 0.6737359546875 0.574796875 0.6680898875 0.5695781249999999 0.6680898875 0.557015625 0.669971909375 0.5465625000000001 0.669971909375 0.548640625 0.665252809375 0.55021875 0.6614887640625 0.551265625 0.63235955 0.555453125 0.612612359375 0.55440625 0.6060112359375001 0.553875 0.5975561796875 0.5496875 0.5825 0.5496875 0.55522471875 0.54184375 0.5411235953125 0.5156875000000001 0.52609550625 0.500515625 0.5242134828125 0.48640625000000004 0.54300561875 0.48378125 0.5655898875 0.48587499999999995 0.5947471906249999 0.48848437499999997 0.6229494375 0.491625 0.6380056187500001 0.4958125 0.6521067421875 0.496859375 0.679382021875 0.502609375 0.6849999999999999 0.5198750000000001 0.71227528125 0.528765625 0.7113483140625
9 0.887703125 0.95654494375 0.8906562499999999 0.9501685390624999 0.8989375000000001 0.9533707859374999 0.902484375 0.9491292140625 0.916078125 0.9576123593749999 0.924953125 0.9693258421875001 0.9349999999999999 0.9724999999999999 0.9409218750000001 0.9639887640625 0.933234375 0.9321067421875 0.9349999999999999 0.9235955062500001 0.930859375 0.90022471875 0.922 0.9108426968750001 0.9154843749999999 0.9033988765625001 0.9137187499999999 0.8927808984375 0.9154843749999999 0.880028090625 0.9184531249999999 0.8715168546875001 0.9143125 0.8555617984375001 0.9119375 0.8460112359374999 0.9119375 0.8449438203125 0.9119375 0.8417696625 0.9166718749999999 0.82581460625 0.922 0.82581460625 0.92671875 0.821573034375 0.913296875 0.7601966296875 0.91275 0.7513764046875 0.914390625 0.73963483125 0.9181874999999999 0.7318258421875 0.9154687499999999 0.7200842703125 0.9122031249999999 0.7112640453125 0.91275 0.6995505625 0.91928125 0.6300842703125 0.9181874999999999 0.6115168546875 0.916015625 0.603679775 0.905671875 0.5841292140625 0.8975156249999999 0.5743258421874999 0.8866406250000001 0.563567415625 0.8888125 0.540112359375 0.8871874999999999 0.5136797750000001 0.864875 0.5019662921875 0.85996875 0.50390449375 0.8501875 0.5146629218750001 0.8436562500000001 0.5293539328125 0.84146875 0.5430337078125 0.8300468750000001 0.5469382015625001 0.8213437499999999 0.5518258421875 0.7539687500000001 0.6578932578125001 0.767390625 0.7001966296875 0.79596875 0.6568258421875 0.867 0.9289325843749999 0.857546875 0.9491292140625 0.875875 0.9374157296875 0.88415625 0.9533707859374999 0.887703125 0.95654494375
9 0.9959843749999999 0.35359550624999997 0.9734375 0.4031460671875 0.9734375 0.48648876406249997 0.9446249999999999 0.51800561875 0.922078125 0.558567415625 0.9195625 0.6238764046874999 0.913296875 0.7207303375 0.913296875 0.7815449437499999 0.9270781250000001 0.8198314609375 0.935859375 0.9887359546875001 0.997234375 0.9864887640625 0.9984999999999999 0.36036516875 0.9959843749999999 0.35359550624999997
9 0.20392187499999997 0.68699438125 0.20392187499999997 0.6606460671875001 0.20392187499999997 0.6420786515625 0.207359375 0.61727528125 0.207359375 0.5940449437499999 0.199609375 0.5801123593749999 0.187546875 0.578567415625 0.18065625000000002 0.577022471875 0.175484375 0.57235955 0.17290624999999998 0.5336516859375 0.18065625000000002 0.4964606734375 0.183234375 0.47168539374999996 0.175484375 0.44842696562500006 0.166875 0.43140449375 0.14446874999999998 0.42985955000000003 0.12809375 0.44070224687500004 0.119484375 0.463932584375 0.10914062499999999 0.5073033703125 0.10828125 0.5367415734375001 0.10740625 0.559971909375 0.10225 0.58786516875 0.091046875 0.6234831453125 0.08931249999999999 0.6312359546875 0.097078125 0.6792415734375 0.09879687499999999 0.7721910109375 0.11085937500000001 0.7752808984375 0.1384375 0.7613483140625 0.149640625 0.7628932578125001 0.157390625 0.7783988765625 0.163421875 0.7659831453125 0.167734375 0.742752809375 0.17376562499999998 0.738117978125 0.177203125 0.767528090625 0.17806249999999998 0.7752808984375 0.189265625 0.7830337078125 0.20478125 0.7985112359375 0.20564062500000002 0.7954213484375 0.20823437500000003 0.7644382015625 0.20909375 0.736573034375 0.19789062500000001 0.7257303375 0.20392187499999997 0.68699438125
9 0.701734375 1 0.8785624999999999 0.9994382015625 0.86659375 0.9651966296875001 0.8138125 0.9397471906250001 0.81328125 0.91235955 0.826875 0.8605337078125 0.819796875 0.80772471875 0.80946875 0.7881460671875 0.791515625 0.7597752812499999 0.768109375 0.7519662921875 0.745265625 0.7754213484375 0.734375 0.8165168546875 0.7381875 0.8233707859375 0.73928125 0.876179775 0.74853125 0.9368258421875 0.757234375 0.9417134828125 0.756140625 0.9554213484374999 0.742546875 0.9563764046875001 0.710984375 0.9818258421875001 0.699015625 1 0.701734375 1
9 0.141359375 0.15587078593749998 0.1335 0.17471910156249998 0.12957812500000002 0.1958707859375 0.137421875 0.21235955 0.14265624999999998 0.2264606734375 0.14265624999999998 0.2335393265625 0.12957812500000002 0.2758707859375 0.12957812500000002 0.3229494375 0.14396875 0.3370505625 0.160984375 0.3417696625 0.1793125 0.34646067343750003 0.184546875 0.3394101125 0.18715625 0.3182303375 0.20024999999999998 0.271179775 0.20024999999999998 0.228820225 0.20024999999999998 0.20764045000000003 0.2211875 0.1864606734375 0.238203125 0.1864606734375 0.230359375 0.1652808984375 0.20940625000000002 0.13235955 0.19632812500000002 0.1252808984375 0.205484375 0.0852808984375 0.20417187499999997 0.0735393265625 0.195015625 0.05 0.184546875 0.0452808984375 0.171453125 0.04764045 0.170140625 0.0641292140625 0.159671875 0.07587078593749999 0.163609375 0.10646067343750001 0.1544375 0.1252808984375 0.141359375 0.15587078593749998
9 0.4425625 0.066067415625 0.43715624999999997 0.0682303375 0.43032812500000006 0.0725561796875 0.42771875000000004 0.0765168546875 0.423109375 0.0848033703125 0.412484375 0.10716292187500001 0.41489062499999996 0.12337078593749999 0.409875 0.1258988765625 0.3954375 0.14466292187500002 0.38882812499999997 0.16123595468750002 0.38260937500000003 0.185028090625 0.38020312500000003 0.193679775 0.3761875 0.20342696562499998 0.37178125 0.218202246875 0.36896874999999996 0.22685393281250002 0.36615625 0.23839887656249997 0.362546875 0.2513764046875 0.36234375 0.2639887640625 0.374578125 0.2246910109375 0.388421875 0.2131460671875 0.39323437499999997 0.2167415734375 0.39725 0.2275561796875 0.40245312499999997 0.269382021875 0.412078125 0.24775280937500002 0.42271875000000003 0.22143258437500002 0.436546875 0.19261235937500001 0.44837499999999997 0.1763764046875 0.46001562500000004 0.181797753125 0.46321874999999996 0.2055898875 0.4684375 0.2387359546875 0.473046875 0.217471909375 0.473453125 0.17457865156250002 0.47725 0.1771067421875 0.480859375 0.17061797812499999 0.48026562500000003 0.165926965625 0.47625 0.145 0.46903125 0.143932584375 0.469234375 0.1305898875 0.467234375 0.0977808984375 0.46382812500000004 0.081207865625 0.458609375 0.0721910109375 0.45239062499999994 0.06676966250000001 0.453 0.06786516875000001 0.44778124999999996 0.066067415625 0.4425625 0.066067415625
9 0.289203125 0.309887640625 0.299796875 0.31561797812500003 0.323078125 0.325112359375 0.35059375 0.33842696562499996 0.355890625 0.3612640453125 0.362234375 0.41834269687500003 0.382359375 0.4145505625 0.396109375 0.43168539375000003 0.41834375 0.42786516875 0.41515625 0.3974157296875 0.43315625 0.340337078125 0.43209375000000005 0.4069382015625 0.477609375 0.41834269687500003 0.45326562499999995 0.38410112343749997 0.455390625 0.2699438203125 0.44903125 0.226179775 0.431046875 0.20525280937499998 0.40670312500000005 0.2718539328125 0.396109375 0.23379213437500002 0.389765625 0.20904494375 0.365421875 0.2547191015625 0.35378125 0.327022471875 0.33684375 0.30609550625000004 0.30403125000000003 0.30227528124999997 0.2955625 0.2566292140625 0.2796875 0.220477528125 0.2638125 0.226179775 0.250046875 0.24519662968749997 0.260625 0.2508988765625 0.27015625 0.2528089890625 0.289203125 0.309887640625
9 0.20690624999999999 0.3564606734375 0.216578125 0.36308988750000004 0.22395312500000003 0.3514887640625 0.24100000000000002 0.3498314609375 0.251125 0.326657303125 0.252515625 0.305112359375 0.24421875 0.2943539328125 0.23454687500000002 0.266179775 0.24100000000000002 0.2562640453125 0.24514062499999997 0.2330617984375 0.24698437499999998 0.207387640625 0.2386875 0.1833707859375 0.22395312500000003 0.17674157343750002 0.21012499999999998 0.17674157343750002 0.20090625 0.19744382031250002 0.20090625 0.21733146093750003 0.2064375 0.2521067421875 0.198609375 0.2711516859375 0.19078124999999999 0.31918539375 0.182484375 0.3945786515625 0.18939062499999998 0.3887640453125 0.19953125 0.38463483125 0.2050625 0.39789325781249996 0.20875 0.39789325781249996 0.216109375 0.3854494375 0.203671875 0.3746910109375 0.20690624999999999 0.3564606734375
4 0.31403125 0.353820225 0.327640625 0.39488764062500004 0.343421875 0.40859550625 0.35484375 0.4183707859375 0.361375 0.4066292140625 0.36409375 0.39 0.35265625 0.345028090625 0.338515625 0.3293539328125 0.290640625 0.31272471875 0.287921875 0.27264045000000003 0.26942187500000003 0.245252809375 0.2541875 0.2481741578125 0.2356875 0.267752809375 0.23459375 0.2785112359375 0.248203125 0.30589887656250003 0.248734375 0.3420786515625 0.30315625 0.33132022499999997 0.30096875 0.352837078125 0.31403125 0.353820225
4 0.369859375 0.10438202187500001 0.373359375 0.09581460625 0.378125 0.0775561796875 0.3784375 0.0895505625 0.375890625 0.11637640468749999 0.381296875 0.117528090625 0.383828125 0.10724719062500002 0.3901875 0.087837078125 0.39273437499999997 0.06272471874999999 0.40034375000000005 0.0575842703125 0.405109375 0.0667134828125 0.41559375000000004 0.0798314609375 0.41590625000000003 0.095252809375 0.41685937500000003 0.10724719062500002 0.4213125 0.09182584218749999 0.428609375 0.0724157296875 0.43940625000000005 0.065 0.45084375000000004 0.0632865171875 0.4489375 0.053567415625 0.44576562500000005 0.043876404687499995 0.4413125 0.025589887500000002 0.431796875 0.0193258421875 0.40225 0.008483145312499999 0.377171875 0.014747190625 0.365734375 0.0301685390625 0.36478125 0.05014045 0.369234375 0.0518539328125 0.36859375 0.0752808984375 0.363828125 0.092387640625 0.365421875 0.1180898875 0.365734375 0.117528090625 0.369234375 0.1180898875 0.369859375 0.10438202187500001
9 0.53428125 0.8543258421875001 0.538390625 0.8 0.552125 0.7629494375 0.5493750000000001 0.7086516859375 0.519171875 0.7086516859375 0.4958125 0.6716011234375 0.46423437500000003 0.6790168546875 0.445 0.7185112359375 0.431265625 0.7925842703125 0.43676562499999994 0.8716011234375 0.3928125 0.8962921343750001 0.401046875 0.98764045 0.5493750000000001 0.98764045 0.546640625 0.9827247187499999 0.5493750000000001 0.9086516859374999 0.53428125 0.8543258421875001
8 0.300515625 0.340252809375 0.25428125 0.32727528125 0.21528125 0.3662359546875 0.20515625 0.3922191015625 0.21528125 0.4181741578125 0.262953125 0.44154494375000003 0.26151562500000003 0.4467415734375 0.300515625 0.42337078593750005 0.300515625 0.340252809375
8 0.307828125 0.0998033703125 0.2958125 0.11522471875 0.29295312500000004 0.13477528125 0.29295312500000004 0.1353089890625 0.29867187500000003 0.1630617984375 0.30839062500000003 0.172837078125 0.30839062500000003 0.1692415734375 0.313546875 0.10957865156249999 0.32814062499999996 0.10238764062500001 0.3166875 0.0967134828125 0.307828125 0.0998033703125
8 0.6073593749999999 0.9246910109375 0.640921875 0.977752809375 0.675078125 0.9694382015624999 0.676234375 0.8976404499999999 0.6611875 0.8445786515625 0.647875 0.8435393265625001 0.633984375 0.8237640453124999 0.6235625 0.830028090625 0.60446875 0.80713483125 0.601 0.8133707859375001 0.585375 0.8258707859375001 0.572640625 0.8664325843749999 0.573796875 0.8643539328125 0.600421875 0.87786516875 0.6073593749999999 0.9246910109375
9 0.10981250000000001 0.8363764046875 0.0996875 0.7506460671874999 0.0996875 0.6831179781250001 0.083796875 0.6259831453125 0.056343750000000005 0.6103932578125 0.04334375 0.6207865171875 0.034671875000000005 0.5922191015625 0.034671875000000005 0.5506460671875 0.053453125000000004 0.5506460671875 0.065015625 0.5376685390625 0.07368749999999999 0.49609550625 0.075125 0.45713483125 0.06646875 0.4025842703125 0.056343750000000005 0.3948033703125 0.013000000000000001 0.3974157296875 0.0014375 0.40778089843750004 0.00578125 0.9064887640625001 0.0115625 0.916882021875 0.036125000000000004 0.9091011234374999 0.054906250000000004 0.901292134375 0.075125 0.90390449375 0.08090625 0.9091011234374999 0.115578125 0.916882021875 0.12859375 0.9142977531250001 0.11846874999999998 0.8701404500000001 0.10981250000000001 0.8363764046875
9 0.11256250000000001 0.5031460671875 0.106625 0.48977528125 0.11479687499999999 0.469747190625 0.113296875 0.46042134843750004 0.104390625 0.4470505625 0.104390625 0.444382021875 0.10884374999999999 0.43769662968749995 0.11256250000000001 0.4296910109375 0.11256250000000001 0.41901685468750005 0.113296875 0.4110112359375 0.123703125 0.40165730312500003 0.13484374999999998 0.40300561874999996 0.15267187499999998 0.396320225 0.14375 0.3575842703125 0.127421875 0.3482584265625 0.10735937499999999 0.3495786515625 0.092515625 0.384297753125 0.07765625000000001 0.4110112359375 0.082859375 0.42168539374999997 0.07690625 0.44039325781249994 0.07468749999999999 0.45907303437499997 0.07320312500000001 0.501797753125 0.072453125 0.5285112359374999 0.06503125 0.552528090625 0.050171875 0.552528090625 0.037546875 0.55654494375 0.035312500000000004 0.5966011234375 0.038296875 0.6152808984375 0.047953125 0.6179775281250001 0.05759375 0.60727528125 0.069484375 0.6166292140625 0.08434375 0.6179775281250001 0.082859375 0.5098033703125 0.097703125 0.50581460625 0.10959375 0.519157303125 0.11256250000000001 0.5031460671875
9 0.0265625 0 0.0078125 0.022471909374999998 0.003125 0.0365168546875 0.0106329453125 0.040801753125 0.0029513890625 0.050873907812499994 0.0017361109374999999 0.151373284375 0.0015625 0.1657303375 0.0215836859375 0.1453532671875 0.0673463984375 0.3555989328125 0.0267578125 0.3753511234375 0.0015625 0.37640449375 0.0171875 0.37640449375 0.017738970312499998 0.37937871875 0.025 0.37640449375 0.02582720625 0.380865828125 0.03125 0.37359550625 0.03515625 0.375 0.033915440625 0.382352940625 0.0435546875 0.3746488765625 0.051953125 0.374297753125 0.0500919125 0.385327165625 0.0578125 0.382022471875 0.058180146875000005 0.386814275 0.0603515625 0.3739466296875 0.065625 0.37640449375 0.0662683828125 0.3883013875 0.0730667375 0.38187964375 0.1531514828125 0.7498095593749999 0.15 0.76404494375 0.134375 0.76404494375 0.115625 0.7752808984375 0.103125 0.7752808984375 0.109375 0.8342696625 0.125 0.8988764046875 0.1296875 0.8988764046875 0.1453125 0.8848314609375001 0.1640625 0.853932584375 0.1703125 0.8286516859375 0.1645921609375 0.802370978125 0.1703125 0.7921348312500001 0.340188953125 0.7296185000000001 0.3328125 0.7752808984375 0.346875 0.8314606734375 0.34375 0.9269662921874999 0.3515625 0.9466292140625001 0.31906249999999997 0.983707865625 0.3109375 0.9887640453125 0.3171875 0.9971910109375001 0.31875 0.9887640453125 0.32687499999999997 0.99522471875 0.328125 0.9887640453125 0.335 0.9932584265625 0.3359375 0.9887640453125 0.3375 0.9887640453125 0.3271875 0.9786516859375001 0.3515625 0.9634831453125001 0.35125 0.9893258421875 0.4 0.977528090625 0.4015625 0.9887640453125 0.44765625 0.9880617984375 0.455859375 0.9926264046875 0.45625 0.9887640453125 0.4640625 0.9887640453125 0.465625 0.9971910109375001 0.5375 0.8651685390624999 0.5359375 0.8623595500000001 0.54375 0.84831460625 0.5510416671875 0.8501872671875 0.584375 0.8426966296874999 0.59375 0.8595505625 0.6046875 0.8595505625 0.6125 0.8651685390624999 0.6171875 0.8623595500000001 0.621875 0.8679775281250001 0.6328125 0.8679775281250001 0.640625 0.87359550625 0.6453125 0.8707865171875 0.65 0.87640449375 0.6609375 0.87640449375 0.66875 0.8820224718749999 0.6734375 0.8792134828125 0.678125 0.8848314609375001 0.6890625 0.8848314609375001 0.696875 0.8904494375 0.7015625 0.8876404499999999 0.70625 0.8932584265625 0.7171875 0.8932584265625 0.725 0.8988764046875 0.7296875 0.896067415625 0.734375 0.90168539375 0.815625 0.9044943812499999 0.815625 0.910112359375 0.81875 0.9129213484375001 0.8609375 0.910112359375 0.825 0.772471909375 0.815625 0.769662921875 0.809375 0.7612359546875 0.8 0.758426965625 0.79375 0.75 0.7875 0.75 0.78125 0.741573034375 0.775 0.741573034375 0.76875 0.7331460671875 0.7625 0.7331460671875 0.75 0.7219101125 0.7502016125 0.71094599375 0.811290321875 0.5826386375 0.8078125 0.575842696875 0.8163810484375 0.57194635625 0.8140625 0.5646067421875001 0.8214717734375 0.5612540781249999 0.821875 0.5533707859375 0.82421875 0.5449438203125 0.834375 0.5449438203125 0.8365068859375 0.5121405453125 0.84401483125 0.51642544375 0.9 0.5786516859375 0.8875 0.5646067421875001 0.9 0.5533707859375 0.89375 0.5421348312500001 0.8890625 0.5421348312500001 0.851522775 0.520710340625 0.7515625 0.36235955 0.7734375 0.3146067421875 0.7890625 0.26404494375 0.796875 0.2191011234375 0.8 0.17977528125 0.8 0.1292134828125 0.7953125 0.07865168593750001 0.7984375 0.0280898875 0.79375 0 0.465625 0 0.38727678593750003 0.074237559375 0.3203125 0 0.0265625 0