9 0.2901875 0.6314553984375 0.294671875 0.62697183125 0.306640625 0.6314553984375 0.30215625 0.6539436624999999 0.29915625 0.678661971875 0.29765625 0.69661971875 0.30065624999999996 0.6988732390625 0.31262500000000004 0.705610328125 0.314109375 0.7033802812500001 0.308125 0.6853990609375 0.315609375 0.6494366203124999 0.32309375 0.6247183093750001 0.31710937499999997 0.6 0.318609375 0.570798121875 0.308125 0.5370892015625001 0.303640625 0.5370892015625001 0.2901875 0.521338028125 0.27821875 0.521338028125 0.27971875 0.5393192484375 0.282703125 0.5528169015625 0.284203125 0.55730046875 0.273734375 0.5685446015625 0.26775000000000004 0.575281690625 0.26775000000000004 0.5910093890625 0.26475 0.62697183125 0.27671875 0.6381924875 0.27821875 0.66516431875 0.282703125 0.69661971875 0.284203125 0.7078638500000001 0.294671875 0.694389671875 0.284203125 0.6606807515625001 0.284203125 0.6337089203125 0.2901875 0.6314553984375
9 0.214734375 0.6608685453125 0.20964062499999997 0.652769953125 0.2073125 0.632417840625 0.21328125 0.6284741781250001 0.21968749999999998 0.6295774640625 0.22814062499999999 0.6096478875 0.230171875 0.582065728125 0.22521874999999997 0.562605634375 0.21998437499999998 0.5593192484375 0.2188125 0.5466197187499999 0.21503125 0.53589201875 0.21240625 0.52626760625 0.20890625 0.5203521125 0.203515625 0.51948356875 0.19521875 0.5225352109375 0.19243749999999998 0.5293192484375 0.193609375 0.5396244125 0.1870625 0.5671830984375 0.18487499999999998 0.5768309859375 0.1826875 0.5884272296875 0.183703125 0.5980516437500001 0.183703125 0.6127230046875 0.18748437499999998 0.6293427234375 0.18953124999999998 0.6374413140625 0.18939062499999998 0.6451173703124999 0.19171875 0.6639201875 0.190546875 0.6772769953125 0.18471875 0.6972065734374999 0.18356250000000002 0.7009154921875 0.18340625 0.705962440625 0.18778125 0.707042253125 0.194484375 0.7048591546874999 0.198421875 0.7009154921875 0.197390625 0.6792488265625 0.199734375 0.662605634375 0.20817187499999998 0.66875586875 0.214734375 0.6608685453125
8 0.43745312500000005 0.5247652578124999 0.439578125 0.531150234375 0.44453125 0.531150234375 0.4459375 0.5269014078125001 0.44453125 0.52051643125 0.44028124999999996 0.5152112671875 0.4459375 0.5066901406250001 0.49264062500000005 0.5215727703125 0.49264062500000005 0.5375352109375 0.49759374999999995 0.531150234375 0.500421875 0.51946009375 0.542171875 0.5066901406250001 0.54146875 0.51626760625 0.53934375 0.51840375625 0.53934375 0.529014084375 0.53934375 0.5364553984375 0.544296875 0.5396478874999999 0.54925 0.529014084375 0.5506562500000001 0.5120187796875 0.545703125 0.5077699531250001 0.6659843750000001 0.488638496875 0.6659843750000001 0.4811971828125 0.66315625 0.47694835625 0.515984375 0.4780046953125 0.518109375 0.4471830984375 0.47424999999999995 0.44399061093750003 0.47282812500000004 0.4801173703125 0.4190625 0.4790610328125 0.42189062499999996 0.4811971828125 0.43745312500000005 0.51626760625 0.43745312500000005 0.5247652578124999
8 0.017953125 0.52359155 0.0194375 0.5146009390625 0.01196875 0.5011267609375001 0.031406250000000004 0.49438967187499994 0.128640625 0.4741549296875 0.139109375 0.46291079843749994 0.133125 0.45617370937499996 0.11368750000000001 0.45842722968749994 0.040390625 0.4741549296875 0.029921874999999997 0.46516431875 0.025421875 0.46516431875 0.01046875 0.46516431875 0.0044843750000000005 0.4988732390625 0.007484375 0.5258450703124999 0.017953125 0.52359155
8 0.20431249999999998 0.591431925 0.2044375 0.5975352109375 0.20456249999999998 0.60140845 0.20554687500000002 0.60213615 0.208984375 0.60194835625 0.21204687500000002 0.60213615 0.21168749999999997 0.60140845 0.20996874999999998 0.6006572765625 0.20984375000000002 0.598638496875 0.21290625 0.598638496875 0.21290625 0.5978873234375001 0.21278125 0.5947652578125 0.2114375 0.5929107984375 0.208484375 0.5918075125 0.20787499999999998 0.5897887328125 0.20971875 0.588122065625 0.210203125 0.5870187796875 0.20885937499999999 0.5847887328125 0.212296875 0.58516431875 0.21328125 0.5796244125000001 0.20934375 0.58018779375 0.203203125 0.5790845078125 0.20382812499999997 0.583497653125 0.20382812499999997 0.5864553984375 0.20431249999999998 0.591431925
8 0.610671875 0.6378873234375 0.6079687500000001 0.6392253515624999 0.607515625 0.6439671359375 0.607515625 0.651431925 0.606625 0.66159624375 0.606171875 0.675821596875 0.608421875 0.677159625 0.610234375 0.677159625 0.6174375000000001 0.677159625 0.620140625 0.675821596875 0.621046875 0.6649765265625 0.621953125 0.6534507046875 0.621953125 0.6439671359375 0.6174375000000001 0.638568075 0.6174375000000001 0.633826290625 0.612484375 0.633145540625 0.613390625 0.633826290625 0.613390625 0.6365258218750001 0.610671875 0.6378873234375
8 0.633671875 0.672417840625 0.634 0.6529812203125 0.63334375 0.650070421875 0.6330312499999999 0.6476525828125 0.632703125 0.6452112671875 0.632375 0.6408450703125 0.62946875 0.6418309859375 0.628828125 0.6447417843750001 0.62590625 0.650070421875 0.626234375 0.6729107984375 0.633671875 0.672417840625
8 0.6524062500000001 0.6738028171875 0.65575 0.6740845078125 0.66065625 0.6738028171875 0.661828125 0.6738028171875 0.661625 0.6720187796875 0.661828125 0.6593427234375 0.661625 0.64873239375 0.6614375 0.637840375 0.65928125 0.6325352109375 0.65575 0.63016431875 0.653390625 0.631338028125 0.652015625 0.6339906109375 0.648484375 0.6407746484375 0.6478906249999999 0.671150234375 0.6475 0.6720187796875 0.648875 0.673497653125 0.6524062500000001 0.6738028171875
0 0.723375 0.6522769953124999 0.69965625 0.6483098593750001 0.6838437500000001 0.6351173703125 0.6838437500000001 0.6179577468749999 0.6662656250000001 0.6153286390625 0.6680312500000001 0.6219248828125 0.6759375000000001 0.6219248828125 0.6724218750000001 0.654929578125 0.6627500000000001 0.6654694828125 0.6759375000000001 0.67340375625 0.6706562500000001 0.6839671359375 0.66978125 0.6971596250000001 0.68471875 0.6958450703125 0.68646875 0.6826291078125 0.6926249999999999 0.6654694828125 0.71721875 0.6786854453125 0.756765625 0.6865962437500001 0.795421875 0.6971596250000001 0.8200156249999999 0.6905633796874999 0.8129843749999999 0.6786854453125 0.784875 0.6694366203125 0.755 0.6654694828125 0.750609375 0.654929578125 0.735671875 0.654929578125 0.723375 0.6522769953124999
8 0.25265624999999997 0.629014084375 0.256921875 0.62802816875 0.258234375 0.6950234734375 0.2628125 0.694037559375 0.26609375 0.7028873234375 0.27559374999999997 0.69551643125 0.28312499999999996 0.6807511734375 0.2913125 0.6866431921875 0.294921875 0.686150234375 0.297703125 0.6699178406249999 0.303109375 0.678286384375 0.308015625 0.6674647890625 0.3130364578125 0.67730829375 0.309 0.6886150234375 0.314890625 0.6989436625 0.323078125 0.6969953046875 0.3180572921875 0.6871518 0.311375 0.654911971875 0.321453125 0.617253521875 0.32340625 0.605446009375 0.32865625 0.605446009375 0.33585937499999996 0.6000469484375001 0.32439062500000004 0.597582159375 0.31915625 0.6039671359375001 0.30409375 0.635962440625 0.300484375 0.6536854453125 0.29540625 0.6349765265625 0.28671875 0.6339906109375 0.273296875 0.64286385 0.27132812500000003 0.6216431921875001 0.262484375 0.6024413140625 0.2645572921875 0.5886619718749999 0.25659375 0.5989906109375001 0.24971875 0.6014553984375001 0.25003125000000004 0.61375586875 0.25265624999999997 0.629014084375
8 0.17681249999999998 0.6383333328125 0.179296875 0.650093896875 0.184640625 0.6543661968750001 0.1862421875 0.667746478125 0.1768046875 0.6672065734375 0.1743125 0.6843192484375 0.17503125 0.6950234734375 0.18071874999999998 0.6950234734375 0.18784375 0.6864553984375 0.18784375 0.6811267609375 0.20065624999999998 0.6730985921875 0.201375 0.6746948359375 0.209203125 0.665070421875 0.21204687500000002 0.6886150234375 0.21953125 0.69983568125 0.224515625 0.7003755875000001 0.2305625 0.6923474171875 0.23340624999999998 0.6816431921875 0.22984374999999999 0.6554460093750001 0.230203125 0.6308450703124999 0.23234375 0.6196244125 0.241953125 0.6046478875 0.23590624999999998 0.60410798125 0.228421875 0.60624413125 0.2280625 0.60410798125 0.1860625 0.5864553984375 0.18890625 0.60410798125 0.168625 0.597159625 0.1579375 0.5992957750000001 0.16007812500000002 0.61694835625 0.15403125 0.6206807515625 0.169328125 0.6292488265625 0.17681249999999998 0.6383333328125
0 0.7825624999999999 0.654389671875 0.790078125 0.65483568125 0.8129375 0.6571126765625 0.8255625 0.65981220625 0.835171875 0.6589201874999999 0.834578125 0.65213615 0.827359375 0.65213615 0.830671875 0.646713615625 0.81925 0.63859155 0.8174374999999999 0.6340610328125 0.8120312500000001 0.6331690140624999 0.7906875 0.62730046875 0.7909843750000001 0.62051643125 0.7891874999999999 0.6169014078124999 0.785875 0.6236854453125 0.777453125 0.6245774640625 0.7654375 0.6227699531249999 0.76453125 0.6160093890625 0.76121875 0.61373239375 0.7564062500000001 0.6178169015625 0.750703125 0.62051643125 0.7561093750000001 0.6218779343749999 0.7621249999999999 0.6367840375 0.768734375 0.637230046875 0.7792656250000001 0.644014084375 0.7825624999999999 0.654389671875
8 0.5302327296875 0.4733617484375 0.584828125 0.4825117375 0.58759375 0.45751173749999996 0.557109375 0.45612676093750004 0.5224333875 0.4720546078125 0.483436678125 0.465518903125 0.482328125 0.4556572765625 0.47493749999999996 0.461713615625 0.47090624999999997 0.45767605624999996 0.46783799375 0.4629046203125 0.46754687500000003 0.467769953125 0.459484375 0.46928403750000003 0.459484375 0.453638496875 0.452239309375 0.46029033750000004 0.4480625 0.4556572765625 0.4444399671875 0.45898319687500005 0.436640625 0.45767605624999996 0.42589062499999997 0.46373239374999997 0.43529687499999997 0.47382629062500004 0.45142187500000003 0.470798121875 0.5302327296875 0.4733617484375
8 0 0.4157746484375 0.0245 0.4162910796875 0.146828125 0.43333333281249997 0.226203125 0.43746478906249997 0.236515625 0.453474178125 0.29321875 0.49786385 0.30007812500000003 0.53194835625 0.303515625 0.5427934265625 0.27225 0.5582629109374999 0.264515625 0.559295775 0.26125 0.5510328640625 0.256028125 0.559502346875 0.252671875 0.556713615625 0.247540625 0.5597089203125 0.2424739578125 0.5579186218750001 0.239053125 0.5599154921875 0.222078125 0.5603286390625 0.23056562500000002 0.560122065625 0.22757812500000002 0.5799530515625 0.229984375 0.6099061031249999 0.23342187499999997 0.6253755875 0.23960937499999999 0.62640845 0.249921875 0.6062910796875001 0.254375 0.6238262906250001 0.26640625 0.6006103281249999 0.26709375 0.581502346875 0.273003125 0.5590892015625 0.306953125 0.5582629109374999 0.306953125 0.5685915500000001 0.31657812500000004 0.58305164375 0.312109375 0.5959624406249999 0.321390625 0.6068075125 0.328609375 0.6031924875 0.331359375 0.6341549296875 0.339265625 0.65946009375 0.341328125 0.680633803125 0.34990625 0.6837089203125 0.36021875 0.6837089203125 0.36778125 0.6796009390625 0.36262500000000003 0.6651408453125 0.35334374999999996 0.6480985921875 0.34715625 0.6269248828125 0.35265625 0.6104225359375001 0.36090625 0.6104225359375001 0.412109375 0.6253755875 0.4743125 0.6181455406249999 0.490109375 0.6011267609375001 0.497671875 0.586150234375 0.49664062500000006 0.5634272296875 0.482890625 0.5505164312499999 0.47603125 0.5505164312499999 0.47053124999999996 0.5654929578125001 0.437875 0.5582629109374999 0.412109375 0.5582629109374999 0.41382812500000005 0.4756807515625 0.41726562500000003 0.4493427234375 0.510734375 0.448309859375 0.664328125 0.43126760624999994 0.769140625 0.42455399062500004 0.780484375 0.41784037500000004 0.784265625 0.40701877968750005 0.779109375 0.3972065734375 0.750578125 0.3910093890625 0.648875 0.396173709375 0.52446875 0.3982394359375 0.5172656250000001 0.396173709375 0.418640625 0.3977230046875 0.315890625 0.39669014062499997 0 0.3780985921875 0 0.4157746484375