8 0.24477751718750002 0.8794062500000001 0.251475409375 0.8324374999999999 0.27159250625000003 0.76084375 0.28501170937500003 0.702671875 0.3285948484375 0.6803125 0.3420140515625 0.6780625 0.36882903906250003 0.698203125 0.38224824375 0.73846875 0.36548009375 0.7720312500000001 0.3722014046875 0.812296875 0.36882903906250003 0.8525625 0.3554332546875 0.886125 0.335316159375 0.921921875 0.3386651046875 0.9398125 0.3420140515625 0.9375781249999999 0.395667446875 0.9465312499999999 0.4224824359375 0.921921875 0.42583138125 0.8592812500000001 0.4526697890625 0.8592812500000001 0.4560187359375 0.843609375 0.4560187359375 0.80334375 0.45936768125 0.7004374999999999 0.4526697890625 0.6579375 0.5398360656250001 0.622140625 0.52644028125 0.671359375 0.5297892265625 0.7228125000000001 0.5331381734375 0.7541249999999999 0.5297892265625 0.789921875 0.53648711875 0.8301875000000001 0.5197189703125 0.84809375 0.523091334375 0.87046875 0.5834426234375 0.8637499999999999 0.5834426234375 0.839140625 0.5700234187500001 0.807828125 0.5700234187500001 0.789921875 0.55997658125 0.780984375 0.5767213109375 0.7049218749999999 0.5800936765625 0.6780625 0.606908665625 0.633328125 0.606908665625 0.5952968750000001 0.6136065578125 0.5483125 0.6169789234375 0.47225 0.6035597187499999 0.416328125 0.5465573765625 0.393953125 0.496252928125 0.36934374999999997 0.44932084375 0.382765625 0.4224824359375 0.39842187500000004 0.3889695546875 0.40290625 0.3453629984375 0.40065625000000005 0.32189695625 0.387234375 0.3252459015625 0.371578125 0.318548009375 0.360390625 0.28501170937500003 0.36934374999999997 0.241428571875 0.371578125 0.17770491875 0.38053125 0.15088992968749998 0.3738125 0.12070257656250001 0.364875 0.140819671875 0.3961875 0.15088992968749998 0.416328125 0.14754098437500002 0.48343749999999996 0.14754098437500002 0.512515625 0.1542388765625 0.541609375 0.14754098437500002 0.5773906249999999 0.15088992968749998 0.622140625 0.1810772828125 0.64003125 0.2112412171875 0.6557031249999999 0.20789227187499998 0.69596875 0.22131147499999998 0.7496562499999999 0.2145901640625 0.80334375 0.2145901640625 0.816765625 0.20789227187499998 0.84809375 0.18777517500000002 0.8727031249999999 0.1978220140625 0.92415625 0.1978220140625 0.9465312499999999 0.23135831406250001 0.951 0.238079625 0.9465312499999999 0.251475409375 0.926390625 0.24477751718750002 0.90178125 0.24477751718750002 0.8794062500000001
9 0.754847775 0.461890625 0.7738641687500001 0.461890625 0.8630913343750001 0.457984375 0.8616159250000001 0.42582812499999995 0.8601639343749999 0.41509375000000004 0.8616159250000001 0.40240625 0.8718735359374999 0.374109375 0.8630913343750001 0.350671875 0.8557845437499999 0.32432812499999997 0.8499297421875 0.30578125 0.8382201406249999 0.29114062500000004 0.800187353125 0.271625 0.7650819671875 0.29309375000000004 0.7621545671875001 0.31651562499999997 0.7621545671875001 0.33604687499999997 0.753372365625 0.342875 0.737283371875 0.36921875000000004 0.734355971875 0.38484375000000004 0.7241217796874999 0.395578125 0.715339578125 0.4063125 0.7080327875 0.42679687499999996 0.6992505859375 0.451203125 0.6992505859375 0.456078125 0.7007259953125 0.457984375 0.7211943796875 0.461890625 0.754847775 0.461890625
9 0.366580796875 0.333296875 0.366580796875 0.33553125 0.3733021078125 0.3825 0.3733021078125 0.38921875 0.3733021078125 0.3959375 0.4202341921875 0.402640625 0.43030445000000006 0.3936875 0.5141217796875 0.3936875 0.520843090625 0.3936875 0.5476580796875 0.38475000000000004 0.5476580796875 0.3735625 0.537587821875 0.34671875 0.5308899296875 0.33553125 0.5308899296875 0.288546875 0.5007259953125 0.27065625 0.4873067921875 0.27065625 0.426955503125 0.2639375 0.4202341921875 0.28184375 0.4235831375 0.275125 0.410187353125 0.317625 0.40683840781249997 0.317625 0.366580796875 0.333296875
9 0.7059016390624999 0.29626562500000003 0.7010538640624999 0.297109375 0.6977283375 0.29881250000000004 0.6972131140625 0.30171875 0.6972131140625 0.30256249999999996 0.7263466046875 0.302734375 0.7258548015625 0.29728125 0.721756440625 0.29626562500000003 0.72098360625 0.29575 0.72098360625 0.293875 0.7212412171875 0.289953125 0.72098360625 0.288421875 0.7189461359375 0.2875625 0.7181733015625 0.287390625 0.7153629984375 0.28721874999999997 0.7128103046875001 0.287390625 0.7084543328125 0.288078125 0.70744730625 0.290625 0.706932084375 0.293359375 0.7071896953125 0.295234375 0.7059016390624999 0.29626562500000003
9 0.6708665109374999 0.297359375 0.6671896953124999 0.29259375 0.6652459015625001 0.28898437499999996 0.6587587828125 0.28840625000000003 0.6563700234375001 0.291296875 0.6570257609375 0.2975 0.6474941453125 0.298515625 0.6418735359375 0.304 0.6799765812499999 0.303421875 0.6771428578124999 0.299953125 0.6708665109374999 0.297359375
9 0.682740046875 0.398046875 0.6869086656250001 0.39896875 0.6862060890625 0.405453125 0.6862060890625 0.40960937499999994 0.6952224828125 0.411921875 0.698688525 0.40453124999999995 0.6980093671875001 0.393421875 0.7021545671875 0.378609375 0.6980093671875001 0.36843750000000003 0.6910772828125 0.362890625 0.6834426234375 0.35640625 0.6758079625 0.360109375 0.6758079625 0.36657812500000003 0.6709601875 0.37629687500000003 0.6723419203125001 0.38509375 0.6709601875 0.41007812499999996 0.682740046875 0.41378125 0.682740046875 0.398046875
9 0.724028103125 0.33834375 0.7215222484375 0.344234375 0.7145901640625001 0.345234375 0.71030445 0.348859375 0.7089227171875 0.352125 0.7089227171875 0.35557812499999997 0.7119437937499999 0.35784375 0.7208899296875 0.357765625 0.7358782203125 0.35659375 0.7428103046875 0.35617187499999997 0.7428103046875 0.35296875 0.7409133484375 0.3484375 0.7331147546875 0.34346875 0.731475409375 0.339359375 0.7300702578125 0.337671875 0.724028103125 0.33834375
9 0.05386416875 0.37975 0.05386416875 0.371765625 0.052084309375000006 0.3655625 0.0476580796875 0.363796875 0.045456675 0.359953125 0.043676815625 0.356703125 0.040585479687499995 0.354921875 0.0357142859375 0.354640625 0.034379390625 0.3590625 0.03259953125 0.3635 0.028173301562500003 0.366453125 0.0277283375 0.3688125 0.027283371875 0.37059375 0.0277283375 0.37560937499999997 0.0277283375 0.37975 0.0246370015625 0.38240625 0.0206557375 0.385953125 0.0202107734375 0.38890625 0.022412178125 0.3915625 0.027283371875 0.39453125 0.025526932812499997 0.40160937499999994 0.025526932812499997 0.407828125 0.025526932812499997 0.4134375 0.0299531609375 0.414921875 0.0321545671875 0.41107812499999996 0.03482435625 0.40753125 0.0374707265625 0.403390625 0.0374707265625 0.40043749999999995 0.0374707265625 0.395703125 0.03836065625 0.393046875 0.040140515625 0.398078125 0.0392505859375 0.403984375 0.040585479687499995 0.41078125 0.041030445312500004 0.41314062500000004 0.043676815625 0.41609375000000004 0.0472131140625 0.4134375 0.0516627640625 0.403984375 0.050772834375 0.39659374999999997 0.0525292734375 0.3874375 0.05386416875 0.37975
2 0.5445667453125 0.372796875 0.5460655734375 0.397046875 0.55969555 0.40209374999999997 0.5755971890625 0.41321874999999997 0.6134426234375 0.409671875 0.6452459015625001 0.409671875 0.6482669796875 0.40564062500000003 0.6475175640625 0.397046875 0.6361592500000001 0.372296875 0.6187353625 0.3490625 0.5415222484375 0.35259375 0.540772834375 0.357140625 0.54229508125 0.362703125 0.5445667453125 0.372796875
2 0.9119906328124999 0.3711875 0.9197423890625 0.36990625 0.9226463703125001 0.36409375 0.9090866515625 0.36215625 0.8994145203125001 0.36539062499999997 0.8791100703125 0.34796875 0.8597658078125001 0.3434375 0.8665339578125 0.3511875 0.8703981265625 0.36603125 0.8626697890624999 0.405390625 0.8984543328125 0.4125 0.9003981265625001 0.420234375 0.9177985953125001 0.420234375 0.9207025765625 0.409265625 0.9216627640624999 0.40346875000000004 0.9216627640624999 0.3828125 0.9119906328124999 0.3711875
2 0.9012412171875 0.365546875 0.90906323125 0.36209375 0.9146135828125 0.362734375 0.91290398125 0.358140625 0.9104215453125001 0.35368750000000004 0.9050585484375 0.349359375 0.882716628125 0.34948437499999996 0.8813817328125 0.34973437500000004 0.8995316156250001 0.36528125 0.9012412171875 0.365546875
1 1 0.276859375 0.9437002343750001 0.27749999999999997 0.9156440281249999 0.28265625 0.9156440281249999 0.303953125 0.9107962531249999 0.313640625 0.9107962531249999 0.319453125 0.909836065625 0.32590625 0.9156440281249999 0.35171874999999997 0.924355971875 0.39753125 0.9437002343750001 0.398828125 0.9427166281250001 0.40592187500000004 0.952388759375 0.40592187500000004 0.958196721875 0.39559375 0.9601405156249999 0.382046875 0.9833489468750001 0.383328125 0.9843091328125 0.40528125 0.9959250578125 0.40592187500000004 1 0.39946875 1 0.391078125 1 0.37946875 1 0.276859375
1 0.6201639343750001 0.355375 0.6283372359375 0.36559375 0.650796253125 0.36796875 0.641100703125 0.37853125 0.66355971875 0.366953125 0.687540984375 0.369 0.6951990625 0.376140625 0.69775175625 0.39590625 0.7008196718749999 0.40304687499999997 0.6982669796875001 0.406125 0.7146135828125 0.40134375 0.7237939109375 0.400328125 0.725562840625 0.39247187499999997 0.7355269328125 0.387734375 0.7273317734375 0.384615625 0.7352693203125 0.37989843749999996 0.7291007031250001 0.376759375 0.7350117093749999 0.3720625 0.7308696328125001 0.368903125 0.7326385640625 0.361046875 0.7391100703125 0.362515625 0.74932084375 0.35740625000000004 0.7488056203125 0.3491197921875 0.7544262296875 0.34957812499999996 0.75384075 0.3409174109375 0.765152225 0.342765625 0.768196721875 0.32471875 0.75325526875 0.332256696875 0.747775175 0.332546875 0.7397142859375 0.329621875 0.741483215625 0.321765625 0.74726664375 0.32422767812500003 0.7526697890625 0.3235959828125 0.7467581125 0.3159084828125 0.752084309375 0.3149352671875 0.7462495812500001 0.3075892859375 0.7514988296875 0.306274553125 0.7697423890625 0.31346875 0.7707494140625 0.282828125 0.75032786875 0.28895312500000003 0.75032786875 0.282484375 0.7447239890625 0.282631696875 0.74421545625 0.2743125 0.6778454328125 0.27328125000000003 0.6288290390625 0.27703125 0.617611240625 0.278734375 0.62067915625 0.3114375 0.617611240625 0.340390625 0.6201639343750001 0.355375
8 0.53648711875 0.37682812499999996 0.5418735359375 0.37682812499999996 0.5408665109374999 0.38446875 0.5405386421875 0.392109375 0.535152225 0.39659374999999997 0.547259953125 0.397953125 0.5466042156250001 0.378625 0.5466042156250001 0.356609375 0.5429039812500001 0.35548437499999996 0.5334660421875 0.35345312500000003 0.5280796249999999 0.35615625 0.523700234375 0.358171875 0.515620609375 0.3635625 0.515620609375 0.37771875 0.5176346609375 0.38020312500000003 0.5287353625 0.378625 0.53648711875 0.37682812499999996