2 0.394171875 0.592740046875 0.39196875000000003 0.59836065625 0.38865625000000004 0.606955503125 0.387109375 0.611920375 0.388 0.62351288125 0.386671875 0.6288056203125 0.387546875 0.638079625 0.390203125 0.63906323125 0.39064062499999996 0.6387353625000001 0.3913125 0.6340983609374999 0.393078125 0.6354332546875 0.394171875 0.6450117093750001 0.3988125 0.645339578125 0.400796875 0.6367447312500001 0.400796875 0.6301170953125 0.399703125 0.6 0.39859374999999997 0.594051521875 0.397484375 0.592740046875 0.394171875 0.592740046875
2 0.37303125000000004 0.6018266984375 0.37303125000000004 0.613348946875 0.37284375000000003 0.6287822015625 0.37828125 0.6329976578125 0.38634375 0.63159250625 0.38801562500000003 0.62290398125 0.38653125 0.611100703125 0.393265625 0.5928337234375001 0.397953125 0.576252928125 0.39625 0.567915690625 0.396265625 0.56840749375 0.38240625 0.569531615625 0.37790625 0.5858079625 0.37434375000000003 0.593395784375 0.37303125000000004 0.6018266984375
2 0.371546875 0.5932786890624999 0.3805 0.582107728125 0.379 0.5686651046875 0.36109375 0.5731381734375 0.356609375 0.5932786890624999 0.365578125 0.6201405156249999 0.370046875 0.617892271875 0.37303125000000004 0.6201405156249999 0.371546875 0.5932786890624999
7 0.34121875 0.6044964875 0.3435625 0.6044964875 0.34435937499999997 0.5993911 0.345921875 0.5970491796874999 0.347234375 0.5923419203125 0.34748437499999996 0.579812646875 0.3473125 0.57901639375 0.348703125 0.57644028125 0.347140625 0.575152225 0.346109375 0.575667446875 0.345078125 0.57901639375 0.343171875 0.5826463703125 0.33973437500000003 0.581615925 0.338515625 0.5785011703125 0.338171875 0.5761826703125 0.336765625 0.5794145203125 0.3375625 0.580187353125 0.3375625 0.5856908671875 0.3375625 0.5974238875 0.34121875 0.6044964875
9 0.107515625 0.7605386421875 0.11225 0.7618266984375001 0.11568750000000001 0.7618266984375001 0.119140625 0.7605386421875 0.115265625 0.7431147546875 0.11784375 0.712131146875 0.125171875 0.6779859484374999 0.126453125 0.6599063234375 0.128171875 0.6515222484375001 0.13118749999999998 0.6450585484375 0.13118749999999998 0.6386182671875 0.13118749999999998 0.6289227171875 0.1273125 0.6192505859375 0.12689062499999998 0.6076346609375001 0.12689062499999998 0.589555034375 0.12559375 0.5773067921874999 0.123875 0.5656908671875 0.121296875 0.5592271656250001 0.11742187500000001 0.5527868859375 0.11568750000000001 0.5469789234375 0.12085937499999999 0.5353629984375 0.12215625000000001 0.5269789234375 0.12215625000000001 0.523091334375 0.121296875 0.514707259375 0.12 0.511475409375 0.109234375 0.507611240625 0.103640625 0.509531615625 0.10104687500000001 0.5153629984375 0.09846875000000001 0.526323184375 0.097609375 0.541803278125 0.09373437500000001 0.5536065578125 0.087703125 0.5581264640625 0.083828125 0.5594145203124999 0.082109375 0.5665105390625 0.07953125 0.5800702578125 0.077375 0.5974941453125 0.077375 0.6149180328125 0.07565625000000001 0.6368618265625 0.076515625 0.6465339578125 0.078671875 0.6529976578125 0.081671875 0.6620374703125 0.0846875 0.6736533953125 0.08728125 0.6923653390625 0.089 0.7381733015624999 0.09243749999999999 0.769156909375 0.098046875 0.7676346609375 0.10320312499999999 0.7644028109375001 0.107515625 0.7605386421875
9 0.851625 0.602763465625 0.851625 0.6334894609374999 0.851625 0.6492505859375 0.856609375 0.6567213109375001 0.8605 0.7181498828125 0.859390625 0.737236534375 0.8560625 0.7472131140625 0.85440625 0.7604918031250001 0.856609375 0.7737704921875 0.8638125000000001 0.7754332546875 0.8743437500000001 0.7621545671875001 0.8820937499999999 0.7629742390625001 0.8876250000000001 0.7588290390625 0.88984375 0.750515221875 0.889296875 0.7339110062499999 0.88984375 0.7248009375 0.8915 0.70320843125 0.8915 0.6716627640625 0.8920625 0.6417798593749999 0.888734375 0.5811709609375 0.889296875 0.5820140515625 0.900375 0.58615925 0.9059062499999999 0.5820140515625 0.9059062499999999 0.5762060890625 0.900375 0.569555034375 0.8953906249999999 0.5571194375 0.89371875 0.540515221875 0.888734375 0.5263934421875 0.8848593749999999 0.5255737703125 0.8804375 0.5181030437499999 0.880984375 0.5048009375 0.8748906249999999 0.4857142859375 0.8676875000000001 0.484051521875 0.8588281249999999 0.49236533906249996 0.8560625 0.5048009375 0.849421875 0.5247306796875 0.843875 0.534683840625 0.843875 0.55128805625 0.843875 0.5645901640625001 0.8483124999999999 0.5919672125 0.851625 0.602763465625
9 0.8345312500000001 0.523419203125 0.832796875 0.48557377031250004 0.8171250000000001 0.48297423906250003 0.8110312499999999 0.520819671875 0.7970937499999999 0.5142857140625 0.791 0.5651990625 0.8023281250000001 0.576932084375 0.79796875 0.62391100625 0.800578125 0.6513348953125 0.8040625 0.7518266984374999 0.82409375 0.7531147546875 0.813640625 0.7035363 0.8223437499999999 0.65002341875 0.8275781249999999 0.7335363 0.8493437500000001 0.747892271875 0.84759375 0.6147775171875 0.8458593750000001 0.53386416875 0.8345312500000001 0.523419203125
9 0.53590625 0.505339578125 0.535546875 0.49224824375000004 0.537734375 0.42611241250000004 0.5304375 0.40971897031250004 0.51621875 0.4206557375 0.511109375 0.450163934375 0.502 0.45562060937500004 0.49434374999999997 0.47093676875 0.49617187500000004 0.5080796249999999 0.497265625 0.509180328125 0.52278125 0.5069789234375001 0.53590625 0.505339578125
8 0.947015625 0.3136065578125 0.9403124999999999 0.3214051515625 0.934359375 0.343723653125 0.934359375 0.34929742343750003 0.930640625 0.3615690859375 0.9321249999999999 0.571311475 0.99390625 0.5702107734374999 0.9954062499999999 0.4474707265625 0.9965937500000001 0.32679156875 0.992203125 0.3154332546875 0.98184375 0.3052693203125 0.9802500000000001 0.30168618281250004 0.9790468750000001 0.2974941453125 0.9790468750000001 0.2873302109375 0.9750624999999999 0.26700234218749996 0.9766562499999999 0.2568384078125 0.97984375 0.2448946140625 0.979453125 0.23292739999999998 0.977453125 0.2287587828125 0.9686718750000001 0.2263466046875 0.953515625 0.2287587828125 0.9463437499999999 0.23651053906250002 0.9431406250000001 0.24548009375 0.94115625 0.25386416875 0.942546875 0.251124121875 0.9410624999999999 0.27679156875 0.9418124999999999 0.28906323125 0.947015625 0.30913348906250004 0.947015625 0.3136065578125
9 0.34596875 0.585620609375 0.34568750000000004 0.58163934375 0.348625 0.5782903984375001 0.34764062500000004 0.5730444968749999 0.344984375 0.5699063234375 0.3444375 0.564683840625 0.34178125000000004 0.56320843125 0.34065625 0.565292740625 0.33981249999999996 0.568243559375 0.33646875 0.57451990625 0.335203125 0.578079625 0.336328125 0.5822716625 0.33799999999999997 0.5835363 0.341359375 0.58290398125 0.3444375 0.596932084375 0.346109375 0.595456675 0.34596875 0.585620609375
9 0.683984375 0.60967213125 0.682109375 0.6405386421875 0.68865625 0.7071662765625 0.69428125 0.708571428125 0.697078125 0.680515221875 0.70503125 0.6377283375 0.701765625 0.6068852453125 0.7055 0.6229976578125 0.7055 0.635620609375 0.716265625 0.6398360656250001 0.716265625 0.6166978921874999 0.70925 0.587236534375 0.7055 0.5598829046875 0.703171875 0.539555034375 0.6938125 0.526932084375 0.684453125 0.5283372359375 0.684453125 0.5486651046875 0.683984375 0.563395784375 0.683984375 0.60967213125
9 0.6267968749999999 0.5152693203125 0.619765625 0.48072599531250004 0.604140625 0.45 0.5914531249999999 0.4297892265625 0.592421875 0.40929742343750003 0.5891093749999999 0.3993442625 0.5758281249999999 0.394660421875 0.5682031249999999 0.400819671875 0.567234375 0.40784543281249996 0.5678124999999999 0.42100702500000003 0.566453125 0.43857142812500005 0.5637187499999999 0.46081967187500006 0.5646875 0.51936768125 0.6267968749999999 0.5152693203125
9 0.19946875 0.5836065578125 0.197375 0.5822248250000001 0.197375 0.571124121875 0.193453125 0.5728571421875001 0.19275 0.5797892265625 0.19137500000000002 0.5825761125 0.18675 0.6324824359375001 0.18928125 0.6300468390625 0.190671875 0.6477283375 0.19368749999999998 0.65224824375 0.194140625 0.640444965625 0.19368749999999998 0.627283371875 0.1983125 0.626252928125 0.19923437500000002 0.599555034375 0.19946875 0.5836065578125
9 0.31056249999999996 0.5796955500000001 0.31037499999999996 0.5867213109375 0.31037499999999996 0.5968618265625001 0.3109375 0.5991100703125001 0.31243750000000003 0.6014988296875 0.315625 0.6002341921875 0.317984375 0.5992505859375 0.317984375 0.5889695546875 0.318265625 0.587283371875 0.319390625 0.585456675 0.317796875 0.5782903984375001 0.318734375 0.5740749421875 0.319203125 0.57224824375 0.318078125 0.565644028125 0.31506249999999997 0.5640983609375 0.31384375000000003 0.5652224828125 0.313375 0.56648711875 0.313 0.56901639375 0.31196875 0.570843090625 0.31103125 0.5746370015625 0.31056249999999996 0.5796955500000001
9 0.213671875 0.6373536296875 0.2154375 0.60578454375 0.214765625 0.5915222484375 0.218296875 0.5825761125 0.212984375 0.5703512875000001 0.21271874999999998 0.5691334890624999 0.210953125 0.5992740046875 0.2106875 0.6369320843749999 0.213671875 0.6373536296875
9 0.024296875000000002 0.624332553125 0.024703125 0.6124355968749999 0.028890624999999996 0.6155737703125 0.028468749999999998 0.6105620609375 0.025968750000000002 0.5855269328125 0.018859375 0.5792740046875 0.018859375 0.5780327875 0.015109375 0.5642622953124999 0.009671875 0.56613583125 0.00925 0.5786416859375 0.004671875000000001 0.582412178125 0.0034062500000000004 0.5986651046875 0.009671875 0.6105620609375 0.016359375000000002 0.6168384078125 0.024296875000000002 0.624332553125
8 0.675421875 0.777775175 0.675421875 0.7481498828125 0.69025 0.7333255265624999 0.691890625 0.34320843125 0.670484375 0.30124121718749997 0.665546875 0.2345667453125 0.500796875 0.2271662765625 0.46126562499999996 0.2987587828125 0.39042187500000003 0.432107728125 0.38878124999999997 0.632107728125 0.47279687499999995 0.718524590625 0.5288125 0.7407494140625001 0.5386875 0.7950585484375 0.675421875 0.777775175