2 0.7061448593749999 0.606953125 0.7093457937500001 0.60909375 0.7285046734375 0.60909375 0.7652336453124999 0.60909375 0.7971495328125 0.6155 0.8003504671874999 0.617640625 0.8354906546875001 0.618703125 0.8482476640625001 0.617640625 0.87698598125 0.617640625 0.8961448593749999 0.613359375 0.9121261687500001 0.613359375 0.9296728968749999 0.617640625 0.953644859375 0.6144375 0.9600233640625 0.6016250000000001 0.948855140625 0.5855937499999999 0.9280841125 0.5706562500000001 0.9217056078124999 0.554640625 0.8913551406250001 0.549296875 0.8690186921875 0.549296875 0.8370794390625 0.54609375 0.8163084109375 0.548234375 0.8019392515625 0.548234375 0.7859813078125 0.5514375 0.7732009343749999 0.555703125 0.723714953125 0.5706562500000001 0.701355140625 0.5909375 0.701355140625 0.6048281249999999 0.7061448593749999 0.606953125
2 0.30074766406250003 0.58740625 0.3034813078125 0.584671875 0.33261682187499997 0.581015625 0.3722897203125 0.588984375 0.3760514015625 0.58396875 0.4000467296875 0.584984375 0.40380841093750003 0.5905 0.42331775625 0.586984375 0.42331775625 0.5819687499999999 0.42857476562499996 0.58096875 0.4278037390625 0.557390625 0.4135514015625 0.54334375 0.36404205625 0.540828125 0.3668633171875 0.567921875 0.36040186875 0.5703343750000001 0.34559813125 0.5570968749999999 0.3344392515625 0.5606093750000001 0.3381962609375 0.5504781249999999 0.3307943921875 0.543859375 0.3180373828125 0.5456875 0.2925467296875 0.564875 0.2907242984375 0.56821875 0.28981308437500003 0.573703125 0.28843457968749997 0.574015625 0.29345794375 0.58740625 0.30074766406250003 0.58740625
2 0.28929906562499996 0.546125 0.24200934531249998 0.546765625 0.2275467296875 0.554515625 0.2217523359375 0.5583750000000001 0.212102803125 0.5680625 0.20920560781250003 0.585484375 0.2217523359375 0.5841875 0.21885514062500003 0.57515625 0.24009345781250002 0.5758125 0.23911215000000002 0.582265625 0.2439485984375 0.582265625 0.2574532703125 0.58290625 0.2632476640625 0.577734375 0.288341121875 0.5738749999999999 0.28929906562499996 0.566765625 0.3076401875 0.55128125 0.304742990625 0.549984375 0.2999065421875 0.5480625 0.28929906562499996 0.546125
8 0.6472663546875 0.719421875 0.6847046734375 0.707004375 0.7326158875 0.730579375 0.7446962609375001 0.7480546875 0.6923306078125 0.7680302734375 0.674556075 0.7650781249999999 0.6818574765625 0.772025390625 0.6677336453125 0.772546875 0.6713843453125 0.7760205078125 0.660911215625 0.780015625 0.677056075 0.781671875 0.6944158875 0.7908125 0.6882242984375 0.794125 0.6923598125 0.8032552078125 0.700005840625 0.79848828125 0.7111857484375 0.81383984375 0.6964953265625 0.8123854171874999 0.7006308406249999 0.821515625 0.70684579375 0.8281562499999999 0.7167757015625 0.821515625 0.7093224296875 0.7908125 0.816074765625 0.814875 0.7949766359375 0.8846093749999999 0.8086214953124999 0.8854374999999999 0.8421495328124999 0.8265 0.848341121875 0.8190312499999999 0.8601401875000001 0.8169531250000001 0.8620093453125 0.810734375 0.8719392515625 0.814875 0.8763495328124999 0.801304375 0.8955140187499999 0.810734375 0.899228971875 0.816546875 0.9153738312499999 0.872984375 0.9228271031249999 0.8754843749999999 0.9377102796875001 0.872984375 0.9178504671875001 0.8157187499999999 0.9067721078125001 0.8104170671875 0.9143152406249999 0.8042872593749999 0.9389485984375 0.810734375 0.932757009375 0.808234375 0.9218583765625 0.7981574515625 0.9369446453125001 0.7858978359375 0.9650233640625 0.789984375 0.96007009375 0.7883125 0.9606892515625001 0.7796015625 0.9761915890624999 0.7808437500000001 0.9888504671874999 0.7544531250000001 0.9822034515625001 0.749118990625 0.9930700937499999 0.74565625 0.989746584375 0.7429891828125 0.9972897203125 0.736859375 0.9613084109375001 0.7390156250000001 0.9613084109375001 0.731046875 0.8731775703125001 0.7169218749999999 0.8227663546875 0.7405062499999999 0.8177180671875 0.73546875 0.8230996890625001 0.72578125 0.8180081781249999 0.7200888671875 0.7656425234374999 0.740064453125 0.7613626171875 0.744724375 0.7551693921875 0.7440595703125 0.7517803734374999 0.740009375 0.74219813125 0.735294375 0.6832476640625 0.697 0.67456775625 0.7023984375000001 0.65595794375 0.692859375 0.6501635515624999 0.7105677078125 0.656577103125 0.713609375 0.6472663546875 0.719421875
8 0.1605841125 0.684640625 0.1525 0.690296875 0.1494158875 0.69415625 0.145186915625 0.706 0.141331775 0.721703125 0.1397897203125 0.72890625 0.145186915625 0.73225 0.146331775 0.73225 0.15595794375 0.736625 0.1775 0.7368750000000001 0.1794392515625 0.734828125 0.192897196875 0.730703125 0.2059813078125 0.72684375 0.20483644843749998 0.724015625 0.2009813078125 0.723234375 0.20212616875 0.712171875 0.20329439218749998 0.700078125 0.20135514062499998 0.694421875 0.1982943921875 0.691328125 0.19212616875 0.68978125 0.19789719687500001 0.686703125 0.19906542031250002 0.6820625 0.1994392515625 0.681046875 0.19404205624999998 0.675640625 0.18404205625 0.675125 0.1744392515625 0.676921875 0.1605841125 0.684640625
8 0.039088784375000005 0.55878125 0.0309345796875 0.5647968750000001 0.0203037390625 0.57134375 0 0.58446875 0.000700934375 0.6238125 0.012943925 0.6298125 0.0342056078125 0.6281875 0.0497196265625 0.62271875 0.052172896875 0.605234375 0.0464485984375 0.56096875 0.0644158875 0.545671875 0.0660514015625 0.541296875 0.057897196875 0.545671875 0.039088784375000005 0.55878125
8 0.5716588781249999 0.74384375 0.5920327109375 0.74384375 0.6024766359375 0.7312031250000001 0.6029906546875 0.727546875 0.632313084375 0.724890625 0.638785046875 0.7235625 0.6347897203125 0.71590625 0.636285046875 0.7032812500000001 0.6347897203125 0.697625 0.6223598124999999 0.6903125 0.6069626171875 0.6996249999999999 0.6164018687499999 0.702609375 0.6223598124999999 0.7049375 0.625841121875 0.704265625 0.6223598124999999 0.7089218749999999 0.6253504671875 0.71325 0.6174065421875 0.717234375 0.6069626171875 0.71425 0.5985046734374999 0.705265625 0.5746495328125001 0.7112499999999999 0.563200934375 0.7165781250000001 0.5542523359375 0.713921875 0.5537616828124999 0.70659375 0.5443224296875 0.708265625 0.5457943921874999 0.711921875 0.530397196875 0.71025 0.5174766359375 0.72721875 0.5214485984375 0.730203125 0.5308878499999999 0.73884375 0.5467990656249999 0.738515625 0.5587383171875 0.7418437499999999 0.5716588781249999 0.74384375
8 0.32742990625 0.660828125 0.296425234375 0.6738593749999999 0.298200934375 0.686890625 0.3752803734375 0.691046875 0.3850233640625 0.6679375000000001 0.3770327109375 0.661421875 0.32742990625 0.660828125
9 0.353644859375 0.6465 0.3650934578125 0.645234375 0.3676401875 0.63671875 0.3676401875 0.62053125 0.372102803125 0.61159375 0.3746495328125 0.6056250000000001 0.3587383171875 0.604359375 0.350443925 0.590296875 0.3370794390625 0.5830625 0.314158878125 0.587328125 0.31352803749999997 0.5966875 0.314158878125 0.610734375 0.31352803749999997 0.620109375 0.31352803749999997 0.62053125 0.3377102796875 0.63203125 0.353644859375 0.6465
9 0.5867056078124999 0.8311875000000001 0.5892523359374999 0.83246875 0.5695327109375 0.84609375 0.566331775 0.85290625 0.5778037390625 0.8558749999999999 0.5956308406249999 0.8546093750000001 0.61918224375 0.8469374999999999 0.6198130843749999 0.8418281249999999 0.6160046734375 0.834171875 0.6160046734375 0.82565625 0.61918224375 0.812453125 0.62109813125 0.7881875 0.6274532703125 0.77796875 0.633831775 0.78009375 0.639556075 0.783921875 0.64338785 0.7813749999999999 0.6828504671875 0.772859375 0.6803037390625 0.76646875 0.6682009343749999 0.7558281250000001 0.6745794390625 0.7340625000000001 0.6822196265625 0.733203125 0.694299065625 0.727671875 0.6949532703125 0.7246875 0.6987616828125 0.717875 0.705771028125 0.7110624999999999 0.7165887843750001 0.7068125000000001 0.7286915890625 0.7051093749999999 0.7414252343750001 0.717453125 0.7471495328125 0.717875 0.7688084109375 0.716609375 0.7859813078125 0.699140625 0.7859813078125 0.69190625 0.7859813078125 0.68296875 0.784088784375 0.675734375 0.7757943921875 0.656140625 0.763714953125 0.636140625 0.7592523359375 0.629328125 0.7554205609375 0.62421875 0.752242990625 0.622515625 0.743341121875 0.621234375 0.7286915890625 0.622078125 0.7140420562500001 0.628046875 0.7102336453125 0.6365624999999999 0.7114953265625 0.641671875 0.7140420562500001 0.651890625 0.7140420562500001 0.65828125 0.714672896875 0.66721875 0.6892056078125 0.6953750000000001 0.6752102796874999 0.703453125 0.6631074765625 0.7106874999999999 0.6535747656249999 0.714953125 0.6465654203125 0.7187812499999999 0.639556075 0.722609375 0.6281074765625 0.723890625 0.612827103125 0.7268749999999999 0.5988084109375 0.7315625 0.5956308406249999 0.738375 0.5892523359374999 0.750296875 0.5822663546875 0.759234375 0.5822663546875 0.7732812499999999 0.5797196265625 0.80053125 0.5739719625 0.8081875000000001 0.547242990625 0.82309375 0.5529672890625 0.8282031249999999 0.55742990625 0.829484375 0.5867056078124999 0.8311875000000001
9 0.05331775625 0.7597031249999999 0.0617523359375 0.7616875000000001 0.0786214953125 0.7626875 0.10292056093749999 0.7626875 0.116331775 0.757703125 0.11731308437500002 0.7540625000000001 0.121285046875 0.75240625 0.1222663546875 0.749078125 0.1168224296875 0.74609375 0.109369159375 0.7441093750000001 0.1049065421875 0.738140625 0.10392523437500001 0.734484375 0.10292056093749999 0.7205625 0.10292056093749999 0.713921875 0.107383178125 0.704296875 0.10640186874999999 0.6976718749999999 0.1054205609375 0.6578593749999999 0.10640186874999999 0.656203125 0.109369159375 0.652875 0.1128504671875 0.64890625 0.109369159375 0.636953125 0.1123598125 0.626671875 0.1128504671875 0.619046875 0.11581775624999999 0.60378125 0.1108644859375 0.584546875 0.11037383125 0.5742499999999999 0.1088785046875 0.56396875 0.1044158875 0.5536875 0.10242990625 0.54871875 0.10292056093749999 0.545734375 0.11581775624999999 0.5364375 0.11929906562499999 0.5317968750000001 0.12177570156249999 0.527484375 0.1247663546875 0.5191874999999999 0.12177570156249999 0.514875 0.11929906562499999 0.5115624999999999 0.10838785 0.50625 0.1009345796875 0.50525 0.08953271093750001 0.508578125 0.081588784375 0.516203125 0.07962616875 0.525484375 0.07962616875 0.53046875 0.07911215 0.5354375 0.0691355140625 0.5387500000000001 0.05848130781250001 0.54765625 0.05137850468750001 0.55596875 0.05137850468750001 0.5583437499999999 0.054042056250000005 0.5999218749999999 0.054042056250000005 0.6230781249999999 0.05315420625 0.625453125 0.0407242984375 0.633765625 0.050490654687500004 0.645640625 0.057593457812500005 0.6699843750000001 0.05848130781250001 0.6949375 0.049602803125 0.748375 0.046869159375000004 0.7517343750000001 0.05184579375 0.757703125 0.05331775625 0.7597031249999999
9 0.40007009375 0.6310781249999999 0.401658878125 0.633203125 0.4052102796875 0.65278125 0.4026635515625 0.65390625 0.3873598125 0.657328125 0.3882242984375 0.65903125 0.38565420625 0.666984375 0.378855140625 0.669828125 0.35845794375 0.686875 0.3525233640625 0.687453125 0.3329672890625 0.687453125 0.2998364484375 0.682890625 0.29726635468749996 0.6800625 0.2938785046875 0.676078125 0.2649766359375 0.687453125 0.2581775703125 0.68915625 0.252242990625 0.692 0.24883177500000003 0.69540625 0.2479906546875 0.700515625 0.252242990625 0.70790625 0.2607242984375 0.718140625 0.279369159375 0.7341875 0.2756074765625 0.7477343750000001 0.2553504671875 0.76278125 0.25911215 0.7677968749999999 0.2733644859375 0.766296875 0.28761682187500004 0.76378125 0.29287383125 0.7677968749999999 0.28161215 0.776328125 0.28537383125 0.778328125 0.29962616875000003 0.78184375 0.31537383124999996 0.777328125 0.324369159375 0.7738125 0.324369159375 0.7572656249999999 0.325116821875 0.717625 0.3311214953125 0.7186250000000001 0.3746495328125 0.716125 0.40915887812499996 0.7005625 0.42640186875 0.684015625 0.423411215625 0.683015625 0.42789719687499994 0.6714687500000001 0.4294158875 0.6609375 0.428644859375 0.657921875 0.4218925234375 0.65290625 0.42039719687500005 0.65090625 0.42039719687500005 0.645875 0.421144859375 0.643375 0.4271495328125 0.640859375 0.430911215625 0.639359375 0.43240654218749996 0.6373593750000001 0.436168225 0.63484375 0.435397196875 0.631828125 0.43315420624999995 0.6187968749999999 0.42789719687499994 0.60825 0.42640186875 0.60825 0.42039719687500005 0.60875 0.41964953281249995 0.60875 0.41065420625 0.6157812500000001 0.408411215625 0.6167812500000001 0.40915887812499996 0.620796875 0.4048364484375 0.617296875 0.4032476640625 0.62365625 0.40007009375 0.6310781249999999
9 0.3551401875 0.687875 0.3820327109375 0.6608906250000001 0.4050934578125 0.65190625 0.4002803734375 0.640328125 0.4099065421875 0.623625 0.4252803734375 0.606921875 0.4070093453125 0.5998593750000001 0.381074765625 0.60628125 0.3714719625 0.6094999999999999 0.37051401875 0.64546875 0.3474532703125 0.6506093749999999 0.3224766359375 0.66025 0.292686915625 0.675671875 0.30037383125 0.6795312499999999 0.3215186921875 0.6833750000000001 0.3551401875 0.687875
9 0.24567757031249998 0.617796875 0.2509345796875 0.62353125 0.24402647968750002 0.6235677078124999 0.2457320859375 0.6719114578125 0.2550467296875 0.6736093750000001 0.2460163546875 0.67996875 0.22565420625 0.688453125 0.2432476640625 0.707640625 0.2195327109375 0.7261875 0.2010514015625 0.73775 0.1849532703125 0.745 0.158831775 0.747421875 0.153200934375 0.752 0.1696962609375 0.757375 0.1785280375 0.75790625 0.17934579374999998 0.7614062500000001 0.1982242984375 0.769734375 0.2195327109375 0.761671875 0.23481308437499998 0.758171875 0.26254672968750004 0.7439218750000001 0.2710046734375 0.732375 0.2621495328125 0.716234375 0.2549065421875 0.707640625 0.246869159375 0.704140625 0.24214953281249998 0.6974218750000001 0.24658489062500002 0.6960833328125 0.24630062343749998 0.6880260421875 0.2524766359375 0.691203125 0.3556775703125 0.650484375 0.3474065421875 0.640140625 0.32934579375 0.6294375 0.29995327031249996 0.620125 0.28859813125 0.614953125 0.2829205609375 0.6035625 0.276214953125 0.5963125 0.256074765625 0.597703125 0.24345794375000002 0.6074531249999999 0.247056075 0.613546875 0.2437422125 0.6155104171875 0.2462383171875 0.616328125 0.24567757031249998 0.617796875
9 0.8417056078125 0.7985 0.8691355140624999 0.8066093750000001 0.895700934375 0.808734375 0.9086915890625 0.807578125 0.92198598125 0.807765625 0.9370093453124999 0.813375 0.9560747656249999 0.8156874999999999 0.9664719625 0.8152968749999999 0.9687616828125 0.81125 0.967897196875 0.8071875000000001 0.9569392515624999 0.8002343749999999 0.951144859375 0.797734375 0.948855140625 0.7923125 0.9560747656249999 0.7901875 0.9595327109375 0.785359375 0.9569392515624999 0.780921875 0.9572196265624999 0.743453125 0.9560747656249999 0.71390625 0.9525934578124999 0.710234375 0.9442289718750001 0.7061875 0.933831775 0.7050156249999999 0.9251635515625001 0.706375 0.9208411218749999 0.709265625 0.9173598125 0.70753125 0.908130840625 0.70540625 0.8939719625 0.706765625 0.8740420562500001 0.71621875 0.8226401875 0.7426875 0.8136915890624999 0.74403125 0.8194626171875001 0.7235625 0.8211915890625001 0.713328125 0.81918224375 0.711203125 0.8082009343750001 0.70984375 0.7995327109375 0.711015625 0.7501401875 0.72009375 0.7429205609375 0.7195 0.7371495328125001 0.716796875 0.7351401875 0.70753125 0.728200934375 0.702515625 0.7175233640625 0.7038593750000001 0.7085514015625 0.709265625 0.69787383125 0.715453125 0.6912383171875 0.719890625 0.6929672890624999 0.7285781250000001 0.68198598125 0.73746875 0.67911215 0.74171875 0.67418224375 0.7469375 0.6695794390625001 0.750984375 0.6672663546875001 0.7535000000000001 0.6724532703125 0.76084375 0.680257009375 0.766046875 0.69411215 0.766625 0.711355140625 0.7692187500000001 0.72640186875 0.77290625 0.734228971875 0.774953125 0.7496495328125 0.778 0.7698598125 0.784125 0.7847196265624999 0.788203125 0.801869159375 0.79215625 0.8151869156249999 0.793671875 0.8275467296875 0.79521875 0.839672896875 0.796375 0.8417056078125 0.7985
9 0.5561915890625 0.629 0.5505841125 0.634 0.5449766359375 0.64525 0.5412383171874999 0.656484375 0.5412383171874999 0.665234375 0.5337616828125 0.677734375 0.5300233640625 0.688984375 0.5305607484375 0.708125 0.52742990625 0.71021875 0.5263785046875 0.715109375 0.5232476640625 0.721390625 0.521168225 0.7269687499999999 0.5169859812500001 0.7290625000000001 0.5107242984375 0.731859375 0.5075934578125 0.73534375 0.5023598125000001 0.7409375 0.5013317749999999 0.746515625 0.49820093437499996 0.752796875 0.49820093437499996 0.75978125 0.49820093437499996 0.768859375 0.5002803734375 0.776546875 0.5002803734375 0.782828125 0.5054906546875 0.797484375 0.5023598125000001 0.8037656249999999 0.5023598125000001 0.809359375 0.49922897187500004 0.8135468749999999 0.49609813125 0.81634375 0.49507009375 0.8233124999999999 0.4929672890625 0.827515625 0.49088785 0.8282031249999999 0.487757009375 0.82890625 0.48462616875000003 0.8310000000000001 0.48357476562499996 0.8344843750000001 0.49193925156249996 0.83728125 0.5054906546875 0.83728125 0.509672896875 0.83728125 0.5149065421875 0.8344843750000001 0.5190654203125 0.831703125 0.5263785046875 0.831703125 0.5305607484375 0.82890625 0.52845794375 0.8212187500000001 0.52845794375 0.81634375 0.5316121500000001 0.81425 0.52742990625 0.80865625 0.52742990625 0.8044687500000001 0.52742990625 0.7981874999999999 0.52742990625 0.79190625 0.5305607484375 0.7653749999999999 0.5305607484375 0.757 0.535771028125 0.76396875 0.5368224296874999 0.770953125 0.53890186875 0.780734375 0.5430841125 0.794 0.546214953125 0.805859375 0.546214953125 0.8100468749999999 0.5420327109375 0.8114531250000001 0.5410046734375 0.8149374999999999 0.5326401875 0.81634375 0.5399532703125 0.8205312499999999 0.5368224296874999 0.822625 0.5368224296874999 0.8268125 0.52845794375 0.831703125 0.5190654203125 0.833796875 0.5128037390625 0.836578125 0.5117757015625 0.840078125 0.513855140625 0.8435625 0.5221962609374999 0.84565625 0.5326401875 0.84565625 0.5420327109375 0.84565625 0.5514485984374999 0.84565625 0.5681308406250001 0.84078125 0.578574765625 0.8393750000000001 0.578574765625 0.8379843749999999 0.5775467296875 0.83309375 0.5744158875 0.832390625 0.5639719624999999 0.831703125 0.5556074765625 0.8296093750000001 0.5514485984374999 0.8282031249999999 0.5482943921875 0.826109375 0.5482943921875 0.824015625 0.5545794390625 0.819125 0.5597897203125 0.81634375 0.5681308406250001 0.8128437500000001 0.5681308406250001 0.8051718749999999 0.5681308406250001 0.797484375 0.5681308406250001 0.7898125 0.5681308406250001 0.780734375 0.5681308406250001 0.77165625 0.5660514015625 0.76746875 0.5660514015625 0.762578125 0.5733644859375 0.76328125 0.5796261687500001 0.76328125 0.5838084109375 0.75978125 0.5879672890625 0.752796875 0.593200934375 0.7416406249999999 0.5994626171874999 0.73675 0.603644859375 0.73046875 0.6109345796875 0.727671875 0.6172196265625 0.725578125 0.63287383125 0.722078125 0.64331775625 0.7206875 0.6495794390625 0.7067187500000001 0.6506074765625 0.69975 0.651658878125 0.6906718749999999 0.651658878125 0.6795 0.6485280375 0.670421875 0.640186915625 0.6620468749999999 0.6266121499999999 0.6578593749999999 0.6203504671875 0.655765625 0.6203504671875 0.6501718750000001 0.6140654203125 0.6438906249999999 0.6078037390625 0.63690625 0.5994626171874999 0.629921875 0.593200934375 0.62434375 0.5869392515625 0.61875 0.5702803734375 0.620140625 0.5692757015625001 0.6214999999999999 0.55992990625 0.624 0.5561915890625 0.629
9 0.58345794375 0.561171875 0.5864719625 0.5506875 0.5870794390625 0.563375 0.58948598125 0.58915625 0.6003271031249999 0.593390625 0.603925234375 0.5706249999999999 0.6066355140625 0.560359375 0.60934579375 0.555734375 0.611168225 0.55009375 0.60934579375 0.5430312500000001 0.6084579437500001 0.540625 0.6060514015625 0.53075 0.5952102796875 0.53015625 0.5930841124999999 0.53215625 0.5933878499999999 0.534578125 0.5930841124999999 0.53840625 0.586168225 0.541828125 0.5780373828125 0.5490781250000001 0.5780373828125 0.55975 0.5765186921875001 0.564984375 0.579228971875 0.5647968750000001 0.58345794375 0.561171875
9 0.6566355140625 0.576828125 0.6566355140625 0.585265625 0.6606074765625001 0.589265625 0.6672429906249999 0.58703125 0.663925234375 0.5795 0.6685747656250001 0.56928125 0.6705607484375 0.56928125 0.6758644859375 0.5874843750000001 0.6785280375 0.59059375 0.687827103125 0.589265625 0.683831775 0.584375 0.6792056078125001 0.57328125 0.6785280375 0.56440625 0.67654205625 0.5524218750000001 0.6752102796874999 0.5453125 0.6725467296875001 0.5413281249999999 0.6732242984375 0.537765625 0.6712383171875 0.5328906250000001 0.6632710281249999 0.5328906250000001 0.6625934578125 0.539109375 0.6572897203125 0.544875 0.65462616875 0.55196875 0.6566355140625 0.561296875 0.6566355140625 0.576828125
9 0.7502336453125 0.556078125 0.7598831781250001 0.550921875 0.7569859812499999 0.545765625 0.7492757015625 0.539953125 0.7492757015625 0.534140625 0.7473364484375 0.529625 0.7405841125 0.529625 0.7357710281250001 0.5354375 0.7270794390625 0.538015625 0.7212850468750001 0.547046875 0.720327103125 0.567703125 0.7280373828125 0.568984375 0.7357710281250001 0.56640625 0.7502336453125 0.556078125
8 0.334556075 0.715078125 0.32992990624999996 0.715859375 0.3264719625 0.7162499999999999 0.3325467296875 0.718953125 0.33831775625 0.733625 0.328785046875 0.73575 0.3342757015625 0.73671875 0.3475467296875 0.7376875 0.3542056078125 0.73709375 0.348714953125 0.734984375 0.3432242984375 0.7295625 0.33918224375 0.71875 0.3536214953125 0.7162499999999999 0.37007009375 0.7162499999999999 0.3677803734375 0.72184375 0.360841121875 0.7316874999999999 0.34698598125 0.757953125 0.33859813125 0.762984375 0.3432242984375 0.763953125 0.35217289687500003 0.763953125 0.35507009375 0.76375 0.3542056078125 0.76028125 0.3542056078125 0.7571875 0.3628504671875 0.742515625 0.379602803125 0.719140625 0.396074765625 0.7202968750000001 0.420327103125 0.722609375 0.420630840625 0.7168281249999999 0.4232242984375 0.712 0.42380841093750005 0.7027187500000001 0.42380841093750005 0.696734375 0.41570093437500005 0.69828125 0.41109813125 0.700984375 0.3989719625 0.709484375 0.3825 0.711796875 0.3449532703125 0.7144999999999999 0.334556075 0.715078125
8 0.67911215 0.7128125 0.656285046875 0.716046875 0.6452102796875 0.718359375 0.6576635515625 0.737796875 0.699883178125 0.733171875 0.7040420562499999 0.72484375 0.70609813125 0.7155781250000001 0.67911215 0.7128125
0 0.16904205625 0.6246562499999999 0.17371495312500002 0.610390625 0.16637850468749998 0.600578125 0.19888434531250002 0.5889921874999999 0.21105140156250002 0.586765625 0.2210280375 0.59121875 0.2463785046875 0.58409375 0.24570093437499999 0.58096875 0.23370327031250002 0.58409375 0.2317056078125 0.579625 0.2210280375 0.58409375 0.21436915937499998 0.58096875 0.21105140156250002 0.575171875 0.21904205625 0.573828125 0.2196962609375 0.56403125 0.2130373828125 0.5622499999999999 0.1867172890625 0.59121875 0.17037383125 0.593890625 0.16771027968750002 0.59121875 0.162383178125 0.5956718750000001 0.1563785046875 0.5916718750000001 0.1314875390625 0.591078125 0.1263785046875 0.596125 0.11904205625 0.59078125 0.1177102796875 0.605484375 0.11572429843750001 0.6059375 0.1150467296875 0.62821875 0.127056075 0.6366875000000001 0.152383178125 0.63625 0.16904205625 0.6246562499999999
2 0.1342523359375 0.538984375 0.1342523359375 0.537703125 0.11464953281250001 0.53834375 0.11144859843749999 0.5430625 0.1130607484375 0.5533750000000001 0.1149766359375 0.559609375 0.1326401875 0.556171875 0.13873831718750002 0.550796875 0.1377803734375 0.54715625 0.134556075 0.54371875 0.1342523359375 0.538984375