8 0.125995315625 0.79734375 0.1388290390625 0.7969375000000001 0.14859484843749998 0.790828125 0.15288056249999998 0.78675 0.188899296875 0.772078125 0.200515221875 0.7639375 0.2017330203125 0.7435625 0.1864637 0.738265625 0.172412178125 0.738671875 0.1687587828125 0.739484375 0.1027868859375 0.75253125 0.1027868859375 0.7537499999999999 0.09608899374999999 0.7781875 0.1052459015625 0.790421875 0.11379391093749999 0.7953125 0.125995315625 0.79734375
9 0.491756440625 0.764046875 0.5254332546875 0.72584375 0.5220608906249999 0.79775 0.515316159375 0.8337031250000001 0.48163934375000006 0.892140625 0.5119672125 0.910109375 0.5658548015625 0.8943749999999999 0.552388759375 0.8337031250000001 0.5826932078125 0.7595468750000001 0.6163700234375 0.7033750000000001 0.6163700234375 0.6449374999999999 0.744355971875 0.6045 0.751100703125 0.505625 0.7174238875000001 0.431453125 0.65679156875 0.37078125 0.660163934375 0.31909375 0.6231147546875 0.289890625 0.6298360656249999 0.26965625000000004 0.599531615625 0.240453125 0.6129976578125 0.22471875 0.5894379390625 0.17078125 0.538899296875 0.159546875 0.4749180328125 0.1505625 0.4176580796875 0.191015625 0.3806089 0.22246875 0.3806089 0.27640625 0.33681498906249996 0.298875 0.3065105390625 0.339328125 0.31323185 0.37753125 0.2492505859375 0.393265625 0.225667446875 0.411234375 0.225667446875 0.42471875 0.41091334843749994 0.44718749999999996 0.48163934375000006 0.47640625 0.48163934375000006 0.501125 0.44796252968749994 0.5101093750000001 0.42437939062499996 0.6045 0.485011709375 0.6427031249999999 0.437868853125 0.761796875 0.4142857140625 0.8022500000000001 0.4142857140625 0.8427031250000001 0.4513348953125 0.87865625 0.485011709375 0.8157343750000001 0.491756440625 0.764046875
8 0.9949414515624999 0.146921875 0.9994613578125 0.14340625 0.9979625296875 0.10878125000000001 0.9603512875 0.11079687499999999 0.9663700234375 0.122828125 0.9791569093750001 0.14642187499999998 0.9829274 0.158953125 0.9964637 0.158953125 0.9949414515624999 0.146921875
8 0.7098829046875 0.2445 0.713723653125 0.243734375 0.723676815625 0.2419375 0.7294145203125 0.2360625 0.7251990625 0.226375 0.7152459015625 0.22023437499999998 0.7160187359375 0.21232812499999998 0.683091334375 0.211046875 0.6762060890625 0.212828125 0.6731381734374999 0.2475625 0.6735363000000001 0.251140625 0.7106557375 0.251140625 0.7098829046875 0.2445
8 0.8312412171875 0.22981250000000003 0.839484778125 0.242640625 0.85229508125 0.24415625 0.8518266984375 0.24721875 0.877915690625 0.247515625 0.877915690625 0.20935937500000001 0.855948478125 0.210890625 0.8504683843749999 0.21271874999999998 0.8504683843749999 0.21393749999999997 0.8518266984375 0.21303125 0.8513817328125001 0.21607812499999998 0.841311475 0.21364062499999997 0.8330679156249999 0.218515625 0.8312412171875 0.22981250000000003
8 0.12128805625000001 0.37940625 0.12128805625000001 0.3878125 0.12653395781250001 0.405296875 0.13388758750000002 0.421390625 0.1475175640625 0.42909375 0.1600936765625 0.43189062500000003 0.1768852453125 0.43189062500000003 0.1978454328125 0.43189062500000003 0.21569086718750002 0.43118749999999995 0.23140515156250002 0.43118749999999995 0.23245901562500002 0.42350000000000004 0.22932084375 0.4165 0.2282669796875 0.40670312500000005 0.23140515156250002 0.399703125 0.23140515156250002 0.39270312500000004 0.2492505859375 0.3955 0.264964871875 0.39060937500000004 0.28070257656250003 0.3808125 0.29224824374999997 0.3703125 0.30901639375 0.361921875 0.30063231875 0.361921875 0.27126463749999996 0.360515625 0.24189695625000002 0.359125 0.203091334375 0.359125 0.1559016390625 0.3563125 0.11920374687499999 0.3598125 0.1202341921875 0.36331250000000004 0.1202341921875 0.366109375 0.12128805625000001 0.37940625
8 0.038524590625 0.68034375 0.037540984375 0.6823125 0.037540984375 0.6856093750000001 0.038196721875 0.691328125 0.039508196875 0.69375 0.0500702578125 0.698359375 0.0589461359375 0.69375 0.058618267187499996 0.6871562499999999 0.061264637499999997 0.683203125 0.068852459375 0.683421875 0.07543325468749999 0.683421875 0.078079625 0.6809999999999999 0.0816861828125 0.6757187499999999 0.08927400468749999 0.66978125 0.1189227171875 0.66253125 0.1192505859375 0.6574687499999999 0.1202341921875 0.65109375 0.1294613578125 0.641421875 0.1502341921875 0.6376875 0.14562060937500002 0.63615625 0.133091334375 0.6368125 0.0424824359375 0.653296875 0.03325526875 0.65703125 0.022716628125 0.664296875 0.0256908671875 0.67484375 0.027658079687499997 0.677265625 0.036885245312499995 0.677921875 0.038524590625 0.68034375
8 0.043653395312499996 0.6535 0.1302810296875 0.636890625 0.127587821875 0.6343593750000001 0.104847775 0.635796875 0.102131146875 0.63328125 0.082107728125 0.63075 0.0008899296875000001 0.6383281249999999 0.0025058546875 0.6715625000000001 0.0219906328125 0.67084375 0.024707259375000002 0.6618125 0.043653395312499996 0.6535
8 0.6410538640625 0.24132812499999998 0.6430210765625 0.24834375 0.6485948484375 0.25140625 0.672224825 0.25140625 0.67320843125 0.236078125 0.67648711875 0.230609375 0.67451990625 0.228203125 0.6610772828125 0.227984375 0.645316159375 0.227984375 0.643348946875 0.22907812500000002 0.6410538640625 0.24132812499999998
8 0.8628688531250001 0.20515625 0.8780093671874999 0.1961328125 0.8789227171875 0.205 0.8871662765625 0.21081249999999999 0.8917564406249999 0.21051562499999998 0.8931381734375 0.204390625 0.8876346609375 0.20103125 0.8931381734375 0.195515625 0.90002341875 0.197046875 0.90093676875 0.19032812500000001 0.89451990625 0.190015625 0.8986416859374999 0.18603125 0.886252928125 0.18359375 0.8880796249999999 0.19032812500000001 0.87709601875 0.187265625 0.855995315625 0.18940625 0.8422248250000001 0.194 0.8440749421874999 0.201953125 0.8468149890625 0.2053125 0.8628688531250001 0.20515625
8 0.6953864171874999 0.302015625 0.7196252921874999 0.30271875000000004 0.72067915625 0.30081250000000004 0.7210538640624999 0.29796875 0.7242622953125 0.293203125 0.7249648718749999 0.28940625 0.7260421546875 0.284640625 0.7263934421875 0.280609375 0.7242622953125 0.27726562499999996 0.7178454328125 0.276078125 0.7128337234375001 0.27775 0.7096252921875 0.279890625 0.7092740046875 0.283453125 0.708220140625 0.2836875 0.7021545671875 0.293453125 0.6953864171874999 0.302015625
8 0.7515690859374999 0.2765 0.7462060890625 0.276078125 0.7399063234375001 0.27734375 0.7389461359375 0.30321875 0.75 0.303015625 0.758196721875 0.291234375 0.7588290390625 0.284078125 0.7553629984375 0.277125 0.7515690859374999 0.2765
8 0.7610538640625 0.32101562499999997 0.7840749421875 0.321859375 0.7697306796875 0.3097578125 0.7866042156249999 0.309234375 0.7840749421875 0.302921875 0.7888056203125 0.297453125 0.7891334890625 0.2915625 0.7844028109375001 0.2835625 0.7743091328125 0.279984375 0.7689461359374999 0.28503124999999996 0.7679859484375 0.288609375 0.7660889937500001 0.28965625 0.7610538640625 0.28776562499999997 0.7556908671875 0.2947109375 0.7594730671875001 0.29996875 0.75032786875 0.30165625 0.7528571421875 0.31028125 0.74906323125 0.31028125 0.74906323125 0.31659375 0.7610538640625 0.32101562499999997
8 0.3728103046875 0.6424375 0.375035128125 0.626078125 0.3471428578125 0.618640625 0.313700234375 0.620125 0.313700234375 0.629796875 0.3348946140625 0.645421875 0.3304215453125 0.69303125 0.37391100625 0.69228125 0.375035128125 0.650625 0.3728103046875 0.6424375
8 0.14793910937500002 0.6876249999999999 0.16637002343750001 0.683875 0.18 0.681734375 0.1904215453125 0.643765625 0.2096487125 0.640015625 0.20725995312499998 0.625578125 0.1920140515625 0.626109375 0.13510538593750002 0.640015625 0.1166744734375 0.652328125 0.124683840625 0.676921875 0.14793910937500002 0.6876249999999999
8 0.789859484375 0.24842187500000001 0.790468384375 0.24676562500000002 0.7917096015625 0.24676562500000002 0.7917096015625 0.2223125 0.7911007031249999 0.221484375 0.7873536296875 0.2210625 0.7830210765625 0.221484375 0.7780327875 0.221484375 0.763747071875 0.21982812499999999 0.7463466046875 0.22354687499999998 0.7444964875 0.223140625 0.7457377046875 0.24884374999999997 0.789859484375 0.24842187500000001
8 0.7289617500000001 0.207421875 0.7285089765625 0.21715625 0.7331459796875001 0.21800000000000003 0.72805620625 0.226890625 0.7326932078125 0.22815625 0.7432786890624999 0.22707812500000002 0.75224824375 0.220171875 0.768571428125 0.220171875 0.7699297421875 0.212734375 0.76775175625 0.1960625 0.7609601875 0.193515625 0.7432786890624999 0.193875 0.734051521875 0.1976875 0.732131146875 0.196421875 0.7294145203125 0.1976875 0.7424590156249999 0.20675 0.7430210765624999 0.21165625000000002 0.7335987515625 0.20784375000000002 0.7289617500000001 0.207421875
8 0.0082903984375 0.636109375 0.01163934375 0.641328125 0.077611240625 0.630140625 0.0574941453125 0.62715625 0.0082903984375 0.636109375
8 0.10437939062499998 0.7542500000000001 0.1725761125 0.73934375 0.1144262296875 0.72815625 0.07194379375 0.741578125 0.06971897031249999 0.7736562499999999 0.09208430937499999 0.779625 0.10437939062499998 0.7542500000000001
8 0.16096018750000002 0.7836093749999999 0.1529508203125 0.791640625 0.1513348953125 0.8023281250000001 0.1938173296875 0.8108906250000001 0.1978454328125 0.77078125 0.16096018750000002 0.7836093749999999
8 0.7563934421875 0.1384375 0.7497892265625 0.129625 0.7418735359374999 0.12257812500000001 0.736604215625 0.10671875 0.71810304375 0.10671875 0.7167915687499999 0.12346874999999999 0.7141451984375 0.127859375 0.7049180328125 0.136671875 0.7049180328125 0.146359375 0.710187353125 0.159578125 0.71810304375 0.16221875 0.723395784375 0.1675 0.7471662765625 0.169265625 0.7537704921875 0.15517187500000001 0.7563934421875 0.1384375
8 0.9617096015625 0.110421875 0.9555971890625001 0.109515625 0.9047072593750001 0.11178125000000001 0.9080796250000001 0.112234375 0.9169086656250001 0.1606875 0.9522014046875 0.15796875 0.9657845437500001 0.120828125 0.9617096015625 0.110421875
8 0.6499063234375 0.13999999999999999 0.64648711875 0.14065624999999998 0.64648711875 0.15331250000000002 0.6479625296875 0.16207812500000002 0.6523419203125 0.166296875 0.6576814984375 0.169875 0.666932084375 0.170203125 0.6688758781249999 0.170203125 0.672763465625 0.16143749999999998 0.6742388765625 0.14129687500000002 0.6620608906250001 0.13999999999999999 0.6499063234375 0.13999999999999999
8 0.8656206093750001 0.16203125000000002 0.8807142859375 0.1554947921875 0.8805620609375 0.16390625 0.8856908671875001 0.16046875 0.9011007031249999 0.16265625 0.9090398125 0.11468750000000001 0.8880327875 0.11126562499999999 0.887564403125 0.11282812499999999 0.873091334375 0.114375 0.8712177984375 0.1153125 0.881323184375 0.1218489578125 0.8700983609374999 0.12465625 0.8811709609375 0.1302604171875 0.8781311468749999 0.1328125 0.8689789234375 0.134 0.8810187359375 0.138671875 0.8808665109374999 0.1470833328125 0.867859484375 0.14334375 0.8656206093750001 0.16203125000000002
8 0.831100703125 0.12 0.8355269328125001 0.1318125 0.836276346875 0.162328125 0.8525058546875 0.16134375 0.8521311468749999 0.15125 0.8392271656249999 0.150515625 0.8407025765625 0.14115625 0.8517564406250001 0.14115625 0.8569320843750001 0.1391875 0.85840749375 0.12393749999999999 0.8561826703125 0.1160625 0.854707259375 0.1160625 0.854707259375 0.09440625 0.8502810296875 0.09293749999999999 0.8266744734374999 0.096375 0.8325761125 0.11015625 0.8333138171875 0.1187682296875 0.831100703125 0.12
8 0.7040749421875 0.14459375000000002 0.6788056203124999 0.145578125 0.6785011703125 0.1696875 0.7052459015625 0.168328125 0.7040749421875 0.14459375000000002
8 0.96325526875 0.08965625 0.9280327875 0.08965625 0.9309601875 0.10434375 0.9559250578125 0.10434375 0.96325526875 0.08965625
8 0.5865573765625001 0.143265625 0.59189695625 0.174265625 0.619484778125 0.172984375 0.6223887593749999 0.142296875 0.5865573765625001 0.143265625
8 0.6512880562500001 0.213421875 0.6487587828125 0.21603124999999998 0.6499063234375 0.21953125 0.6470023421875 0.219921875 0.6401639343750001 0.22109375 0.6341217796875 0.2234375 0.6341217796875 0.22564062499999998 0.6393911 0.22981250000000003 0.643091334375 0.23084375000000001 0.6460187359375 0.22954687499999998 0.64290398125 0.22734375 0.6403747078124999 0.224875 0.643091334375 0.2234375 0.6497189703124999 0.22265625 0.653395784375 0.2290625 0.675339578125 0.22846875 0.6766978921875 0.21353125 0.6764168625 0.21290625 0.6655035125000001 0.21200000000000002 0.6512880562500001 0.213421875
8 0.1928103046875 0.1209375 0.214051521875 0.10900000000000001 0.2274707265625 0.1003125 0.22969555000000003 0.090609375 0.23194379375000002 0.073453125 0.235292740625 0.06301562499999999 0.21852459062500001 0.063765625 0.2051053859375 0.068984375 0.2039812640625 0.062265625000000005 0.2028805625 0.048843750000000005 0.1883372359375 0.045859375 0.1771662765625 0.048093750000000005 0.16932084375 0.048843750000000005 0.1626229515625 0.052578124999999996 0.151451990625 0.0555625 0.1413817328125 0.050328125 0.13578454375 0.035421875000000005 0.1279625296875 0.024234375 0.11901639374999999 0.024234375 0.11119437968749998 0.03765625 0.11119437968749998 0.051828125 0.1223653390625 0.064515625 0.1078454328125 0.06301562499999999 0.09107728281250001 0.057046875 0.07096018750000001 0.069734375 0.07096018750000001 0.080921875 0.062014051562500005 0.09509375 0.062014051562500005 0.098078125 0.0597658078125 0.10628125 0.055292740625 0.11001562499999999 0.0452459015625 0.097328125 0.0284543328125 0.086890625 0.024004684374999998 0.08987500000000001 0.034051521875000004 0.097328125 0.036299765625 0.10553125000000001 0.0396487125 0.114484375 0.0452459015625 0.12045312500000001 0.0653629984375 0.127171875 0.0418735359375 0.13089062499999998 0.024004684374999998 0.142828125 0.038524590625 0.14656249999999998 0.03740046875 0.15326562500000002 0.0295784546875 0.154765625 0.0105854796875 0.164453125 0.0005152218749999999 0.183109375 0.0072131140625000005 0.183109375 0.0139344265625 0.183109375 0.0307025765625 0.1696875 0.040772834375 0.175640625 0.0441217796875 0.18534375 0.053067915624999996 0.189078125 0.0586416859375 0.19653125 0.05081967187500001 0.20249999999999999 0.040772834375 0.20771875 0.0429976578125 0.22115625 0.0441217796875 0.228609375 0.062014051562500005 0.228609375 0.0955503515625 0.227109375 0.09667447343749999 0.198765625 0.114543325 0.188328125 0.13578454375 0.17415624999999998 0.11679156875 0.16296875 0.1302107734375 0.135375 0.14250585468750002 0.11074999999999999 0.153676815625 0.12465625 0.16709601875 0.12615625 0.1928103046875 0.1209375
8 0.194379390625 0.2078125 0.19906323125 0.2 0.2801788390625 0.17471590937499998 0.5245901640625 0.146875 0.52224824375 0.1546875 0.5386416859375001 0.159375 0.5503512875000001 0.1703125 0.58548009375 0.1734375 0.5925058546875 0.1671875 0.5878220140625 0.146875 0.6252927406250001 0.1453125 0.6229508203125 0.171875 0.6346604218749999 0.1734375 0.6416861828125 0.1703125 0.6393442625 0.1453125 0.6744730671875 0.1453125 0.6744730671875 0.1515625 0.6697892265625 0.1546875 0.6697892265625 0.1671875 0.6768149890624999 0.171875 0.702910671875 0.26541353437500004 0.707259953125 0.3046875 0.6885245906249999 0.30625 0.68384075 0.309375 0.68384075 0.3421875 0.6885245906249999 0.3453125 0.7002341921874999 0.346875 0.725995315625 0.346875 0.7330210765625 0.3375 0.7400468390625 0.3359375 0.751756440625 0.328125 0.7540983609375 0.31875 0.7470726 0.3140625 0.7283372359375 0.3125 0.7236533953125 0.30625 0.716627634375 0.3046875 0.716627634375 0.296875 0.707259953125 0.29679276250000003 0.707259953125 0.28889802656249997 0.716627634375 0.2890625 0.716627634375 0.28125 0.707259953125 0.2810032890625 0.7050853140625 0.27320841093750003 0.716627634375 0.2734375 0.716627634375 0.203125 0.770491803125 0.20625 0.7728337234375 0.2171875 0.7775175640625 0.2203125 0.79391100625 0.21875 0.796252928125 0.209375 0.8196721312499999 0.2140625 0.8149882906249999 0.228125 0.8149882906249999 0.2375 0.8196721312499999 0.240625 0.8220140515625 0.2484375 0.8266978921874999 0.2515625 0.8407494140624999 0.2515625 0.8454332546875 0.24375 0.8829039812499999 0.2421875 0.8946135828124999 0.2546875 0.913348946875 0.2546875 0.922716628125 0.24375 0.922716628125 0.2375 0.9156908671874999 0.2328125 0.9156908671874999 0.2203125 0.913348946875 0.2125 0.9063231843749999 0.2078125 0.9063231843749999 0.1984375 0.8953942218750001 0.1875 0.9156908671874999 0.171875 0.9274004687499999 0.1703125 0.9250585484375 0.1578125 0.9484777515625 0.15625 0.9578454328125 0.159375 0.9836065578125 0.159375 0.9882903984375 0.1546875 0.9976580796875 0.153125 0.9976580796875 0.1265625 0.9929742390625 0.121875 0.9929742390625 0.1109375 0.9789227171875 0.10625 0.9672131140625 0.1078125 0.9625292734374999 0.1046875 0.9625292734374999 0.0921875 0.9531615921875 0.0796875 0.9391100703124999 0.0796875 0.922716628125 0.096875 0.911007025 0.0890625 0.8899297421875 0.0890625 0.8852459015624999 0.0921875 0.8665105390625 0.09375 0.8618266984374999 0.0890625 0.843091334375 0.0890625 0.824355971875 0.0953125 0.824355971875 0.1046875 0.8360655734375 0.1109375 0.8360655734375 0.115625 0.8220140515625 0.121875 0.824355971875 0.140625 0.8173302109374999 0.14375 0.8054254500000001 0.1438802078125 0.80093676875 0.1546875 0.79391100625 0.1484375 0.7935206859374999 0.14401041718750002 0.79391100625 0.1265625 0.7985948484375001 0.1234375 0.7985948484375001 0.1171875 0.7634660421875 0.1171875 0.7587822015625 0.1140625 0.7494145203125 0.1140625 0.7447306796875 0.1171875 0.73770491875 0.1109375 0.7353629984375 0.103125 0.7119437937499999 0.103125 0.7096018734375 0.1109375 0.26854020312500004 0.1760416671875 0.1987083953125 0.1839962125 0.1967213109375 0.1875 0.1873536296875 0.1828125 0.1870697609375 0.1853219703125 0.17543112656249998 0.1866477265625 0.174082746875 0.1838541671875 0.1637924921875 0.187973484375 0.1608118671875 0.1848958328125 0.1521538578125 0.1892992421875 0.14754098437500002 0.1859375 0.140515221875 0.190625 0.13817330156250002 0.203125 0.14754098437500002 0.2109375 0.185011709375 0.2125 0.194379390625 0.2078125