8 0.7009375 0.8568975062499999 0.755265625 0.8638781156249999 0.779953125 0.8603878109374999 0.8105625 0.841135734375 0.83821875 0.83063711875 0.84315625 0.806121884375 0.85403125 0.741329640625 0.830328125 0.68354570625 0.7967500000000001 0.6713019390625 0.75625 0.6677839328124999 0.747359375 0.6800554015625 0.734515625 0.6905540171875 0.704890625 0.7168144046875 0.695015625 0.7535734078125 0.682171875 0.7921052625 0.67625 0.7991135734375 0.690078125 0.81310249375 0.7009375 0.8568975062499999
8 0.755375 0.5133241 0.74009375 0.5005263156249999 0.7354375 0.47720221562500004 0.72609375 0.469667590625 0.7171875 0.4644044328125 0.7010468750000001 0.46739612187499996 0.681109375 0.46515235468749994 0.656484375 0.484709140625 0.638234375 0.498254846875 0.627625 0.5185872578125 0.622109375 0.541163434375 0.6148906249999999 0.5562049859375 0.632296875 0.5787811640625 0.63909375 0.6021052625000001 0.643328125 0.601357340625 0.690875 0.6096121890624999 0.713359375 0.5893074796875 0.7384062499999999 0.574265928125 0.73925 0.547174515625 0.755375 0.5133241
8 0.338446875 0.64453185625 0.342609375 0.6416066484375 0.343078125 0.6449307484375 0.346559375 0.6449529078125 0.352890625 0.635817175 0.354671875 0.6453739609375 0.379009375 0.64663711875 0.39832812500000003 0.6541551250000001 0.39854687499999997 0.648670359375 0.401859375 0.6514127421875 0.40384374999999995 0.6463157890625 0.40207812499999995 0.6412188359375001 0.398765625 0.638864265625 0.395890625 0.640831025 0.395015625 0.6467036015625001 0.387121875 0.647058171875 0.38559375 0.6333241000000001 0.38932812499999997 0.6275346265625 0.38279687500000004 0.6101385046875001 0.38746875 0.6084764546875 0.40942187499999994 0.5678947375 0.419234375 0.5621052625 0.416890625 0.5571468140625 0.41782812500000005 0.5480332406249999 0.41596875000000005 0.53310249375 0.41829687499999996 0.509916896875 0.37859375 0.509085871875 0.373921875 0.5057894734375 0.35943749999999997 0.5223545703125 0.344484375 0.53229916875 0.333734375 0.5529916890625 0.325328125 0.5654293625 0.31925 0.579501384375 0.315046875 0.5952354578125 0.314109375 0.6432686984375 0.33033437499999996 0.644110803125 0.333421875 0.6421606640624999 0.338446875 0.64453185625
8 0.2401875 0.6820498609375 0.27275 0.6272576171875001 0.276609375 0.5910803328124999 0.27384375 0.58520775625 0.24681250000000002 0.5842382265625 0.226953125 0.58227146875 0.217578125 0.5969529078125 0.2054375 0.599889196875 0.1960625 0.6194459828125 0.18392187499999998 0.6272576171875001 0.171234375 0.65855955625 0.169015625 0.7016066484375 0.16846875 0.7016066484375 0.19715625 0.7113850421875 0.2401875 0.6820498609375
8 0.47279687499999995 0.5438227140625 0.479140625 0.5123545703125 0.496875 0.4831578953125 0.48801562499999995 0.4606648203125 0.46518750000000003 0.4224653734375 0.44871875 0.43819944531250005 0.423359375 0.44268698124999994 0.405625 0.47191135781250004 0.3929375 0.510110803125 0.41956249999999995 0.5123545703125 0.41956249999999995 0.5527977843749999 0.41829687499999996 0.5618005546875 0.447453125 0.54606648125 0.47279687499999995 0.5438227140625
8 0.42123437499999994 0.2339058171875 0.408015625 0.27227146874999997 0.40140624999999996 0.288254846875 0.40981249999999997 0.30210526249999997 0.41703124999999996 0.31487534687499996 0.42123437499999994 0.319141275 0.431453125 0.3095567859375 0.43865625 0.306371190625 0.450078125 0.305290859375 0.45728125000000003 0.2999722984375 0.463296875 0.292520775 0.47531249999999997 0.2754570640625 0.486734375 0.26268698125 0.494546875 0.2552354578125 0.49874999999999997 0.2467036015625 0.49935937499999994 0.240304709375 0.49995312500000005 0.239252078125 0.5023593749999999 0.23498614999999998 0.5023593749999999 0.2296398890625 0.504765625 0.22432132968750002 0.5101718749999999 0.211551246875 0.5083593750000001 0.20515235468749998 0.50175 0.19770083125 0.496953125 0.19022160625 0.486734375 0.1859833796875 0.470515625 0.18385041562499999 0.462703125 0.1870360109375 0.45307812500000005 0.1923545703125 0.447078125 0.19556786718750002 0.44406249999999997 0.1998337953125 0.43685937499999994 0.20941828281250002 0.43084375 0.21686980625 0.427234375 0.22218836562500002 0.42123437499999994 0.2339058171875
8 0.3991875 0.1946537390625 0.39240624999999996 0.1941274234375 0.38409375 0.1957617734375 0.375453125 0.20229916874999998 0.368375 0.2050415515625 0.355734375 0.22689750625 0.346484375 0.2411080328125 0.342171875 0.255318559375 0.33415625000000004 0.28756232656249997 0.338296875 0.2895844875 0.34315625 0.291551246875 0.34559375000000003 0.2974238234375 0.349125 0.297811634375 0.353328125 0.29232687031250004 0.3610625 0.2856786703125 0.372109375 0.2809695296875 0.383828125 0.281357340625 0.38603125 0.2790027703125 0.39178125 0.27 0.400609375 0.2609972296875 0.409671875 0.2527700828125 0.415421875 0.2504155125 0.42095312500000004 0.23512465312500003 0.427796875 0.2218005546875 0.43265624999999996 0.21437673125 0.434875 0.2120221609375 0.434640625 0.21160664843750002 0.421390625 0.2012188359375 0.41243749999999996 0.1979501390625 0.407203125 0.193019390625 0.3991875 0.1946537390625
8 0.391578125 0.3695290859375 0.36659375 0.384265928125 0.34578125000000004 0.41675900312499997 0.331640625 0.46398892031249994 0.32996875000000003 0.506786703125 0.331640625 0.540720221875 0.333296875 0.523019390625 0.344953125 0.4934903046875 0.37159375 0.434459834375 0.38159375 0.3945983375 0.391578125 0.3695290859375
8 0.180453125 0.4073684203125 0.150171875 0.389473684375 0.12871875 0.389473684375 0.1261875 0.389473684375 0.10221875 0.40066482031249995 0.100953125 0.40290858749999997 0.084546875 0.45434903125000003 0.080765625 0.48567867031249995 0.08832812500000001 0.4879224375 0.100953125 0.49462603906249997 0.150171875 0.45883656562499997 0.16404687499999998 0.43645429375000006 0.180453125 0.4140997234375 0.180453125 0.4073684203125
8 0.342046875 0.145318559375 0.330390625 0.13204986093749999 0.3295625 0.13055401718749998 0.31124999999999997 0.12318559531249999 0.29209375 0.129085871875 0.2804375 0.1394182828125 0.267125 0.15565096875 0.261296875 0.180747921875 0.261296875 0.1999445984375 0.261296875 0.20434903124999998 0.26878125 0.20731301875 0.2779375 0.211745153125 0.2829375 0.214681440625 0.2854375 0.2191135734375 0.31375000000000003 0.2014127421875 0.33371875 0.1777839328125 0.340390625 0.16894736875 0.342046875 0.145318559375
8 0.817765625 0.9465096953125001 0.8561249999999999 0.97185595625 0.8743281250000001 0.970720221875 0.89709375 0.9269252078125 0.8918906249999999 0.9096398890625 0.871734375 0.8750415515625001 0.84703125 0.869279778125 0.83403125 0.8612188359375 0.831421875 0.8704432140625 0.818421875 0.8658171749999999 0.81646875 0.8831301937499999 0.81646875 0.901551246875 0.817765625 0.9465096953125001
8 0.13096875 0.6527423828125001 0.127296875 0.64686980625 0.127296875 0.659889196875 0.126203125 0.685955678125 0.133171875 0.7074238234375 0.137953125 0.71980609375 0.14640625000000002 0.7347922437500001 0.150078125 0.7347922437500001 0.157046875 0.732825484375 0.16109374999999998 0.7165650968749999 0.16146875 0.700914128125 0.158515625 0.6781440437499999 0.146765625 0.644265928125 0.145671875 0.6449307484375 0.1390625 0.6527423828125001 0.13096875 0.6527423828125001
8 0.23703124999999997 0.7393351796875 0.22815625 0.7550692515625 0.21168749999999997 0.76853185625 0.22309375 0.8112465375 0.258578125 0.795512465625 0.25225 0.7662880890625 0.242109375 0.7258448750000001 0.23703124999999997 0.7393351796875
8 0.6813281250000001 0.6737396125 0.701890625 0.70437673125 0.709828125 0.70520775625 0.729453125 0.6497229921875001 0.7075 0.602520775 0.70609375 0.602520775 0.701890625 0.6190858718750001 0.6813281250000001 0.6737396125
8 0.9475625000000001 0.340110803125 0.93828125 0.290747921875 0.9374375 0.274293628125 0.9273125 0.2922437671875 0.9087343750000001 0.2967313015625 0.901984375 0.2922437671875 0.901984375 0.27728531875 0.898609375 0.2862603875 0.9002968750000001 0.373019390625 0.92478125 0.373019390625 0.939125 0.349085871875 0.9475625000000001 0.340110803125
8 0.023390625 0.45664819999999995 0.0208125 0.4697506921875 0.020499999999999997 0.470332409375 0.015671875 0.4874238234375 0.015671875 0.4879778390625 0.019203124999999998 0.5221606640625 0.027890625000000002 0.5295567859375 0.043625000000000004 0.515318559375 0.042984375000000005 0.49310249375000004 0.02853125 0.4395567859375 0.02434375 0.438421053125 0.023390625 0.4560941828125 0.023390625 0.45664819999999995
9 0.442375 0.8763988921875001 0.432234375 0.85168975 0.41448437499999996 0.7910249312500001 0.41829687499999996 0.7640443218749999 0.394203125 0.701135734375 0.40307812500000006 0.6988642656249999 0.3929375 0.6539335187499999 0.38153125 0.6337119109375 0.36759375 0.6224653734375 0.348578125 0.6381994453125001 0.35745312500000004 0.7033795015625001 0.395484375 0.80897506875 0.38534375 0.8314681437500001 0.400546875 0.8651800546875 0.39928125 0.8179778390625 0.41829687499999996 0.8831578953125 0.442375 0.8763988921875001
9 0.236015625 0.496371190625 0.24371874999999998 0.48465373906250003 0.24371874999999998 0.4758725765625 0.24096875 0.4690304703125 0.237109375 0.4446537390625 0.23931249999999998 0.42609418281250006 0.24426562500000001 0.45049861562500004 0.253078125 0.47002770156249996 0.2679375 0.4993074796875 0.28996875 0.5529639890625 0.30428125 0.5754293625 0.314734375 0.5871191140625001 0.31803125 0.5793351796875 0.310875 0.5500554015625 0.299875 0.530526315625 0.28885937500000003 0.4993074796875 0.285015625 0.4387811640625 0.28225 0.42903047031249997 0.27125 0.400720221875 0.285015625 0.4104709140625 0.28885937500000003 0.41927977812500006 0.292171875 0.4270637125 0.299875 0.434875346875 0.30096875 0.42315789531250003 0.2855625 0.393878115625 0.27949999999999997 0.379252078125 0.267390625 0.35094182812499997 0.260234375 0.339252078125 0.2569375 0.3206925203125 0.24978125 0.3119113578125 0.24206249999999999 0.31288088593749996 0.236015625 0.3245983375 0.23546874999999998 0.3411911359375 0.224453125 0.369501384375 0.222796875 0.42121883593750004 0.22665625 0.42903047031249997 0.23215625 0.471966759375 0.2310625 0.49540166250000006 0.22940624999999998 0.49540166250000006 0.23215625 0.5012465374999999 0.236015625 0.496371190625
9 0.342234375 0.3938227140625 0.346046875 0.380332409375 0.346046875 0.3780886421875 0.3384375 0.37135734062500003 0.32703125 0.34437673125 0.321953125 0.3061772859375 0.3245 0.2904432140625 0.35998437499999997 0.3533795015625 0.373921875 0.3668421046875 0.37646875 0.3466204984375 0.35745312500000004 0.31742382343750003 0.342234375 0.274709140625 0.33464062499999997 0.22977839375000003 0.3118125 0.20731301875 0.281390625 0.21853185625 0.2750625 0.2522437671875 0.2839375 0.27022160624999997 0.29153125 0.285955678125 0.299140625 0.2994459828125 0.301671875 0.308421053125 0.308015625 0.351135734375 0.321953125 0.3938227140625 0.321953125 0.391578946875 0.32703125 0.39606648125 0.342234375 0.3938227140625
9 0.45144335937499996 0.327108725 0.45299316406249995 0.3413140578125 0.44532812499999996 0.3446260390625 0.45454296875000005 0.355519390625 0.44784375 0.36065096875 0.45609277343750004 0.36972472343749996 0.450359375 0.3766759 0.455046875 0.383213296875 0.46140625 0.3826315796875 0.46140625 0.3932963984375 0.4591923828125 0.3981353875 0.4607421875 0.41234072031249996 0.4654375 0.4184764546875 0.4622919921875 0.42654605312499994 0.4715908203125 0.5117780468750001 0.477828125 0.51351800625 0.47982812499999994 0.5206371187500001 0.47481249999999997 0.5200554015625001 0.473140625 0.5259833796875 0.47615625 0.53310249375 0.481515625 0.5378670359375 0.48553125 0.5372576171875 0.487203125 0.532520775 0.48687500000000006 0.526565096875 0.484859375 0.52479224375 0.4925625 0.46620498593750004 0.5175156249999999 0.51103878125 0.5260625 0.510720221875 0.53040625 0.5178670359375 0.5227031249999999 0.5220221609375 0.523046875 0.5315235453125 0.52471875 0.5362603874999999 0.5404687499999999 0.534487534375 0.5438125 0.5315235453125 0.54515625 0.5279501390625 0.5448125 0.5232132968750001 0.532421875 0.518448753125 0.5215390625 0.4929085875 0.517015625 0.475096953125 0.50696875 0.48698060937500004 0.505625 0.46855955624999995 0.50328125 0.4620498609375 0.515 0.4501662046875 0.49725 0.40858725781249994 0.493234375 0.36939058125 0.48854687500000005 0.355734071875 0.490546875 0.343240996875 0.48987499999999995 0.3242382265625 0.47815624999999995 0.29396121875 0.47045312499999997 0.2785041546875 0.460078125 0.2933518 0.458390625 0.2986980609375 0.44834375 0.2986980609375 0.44935937499999995 0.311966759375 0.4423125 0.3143213296875 0.44382031250000004 0.329473684375 0.45144335937499996 0.327108725
9 0.42234375 0 0.42037500000000005 0.0018836562500000001 0.41798437499999996 0.005734071875 0.415484375 0.0051523546875 0.407421875 0.0053462609375 0.40371875 0.0090304703125 0.40251562500000004 0.014238226562500001 0.40404687499999997 0.025429362500000004 0.40828125000000004 0.032770082812500004 0.40774999999999995 0.0354847640625 0.40578125 0.042437673437500004 0.40512499999999996 0.0491966765625 0.40893750000000006 0.0662049859375 0.41134375 0.07662049843749999 0.41581250000000003 0.08975069218750001 0.418859375 0.0978670359375 0.425390625 0.1125484765625 0.436171875 0.1293351796875 0.44271874999999994 0.141135734375 0.44848437499999994 0.1503878109375 0.46003125 0.159473684375 0.46460937500000005 0.154265928125 0.46885937499999997 0.151163434375 0.470390625 0.146537396875 0.467328125 0.13204986093749999 0.46287500000000004 0.12606648125 0.454921875 0.12047091406249999 0.44957812500000005 0.1150415515625 0.44521875 0.1055955671875 0.44565625000000003 0.0947645421875 0.444234375 0.08648199375 0.432796875 0.063878115625 0.4365 0.0609695296875 0.44053125 0.0580886421875 0.44260937499999997 0.048227146875 0.44184375 0.0436011078125 0.43432812500000006 0.0159833796875 0.43062500000000004 0.0039889203125 0.428328125 0 0.42234375 0
9 0.25925 0.1271468140625 0.266953125 0.1627700828125 0.270296875 0.150304709375 0.274328125 0.15265927968749998 0.28704687500000003 0.129501384375 0.29609375 0.129501384375 0.306140625 0.126537396875 0.28871875 0.08498615000000001 0.28203125 0.08556786718750001 0.27365625 0.08914127499999999 0.267625 0.081994459375 0.268625 0.0754847640625 0.262265625 0.06121883593750001 0.251546875 0.060637118749999996 0.24651562500000002 0.06894736875 0.24920312500000003 0.082603878125 0.25456249999999997 0.0962603875 0.26159374999999996 0.102797784375 0.26159374999999996 0.10515235468749999 0.257578125 0.11465373906250001 0.25925 0.1271468140625
9 0.792078125 0.16709141249999998 0.797046875 0.1964265921875 0.799796875 0.21307479218749997 0.799796875 0.2208864265625 0.79925 0.25806094218750003 0.8025625 0.2805540171875 0.8125 0.309916896875 0.8125 0.32457063750000004 0.803671875 0.3314127421875 0.805875 0.33728531875 0.825734375 0.33728531875 0.8273906249999999 0.3284764546875 0.821875 0.31185595625 0.8125 0.2600277015625 0.8125 0.24437673124999998 0.825734375 0.2756786703125 0.8455937499999999 0.31479224375000003 0.8500156249999999 0.326537396875 0.843390625 0.3284764546875 0.8384218750000001 0.33728531875 0.840640625 0.3411911359375 0.86490625 0.33534626093750003 0.86490625 0.326537396875 0.8599375 0.31185595625 0.857734375 0.304044321875 0.8340156249999999 0.25903047031250004 0.8318125000000001 0.2404432140625 0.83953125 0.23263157968749998 0.8285 0.191551246875 0.8224218750000001 0.171994459375 0.825734375 0.1612188359375 0.8113906249999999 0.1328531859375 0.8125 0.104487534375 0.805875 0.0859002765625 0.79815625 0.0859002765625 0.792078125 0.0704155125 0.792078125 0.060637118749999996 0.787671875 0.0439889203125 0.7805 0.03227146875 0.777734375 0.0420498609375 0.771109375 0.0518282546875 0.773875 0.08313019375 0.784359375 0.094875346875 0.781046875 0.103656509375 0.7865624999999999 0.14069252031249999 0.787109375 0.15144044375000001 0.792078125 0.16709141249999998
9 0.177953125 0.2873684203125 0.17284375000000002 0.292382271875 0.17510937499999998 0.30747922499999997 0.1799375 0.32155124687500003 0.18617187500000001 0.32958448749999997 0.18815625 0.3491966765625 0.19240625 0.373850415625 0.18843749999999998 0.38038781093749996 0.192125 0.39144044375 0.19723437500000002 0.3844044328125 0.20375000000000001 0.376371190625 0.21000000000000002 0.394459834375 0.20603125000000003 0.408033240625 0.21198437499999997 0.43770083125000003 0.231828125 0.475927978125 0.23296875 0.46988919687499997 0.227296875 0.4447368421875 0.22559374999999998 0.425124653125 0.22559374999999998 0.3688088640625 0.231828125 0.34770083125 0.224171875 0.3079778390625 0.21340625000000002 0.2963988921875 0.206875 0.2913850421875 0.20234375 0.29188365625 0.1995 0.2969252078125 0.196953125 0.298421053125 0.194671875 0.29891966718749996 0.18759375 0.29188365625 0.177953125 0.2873684203125
8 0.045828125 0.079889196875 0.052671875 0.0779224375 0.05621875 0.072825484375 0.05600000000000001 0.06930747968749999 0.052453125 0.0645983375 0.054890625000000005 0.053628809374999996 0.054453125000000005 0.0473684203125 0.052453125 0.043850415625 0.05090625 0.0512742375 0.049359375 0.04814404375 0.048265625 0.0387534625 0.044937500000000005 0.039141274999999996 0.038093749999999996 0.0540166203125 0.04803125 0.06146814375 0.04384375 0.076759003125 0.045828125 0.079889196875
8 0.23653125 0.32817174531250004 0.23620312499999999 0.32479224375000004 0.235734375 0.31861495781250004 0.235734375 0.315817175 0.23446875 0.310747921875 0.23303124999999997 0.3040166203125 0.228921875 0.3011911359375 0.224171875 0.30063711875 0.22146875000000002 0.3037396125 0.21925 0.3068144046875 0.21037499999999998 0.29811634374999996 0.20182812499999997 0.29332410000000003 0.20007812500000002 0.2958725765625 0.20278125 0.3011911359375 0.21021874999999998 0.3087811640625 0.224953125 0.3326592796875 0.22765624999999998 0.338836565625 0.233640625 0.34570637187500003 0.23493750000000002 0.3410803328125 0.23542187499999997 0.333213296875 0.23653125 0.32817174531250004
8 0.221109375 0.2985872578125 0.21409375000000003 0.2828531859375 0.202890625 0.2629639890625 0.194015625 0.2530470921875 0.17953125 0.2273684203125 0.174390625 0.23315789531250003 0.182796875 0.2530470921875 0.199609375 0.292797784375 0.208953125 0.289473684375 0.21782812499999998 0.2960941828125 0.221109375 0.2985872578125
8 0.779671875 0.167811634375 0.778015625 0.1780609421875 0.77678125 0.194182825 0.77884375 0.205927978125 0.78215625 0.205927978125 0.790828125 0.2051800546875 0.80115625 0.2015235453125 0.801578125 0.18980609375 0.797859375 0.1802770078125 0.7829843750000001 0.14875346250000002 0.77884375 0.146565096875 0.779671875 0.15022160625 0.779671875 0.167811634375
8 0.668640625 0.8186149578125 0.685125 0.764681440625 0.67371875 0.7579224375 0.682578125 0.7197229921875 0.64709375 0.7152354578125 0.636953125 0.7556786703125 0.63821875 0.8141274234375 0.668640625 0.8186149578125
9 0.436046875 0.6606648203125001 0.43984375 0.7618005546875 0.455046875 0.7775346265625 0.46645312499999997 0.7730470921875 0.46392187500000004 0.7550692515625 0.45251562500000003 0.752797784375 0.458859375 0.669667590625 0.49265625 0.6876454296875 0.51209375 0.7325761765625 0.533640625 0.710110803125 0.5374375 0.6921329640625 0.51715625 0.69437673125 0.487796875 0.6764127421875 0.48293749999999996 0.6651800546875 0.493078125 0.6539335187499999 0.4550572921875 0.6127285312499999 0.455375 0.599993075 0.479140625 0.5865096953125 0.45759375 0.5438227140625 0.43001953125 0.55394044375 0.420828125 0.55731301875 0.420828125 0.59102493125 0.42970312499999996 0.6157340718750001 0.436046875 0.6606648203125001
9 0.664524815625 0.6292146015625 0.6617109375 0.6433518 0.6661075375000001 0.64317093125 0.6684375 0.6527700828125 0.6676902578125 0.6571272609375 0.6705625000000001 0.6665743296875 0.669272978125 0.671083590625 0.6726875 0.6803785796875 0.6708556984375 0.685039921875 0.6748125 0.6941828250000001 0.67243841875 0.6989962515625 0.6819347421875 0.7827342359375 0.684734375 0.7896121890625001 0.6835174625 0.796690565625 0.685100184375 0.8106468953125001 0.691109375 0.8184764546875 0.6866829046875 0.8246032265625001 0.6932343750000001 0.8711911359375 0.7027890625000001 0.8686842109375 0.7088125 0.857396121875 0.7123437499999999 0.8661772859375001 0.7229687499999999 0.8624099718749999 0.7029114578125 0.8444229 0.6970104171875 0.8314496765625 0.68844921875 0.7761149578125 0.6854427078125 0.772456140625 0.6921640625000001 0.7626177281250001 0.6861510421875 0.7553000921875 0.6868593749999999 0.73814404375 0.69587890625 0.7491204984375 0.704203125 0.7243213296875 0.705265625 0.710526315625 0.7088125 0.713019390625 0.7119921875 0.7004709140625 0.7162421875 0.706121884375 0.723671875 0.6992243765625 0.7187187500000001 0.6904155125 0.6992499999999999 0.7004709140625 0.6811875 0.669085871875 0.71021875 0.613850415625 0.705265625 0.5987811640625 0.6939375 0.6126038781250001 0.6790625 0.610083103125 0.657109375 0.5975346265625 0.6629420953125 0.61525826875 0.656046875 0.6157340718750001 0.654984375 0.6339335187499999 0.664524815625 0.6292146015625
9 0.5314687499999999 0.13980609375 0.53965625 0.168836565625 0.54859375 0.1741274234375 0.545609375 0.2071191140625 0.5351874999999999 0.19656509687499998 0.53071875 0.2018282546875 0.5314687499999999 0.2190027703125 0.5426249999999999 0.23351800625000002 0.554546875 0.24936288125 0.557515625 0.28102493125 0.579109375 0.38135734062500004 0.57240625 0.3958725765625 0.577625 0.405096953125 0.601453125 0.3919113578125 0.596234375 0.3628808859375 0.577625 0.31404432187500003 0.5798593750000001 0.3021606640625 0.59103125 0.3193074796875 0.62303125 0.32855955625 0.62825 0.34703601093750003 0.639421875 0.33648199375 0.638671875 0.3153462609375 0.63346875 0.3074238234375 0.612609375 0.29950138437499996 0.5895312500000001 0.2902770078125 0.5917656250000001 0.26387811562499996 0.5858125000000001 0.24673130156249998 0.58134375 0.20448753437499997 0.57240625 0.164875346875 0.56571875 0.15565096875 0.557515625 0.1384764546875 0.549328125 0.12396121874999999 0.5448593749999999 0.11736842031250001 0.5351874999999999 0.11869806093749999 0.5314687499999999 0.13980609375
8 0.14915625 0.06490304687500001 0.137234375 0.082520775 0.13474999999999998 0.1124653734375 0.13871875 0.145927978125 0.1426875 0.1450692515625 0.15462499999999998 0.12831025000000001 0.16604687499999998 0.1098337953125 0.179953125 0.1450692515625 0.1824375 0.13889196718750002 0.16753125 0.103656509375 0.185421875 0.0719390578125 0.20231249999999998 0.0596121890625 0.18642187500000001 0.0437673125 0.1645625 0.050803323437500006 0.14915625 0.06490304687500001
9 0.26371875 0.836371190625 0.291546875 0.88831025 0.298875 0.8960941828125 0.31059375 0.8960941828125 0.319390625 0.9220775625 0.32525 0.91686980625 0.315 0.8909141281249999 0.304734375 0.8571468140625 0.293015625 0.8285595562499999 0.269578125 0.802603878125 0.252 0.7740166203125 0.24759375 0.7298614953125 0.271046875 0.7766204984375 0.272515625 0.76105263125 0.26078125 0.7013019390624999 0.252 0.680526315625 0.23734375000000002 0.6831301937500001 0.209515625 0.7039058171875 0.209515625 0.7428531859375 0.22415625 0.77144044375 0.2388125 0.7376731296875 0.25053125 0.8181717453124999 0.244671875 0.8233795015625001 0.23734375000000002 0.8623268703125 0.23148437500000002 0.8909141281249999 0.230015625 0.9298614953125 0.234421875 0.9324653734374999 0.254921875 0.91686980625 0.256390625 0.9039058171875001 0.26371875 0.841551246875 0.26371875 0.836371190625
9 0.3487102265625 0.5427524546875 0.377815340625 0.61112314375 0.38475000000000004 0.616149584375 0.38266619375 0.6225182578124999 0.38959375 0.6259833796875001 0.3875170453125 0.6339133718750001 0.39721875 0.6567036015625 0.40970312499999995 0.6529916890624999 0.41039062499999995 0.6419390578125 0.422171875 0.6321052625 0.42493749999999997 0.6370360109375001 0.429109375 0.659141275 0.43395312500000005 0.659141275 0.42840625 0.6173684203125 0.42009375000000004 0.5952631578124999 0.41801562499999995 0.581745153125 0.40657812499999996 0.5759002765625 0.41246875000000005 0.5657617734375 0.390984375 0.5092520781250001 0.38890625 0.5006648203124999 0.3930625 0.4871468140625 0.393765625 0.47853185624999994 0.38475000000000004 0.46379501406249996 0.38059375 0.4465927984375 0.37296874999999996 0.4281717453125 0.35564062500000004 0.47238227187500004 0.3369375 0.5129362875 0.335546875 0.5178393359375 0.34385937499999997 0.531357340625 0.339703125 0.5424376734374999 0.3487102265625 0.5427524546875
8 0.05475 0.327396121875 0.056421874999999996 0.32199445937500004 0.06281250000000001 0.3145983375 0.078625 0.29 0.081125 0.2855678671875 0.09223437500000001 0.26686980625 0.101671875 0.2511080328125 0.101390625 0.2481717453125 0.08640624999999999 0.24717451562499998 0.080015625 0.2462049859375 0.071140625 0.2521052625 0.056703125 0.26833795 0.05475 0.26833795 0.053640625 0.26587257656249996 0.051984375000000006 0.26587257656249996 0.050875000000000004 0.26686980625 0.05059375000000001 0.270304709375 0.05059375000000001 0.2713019390625 0.052265625 0.2747368421875 0.05142187499999999 0.2767036015625 0.048921875 0.282603878125 0.038656249999999996 0.305734071875 0.036984375 0.34412742343749997 0.039218750000000004 0.3446260390625 0.047265625 0.338227146875 0.05475 0.327396121875
8 0.7640781249999999 0.3136842109375 0.773859375 0.3127700828125 0.775921875 0.2972576171875 0.774375 0.2790027703125 0.7692187500000001 0.25437673125 0.763046875 0.24252077500000002 0.748640625 0.24434903125 0.739375 0.2671468140625 0.7383437500000001 0.299085871875 0.74040625 0.3127700828125 0.7640781249999999 0.3136842109375
8 0.08798828125 0.358033240625 0.08541666718749999 0.3695290859375 0.0869140625 0.3725761765625 0.084375 0.38393351875000004 0.08583984375 0.3871191140625 0.07291666718749999 0.542382271875 0.075 0.5512465375 0.071875 0.556786703125 0.071875 0.6038781156249999 0.0765625 0.612188365625 0.0921875 0.6149584484374999 0.0984375 0.6066482 0.1015625 0.5955678671875 0.115625 0.592797784375 0.1203125 0.5817174515625 0.1453125 0.556786703125 0.1546875 0.5401662046875 0.1734375 0.53185595625 0.18125 0.5207756234375001 0.1859375 0.5013850421875 0.1859375 0.490304709375 0.18125 0.4792243765625 0.1765625 0.47645429375 0.1484375 0.47645429375 0.1375 0.48199445937499996 0.1109375 0.33795013906250004 0.11875 0.3240997234375 0.128125 0.3157894734375 0.13125 0.30193905781249997 0.1375 0.293628809375 0.140625 0.2770083109375 0.153125 0.2603878109375 0.14801136406249998 0.24200453125000002 0.22045454531250003 0.1815663578125 0.3203125 0.1274238234375 0.328125 0.13019390625 0.3375 0.1412742375 0.340625 0.1385041546875 0.346875 0.12465373906249999 0.353453946875 0.1027846625 0.3546875 0.094182825 0.36171875 0.0858725765625 0.361348684375 0.10424260156250001 0.3850328953125 0.10861641562499999 0.4640625 0.1468144046875 0.4640625 0.1855955671875 0.4921875 0.1855955671875 0.4984375 0.17728531875 0.50625 0.15512465312499998 0.525 0.135734071875 0.51875 0.11590610781249999 0.534375 0.11299023281250001 0.6203125 0.1135734078125 0.625 0.12188365625 0.634375 0.12188365625 0.6390625 0.116343490625 0.64921875 0.11772853125 0.65625 0.1423249578125 0.590625 0.415130384375 0.5921875 0.4182825484375 0.5828125 0.43213296406249996 0.5796875 0.44321329687500005 0.584375 0.44111185312499995 0.571875 0.49307479218749994 0.571875 0.5124653734375 0.5765625 0.5207756234375001 0.5796875 0.5207756234375001 0.58125 0.5429362875 0.5859375 0.5512465375 0.6015625 0.5512465375 0.6109375 0.5401662046875 0.6171875 0.5401662046875 0.625 0.53185595625 0.628125 0.518005540625 0.6421875 0.490304709375 0.6546875 0.4847645421875 0.6625 0.47645429375 0.6703125 0.47645429375 0.68125 0.4653739609375 0.684375 0.46814404375 0.684375 0.44321329687500005 0.6890625 0.4265927984375 0.6890625 0.415512465625 0.678125 0.396121884375 0.6640625 0.1443213296875 0.661875 0.1330747921875 0.66328125 0.13033240937499999 0.659375 0.129334225 0.659375 0.1191135734375 0.6625 0.116343490625 0.6859375 0.11080332343749999 0.6838541671875 0.09879963124999999 0.691796875 0.0990304703125 0.6953125 0.0969529078125 0.6997395828124999 0.0992613109375 0.70390625 0.0955678671875 0.7076822921875 0.09949215312500001 0.7125 0.094182825 0.715625 0.0997229921875 0.8109375 0.102493075 0.89375 0.15512465312499998 0.884375 0.1939058171875 0.8796875 0.20221606718750001 0.8796875 0.21883656562499998 0.884375 0.2271468140625 0.903125 0.2354570640625 0.90625 0.24099722968749998 0.9203125 0.24099722968749998 0.9328125 0.23268698125 0.9375 0.19944598281249998 0.940625 0.1939058171875 0.95 0.1939058171875 0.975 0.1495844875 0.9984375 0.1468144046875 0.9984375 0.1135734078125 0.9765625 0.0858725765625 0.9609375 0.080332409375 0.953125 0.088642659375 0.925 0.09141274218749999 0.921875 0.0969529078125 0.915625 0.094182825 0.90625 0.1052631578125 0.8188802078125 0.1027239140625 0.75625 0.0249307484375 0.7578125 0.00831025 0.75625 0.0027700828125 0.7140625 0.0027700828125 0.7078125 0.00831025 0.6921875 0.00831025 0.6875 0.0166204984375 0.6640625 0.027700831250000002 0.653125 0.0443213296875 0.6453125 0.0470914125 0.6359375 0.06648199375 0.6296875 0.069252078125 0.625 0.07756232656249999 0.6282552078125 0.0971837484375 0.6203125 0.0969529078125 0.5421875 0.11153229375 0.5453125 0.080332409375 0.5375 0.06648199375 0.521875 0.06648199375 0.515625 0.080332409375 0.5109375 0.07756232656249999 0.490625 0.094182825 0.4796875 0.116343490625 0.4765625 0.116343490625 0.471875 0.12465373906249999 0.39292763124999996 0.1100743546875 0.36875 0.07756232656249999 0.3828125 0.060941828125 0.3921875 0.0304709140625 0.390625 0.0166204984375 0.3828125 0.00831025 0.378125 0.0110803328125 0.3609375 0.0387811640625 0.3484375 0.0498614953125 0.3421875 0.0637119109375 0.3390625 0.0637119109375 0.32760416718749996 0.0858725765625 0.3297697375 0.098410846875 0.321875 0.0969529078125 0.2276988640625 0.1755225375 0.1453125 0.229916896875 0.121875 0.229916896875 0.1109375 0.2437673125 0.09406250000000001 0.27534626093750003 0.0973011359375 0.2843112578125 0.09005681875 0.290355075 0.0884375 0.2858725765625 0.0828125 0.2963988921875 0.0828125 0.32963988906249997 0.0890625 0.3434903046875 0.08645833281250001 0.35512465312499997 0.08798828125 0.358033240625
9 0.028515625 0 0.02523148125 0.010567354687499999 0.0205729171875 0 0.0173418203125 0.0098149859375 0.012630207812499999 0 0.009452160937499999 0.0090626171875 0.0046875 0 0.0015625 0.00831025 0.0122767859375 0.045904234375000005 0 0.0498614953125 0 0.088642659375 0.00625 0.1191135734375 0.009375 0.15512465312499998 0.015625 0.17728531875 0.0234375 0.1939058171875 0.0375 0.210526315625 0.046875 0.21606648125 0.0625 0.21606648125 0.0765625 0.27146814375 0.065625 0.285318559375 0.0578125 0.30193905781249997 0.0453125 0.3462603875 0.0171875 0.3434903046875 0.0015625 0.35734072031249997 0.0015625 0.5124653734375 0.0078125 0.5207756234375001 0.0015625 0.5650969531250001 0.0015625 0.8254847640625 0.015625 0.8559556781250001 0.015625 0.8642659281249999 0.03125 0.883656509375 0.040625 0.8891966765625 0.065625 0.8891966765625 0.0828125 0.8753462609374999 0.090625 0.8614958453125 0.0953125 0.8587257625 0.1046875 0.8116343484374999 0.103125 0.770083103125 0.0953125 0.7368421046875 0.1265625 0.706371190625 0.1484375 0.78393351875 0.15625 0.8005540171875 0.1703125 0.8171745156249999 0.1796875 0.8227146812499999 0.2046875 0.8227146812499999 0.221875 0.808864265625 0.234375 0.7867036015625 0.240625 0.76731301875 0.240625 0.7506925203125 0.2359375 0.7451523546875001 0.2390625 0.7396121890625 0.221875 0.76731301875 0.2109375 0.7479224375 0.2109375 0.7036011078125 0.2375 0.6842105265625 0.2375 0.6786703593750001 0.21875 0.6177285312499999 0.2140625 0.556786703125 0.20625 0.529085871875 0.2078125 0.52354570625 0.2171875 0.5207756234375001 0.234375 0.5013850421875 0.3401953125 0.2759695296875 0.34375 0.2770083109375 0.35625 0.3157894734375 0.375 0.3462603875 0.375 0.360110803125 0.371875 0.368421053125 0.3765625 0.3850415515625 0.384375 0.40166205 0.3953125 0.415512465625 0.4078125 0.4238227140625 0.4328125 0.4238227140625 0.45 0.4099722984375 0.4546875 0.3850415515625 0.459375 0.38227146875 0.4609375 0.3905817171875 0.5921875 0.57063711875 0.584375 0.6038781156249999 0.584375 0.6481994453125 0.5921875 0.68144044375 0.5953125 0.7119113578125 0.609375 0.7506925203125 0.6203125 0.7645429359375 0.6328125 0.7728531859375 0.6578125 0.7728531859375 0.675 0.7590027703125 0.6796875 0.7506925203125 0.684375 0.761772853125 0.6921875 0.7645429359375 0.6859375 0.7867036015625 0.6859375 0.8116343484374999 0.703125 0.8476454296875 0.7140625 0.8614958453125 0.7125 0.86980609375 0.7171875 0.8725761765625 0.73125 0.8975069250000001 0.7421875 0.930747921875 0.75 0.9473684203125 0.759375 0.958448753125 0.771875 0.994459834375 0.859375 0.8947368421874999 0.868359375 0.9265927984375001 0.8703125 0.9252077562500001 0.871875 0.939058171875 0.875390625 0.9515235453124999 0.878125 0.9473684203125 0.8813671875000001 0.9473684203125 0.8765625 0.9418282546875 0.875 0.9362880890625 0.87984375 0.9335180062499999 0.825 0.434903046875 0.83125 0.42936288125 0.846875 0.39889196718750003 0.853125 0.36565096874999997 0.853125 0.340720221875 0.8734375 0.32963988906249997 0.8796875 0.368421053125 0.89375 0.40720221562500003 0.9046875 0.42105263125 0.9390625 0.44875346250000003 0.95 0.4736842109375 0.9640625 0.49307479218749994 0.9765625 0.5013850421875 0.9984375 0.5013850421875 0.9984375 0.19944598281249998 0.978125 0.1800554015625 0.9546875 0.1800554015625 0.946875 0.15512465312499998 0.9328125 0.1329639890625 0.9421875 0.069252078125 0.9421875 0.027700831250000002 0.9375 0 0.675 0 0.6546875 0.0221606640625 0.6484375 0.0360110796875 0.640625 0.069252078125 0.4118248453125 0.0474333984375 0.4078125 0.0484764546875 0.40393518593750005 0.0466810296875 0.4078125 0.033240996875 0.421875 0 0.4171875 0.00831025 0.4140625 0 0.4078125 0.005540165625 0.40625 0 0.328125 0 0.3203125 0.0304709140625 0.3171489203125 0.0384049796875 0.309259259375 0.0376526109375 0.3125 0.0249307484375 0.3036458328125 0.0249307484375 0.3013695984375 0.0369002421875 0.2934799375 0.036147875 0.2947916671875 0.0249307484375 0.2859375 0.0249307484375 0.28559027812500004 0.03539550625 0.26981095625 0.0338907703125 0.265625 0.045706371875 0.261921296875 0.033138401562499996 0.0962384265625 0.01733866875 0.1 0 0.0444010421875 0 0.041010803125 0.012072090625 0.0331211421875 0.011319721875 0.0364583328125 0 0.028515625 0