8 0.44018823593749995 0.6680937499999999 0.4444705875 0.670359375 0.4461882359375 0.673203125 0.4436235296875 0.67434375 0.44190588281250004 0.675484375 0.4359058828125 0.6800312500000001 0.4341882359375 0.68740625 0.4359058828125 0.689125 0.4444705875 0.691390625 0.44703529375000006 0.69878125 0.44703529375000006 0.70446875 0.44703529375000006 0.7084374999999999 0.4461882359375 0.71184375 0.442752940625 0.714125 0.44018823593749995 0.715828125 0.4359058828125 0.71809375 0.42136470625 0.72321875 0.414517646875 0.725484375 0.3974117640625 0.7402656249999999 0.3999764703125 0.7402656249999999 0.411082353125 0.74140625 0.4222117640625 0.743671875 0.4367764703125 0.745953125 0.44960000000000006 0.74765625 0.46157647031250004 0.753328125 0.4752705875 0.762421875 0.4761411765625 0.7658437499999999 0.47355294062500003 0.7715156249999999 0.47270588281250003 0.7823125 0.46929411718749997 0.785734375 0.47355294062500003 0.8067500000000001 0.4769882359375 0.807890625 0.4769882359375 0.80390625 0.487247059375 0.8016406249999999 0.5000941171875 0.795390625 0.5052235296875 0.789140625 0.5095058828125001 0.78459375 0.5129411765625 0.776640625 0.5206352937500001 0.764703125 0.5232 0.761296875 0.530047059375 0.75675 0.5343294125 0.751625 0.5377411765625 0.7493593749999999 0.5428941171874999 0.745375 0.5445882359375 0.736859375 0.549717646875 0.731171875 0.554 0.7271875 0.558282353125 0.721515625 0.5599999999999999 0.7175312500000001 0.56256470625 0.712421875 0.56256470625 0.7112812500000001 0.55743529375 0.70503125 0.555717646875 0.701625 0.55143529375 0.694796875 0.5548705875 0.6919531250000001 0.559152940625 0.689125 0.559152940625 0.6857031250000001 0.558282353125 0.6834374999999999 0.554 0.679453125 0.549717646875 0.675484375 0.549717646875 0.6720625 0.549717646875 0.669234375 0.549717646875 0.666953125 0.559152940625 0.66184375 0.561717646875 0.6607031250000001 0.5728235296874999 0.65671875 0.5728235296874999 0.65046875 0.5728235296874999 0.648203125 0.5694117640624999 0.648203125 0.561717646875 0.648765625 0.553152940625 0.65046875 0.5437411765625 0.65046875 0.5411764703124999 0.64934375 0.5394588234375 0.648765625 0.5343294125 0.6470625 0.524047059375 0.645921875 0.510352940625 0.645359375 0.5026588234375 0.6465 0.49324705937499996 0.648765625 0.485552940625 0.6516093749999999 0.48040000000000005 0.6578593749999999 0.47355294062500003 0.660140625 0.4658588234375 0.66184375 0.456447059375 0.66240625 0.44703529375000006 0.66184375 0.4367764703125 0.6607031250000001 0.4324941171875 0.6607031250000001 0.4341882359375 0.66296875 0.4341882359375 0.664109375 0.44018823593749995 0.6680937499999999
8 0.5538588234375 0.9482968749999999 0.5248941171875 0.9364687500000001 0.520447059375 0.9231562500000001 0.48927058749999996 0.875828125 0.46030588281249996 0.8462500000000001 0.4335764703125 0.8092656249999999 0.4424941171875 0.8092656249999999 0.4580941171875 0.81075 0.46922352968750003 0.813703125 0.4759058828125 0.8122187500000001 0.4736705875 0.804828125 0.4714588234375 0.7870781250000001 0.4714588234375 0.7648906249999999 0.46254117656249993 0.7560156250000001 0.40908235312499996 0.741234375 0.393482353125 0.73975 0.37567058750000004 0.73975 0.3378117640625 0.766375 0.32 0.7796875 0.29548235312500004 0.784125 0.27322352968749997 0.798921875 0.27543529375000003 0.80334375 0.299952940625 0.80778125 0.29548235312500004 0.8270156249999999 0.2888 0.84771875 0.284352940625 0.875828125 0.20195294062500002 0.955703125 0.1529411765625 0.9985937500000001 0.4424941171875 1 0.5538588234375 0.9482968749999999
8 0.545952940625 0.934421875 0.55583529375 0.9325468750000001 0.5699294125 0.928796875 0.58543529375 0.914765625 0.6051764703125 0.8988437499999999 0.623482353125 0.868890625 0.6248941171875 0.8464218750000001 0.6291294125 0.836125 0.6530823531250001 0.81646875 0.6587294125 0.827703125 0.6685882359375 0.8239531250000001 0.6982117640625 0.81365625 0.7278117640625 0.8202187500000001 0.7489411765625 0.828640625 0.7588235296875 0.830515625 0.7884235296875 0.8295781249999999 0.78136470625 0.8239531250000001 0.7729176468750001 0.8202187500000001 0.7616235296875 0.7874531250000001 0.73343529375 0.762171875 0.7193411765625 0.749078125 0.7094823531250001 0.73971875 0.7024235296875 0.7163125 0.6812941171875 0.700390625 0.6770588234375 0.6900937500000001 0.6784705875 0.680734375 0.6897411765625 0.6779375 0.69256470625 0.666703125 0.6897411765625 0.6657656249999999 0.6855058828125 0.6657656249999999 0.66296470625 0.6657656249999999 0.6446352937500001 0.6657656249999999 0.6305411765625 0.660140625 0.5995294125 0.662015625 0.5812 0.668578125 0.5699294125 0.6760625 0.5628705875 0.678875 0.55583529375 0.680734375 0.5544235296875 0.6882343750000001 0.5656941171875001 0.69103125 0.57416470625 0.6957187499999999 0.5713411765624999 0.706953125 0.5614588234375 0.71725 0.54736470625 0.73128125 0.5403294125 0.7575000000000001 0.5234117640625 0.77246875 0.4783058828125 0.81365625 0.450117646875 0.81740625 0.4557411765625 0.8258281249999999 0.4684235296875 0.8464218750000001 0.4740705875 0.8595312500000001 0.479717646875 0.868890625 0.49381176406250005 0.8922968750000001 0.5205882359375 0.9203749999999999 0.5135294125 0.9175625000000001 0.5304470593749999 0.930671875 0.545952940625 0.934421875
8 0.3424 0.682875 0.3090588234375 0.698515625 0.2874588234375 0.714140625 0.27176470625000004 0.7245625 0.2639294125 0.7402031250000001 0.20898823593750002 0.750625 0.20898823593750002 0.76365625 0.224682353125 0.761046875 0.25216470625 0.753234375 0.2874588234375 0.7519218750000001 0.33456470625 0.761046875 0.3463294125 0.7584375 0.3580941171875 0.7428125 0.36790588281250003 0.7323906250000001 0.389482353125 0.7362968750000001 0.401247059375 0.72978125 0.41891764687500005 0.723265625 0.44637647031250005 0.710234375 0.44244705937499995 0.6932968749999999 0.43263529375000004 0.6854843749999999 0.44637647031250005 0.672453125 0.4385411765625 0.6698593749999999 0.43656470625 0.6594375 0.47776470625 0.656828125 0.4856235296875 0.6411875 0.47776470625 0.62425 0.4875764703125 0.60471875 0.44244705937499995 0.6073125 0.426752940625 0.6138281250000001 0.41891764687500005 0.6255625 0.40517647031250004 0.6320781249999999 0.40517647031250004 0.6516093749999999 0.3992941171875 0.66203125 0.389482353125 0.6750625 0.3424 0.682875
9 0.8070117640625 0.6047343749999999 0.8197882359375 0.619578125 0.8309882359375 0.619578125 0.8900705875 0.6874687500000001 0.8501411765625001 0.715046875 0.8549411765625001 0.725640625 0.8788941171875001 0.7288281249999999 0.9124235296875 0.72246875 0.9364000000000001 0.7033750000000001 0.9667294125 0.7001875 0.9188235296875 0.61109375 0.9013411765624999 0.518484375 0.8810823531249999 0.48035937500000003 0.800047059375 0.46467187499999996 0.7932941171875 0.426546875 0.7561411765625 0.390671875 0.732517646875 0.366015625 0.69536470625 0.34582812500000004 0.668352940625 0.339109375 0.6447294125 0.34359375000000003 0.6312235296875001 0.35928125 0.62783529375 0.37498437500000004 0.640917646875 0.38625 0.6984235296875 0.419125 0.731952940625 0.503984375 0.7830588234375 0.569734375 0.8070117640625 0.6047343749999999
9 0.7266588234375 0.54234375 0.70856470625 0.493703125 0.6978588234374999 0.46529687500000005 0.6904470593750001 0.44125 0.6756470593749999 0.42212500000000003 0.6591764703125 0.39971875 0.6287294125 0.39425 0.62296470625 0.375671875 0.6089882359375001 0.3713125 0.5884235296875 0.3773125 0.5941647062500001 0.385515625 0.6015764703125 0.40846875000000005 0.5900705875 0.417203125 0.5908941171875 0.451640625 0.5949882359374999 0.45982812500000003 0.618047059375 0.46420312499999994 0.6139294125 0.44453125 0.629552940625 0.47512499999999996 0.6386117640625 0.49096875000000006 0.655882353125 0.5292343749999999 0.6756470593749999 0.5505312499999999 0.684682353125 0.562015625 0.7208941171875 0.56965625 0.750517646875 0.560921875 0.7266588234375 0.54234375
9 0.5002352937500001 0.578515625 0.4872235296875 0.545375 0.47854117656249995 0.5273749999999999 0.4948235296875 0.519453125 0.46877647031249997 0.474796875 0.47418823593750004 0.46759375 0.4731058828125 0.457515625 0.46877647031249997 0.456078125 0.46336470625 0.456078125 0.45359999999999995 0.46328125 0.4319058828125 0.43878125 0.42214117656249994 0.41934375 0.4188941171875 0.4035 0.415647059375 0.394140625 0.3614117640625 0.40709375000000003 0.3722588234375 0.42437500000000006 0.378752940625 0.43518749999999995 0.3614117640625 0.44959375 0.3538117640625 0.46687500000000004 0.3614117640625 0.47912499999999997 0.3646588234375 0.49784375000000003 0.39503529375 0.5259375000000001 0.393952940625 0.5410625 0.408047059375 0.57634375 0.435152940625 0.60371875 0.44816470624999993 0.60803125 0.45901176406250005 0.5993906250000001 0.5002352937500001 0.578515625
9 0.24823529375 0.510703125 0.22263529375000002 0.532328125 0.2459294125 0.5647968750000001 0.2528941171875 0.5725156250000001 0.283152940625 0.54315625 0.30875294062499997 0.555515625 0.3227294125 0.5663437499999999 0.3273882359375 0.569421875 0.3157411765625 0.603421875 0.334352940625 0.63125 0.355317646875 0.6544375 0.3785882359375 0.66525 0.380917646875 0.62196875 0.380917646875 0.592609375 0.362282353125 0.535421875 0.3250588234375 0.487515625 0.30875294062499997 0.49678125 0.28548235312500003 0.45506250000000004 0.257552940625 0.45814062499999997 0.24823529375 0.4890625 0.24823529375 0.510703125
9 0.1119058828125 0.683703125 0.11896470625 0.68284375 0.1523058828125 0.704140625 0.1882117640625 0.737765625 0.1972 0.7437343750000001 0.1972 0.762890625 0.23887058749999998 0.747140625 0.23244705937500001 0.7292500000000001 0.20616470625 0.680296875 0.17602352968749999 0.6334531250000001 0.16642352968750002 0.62153125 0.1587294125 0.6096250000000001 0.15423529375 0.604515625 0.1670588234375 0.606640625 0.1728235296875 0.604515625 0.179882353125 0.596421875 0.181152940625 0.584921875 0.1459058828125 0.54234375 0.1272941171875 0.528296875 0.11383529375000001 0.52446875 0.0978117640625 0.524890625 0.0946117640625 0.527875 0.0946117640625 0.52446875 0.0946117640625 0.518921875 0.095882353125 0.510421875 0.09204705937499999 0.49339062499999997 0.0856235296875 0.482734375 0.0792235296875 0.47678125 0.0696 0.47081249999999997 0.059976470312499995 0.468265625 0.052282353125 0.46656250000000005 0.042682353125 0.46910937500000005 0.0343294125 0.470390625 0.0247294125 0.471671875 0.008047059375 0.48317187500000003 0.009341176562500001 0.500203125 0.011247059375 0.5057343750000001 0.0125411765625 0.51425 0.01703529375 0.51765625 0.0228 0.521484375 0.030494117187500003 0.524890625 0.0362588234375 0.533828125 0.0009882359375 0.54490625 0.002917646875 0.550859375 0.008047059375 0.554265625 0.02343529375 0.580671875 0.0324235296875 0.580671875 0.0362588234375 0.586625 0.037552940624999996 0.58790625 0.038823529687500004 0.59215625 0.0368941171875 0.5942968750000001 0.037552940624999996 0.597703125 0.038188235937499995 0.604515625 0.0420235296875 0.619828125 0.0478117640625 0.6321875 0.0664 0.63090625 0.0817882359375 0.6794374999999999 0.09204705937499999 0.675609375 0.1055058828125 0.679875 0.1119058828125 0.683703125
9 0.160282353125 0.565078125 0.1748705875 0.5799218749999999 0.1816705875 0.594109375 0.16999999999999998 0.6076718750000001 0.1884705875 0.6470312500000001 0.23901176406250002 0.740609375 0.2428941171875 0.738671875 0.26816470625 0.73221875 0.29051764687500004 0.7225312500000001 0.271082353125 0.678015625 0.272047059375 0.6638124999999999 0.277882353125 0.659296875 0.28952941249999997 0.6470312500000001 0.25649411718750004 0.6115468749999999 0.244847059375 0.6115468749999999 0.2156705875 0.574109375 0.2049882359375 0.5644375 0.2079058828125 0.5502343749999999 0.2108235296875 0.5347500000000001 0.2069411765625 0.52184375 0.2020705875 0.51215625 0.19527058749999998 0.507640625 0.192352940625 0.509578125 0.185552940625 0.515390625 0.1836235296875 0.5257031249999999 0.1836235296875 0.5289375 0.17778823593749998 0.5257031249999999 0.1807058828125 0.5160312499999999 0.1816705875 0.5018281250000001 0.1807058828125 0.49279687499999997 0.1768 0.48376562500000003 0.151552940625 0.477953125 0.13112941250000001 0.479890625 0.1175294125 0.496671875 0.119482353125 0.496671875 0.132117646875 0.5011875 0.127247059375 0.50634375 0.134047059375 0.5160312499999999 0.134047059375 0.520546875 0.126282353125 0.528296875 0.126282353125 0.529578125 0.133082353125 0.53409375 0.160282353125 0.565078125
9 0.5871058828125 0.555921875 0.5684 0.5203125 0.5521647062499999 0.4871875 0.5534117640625 0.47143750000000006 0.544682353125 0.463984375 0.535952940625 0.459015625 0.523482353125 0.442453125 0.5372 0.415125 0.5284705875 0.40684375 0.50976470625 0.399390625 0.4923058828125 0.40270312500000005 0.4948 0.43168749999999995 0.472352940625 0.44990625 0.472352940625 0.463984375 0.4773411765625 0.5037499999999999 0.52223529375 0.563375 0.53096470625 0.5600625 0.560917646875 0.550953125 0.5871058828125 0.555921875
9 0.8304470593750001 0.482328125 0.8572235296875 0.47109375 0.9122117640624999 0.436453125 0.9770588234375 0.586234375 0.9361647062499999 0.64521875 0.9432235296875 0.677046875 0.961552940625 0.6873437499999999 0.9841176468749999 0.6873437499999999 0.9925647062499999 0.6779843750000001 0.9925647062499999 0.59653125 0.9953882359374999 0.41398437499999996 0.9953882359374999 0.22673437500000002 0.9996235296875 0.184421875 0.996752940625 0.15459375 1 0 0.45155294062499995 0.00396875 0.4507058828125 0.0420625 0.4464235296875 0.05796875 0.46781176406249997 0.10457812500000001 0.48409411718750006 0.13470312499999998 0.6081882359375 0.144921875 0.6544 0.132421875 0.7048941171875 0.162546875 0.8024705875 0.19778125 0.8427058828125 0.19040625 0.8709411765624999 0.173921875 0.8855058828125 0.13696875 0.9171529406250001 0.159703125 0.9094588234375 0.18471875 0.90176470625 0.21768749999999998 0.9008941171875 0.27053125 0.8872 0.311453125 0.8932 0.3819375 0.9008941171875 0.4006875 0.88976470625 0.406375 0.8247294125 0.43990625000000005 0.8050352937499999 0.45298437500000005 0.7895529406249999 0.45704687499999996 0.7923764703125 0.475765625 0.8304470593750001 0.482328125
9 0.8466117640625 0.424015625 0.8486588234375001 0.411734375 0.840447059375 0.404921875 0.8609882359375 0.40354687499999997 0.9041411765625 0.4021875 0.8938588234375 0.38990625 0.8938588234375 0.36535937500000004 0.885647059375 0.32987500000000003 0.8959058828125 0.30396875 0.8774117640625001 0.30396875 0.8466117640625 0.30396875 0.821952940625 0.29578125 0.7972941171875 0.305328125 0.731552940625 0.299875 0.7171764703125 0.299875 0.7171764703125 0.31623437499999996 0.7274588234375 0.325796875 0.73976470625 0.33396875000000004 0.7520941171875 0.34215625 0.7582588234375 0.34625 0.77263529375 0.34762499999999996 0.78703529375 0.348984375 0.8157882359374999 0.3544375 0.8281176468749999 0.348984375 0.8424941171875 0.355796875 0.8486588234375001 0.369453125 0.8240000000000001 0.379 0.8055294125 0.3871875 0.8137411765625 0.40354687499999997 0.8240000000000001 0.428109375 0.8240000000000001 0.42265625 0.8363294124999999 0.42675 0.8466117640625 0.424015625
8 0.639482353125 0.621578125 0.6944 0.64740625 0.768752940625 0.706671875 0.7939294125 0.733265625 0.8019294125 0.74465625 0.814517646875 0.75984375 0.8271058828125 0.75909375 0.8328235296875001 0.74921875 0.8088 0.7081875 0.7962117640625 0.67628125 0.7756235296875 0.645125 0.757317646875 0.623859375 0.750447059375 0.613984375 0.7149882359374999 0.598796875 0.6520705875 0.585109375 0.6291764703125 0.567640625 0.6383294125 0.562328125 0.647482353125 0.5547187499999999 0.6268941171875 0.55928125 0.6234588234375 0.55928125 0.6040235296875001 0.55928125 0.5868470593749999 0.557765625 0.5742588234375 0.560046875 0.570847059375 0.563078125 0.5685411765625 0.56915625 0.57656470625 0.575234375 0.5948705875 0.5911875 0.639482353125 0.621578125
8 0.2822588234375 0.8742656249999999 0.2969882359375 0.8106875 0.27343529375000003 0.804828125 0.27343529375000003 0.7930937499999999 0.3249882359375 0.780375 0.3456 0.76471875 0.3102588234375 0.7549375 0.24985882343750002 0.7549375 0.2056705875 0.7637343750000001 0.1909411765625 0.780375 0.1703294125 0.791125 0.1850588234375 0.802875 0.16590588281250002 0.860578125 0.06720000000000001 0.9094843750000001 0 0.959375 0.0024000000000000002 0.9984999999999999 0.15411764687500001 0.9975156249999999 0.2822588234375 0.8742656249999999
8 0.5801882359375 0.940421875 0.5262588234375001 0.9693125 0.4688705875 0.99471875 0.488 0.99703125 0.6793411765624999 0.9981875 0.7245882359375 0.9450468750000001 0.7280705875 0.9311875000000001 0.750682353125 0.920796875 0.7576235296875 0.8988437499999999 0.7698117640625 0.8803593749999999 0.7924235296875 0.8711249999999999 0.8167764703125 0.8664999999999999 0.8132941171875 0.85609375 0.790682353125 0.849171875 0.7645882359375 0.8410781249999999 0.7454588234374999 0.8306875 0.715882353125 0.8214375 0.6863058828125 0.828375 0.66543529375 0.8353125 0.648047059375 0.8272187499999999 0.6358588234375 0.8295312499999999 0.6254352937500001 0.842234375 0.6288941171875 0.8641875000000001 0.613247059375 0.90115625 0.6149882359375 0.8849843749999999 0.6010588234375 0.912703125 0.5801882359375 0.940421875
9 0.1304705875 0.5016406250000001 0.12174117656250001 0.49985937500000005 0.1143764703125 0.493640625 0.110352940625 0.490078125 0.099647059375 0.486515625 0.0896 0.48740625 0.0882588234375 0.48740625 0.08625882343749999 0.49053125 0.08625882343749999 0.508765625 0.09228235312500001 0.52165625 0.09228235312500001 0.52878125 0.110352940625 0.528328125 0.12174117656250001 0.5305625 0.1277882359375 0.5309999999999999 0.1338117640625 0.520328125 0.1297882359375 0.51009375 0.1304705875 0.50609375 0.1304705875 0.5016406250000001
9 0.2361882359375 0.47134375000000006 0.2361882359375 0.477734375 0.2361882359375 0.481984375 0.244 0.48529687499999996 0.2498117640625 0.48423437500000005 0.25261176406249997 0.476 0.2498117640625 0.47971874999999997 0.25061176406249996 0.47679687499999995 0.2476 0.46921875 0.2488 0.462578125 0.2556 0.45632812500000003 0.2690117640625 0.45314062499999996 0.2650117640625 0.44982812499999997 0.2596 0.448359375 0.24898823593750002 0.447171875 0.2393882359375 0.45248437499999994 0.2357882359375 0.45806250000000004 0.2364 0.46085937499999996 0.2364 0.46643749999999995 0.2361882359375 0.47134375000000006
8 0.26303529375 0.614265625 0.225082353125 0.614265625 0.204752940625 0.617875 0.180352940625 0.6205625 0.17630588281249998 0.628671875 0.17630588281249998 0.633171875 0.204752940625 0.653875 0.21967058750000001 0.667375 0.28743529375 0.646671875 0.28743529375 0.636765625 0.26303529375 0.614265625
8 0.0791764703125 0.679203125 0.08197647031250001 0.6856875 0.0861411765625 0.693546875 0.08823529375 0.698171875 0.0931058828125 0.7069687499999999 0.098682353125 0.71390625 0.1028705875 0.7213125 0.10148235312500001 0.7259375 0.0972941171875 0.734734375 0.09661176406250001 0.738890625 0.098682353125 0.743515625 0.11818823593750001 0.765265625 0.1397882359375 0.776375 0.1551294125 0.776375 0.16696470624999998 0.774515625 0.1816 0.769421875 0.1906588234375 0.763875 0.19903529375 0.750453125 0.1648941171875 0.7120625 0.105647059375 0.679671875 0.0959058828125 0.6731874999999999 0.0791764703125 0.6782812500000001 0.0791764703125 0.679203125
9 0.1956705875 0.5054531250000001 0.19658823593750002 0.50240625 0.19703529375 0.49292187500000006 0.19703529375 0.48862500000000003 0.1947294125 0.47609375 0.19703529375 0.46262499999999995 0.1993411765625 0.444875 0.20442352968750002 0.435390625 0.20672941250000001 0.43020312499999996 0.20211764687499997 0.42957812500000003 0.2002588234375 0.4274375 0.1998117640625 0.422546875 0.201647059375 0.419796875 0.2090117640625 0.416734375 0.20303529375 0.415203125 0.1915058828125 0.41795312500000004 0.186447059375 0.42040625 0.1859764703125 0.426828125 0.1823058828125 0.42928125 0.1823058828125 0.4363125 0.182752940625 0.44090625 0.1767764703125 0.45131249999999995 0.173082353125 0.475171875 0.17355294062499999 0.4800625 0.174917646875 0.48496875 0.17630588281249998 0.487109375 0.18 0.494140625 0.1823058828125 0.501484375 0.1823058828125 0.51096875 0.188282353125 0.5121875 0.19336470625 0.5075937500000001 0.1956705875 0.5054531250000001
8 0.71783529375 0.60309375 0.759647059375 0.6375625 0.7971294125 0.678734375 0.8086588234375001 0.6672343749999999 0.8288235296875 0.66628125 0.8273882359375 0.707453125 0.8533411765625001 0.7064843749999999 0.8591058828125 0.6825625 0.831717646875 0.641390625 0.80576470625 0.620328125 0.78703529375 0.5858749999999999 0.72216470625 0.57534375 0.6904470593750001 0.579171875 0.7034117640625001 0.570546875 0.691882353125 0.5667187499999999 0.6832235296875 0.55715625 0.6515058828125 0.5561875 0.6399764703125 0.5657656249999999 0.6371058828125 0.57534375 0.6472 0.5762968749999999 0.66016470625 0.58778125 0.71783529375 0.60309375
8 0.561152940625 0.55696875 0.5550352937499999 0.55940625 0.5355058828125 0.55859375 0.5220941171875 0.565078125 0.5232941171875 0.567515625 0.5208705874999999 0.569125 0.509882353125 0.5699375 0.49767058750000004 0.575609375 0.4928 0.58371875 0.49035294062499996 0.58534375 0.4683764703125 0.590203125 0.47447058750000004 0.595078125 0.46959999999999996 0.5974999999999999 0.45616470624999994 0.6031718749999999 0.4549411765625 0.604796875 0.49035294062499996 0.607234375 0.4879058828125 0.61371875 0.48181176406250004 0.620203125 0.4879058828125 0.6364062500000001 0.5013411765625 0.649375 0.5355058828125 0.647765625 0.5550352937499999 0.6518125 0.57456470625 0.647765625 0.5770117640625 0.657484375 0.5660235296875 0.66234375 0.5538117640625 0.668828125 0.5562588234375 0.6785625 0.5648 0.6793750000000001 0.5867764703125 0.66478125 0.60143529375 0.659109375 0.6343764703125 0.655859375 0.6404941171874999 0.660734375 0.6588 0.66396875 0.6868705875 0.66396875 0.6978588234374999 0.674515625 0.689317646875 0.6809999999999999 0.685647059375 0.686671875 0.6880941171875 0.700453125 0.7003058828125 0.710171875 0.7076235296875 0.725578125 0.7137411765625 0.7401718749999999 0.7259294125 0.753140625 0.7515764703125 0.77178125 0.7711058828125 0.77259375 0.7820941171875 0.765296875 0.7955058828125 0.7458437499999999 0.7820941171875 0.723953125 0.7540235296875 0.698015625 0.7235058828125001 0.672890625 0.6917647062500001 0.648578125 0.6404941171874999 0.622625 0.590447059375 0.58778125 0.5684705875 0.572375 0.570917646875 0.5699375 0.5635764703125 0.569125 0.5721411765625 0.55859375 0.5696941171875001 0.554546875 0.561152940625 0.55696875
8 0.6005647062499999 0.279921875 0.5789647062500001 0.24353125000000003 0.5412 0.25290625 0.5665176468750001 0.29093749999999996 0.6005647062499999 0.279921875
9 0.5765882359375001 0.502890625 0.595647059375 0.52521875 0.6046117640625 0.552734375 0.6281411765625 0.561671875 0.6359764703125 0.55646875 0.6494117640625 0.56315625 0.6583764703125 0.55571875 0.6415764703125 0.4984375 0.6281411765625 0.47387499999999994 0.594517646875 0.45975 0.590047059375 0.43370312499999997 0.585552940625 0.4203125 0.586682353125 0.40395312499999997 0.5788470593749999 0.398734375 0.553082353125 0.395765625 0.544117646875 0.40171875 0.544117646875 0.413625 0.5418588234375 0.43370312499999997 0.5508235296875 0.46346875 0.5553176468750001 0.48131250000000003 0.5642823531250001 0.4984375 0.5765882359375001 0.502890625
9 0 0.8 0.0070588234375 0.8296875 0.014117646875 0.9171875 0.025882353125 0.925 0.042352940625 0.925 0.054117646875 0.9125 0.07764705937500001 0.909375 0.0988235296875 0.8953125 0.1129411765625 0.89375 0.117647059375 0.890625 0.12235294062499999 0.884375 0.12235294062499999 0.875 0.1129411765625 0.85625 0.12470588281249999 0.85625 0.134117646875 0.846875 0.14823529375 0.84375 0.162352940625 0.834375 0.1647058828125 0.81875 0.1529411765625 0.7953125 0.1352941171875 0.771875 0.294117646875 0.7265625 0.3011764703125 0.73125 0.3152941171875 0.73125 0.322352940625 0.725 0.322352940625 0.7125 0.334117646875 0.7125 0.34823529375 0.703125 0.34823529375 0.690625 0.3435294125 0.6859375 0.34588235312500004 0.68125 0.35529411718750004 0.68125 0.362352940625 0.675 0.362352940625 0.665625 0.35529411718750004 0.659375 0.3505882359375 0.659375 0.3411764703125 0.646875 0.3364705875 0.634375 0.31058823593749996 0.5953125 0.3247058828125 0.578125 0.322352940625 0.5671875 0.3035294125 0.553125 0.282352940625 0.5453125 0.26588235312499997 0.5625 0.25176470625 0.571875 0.22352941249999997 0.5328125 0.23294117656250002 0.525 0.23764705937500002 0.515625 0.24705882343750002 0.509375 0.24366013125000002 0.49652777812500004 0.289673203125 0.48680555625000005 0.29882352968750003 0.4796875 0.31058823593749996 0.49375 0.3247058828125 0.4890625 0.3388235296875 0.5046875 0.36 0.50625 0.3647058828125 0.503125 0.3647058828125 0.4984375 0.35529411718750004 0.4640625 0.3647058828125 0.4453125 0.35764705937499996 0.4390625 0.3747058828125 0.419140625 0.398 0.415859375 0.454117646875 0.4640625 0.44784313593749997 0.45729166718750003 0.46352941249999996 0.45625 0.4705882359375 0.4578125 0.47294117656249995 0.45 0.4870588234375 0.4359375 0.4870588234375 0.415625 0.557647059375 0.3890625 0.5694117640624999 0.3984375 0.5788235296875001 0.4 0.58823529375 0.4078125 0.5952941171874999 0.4078125 0.5976470593750001 0.396875 0.58823529375 0.375 0.6039215687499999 0.3291666671875 0.591871659375 0.32883522656249997 0.5889411765625 0.3271875 0.5961497312499999 0.32130681875 0.6065359484374999 0.321527778125 0.6091503265625 0.3138888890625 0.6047058828125 0.30625 0.7152941171875 0.30625 0.72 0.3 0.797647059375 0.30625 0.8211764703125001 0.296875 0.8447058828125 0.3046875 0.8894117640625 0.3046875 0.8988235296875 0.278125 0.9011764703124999 0.2546875 0.8564705874999999 0.2546875 0.8591596640624999 0.2484375 0.9035294125 0.2109375 0.9105882359375 0.15625 0.8847058828125001 0.1390625 0.86823529375 0.1765625 0.8447058828125 0.190625 0.825882353125 0.19375 0.8164705874999999 0.1984375 0.8 0.1984375 0.785882353125 0.1921875 0.7788235296875 0.1921875 0.7694117640625 0.1859375 0.7294117640625 0.171875 0.7247058828124999 0.175 0.7247058828124999 0.184375 0.7411764703125 0.19375 0.7411764703125 0.2046875 0.74823529375 0.2109375 0.785882353125 0.2375 0.81176470625 0.25 0.8188235296874999 0.25 0.8235294124999999 0.253125 0.8235294124999999 0.259375 0.7811764703125 0.2640625 0.7035294125 0.2640625 0.6894117640624999 0.2671875 0.6188235296875 0.271875 0.6094117640625 0.26875 0.5952941171874999 0.26875 0.58823529375 0.2734375 0.5670588234375 0.2734375 0.5599999999999999 0.278125 0.553647059375 0.284765625 0.5599999999999999 0.2890625 0.5472941171875 0.29140625 0.4392941171875 0.404296875 0.36305882343749996 0.42078125 0.328117646875 0.42570312499999996 0.32 0.4234375 0.3164705875 0.42734375 0.3035294125 0.4234375 0.30482352968750004 0.42898437500000003 0.294117646875 0.4296875 0.22329411718749997 0.44046874999999996 0.2164705875 0.4390625 0.211647059375 0.44210937499999997 0.2047058828125 0.4390625 0.2 0.44375 0.013333334375 0.4998263890625 0.0094117640625 0.5046875 0.002352940625 0.503125 0.002352940625 0.534375 0.01176470625 0.5421875 0.002352940625 0.5453125 0.002352940625 0.55 0.020840335937500003 0.546428571875 0.0215126046875 0.555133928125 0.0094117640625 0.559375 0.0221848734375 0.5638392859375 0.0164705875 0.56875 0.015022623437499999 0.5734375 0.02285714375 0.5725446421875 0.0211764703125 0.578125 0.0235294125 0.58125 0.017556559375 0.58125 0.025158371875000002 0.6046875 0.0329411765625 0.607421875 0.0276923078125 0.6125 0.002352940625 0.615625 0.0047058828125 0.6375 0 0.65 0.0047058828125 0.651953125 0.005686274999999999 0.657421875 0 0.659375 0 0.7328125 0.0047058828125 0.778125 0 0.7875 0 0.8