7 0.2426933328125 0.85394 0.2876533328125 0.79102 0.3325866671875 0.89214 0.3805333328125 0.88988 0.3925066671875 0.9797800000000001 0.6292266671875 0.97528 0.6232266671875 0.90786 0.67416 0.9146000000000001 0.68016 0.80224 0.71312 0.7573000000000001 0.794 0.47866 0.9078666671875 0.46742 0.9168533328124999 0.33483999999999997 0.7430666671874999 0.29888 0.67416 0.23820000000000002 0.7550666671874999 0.22696 0.8119733328125 0.24944000000000002 0.8958933328124999 0.22471999999999998 0.8778933328124999 0.1573 0.7670399999999999 0.16854 0.57528 0.22696 0.51536 0.13932 0.4014933328125 0.13708 0.3355733328125 0.20898 0.19175999999999999 0.17978 0.1707733328125 0.15955999999999998 0.11983999999999999 0.1573 0.0838933328125 0.16404000000000002 0.03896 0.17978 0.06293333281249999 0.25842 0.2037333328125 0.23146 0.2996266671875 0.25168 0.17677333281250002 0.2854 0.1677866671875 0.3146 0.1588 0.35056 0.1617866671875 0.40449999999999997 0.2067466671875 0.41574 0.19776 0.4427 0.19175999999999999 0.5191 0.2037333328125 0.6606799999999999 0.27565333281250004 0.78652 0.22471999999999998 0.7618 0.1947466671875 0.82696 0.2426933328125 0.85394
7 0.8206133328125 0.63862 0.8364133328125 0.6484099999999999 0.83058 0.6584450000000001 0.8206133328125 0.6551 0.8069066671874999 0.6530400000000001 0.7904266671875 0.63452 0.7739466671875 0.6304000000000001 0.762977778125 0.611186665625 0.7595533328124999 0.6129 0.7657333328125 0.64686 0.7657333328125 0.69216 0.76848 0.71892 0.7904266671875 0.70862 0.8069066671874999 0.70862 0.8343466671875 0.7292 0.8700266671874999 0.7168599999999999 0.8700266671874999 0.69628 0.86728 0.68598 0.83984 0.6756800000000001 0.8343466671875 0.66744 0.8782666671875001 0.66334 0.8782666671875001 0.65098 0.86728 0.6406799999999999 0.8480800000000001 0.62834 0.8422466671875 0.638375 0.8343466671875 0.63348 0.8206133328125 0.63862
9 0.12632000000000002 0.65136 0.13016 0.65822 0.1441066671875 0.65822 0.1542133328125 0.6585799999999999 0.1666933328125 0.6585799999999999 0.1816 0.6585799999999999 0.18978666718749998 0.6564 0.19986666718749999 0.6585799999999999 0.20130666718749998 0.65532 0.1974666671875 0.64704 0.19026666718750002 0.63442 0.1893066671875 0.62612 0.18208 0.6164 0.17776 0.61532 0.1666933328125 0.61134 0.1647733328125 0.60774 0.1662133328125 0.60378 0.1642933328125 0.59548 0.1546933328125 0.59224 0.1484266671875 0.59656 0.1484266671875 0.6034200000000001 0.1503466671875 0.61278 0.1393066671875 0.62072 0.12728 0.6254 0.12584 0.63838 0.12632000000000002 0.63478 0.12632000000000002 0.63658 0.12632000000000002 0.65136
9 0.1195466671875 0.6554 0.1236266671875 0.64988 0.1313866671875 0.6199 0.122 0.6131800000000001 0.1146666671875 0.60154 0.1028266671875 0.59788 0.0962933328125 0.5981799999999999 0.09344 0.60736 0.0958933328125 0.61348 0.0938666671875 0.61378 0.09264 0.6195999999999999 0.0983466671875 0.62816 0.0983466671875 0.6349 0.0873333328125 0.6443800000000001 0.08816 0.65172 0.09304 0.6523399999999999 0.0938666671875 0.65632 0.1195466671875 0.6554
9 0.8803466671875 0.6646 0.8803466671875 0.66574 0.8803466671875 0.67144 0.8818666671875001 0.6805399999999999 0.88416 0.68682 0.88416 0.69024 0.8864266671875001 0.7022 0.8864266671875001 0.70618 0.88872 0.71132 0.8978133328125001 0.71758 0.8993333328125 0.73124 0.8962933328125 0.73124 0.8909866671875 0.7489 0.8833866671875 0.7489 0.8773066671875 0.7489 0.8727733328125 0.74834 0.88264 0.75916 0.8872 0.75746 0.9008533328125001 0.75746 0.9122666671875 0.75688 0.9206133328125 0.75004 0.9236533328125001 0.74662 0.92592 0.74264 0.9206133328125 0.721 0.92136 0.7158599999999999 0.92136 0.71132 0.92136 0.70904 0.92136 0.70732 0.9175733328125 0.6982 0.91984 0.69194 0.91984 0.69024 0.9145333328125 0.6719999999999999 0.9160533328125 0.66688 0.9236533328125001 0.62302 0.9221333328125001 0.6213 0.9206133328125 0.6122 0.9206133328125 0.6110599999999999 0.9206133328125 0.6036400000000001 0.9206133328125 0.5991 0.9168 0.5905400000000001 0.9061866671875001 0.57802 0.8970666671874999 0.57004 0.8962933328125 0.57004 0.8947733328125 0.5689 0.89176 0.56606 0.8909866671875 0.56548 0.88872 0.56264 0.88872 0.5615 0.8849066671875001 0.5575 0.88568 0.5501 0.8636533328124999 0.5501 0.8606133328125001 0.5546599999999999 0.8560533328125001 0.56548 0.8575733328125 0.57118 0.8666933328124999 0.5734600000000001 0.8689600000000001 0.5734600000000001 0.8735200000000001 0.58258 0.8712533328125 0.58712 0.8697333328125 0.60878 0.86136 0.61048 0.8568 0.6110599999999999 0.85376 0.6258600000000001 0.8575733328125 0.63326 0.8606133328125001 0.63896 0.8689600000000001 0.64124 0.8757866671875 0.65264 0.8788266671875 0.65776 0.88416 0.66574 0.8811199999999999 0.6628999999999999 0.8811199999999999 0.66404 0.8803466671875 0.6646
9 0.027546667187500002 0.64132 0.0321066671875 0.64532 0.0336266671875 0.65046 0.03136 0.6561600000000001 0.03288 0.6573 0.054959999999999995 0.6573 0.054959999999999995 0.65388 0.054959999999999995 0.6458999999999999 0.0557066671875 0.6396200000000001 0.061813332812499996 0.6339 0.0633333328125 0.6276200000000001 0.059519999999999997 0.62476 0.057999999999999996 0.62076 0.061813332812499996 0.61278 0.057226667187500004 0.60592 0.0481066671875 0.60878 0.0442933328125 0.61392 0.03896 0.62076 0.0305866671875 0.6282 0.0305866671875 0.6276200000000001 0.0268 0.63618 0.027546667187500002 0.64132
9 0.7302133328125 0.64912 0.7131466671875 0.6896 0.7245066671875 0.71198 0.7287733328125 0.7460600000000001 0.7103200000000001 0.7546 0.7259466671875 0.7599199999999999 0.7358933328124999 0.76418 0.7657066671874999 0.75886 0.7586133328125 0.6896 0.76856 0.6406 0.77424 0.61502 0.75008 0.58626 0.73872 0.5884 0.7373066671874999 0.62142 0.7302133328125 0.64912
9 1 0.55822 0.9989333328125 0.55704 0.9853333328125 0.55822 0.9853333328125 0.57036 0.9957866671875 0.58056 0.9942133328124999 0.5923 0.9910933328124999 0.6068 0.98744 0.63618 0.9916 0.6483399999999999 1 0.64676 1 0.55822
7 0.9878666671874999 0.62626 0.9668533328125 0.62256 0.9545333328125001 0.6133 0.9388799999999999 0.61268 0.9216 0.61452 0.9236533328125001 0.6595799999999999 0.9652266671874999 0.66452 0.98744 0.6595799999999999 0.9940266671875 0.6413800000000001 0.9878666671874999 0.62626
7 0.9166399999999999 0.60578 0.9166399999999999 0.61258 0.9186933328125001 0.61412 0.9240266671875 0.61258 0.9343199999999999 0.61164 0.9363733328125001 0.61134 0.94008 0.6107199999999999 0.9491466671875 0.60948 0.9577866671875 0.60732 0.9639466671875001 0.6020800000000001 0.9635466671874999 0.59282 0.9557333328125001 0.59622 0.94832 0.5983799999999999 0.91952 0.60054 0.91952 0.59962 0.9178666671875 0.6011599999999999 0.9166399999999999 0.60578
7 0.0098666671875 0.72786 0.02104 0.7264 0.027839999999999997 0.7249399999999999 0.0302933328125 0.7202 0.04096 0.71182 0.0468 0.7191 0.0541066671875 0.72822 0.0677066671875 0.73368 0.0852 0.73368 0.0954133328125 0.73078 0.09247999999999999 0.6936 0.0832533328125 0.69032 0.0677066671875 0.69068 0.05117333281250001 0.7016 0.04632 0.70088 0.0541066671875 0.6895800000000001 0.0672266671875 0.67864 0.0822933328125 0.67428 0.0813066671875 0.66552 0.0672266671875 0.6622399999999999 0.056026667187500004 0.66552 0.0468 0.66844 0.0365866671875 0.66844 0.027360000000000002 0.66552 0.022026667187499998 0.66152 0.0050133328125 0.65932 0 0.66006 0.0025866671875 0.72786 0.0098666671875 0.72786
9 0.78616 0.61214 0.7817866671875 0.6157199999999999 0.7738133328125001 0.6199 0.7734133328125 0.62798 0.7778133328125 0.63186 0.78856 0.63664 0.79216 0.63932 0.7945333328124999 0.63454 0.8029066671875 0.63544 0.80608 0.63664 0.8140533328125 0.63484 0.8140533328125 0.6300600000000001 0.8136533328125 0.6226 0.8100799999999999 0.61692 0.80648 0.61482 0.8013066671875 0.61304 0.7997066671875 0.60616 0.7973333328125001 0.60198 0.79216 0.59958 0.7865599999999999 0.59988 0.78616 0.6079600000000001 0.78616 0.61214
9 0.8393866671874999 0.6234 0.8398133328125 0.61842 0.8389333328124999 0.61342 0.8389333328124999 0.6081000000000001 0.8391466671875 0.6031 0.8373866671875 0.5997600000000001 0.8280533328124999 0.5964400000000001 0.8220533328125 0.59728 0.8145066671875 0.6021 0.8107466671875001 0.60892 0.8058666671875001 0.61442 0.8134133328125 0.6225799999999999 0.8145066671875 0.6339 0.8151733328124999 0.6339 0.8269333328125 0.63356 0.8251733328125 0.6269 0.8322666671875 0.62408 0.8393866671874999 0.6234