8 0.1730703125 0.701920375 0.1785004171875 0.6989542546874999 0.181296875 0.701147540625 0.193640625 0.69189695625 0.1942195828125 0.6967609671874999 0.2177983328125 0.6934710374999999 0.21834375 0.6965105390625 0.2256579171875 0.6923743953125 0.2255416671875 0.685722090625 0.2335175 0.6912777515624999 0.469305 0.6583784546875 0.7635625 0.657459015625 0.7635625 0.6728805625 0.768703125 0.68674473125 0.768703125 0.7144964875 0.776421875 0.710644028125 0.784140625 0.7144964875 0.784140625 0.70679156875 0.781046875 0.6990866515625 0.7892812499999999 0.70063231875 0.828375 0.728384075 0.8219453124999999 0.7214461359375 0.8237421875000001 0.7129625296875 0.8335156250000001 0.7098829046875 0.8263125 0.70371194375 0.828375 0.70063231875 0.819109375 0.697540984375 0.823234375 0.6913817328125 0.8180937500000001 0.682131146875 0.81603125 0.6713348953125 0.78721875 0.6420374703125 0.7738437499999999 0.605035128125 0.7635625 0.6173770484375 0.760484375 0.61583138125 0.757390625 0.6096487125000001 0.760484375 0.598852459375 0.7501875 0.61583138125 0.7443904171875 0.6199959421875 0.4771645828125 0.6572818109375 0.26360937500000003 0.6333021078125001 0.25434375 0.6225058546875 0.25228125 0.624051521875 0.24920312500000003 0.6086416859375 0.23890625000000001 0.6148009375 0.209078125 0.6410070250000001 0.1693950890625 0.6925560390625 0.1706408328125 0.700050896875 0.16278125000000002 0.701147540625 0.16484375 0.7026932078125 0.1730703125 0.701920375
8 0.9828281249999999 0.854028103125 0.976140625 0.8423419203125 0.965015625 0.8306557375000001 0.9616718750000001 0.8022950812499999 0.9516562499999999 0.7939578453125 0.94053125 0.7906089 0.9360781250000001 0.7789461359375001 0.930515625 0.79229508125 0.9282812500000001 0.8139812640624999 0.931625 0.8340046843750001 0.9360781250000001 0.8473536296875 0.93384375 0.8573536296875 0.93384375 0.8656908671875 0.94275 0.854028103125 0.9516562499999999 0.8456674468750001 0.9616718750000001 0.8523419203125 0.9728125000000001 0.8573536296875 0.9828281249999999 0.854028103125
8 0.761890625 0.9333255265625 0.760453125 0.9182903984375 0.773359375 0.9161358312500001 0.7705 0.9290398124999999 0.78196875 0.9311943796875 0.779109375 0.90967213125 0.774796875 0.8688056203125001 0.7633125 0.8516159249999999 0.7504062499999999 0.8279625296875001 0.741796875 0.8301170953125 0.746109375 0.8408665109375001 0.75184375 0.8516159249999999 0.7504062499999999 0.8666744734374999 0.75328125 0.8602107734375 0.7504062499999999 0.8860187359375 0.75471875 0.9182903984375 0.7504062499999999 0.9311943796875 0.761890625 0.9333255265625
8 0.311171875 0.9139812640624999 0.313609375 0.909812646875 0.315015625 0.904051521875 0.32023437499999996 0.8962060890625001 0.32546875000000003 0.8914988296875 0.33315625 0.8914988296875 0.340484375 0.8914988296875 0.34571874999999996 0.8899297421875 0.345015625 0.8873067921875 0.340484375 0.88259953125 0.33315625 0.873723653125 0.321640625 0.8637939109375001 0.317796875 0.862224825 0.31640625 0.85384075 0.31465624999999997 0.84548009375 0.310828125 0.8423419203125 0.30209375 0.8423419203125 0.298609375 0.84548009375 0.298609375 0.8512412171875001 0.29895312500000004 0.8554098359375001 0.29685937500000004 0.8575175640625 0.288140625 0.8606557374999999 0.291984375 0.8606557374999999 0.29685937500000004 0.862740046875 0.2993125 0.8637939109375001 0.300359375 0.8637939109375001 0.3 0.8674473062500001 0.29965625 0.8721545671875001 0.29965625 0.8773770484375 0.29965625 0.8820843093749999 0.29965625 0.88679156875 0.3 0.8946370015625 0.301046875 0.9003981265625001 0.30209375 0.9056206093749999 0.308734375 0.9171194375 0.308734375 0.9155503515625 0.310125 0.9155503515625 0.311171875 0.9139812640624999
8 0.20665624999999999 0.8774707265625 0.20440624999999998 0.8589929749999999 0.19432812500000002 0.855644028125 0.19207812500000002 0.86067915625 0.193203125 0.8707494140625001 0.18648437499999998 0.8774707265625 0.17976562499999998 0.8858782203125 0.180875 0.90936768125 0.180875 0.9345667453125 0.18984375 0.9429508203125 0.19207812500000002 0.9429508203125 0.19207812500000002 0.953044496875 0.19432812500000002 0.9429508203125 0.207765625 0.946323184375 0.208890625 0.9362529281249999 0.22121875000000002 0.9060187359375 0.21785937500000002 0.8774707265625 0.20665624999999999 0.8774707265625
8 0.8830781249999999 0.9559016390625 0.8855000000000001 0.9644964874999999 0.88925 0.9701170953125 0.8919062500000001 0.97608899375 0.89875 0.9790632312499999 0.9058125 0.9813817328125 0.91178125 0.9833489468750001 0.919734375 0.9826932078124999 0.919734375 0.9515925062499999 0.9221562499999999 0.946299765625 0.9190625000000001 0.941007025 0.91465625 0.928079625 0.913109375 0.9224590156250001 0.90890625 0.9165105390624999 0.90271875 0.9105386421875 0.9018437499999999 0.907892271875 0.9002968750000001 0.9036065578124999 0.8954375000000001 0.9002810296874999 0.8901406250000001 0.9002810296874999 0.88528125 0.9022716624999999 0.8806406250000001 0.9059250578125001 0.8815312499999999 0.906580796875 0.882625 0.907892271875 0.8832968749999999 0.9128571421875 0.8824062500000001 0.9151756437499999 0.88175 0.9185011703124999 0.880859375 0.9290866515625 0.8819687500000001 0.9380093671875 0.8824062500000001 0.9380093671875 0.8832968749999999 0.9492740046874999 0.8830781249999999 0.9559016390625
8 0.28340624999999997 0.836299765625 0.2789375 0.835339578125 0.27725 0.8270725999999999 0.27575 0.82355971875 0.2719375 0.8197423890625 0.268109375 0.8178220140624999 0.2645 0.8187822015625 0.26109375 0.8207025765625 0.25982812499999997 0.8219672125 0.25790625 0.8264168625 0.25770312500000003 0.8299297421875 0.25728125 0.8327868859375 0.255359375 0.8347072593749999 0.26025 0.836299765625 0.26215625 0.836299765625 0.2634375 0.836604215625 0.26321875 0.8385245906250001 0.2591875 0.8420374703125001 0.25770312500000003 0.84648711875 0.2570625 0.8525292734375001 0.25770312500000003 0.8582669796875001 0.26109375 0.864004684375 0.262578125 0.8716393437500001 0.26534375 0.87608899375 0.2725625 0.883747071875 0.2768125 0.889484778125 0.28021875 0.8907494140625 0.282765625 0.8936065578125 0.282765625 0.89615925 0.282765625 0.89997658125 0.282765625 0.9025292734375 0.28318750000000004 0.9034894609374999 0.283625 0.9022014046875 0.283625 0.89997658125 0.283625 0.89901639375 0.283625 0.89615925 0.283828125 0.8945667453124999 0.283828125 0.8936065578125 0.28659375 0.8942622953124999 0.28978125 0.8951990625 0.290625 0.8942622953124999 0.29317187499999997 0.8942622953124999 0.29615625 0.8913817328125001 0.2980625 0.8885245906250001 0.299546875 0.886299765625 0.299546875 0.8792740046875 0.29934375 0.87386416875 0.299765625 0.8703747078124999 0.29996875 0.8659016390625001 0.29828125 0.8534894609375 0.298484375 0.8531850109375 0.2938125 0.8455269328125 0.28914062500000004 0.8410772828124999 0.28446875 0.836932084375 0.28340624999999997 0.836299765625
8 0.34382812500000004 0.9353629984375 0.3538125 0.925995315625 0.3600625 0.9072599531250001 0.36506249999999996 0.89416861875 0.3638125 0.8801170953125 0.3606875 0.8829274 0.340078125 0.88386416875 0.32446875 0.8979156906249999 0.305734375 0.9100702578125001 0.300109375 0.9203747078125 0.2895 0.9203747078125 0.270125 0.9306791562500001 0.27137500000000003 0.9409601875 0.28575 0.95032786875 0.277 0.9634426234375001 0.28575 0.9699765812500001 0.297609375 0.9671896953125 0.303234375 0.95969555 0.31946875 0.9540749421875001 0.32946875000000003 0.95032786875 0.332578125 0.95032786875 0.34382812500000004 0.9353629984375
8 0.404359375 0.9169789234374999 0.411515625 0.9270491796875 0.410625 0.9189929749999999 0.416453125 0.9116159250000001 0.42406249999999995 0.890819671875 0.42495312500000004 0.873372365625 0.43078125 0.8666510531249999 0.42718749999999994 0.8565807968750001 0.4186875 0.8545667453125001 0.40973437500000004 0.8673302109375 0.39271875 0.8740281031249999 0.3864375 0.8928337234375 0.382859375 0.8968618265625 0.3940625 0.9069320843750001 0.404359375 0.9169789234374999
8 0.51075 0.9061826703125 0.513625 0.9006557374999999 0.5173125 0.9031147546874999 0.516484375 0.8938875875000001 0.51484375 0.883419203125 0.507046875 0.8754332546875 0.49720312499999997 0.877892271875 0.48490625 0.877283371875 0.47915625000000006 0.8803512874999999 0.47259375 0.8944964875 0.471765625 0.9067915687499999 0.47300000000000003 0.9209367687500001 0.474640625 0.9320140515625001 0.477921875 0.9375409843750001 0.47996875 0.9387822015625 0.47996875 0.94615925 0.478328125 0.9510772828125 0.4795625 0.9510772828125 0.48490625 0.9473770484375 0.48448437499999997 0.9356908671875 0.48859375 0.936932084375 0.490640625 0.9504449656249999 0.49310937499999996 0.9504449656249999 0.49310937499999996 0.9387822015625 0.49762500000000004 0.93323185 0.50459375 0.9203278687499999 0.51075 0.9061826703125
9 0.49322395781250006 0.7076668625 0.48520312499999996 0.7075175640625 0.51209375 0.7493911 0.52046875 0.9044028109375001 0.54259375 0.9079859484374999 0.546171875 0.9062060890625 0.5504775390625001 0.9097775171875 0.668734375 0.9366510531250001 0.6669375 0.9026229515624999 0.6759062499999999 0.8667681500000001 0.6783020828125 0.836307571875 0.669921875 0.8210772828125 0.6795 0.8210772828125 0.664883928125 0.8112211453124999 0.6447321421875001 0.7717965875 0.6386406250000001 0.769562840625 0.6356124999999999 0.7640905546875 0.644419921875 0.7610226390625 0.67331640625 0.7183216234375001 0.6696822921875001 0.7109514046875 0.6777031250000001 0.711100703125 0.684875 0.7012412171875 0.6767902953125 0.6990336484374999 0.6796125 0.691564403125 0.6758774671875 0.686966596875 0.67435 0.6818875875 0.6749646375 0.6748995437499999 0.6690875000000001 0.6722107734375 0.6740518093750001 0.6628324921875001 0.671313321875 0.6266313328125 0.660121875 0.62651990625 0.664784375 0.6155878218749999 0.67040049375 0.614564278125 0.6694876640625 0.6024972265625 0.674109375 0.593723653125 0.6685748359375 0.5904301734375 0.6676620062499999 0.578363121875 0.66334375 0.5722014046874999 0.666749178125 0.5662960671875 0.663046875 0.5569672125 0.6658363484375001 0.5542290140625 0.6649235203125 0.5421619625 0.6627500000000001 0.5417330203125 0.664010690625 0.530094909375 0.660359375 0.4818266984375 0.64003125 0.44508196718750004 0.618515625 0.41194379375 0.62209375 0.3958079625 0.613140625 0.3599531609375 0.595203125 0.34742388750000003 0.5736718749999999 0.3581733015625 0.5682968749999999 0.377892271875 0.567703125 0.38775175625 0.540203125 0.429859484375 0.504328125 0.45941452031249996 0.504328125 0.48271662812500005 0.5080498515625 0.5376859609375 0.49176562500000004 0.537259953125 0.49057812500000003 0.5659250578125 0.506125 0.6268618265625 0.5097031249999999 0.6367213109375001 0.48928645781249996 0.6957181890624999 0.49322395781250006 0.7076668625
9 0.70165625 0.20695550312500002 0.7008593750000001 0.21170960156250002 0.6933281250000001 0.22597189687500002 0.69015625 0.2390398125 0.68778125 0.259227165625 0.68421875 0.2740749421875 0.683828125 0.28297423906249997 0.6857968750000001 0.2853629984375 0.686984375 0.28355971874999997 0.6913437499999999 0.27346604218750004 0.694125 0.2740749421875 0.69253125 0.28238875937499996 0.6905625 0.3025761125 0.6929375 0.3346370015625 0.6929375 0.34651053906249996 0.69253125 0.3554332546875 0.69371875 0.363747071875 0.7024375 0.36552693281250004 0.7048125 0.3554332546875 0.7008593750000001 0.334051521875 0.7024375 0.31147540937499996 0.7048125 0.28416861875 0.706 0.31622950781250003 0.707203125 0.326908665625 0.7139375 0.341756440625 0.714328125 0.3595784546875 0.721453125 0.36255269375 0.7258125 0.35838407499999997 0.7206718750000001 0.32276346562499997 0.7194843750000001 0.27999999999999997 0.730171875 0.2806089 0.72859375 0.23665105312499998 0.7258125 0.2194379390625 0.7194843750000001 0.207564403125 0.7123437499999999 0.20517564375 0.7123437499999999 0.18974238906250002 0.707203125 0.1861826703125 0.70878125 0.1879625296875 0.7024375 0.18676815 0.70125 0.1956908671875 0.700453125 0.20044496562499997 0.70165625 0.20695550312500002
8 0.10527777812500001 0.5371662765624999 0.10997159062499999 0.5316350859375001 0.11310833281249999 0.5371662765624999 0.11666619375000001 0.5392122625 0.12093888906250001 0.5371662765624999 0.1233607953125 0.546789440625 0.1300553984375 0.554366615625 0.1329921875 0.5529274 0.13674999999999998 0.56194379375 0.12923437499999998 0.56644028125 0.136612215625 0.5746370015625 0.135234375 0.7015690859375 0.01953125 0.70608899375 0.022546875 0.7353629984375 0.082640625 0.7398594843749999 0.13674999999999998 0.8254566750000001 0.12621875 0.863747071875 0.117203125 0.92906323125 0.1674397328125 0.92906323125 0.1750625 0.9170491796875 0.1713125 0.8569789234374999 0.16078125000000001 0.746627634375 0.640140625 0.7578922718750001 0.68221875 0.8344496484375 0.6701875 0.92679156875 0.7227812499999999 0.94932084375 0.7272968750000001 0.872740046875 0.715265625 0.8299531609375 0.75584375 0.751124121875 0.82346875 0.7308665109375 0.70625 0.7105854796875 0.689734375 0.54391100625 0.69256944375 0.5371662765624999 0.770875 0.5371662765624999 0.7693749999999999 0.492107728125 0.692734375 0.48536299843749997 0.692734375 0.4515690859375 0.68221875 0.45608899375 0.673203125 0.492107728125 0.220890625 0.4808665109375 0.22540624999999997 0.43580796250000003 0.21789062499999998 0.42004683906249995 0.19684375 0.4110304453125 0.186328125 0.4470726 0.186328125 0.46508196718750006 0.13825 0.45608899375 0.13825 0.4785948484375 0.10067187500000001 0.4808665109375 0.0725 0.4791627640625 0.06980397656250001 0.486172025 0.063109375 0.4785948484375 0.064609375 0.489859484375 0.066125 0.5371662765624999 0.10527777812500001 0.5371662765624999
8 0.619125 0.9586182671874999 0.589265625 0.96969555 0.5872499999999999 0.9747072593749999 0.5899375 1 0.65334375 0.999859484375 0.6536875 0.9847775171875 0.6519999999999999 0.9646604218749999 0.6503281249999999 0.9495784546875001 0.64596875 0.9495784546875001 0.619125 0.9586182671874999
8 0.381796875 0.8800234187499999 0.388171875 0.8820374703124999 0.39084375 0.8820374703124999 0.391171875 0.8775175640624999 0.3895 0.8760187359374999 0.38682812499999997 0.8654800937499999 0.38146874999999997 0.8619672125 0.38046875 0.8554566749999999 0.379125 0.8439110062499999 0.373765625 0.8338641687499999 0.36640625 0.8363934421874999 0.365734375 0.8459250578124999 0.36540625000000004 0.8549414515624999 0.362390625 0.8619672125 0.360046875 0.8780327874999999 0.360046875 0.8840515218749999 0.36720312499999996 0.8965807968749999 0.37289062500000003 0.9046135828124999 0.379328125 0.8840515218749999 0.37879687500000003 0.8780327874999999 0.381796875 0.8800234187499999
9 0.5972500000000001 0.253348946875 0.60975 0.253348946875 0.619375 0.253348946875 0.6229843749999999 0.250468384375 0.6229843749999999 0.247587821875 0.6172187499999999 0.2450585484375 0.609515625 0.24290398125 0.60759375 0.2288290390625 0.601578125 0.22126463749999997 0.592921875 0.223067915625 0.59459375 0.241100703125 0.58859375 0.2497423890625 0.5845 0.25119437968749997 0.5845 0.253723653125 0.5972500000000001 0.253348946875
9 0.07357812500000001 0.2251990625 0.074390625 0.23639344218749997 0.078125 0.24278688593750003 0.07225000000000001 0.2615690859375 0.07571875 0.274355971875 0.077859375 0.2899531609375 0.077859375 0.2903512875 0.08878125 0.289555034375 0.090125 0.255971896875 0.090921875 0.24517564374999998 0.08451562500000001 0.2303981265625 0.08345312499999999 0.22159250625000002 0.078921875 0.2188056203125 0.075453125 0.220796253125 0.07357812500000001 0.2251990625
9 0.75628125 0.2644262296875 0.75628125 0.2613817328125 0.7579687500000001 0.25177985937499997 0.7559375 0.24114754062500002 0.7520625 0.2333021078125 0.7474999999999999 0.22648711875 0.74278125 0.22217798593750002 0.7424375000000001 0.2163466046875 0.743953125 0.2062295078125 0.74496875 0.1999063234375 0.72928125 0.1986416859375 0.73484375 0.209531615625 0.73484375 0.22395784531250001 0.7301249999999999 0.229508196875 0.7264062499999999 0.2328103046875 0.730453125 0.2687353625 0.72978125 0.2803512875 0.732140625 0.2826463703125 0.7356874999999999 0.290468384375 0.7520625 0.2902341921875 0.75290625 0.281615925 0.754078125 0.274028103125 0.75628125 0.2644262296875
8 0.22171875000000002 0.41810304374999996 0.21395312500000002 0.40922716562500006 0.20804687500000002 0.3953864171875 0.19954687499999998 0.39871194375 0.194734375 0.4131147546875 0.184765625 0.43028102968750004 0.190671875 0.47236533906249994 0.193625 0.49730679218749996 0.191046875 0.522224825 0.209515625 0.5294145203125 0.2316875 0.5294145203125 0.21985937500000002 0.52 0.21985937500000002 0.47901639375 0.22578125 0.4480093671875 0.22578125 0.43250585468749997 0.22171875000000002 0.41810304374999996
8 0.546875 1 0.58125 1 0.5890625 0.9789227166276347 0.5875 0.9648711943793911 0.584375 0.9601873536299766 0.575 0.9601873536299766 0.559375 0.9391100702576113 0.55625 0.9391100702576113 0.553125 0.9274004683840751 0.54375 0.9203747072599532 0.54375 0.9039812646370023 0.5359375 0.8852459016393442 0.5234375 0.9016393442622951 0.43234315210459184 0.9258476517070531 0.4998325892857142 0.9079123452659754 0.51875 0.9156908665105388 0.51875 0.9297423887587822 0.5234375 0.9367681498829041 0.5234375 0.9812646370023421 0.5328125 0.9929742388758782 0.540625 0.9929742388758782 0.546875 1
8 0.390625 0.9039812646370023 0.38125 0.9039812646370023 0.378125 0.908665105386417 0.3625 0.9039812646370023 0.346875 0.9391100702576113 0.3503348214285714 0.9476413516226163 0.3424665178571428 0.9497323519571763 0.3375 0.9437939110070259 0.3345982142857143 0.9518233522917365 0.3267299107142857 0.9539143526262965 0.3265625 0.9578454332552694 0.315625 0.955503512880562 0.303125 0.9601873536299766 0.3015625 0.9765807962529275 0.309375 0.9859484777517565 0.3265625 0.9859484777517565 0.3359375 0.9953161592505856 0.3515625 0.9929742388758782 0.3671875 0.9789227166276347 0.3859375 0.9742388758782201 0.390625 0.9648711943793911 0.3921875 0.9508196721311476 0.3984375 0.9508196721311476 0.4015625 0.946135831381733 0.39754464285714286 0.935095349615256 0.4046875 0.9344262295081969 0.40541294642857145 0.933004349280696 0.41328125 0.930913348946136 0.4046875 0.918032786885246 0.390625 0.9039812646370023