8 0.152171875 0.6491666671874999 0.13384374999999998 0.6276458328125 0.130171875 0.5807083328125 0.132375 0.5738541671874999 0.1155 0.572875 0.11770312499999999 0.69025 0.15071874999999998 0.6873125 0.152171875 0.6491666671874999
8 0.01832421875 0.6938854171875 0.0195546875 0.7041875 0.035328125 0.7099583328125 0.042125 0.7066666671874999 0.041515625 0.6893541671875 0.042904296875 0.6870885421875 0.067484375 0.6802916671875 0.068109375 0.6860625 0.077375 0.686875 0.0857265625 0.6914166671875 0.087890625 0.686875 0.094078125 0.6959583328125001 0.0953125 0.6901875000000001 0.09840625 0.6901875000000001 0.094321875 0.6794666671875 0.096921875 0.6784791671875 0.09333125 0.6687458328125 0.0954375 0.6667708328125 0.092340625 0.6580250000000001 0.093953125 0.6550625 0.09135 0.6473041671875001 0.09246875 0.6433541671875 0.09035937499999999 0.6365833328125 0.0959375 0.6143125 0.08975 0.6159791671875 0.087265625 0.62175 0.06934375000000001 0.6283333328125 0.06625 0.6283333328125 0.068109375 0.6151458328125 0.058828124999999995 0.6172083328125 0.0571770828125 0.6294375 0.049546875000000004 0.6192708328125 0.048104167187500005 0.6305416671875 0.03903125 0.6316458328125 0.0359375 0.6192708328125 0.026671875 0.6192708328125 0.011203125 0.6473125 0.0031718749999999998 0.6506041671875 0.0019375 0.6984166671875001 0.010130859374999999 0.6961510421875 0.01166796875 0.7013020828125 0.01832421875 0.6938854171875
8 0.688 0.6033541671875 0.69825 0.6033541671875 0.70234375 0.5973541671875 0.693734375 0.5957083328125 0.688 0.6033541671875
9 0.296625 0.5460625 0.296625 0.5393333328125001 0.306734375 0.5123541671875 0.310109375 0.48989583281250004 0.303375 0.47191666718749997 0.296625 0.4314583328125 0.286515625 0.4089791671875 0.267984375 0.39325 0.24270312500000002 0.39325 0.21404687500000003 0.40449999999999997 0.19718750000000002 0.4269583328125 0.190453125 0.45168749999999996 0.198875 0.4853958328125 0.207296875 0.5123541671875 0.20393750000000002 0.5483125 0.192140625 0.5617916671875001 0.160109375 0.6089791671875 0.1483125 0.6786458328125 0.1516875 0.7820208328125 0.17021875 0.8494375 0.185390625 0.9505625 0.185390625 0.9865208328125 0.21573437499999998 0.9865208328125 0.34550000000000003 0.9842708328124999 0.348875 0.9730416671875 0.4028125 0.9191041671875 0.36909375 0.8224791671875 0.385953125 0.7775208328125001 0.37415625 0.7460625000000001 0.367421875 0.7146041671875001 0.35225 0.6539375 0.316859375 0.5752708328125 0.32696875 0.5842708328125 0.32021875 0.5685416671875 0.296625 0.5460625
9 0.447203125 0.6408750000000001 0.48278125000000005 0.6453333328124999 0.48390625 0.6601458328125 0.49279687499999997 0.6616458328125 0.49279687499999997 0.6393958328125 0.465 0.6082708328125 0.439421875 0.577125 0.420515625 0.5430208328125 0.399390625 0.5311666671874999 0.4060625 0.4629791671875 0.38159375 0.42739583281250004 0.337125 0.4451875 0.33490625 0.5267291671875001 0.349359375 0.5371041671875 0.337125 0.5578541671874999 0.314890625 0.5667500000000001 0.383828125 0.8454791671875 0.39828125000000003 0.7446666671875 0.404953125 0.6379166671875 0.428296875 0.6260625 0.447203125 0.6408750000000001
9 0.5345 0.4365 0.526453125 0.43897916718749996 0.518390625 0.4381666671875 0.506609375 0.4488958328125 0.49856249999999996 0.46129166718750003 0.491125 0.47864583281249995 0.48615624999999996 0.5183125000000001 0.48826562500000004 0.5818958328125 0.49028124999999995 0.5845833328125 0.498359375 0.5773958328125001 0.51115625 0.5693125 0.5212656250000001 0.5648333328125 0.525984375 0.5702083328125 0.528 0.5782916671875 0.533390625 0.5872708328125 0.5307031249999999 0.5944583328124999 0.523953125 0.5980624999999999 0.52059375 0.5953541671875 0.51115625 0.60075 0.507125 0.5989583328125 0.492984375 0.6115208328125 0.49971875 0.7291666671875 0.503078125 0.7837083328125 0.49971875 0.8322083328125001 0.5017343750000001 0.8501666671875 0.498359375 0.8654375 0.503078125 0.8789166671875 0.500390625 0.8833958328125 0.49768749999999995 0.8807083328124999 0.490953125 0.8878958328125 0.49028124999999995 0.8950625000000001 0.49028124999999995 0.9031458328124999 0.49028124999999995 0.9139375 0.494328125 0.9238125 0.49634375000000003 0.9345833328125 0.492984375 0.9407500000000001 0.492984375 0.9560208328125 0.506453125 0.9695 0.51721875 0.9695 0.524640625 0.9533333328125 0.524640625 0.930875 0.561 0.9407500000000001 0.5765 0.935375 0.578515625 0.9254791671874999 0.571109375 0.9173958328125 0.56303125 0.9173958328125 0.5549375000000001 0.9039375 0.5549375000000001 0.8895625 0.55225 0.8796875 0.5583125 0.8644166671875 0.5583125 0.85275 0.573125 0.7728125 0.58121875 0.7038541671874999 0.5913125 0.7011458328125 0.596703125 0.6831875000000001 0.59603125 0.6643958328124999 0.59603125 0.6410416671875 0.5886250000000001 0.6374583328125001 0.58121875 0.6176875 0.5899687499999999 0.6257708328125 0.598046875 0.6248750000000001 0.5913125 0.6141041671874999 0.58525 0.5270416671875 0.577171875 0.469625 0.567734375 0.4633541671875 0.561671875 0.4507708328125 0.563703125 0.43639583281250005 0.574484375 0.43639583281250005 0.5758281249999999 0.4185 0.5798593750000001 0.41670833281249997 0.578515625 0.4014375 0.57784375 0.3771875 0.561 0.360125 0.540125 0.3565416671875 0.52665625 0.3745 0.526453125 0.37287499999999996 0.522734375 0.3935416671875 0.52459375 0.4117083328125 0.53203125 0.4340208328125 0.5345 0.4365
9 0.666953125 0.8740625 0.68534375 0.8688125 0.68140625 0.8530625000000001 0.664328125 0.8407916671875 0.664328125 0.8285416671875 0.6735156250000001 0.7900208328125 0.676140625 0.741 0.674828125 0.6884583328125 0.68796875 0.6867083328125 0.68665625 0.6622083328125 0.68403125 0.6271875 0.69190625 0.6149375 0.69453125 0.5991666671875 0.69190625 0.5939166671875 0.680078125 0.5886666671875 0.678765625 0.5518958328125 0.68403125 0.530875 0.68271875 0.4923541671875 0.6735156250000001 0.4836041671875 0.660390625 0.47485416718750006 0.660390625 0.4643541671875 0.665640625 0.45558333281249996 0.665640625 0.4380833328125 0.664328125 0.4135625 0.656453125 0.3978125 0.6354375 0.4030625 0.623625 0.4223333328125 0.6301875 0.44683333281250004 0.639375 0.45208333281249996 0.6288750000000001 0.45910416718749997 0.611796875 0.47835416718749996 0.607859375 0.4923541671875 0.594734375 0.5361458328125 0.601296875 0.5781666671875 0.597359375 0.6254375 0.605234375 0.6411875 0.594734375 0.6481874999999999 0.598671875 0.6779583328125 0.607859375 0.7059791671875 0.602609375 0.8215416671875 0.5960468750000001 0.8355416671875 0.602609375 0.8530625000000001 0.598671875 0.8758125 0.617046875 0.8793124999999999 0.6301875 0.8653124999999999 0.6406875000000001 0.8653124999999999 0.666953125 0.8740625
9 0.667015625 0.4293958328125 0.6675625000000001 0.43443750000000003 0.6675625000000001 0.4398541671875 0.6667500000000001 0.4463333328125 0.66565625 0.45102083281249994 0.664578125 0.45570833281249995 0.664046875 0.4618333328125 0.6621406249999999 0.4647291671875 0.65971875 0.4665208328125 0.66290625 0.47095833281250005 0.67978125 0.48627083281249994 0.681140625 0.5024791671875 0.682484375 0.5150625 0.68315625 0.5384791671875 0.680453125 0.5402708328125 0.6777656249999999 0.5573750000000001 0.67978125 0.575375 0.682484375 0.588875 0.683828125 0.5924791671875 0.687890625 0.593375 0.70003125 0.5951875 0.7013906249999999 0.6014791671874999 0.695984375 0.6077708328125 0.687890625 0.6131875 0.68315625 0.6176875 0.682484375 0.6257916671875 0.6858593749999999 0.6563749999999999 0.687203125 0.6644791671875 0.6858593749999999 0.6752916671875 0.679109375 0.6797916671875 0.6777656249999999 0.7058958328125 0.67640625 0.7400833328124999 0.6703281249999999 0.7706875 0.6750625 0.7851041671875 0.6737031250000001 0.8003958328125 0.67303125 0.8112083328124999 0.67640625 0.8175000000000001 0.682484375 0.8202083328124999 0.695984375 0.8166041671875 0.70409375 0.7896041671875 0.70409375 0.7067916671875001 0.7047656250000001 0.6302916671875 0.711515625 0.611375 0.7189375 0.593375 0.72434375 0.5546666671875 0.716234375 0.49887499999999996 0.70746875 0.48627083281249994 0.6973281250000001 0.47816666718749995 0.6919375 0.47095833281250005 0.687203125 0.4619583328125 0.6919375 0.4556666671875 0.6953125 0.44395833281249997 0.692609375 0.43677083281250006 0.687890625 0.41516666718749995 0.679109375 0.40795833281249994 0.672359375 0.40795833281249994 0.6649375 0.4133541671875 0.66565625 0.41497916718749994 0.666203125 0.4257916671875 0.667015625 0.4293958328125
9 0.257171875 0.3418333328125 0.248484375 0.33925 0.23737499999999997 0.3386041671875 0.22675 0.34827083281250004 0.220953125 0.3598541671875 0.21853125 0.3701666671875 0.21949999999999997 0.385625 0.225296875 0.394625 0.2388125 0.3952708328125 0.256203125 0.3927083328125 0.271171875 0.3914166671875 0.2779375 0.3991458328125 0.279390625 0.3798125 0.27503125 0.36502083281250003 0.268765625 0.35150000000000003 0.257171875 0.3418333328125
9 0.44895312499999995 0.6150208328125 0.42207812499999997 0.6367708328125 0.40190625 0.6816041671875 0.3918125 0.8452916671875 0.40359375000000003 0.8789166671875 0.41704687500000004 0.8564999999999999 0.4305 0.8049375 0.46076562499999996 0.8475416671874999 0.47757812499999996 0.8542500000000001 0.4843125 0.8430416671875 0.46917187499999996 0.8318333328125 0.464125 0.7802708328125 0.470859375 0.7309375 0.470859375 0.6861041671875 0.4809375 0.6502291671875 0.455671875 0.6095833328125 0.462390625 0.6041458328125 0.4645625 0.5957708328125 0.46910937500000005 0.5987083328125 0.47582812499999994 0.5932708328125 0.48146875 0.5932708328125 0.486171875 0.5907708328125 0.48429687499999996 0.5368958328125 0.48053125 0.49431250000000004 0.47301562500000005 0.4554791671875 0.457984375 0.44672916718750005 0.46362500000000006 0.4341875 0.46926562499999996 0.401625 0.457984375 0.3803333328125 0.42604687500000005 0.3778333328125 0.41946874999999995 0.4066458328125 0.42417187500000003 0.43168749999999995 0.42134375 0.4417083328125 0.4063125 0.45422916718749995 0.4025625 0.4717708328125 0.398796875 0.5131041671875 0.4063125 0.5406666671875 0.425109375 0.5569375 0.4579869796875 0.5892986109375 0.44895312499999995 0.6150208328125
9 0.579984375 0.5250625 0.589546875 0.5835208328125 0.5983125 0.6302916671875 0.59990625 0.6100833328124999 0.6014999999999999 0.5569375 0.59990625 0.5271874999999999 0.612671875 0.4878541671875 0.630203125 0.46339583281249996 0.607875 0.4347083328125 0.614265625 0.4070625 0.592734375 0.3815416671875 0.576796875 0.3857916671875 0.576 0.40175 0.576796875 0.425125 0.57759375 0.45277083281249997 0.566421875 0.4623333328125 0.565625 0.4623333328125 0.572796875 0.47083333281249995 0.579984375 0.5250625
9 0.424046875 0.43179166718750006 0.420921875 0.41154166718749996 0.425390625 0.3764375 0.43342187499999996 0.37466666718749997 0.444140625 0.3705 0.44145312499999995 0.358 0.43118749999999995 0.3508541671875 0.41825 0.35025 0.40843749999999995 0.360375 0.40620312500000005 0.3841875 0.41156249999999994 0.3996458328125 0.41156249999999994 0.4061875 0.40396875000000004 0.40499999999999997 0.39860937500000004 0.4163125 0.39146875 0.4222708328125 0.382546875 0.4359375 0.4021875 0.47045833281249994 0.4021875 0.46272916718749996 0.416015625 0.45083333281250004 0.424046875 0.43179166718750006
9 0.18309375 0.5035416671874999 0.184203125 0.49329166718749995 0.18584375 0.4801458328125 0.18584375 0.4684375 0.17871874999999998 0.46333333281250005 0.166109375 0.46185416718749994 0.15623437499999998 0.4721041671875 0.1556875 0.48745833281250006 0.158421875 0.4984166671875 0.146359375 0.5013333328125 0.141421875 0.5152291671875 0.129359375 0.5927291671875 0.13539062500000001 0.6263541671875 0.152390625 0.6387916671875 0.16117187500000002 0.6263541671875 0.167203125 0.6139375 0.177625 0.5897916671875 0.190234375 0.5729791671875 0.203390625 0.5591041671875 0.202296875 0.548125 0.203390625 0.5364375 0.18309375 0.5123125 0.18309375 0.509375 0.18309375 0.5035416671874999
9 0.2856875 0.40920833281249996 0.291953125 0.41820833281249997 0.29485937500000003 0.4291666671875 0.297265625 0.4401041671875 0.29775 0.45168749999999996 0.2963125 0.4652291671875 0.30257812500000003 0.47681250000000003 0.31128125 0.4883958328125 0.315140625 0.512875 0.319484375 0.5238125 0.319 0.5289583328125 0.32721875 0.5251041671875 0.3276875 0.5180208328125 0.3349375 0.517375 0.34459375 0.51375 0.344109375 0.5111666671874999 0.336390625 0.4611666671875 0.323828125 0.4489375 0.325765625 0.44185416718750004 0.337359375 0.43606249999999996 0.33782812500000003 0.4251041671875 0.33782812500000003 0.4180208328125 0.346046875 0.4096666671875 0.345078125 0.4064375 0.3421875 0.40449999999999997 0.33253125 0.4096666671875 0.315625 0.4057916671875 0.315140625 0.3974166671875 0.319 0.3935625 0.325765625 0.3967916671875 0.336875 0.4012916671875 0.34121875 0.3993541671875 0.33928125 0.3967916671875 0.3383125 0.391625 0.33782812500000003 0.3793958328125 0.333484375 0.3736041671875 0.33010937500000004 0.3665208328125 0.32625000000000004 0.36393749999999997 0.308859375 0.36072916718750003 0.292921875 0.3761666671875 0.288578125 0.3840833328125 0.29003125 0.40404166718749995 0.2856875 0.40920833281249996
9 0.060343749999999995 0.6818333328125 0.069921875 0.6740208328125 0.06937499999999999 0.6676458328125 0.078953125 0.6605624999999999 0.0848125 0.6059583328125 0.09490625 0.603125 0.102359375 0.6123333328125 0.112984375 0.6017083328124999 0.112984375 0.5917708328125 0.0954375 0.5875208328125 0.0640625 0.5676666671875 0.060875 0.5584583328125 0.083203125 0.5648333328125 0.10979687499999999 0.5541875 0.11778124999999999 0.5563333328125 0.12946875 0.5449791671875001 0.090125 0.5407291671875 0.06671875000000001 0.5435625 0.052359375 0.529375 0.043859375 0.5130625 0.0263125 0.5116458328125 0.00396875 0.5449791671875001 0.014078125 0.6173124999999999 0.06884375000000001 0.6180208328125001 0.053953125000000005 0.6726041671874999 0.060343749999999995 0.6818333328125
8 0.48631250000000004 0.6844791671875 0.496765625 0.685375 0.4962578125 0.6718958328125 0.485640625 0.6647083328125001 0.48817187500000003 0.6602083328125 0.492375 0.6570625 0.49574999999999997 0.6584166671875 0.49793750000000003 0.6516666671875 0.494734375 0.6541458328124999 0.4885 0.6541458328124999 0.488 0.6478541671875 0.497265625 0.6352708328125 0.49339062499999997 0.63325 0.480078125 0.6560520828125 0.47215625 0.66425 0.47198828125 0.67509375 0.471484375 0.707625 0.48596874999999995 0.7029166671875 0.487328125 0.6972916671875 0.48631250000000004 0.6844791671875
8 0.728375 0.6780625 0.732625 0.5977916671875 0.74703125 0.5910208328125 0.757203125 0.5672708328125 0.7258281249999999 0.5503125 0.7097187500000001 0.6339791671875 0.70803125 0.6746666671875 0.707296875 0.6858333328125 0.725953125 0.6971458328125 0.728375 0.6780625
8 0.0944375 0.5822499999999999 0.097046875 0.6031041671875 0.11270312499999999 0.6019583328125 0.113140625 0.5660208328125 0.131390625 0.5671666671875 0.13314062499999998 0.5619583328125 0.09096875 0.5584791671875 0.083140625 0.5619583328125 0.08009374999999999 0.5723958328125 0.0944375 0.5822499999999999
8 0.32621875 0.41135416718749995 0.3369375 0.408875 0.34392187500000004 0.40700000000000003 0.34392187500000004 0.4097916671875 0.33903125 0.41539583281250003 0.34392187500000004 0.41881250000000003 0.351375 0.42004166718749997 0.354875 0.4128958328125 0.345328125 0.4038958328125 0.336234375 0.40016666718750005 0.32039062500000004 0.3939583328125 0.316671875 0.39177083281249997 0.311765625 0.4014166671875 0.313875 0.4026458328125 0.3180625 0.407625 0.32621875 0.41135416718749995
8 0.599015625 0.6424375 0.60065625 0.6306041671875 0.583609375 0.6168958328125 0.58103125 0.6168958328125 0.58103125 0.6246875000000001 0.584078125 0.6333958328125 0.58828125 0.6374375 0.599015625 0.6424375