8 0.3108316015625 0.4913125 0.3199376296875 0.48353124999999997 0.320436590625 0.46926562499999996 0.31303534375000003 0.462953125 0.3024324328125 0.46240625 0.2962785859375 0.46314062500000003 0.288627859375 0.46740624999999997 0.2869022875 0.46851562500000005 0.2819750515625 0.475 0.2824740125 0.48353124999999997 0.298731809375 0.495015625 0.3108316015625 0.4913125
8 0.41607068593749996 0.57871875 0.41950103906249997 0.5587187499999999 0.428939709375 0.54775 0.428939709375 0.508375 0.42035342968749995 0.49031250000000004 0.393742203125 0.46256250000000004 0.38 0.463203125 0.3671101875 0.46643749999999995 0.3448024953125 0.48321875 0.33449064375000004 0.503859375 0.323326403125 0.55096875 0.3568191265625 0.58646875 0.3671101875 0.596140625 0.38428274375 0.598078125 0.396320165625 0.594859375 0.41692307656249994 0.629703125 0.42035342968749995 0.636796875 0.43324324374999995 0.6251875 0.41607068593749996 0.57871875
9 0.5826403328125 0.9765625 0.518835759375 0.910734375 0.49881496875 0.878765625 0.49380457343749995 0.8477343749999999 0.47879417812499997 0.7931874999999999 0.473783784375 0.759328125 0.45 0.671875 0.45251559218750004 0.6662343749999999 0.45251559218750004 0.6521250000000001 0.45752598750000006 0.63990625 0.456257796875 0.635203125 0.451268190625 0.632375 0.447505196875 0.6314375 0.4450103953125 0.628609375 0.4450103953125 0.62296875 0.44000000000000006 0.6154531249999999 0.43875259843750003 0.6135625 0.43623700625 0.612625 0.429979209375 0.612625 0.4249896046875 0.6135625 0.42623700624999994 0.6192031250000001 0.42623700624999994 0.6267343750000001 0.419979209375 0.635203125 0.418731809375 0.635203125 0.414968815625 0.6295468750000001 0.41122661093749996 0.62390625 0.40621621562500004 0.638953125 0.40621621562500004 0.6445937500000001 0.4074636171875 0.654 0.418731809375 0.676578125 0.42623700624999994 0.72078125 0.433742203125 0.780015625 0.432494803125 0.790359375 0.43498960468750003 0.8176406249999999 0.43875259843750003 0.8298593750000001 0.44249480312499995 0.848671875 0.433742203125 0.8674843750000001 0.428731809375 0.879703125 0.42623700624999994 0.890984375 0.4212266109375 0.8985156249999999 0.41122661093749996 0.9088593749999999 0.3999584203125 0.90415625 0.38118503125 0.8759375 0.36492723437499996 0.86559375 0.3411434515625 0.8561875000000001 0.314864865625 0.8561875000000001 0.30735966718749996 0.8571406250000001 0.2973596671875 0.859953125 0.291101871875 0.86184375 0.291101871875 0.86559375 0.2823284828125 0.8740625 0.2835966734375 0.896625 0.2898544703125 0.912625 0.28858627812500004 0.916375 0.274823284375 0.92578125 0.2735758828125 0.9370625 0.2798336796875 0.9455312499999999 0.2960914765625 0.951171875 0.309875259375 0.9492968749999999 0.314864865625 0.9474218750000001 0.3173804578125 0.9445937499999999 0.319875259375 0.9389531249999999 0.328627859375 0.9370625 0.333638253125 0.939890625 0.33864864843750003 0.9436562500000001 0.337401246875 0.94646875 0.3348856546875 0.9549375 0.342390853125 0.9577656250000001 0.3524116421875 0.9596406249999999 0.3674220375 0.9483593750000001 0.369916840625 0.9530625 0.3661746359375 0.961515625 0.361164240625 0.9643437499999999 0.35365904375 0.975625 0.35615384687499996 0.9831562500000001 0.34989605 0.99725 0.6264449062499999 1 0.6214345109375 0.9991406250000001 0.5826403328125 0.9765625
9 0.5980041578125 0.0471875 0.59201663125 0.02021875 0.5770686078125 0.008984375 0.5471725578125 0.017984375 0.5352182953125 0.044937500000000005 0.51428274375 0.058421875 0.5053222453124999 0.10785937500000001 0.651829521875 0.132578125 0.6607900203125 0.112359375 0.6428482328125 0.07865625000000001 0.5980041578125 0.0471875
9 0.851517671875 0.11699999999999999 0.8684199578125 0.10428124999999999 0.8545945953125 0.063859375 0.8223076921875 0.029203125000000003 0.8054054046875001 0.019953125 0.7854261953125 0.023421875 0.77160083125 0.032671875 0.7654469859375 0.0430625 0.7423908531250001 0.127390625 0.7485446984374999 0.136625 0.7961954265625 0.13778125000000002 0.851517671875 0.11699999999999999
9 0.746216215625 0.13203125 0.746216215625 0.12815625 0.7479417875000001 0.119125 0.7496465703124999 0.109453125 0.7496465703124999 0.10300000000000001 0.7530769234375 0.090734375 0.7565280671875 0.07976562499999999 0.7565280671875 0.072015625 0.7539501046875 0.06492187499999999 0.7496465703124999 0.055874999999999994 0.745363825 0.04684375 0.7393555093749999 0.035234375 0.736777546875 0.027484375 0.735904365625 0.025546875000000004 0.7221621625 0.007484375 0.7101455296875 0.008125 0.6964033265625 0.008765625 0.6843866937499999 0.013296875 0.675800415625 0.023609375 0.6775259874999999 0.033937499999999995 0.678378378125 0.046203125 0.6775259874999999 0.05846875 0.6697921 0.066859375 0.6603534296875 0.070078125 0.658627859375 0.07910937500000001 0.65948025 0.092015625 0.661205821875 0.10621875 0.6620582125000001 0.12042187499999998 0.6620582125000001 0.127515625 0.736777546875 0.135265625 0.741060290625 0.134609375 0.746216215625 0.13203125
9 0.4225779625 0 0.418274428125 0.0081875 0.413991684375 0.0159375 0.413991684375 0.025609375 0.413991684375 0.031421875 0.407962578125 0.035296875 0.4019542625 0.038515625 0.3959459453125 0.04496875 0.3959459453125 0.05271875 0.39681912656249996 0.05659375 0.39852390781249997 0.059812500000000005 0.40282744218750005 0.07078124999999999 0.4723700625 0.07465625000000001 0.48696465624999996 0.077875 0.49126819062499993 0.07853125 0.5007068609374999 0.074015625 0.5178794171875001 0.068203125 0.5204573796874999 0.060453124999999996 0.5204573796874999 0.05142187499999999 0.5230353437499999 0.045609375 0.526465696875 0.04303125 0.5324740125 0.035296875 0.539355509375 0.02496875 0.5573804578125 0.01140625 0.5642411640625 0.006890625 0.5754054046875 0.005609375 0.59087318125 0.00625 0.6123284828125 0.008828125000000001 0.6252182953125 0.0081875 0.6346569640624999 0.0010937499999999999 0.42428274374999997 0 0.4225779625 0
9 0.319667359375 0.0008906249999999999 0.3085239078125 0.009281250000000001 0.2922869015625 0.020703125 0.3024324328125 0.029859375 0.2922869015625 0.037484375 0.2567983375 0.043578125 0.2436174640625 0.048140625 0.23752598749999998 0.0504375 0.28417879375 0.06185937500000001 0.28216216250000004 0.06871875 0.2851975046875 0.083203125 0.2953430359375 0.0824375 0.3044698546875 0.06643750000000001 0.31359667343750003 0.063390625 0.34097713125 0.06492187499999999 0.378482328125 0.06492187499999999 0.3937006234375 0.06185937500000001 0.387609146875 0.04509375 0.413991684375 0.032140625 0.40688149687499997 0.02909375 0.41804573749999996 0.000140625 0.40688149687499997 0.000140625 0.319667359375 0.0008906249999999999
9 0.61438669375 0.168203125 0.643326403125 0.168203125 0.6853222453125001 0.16890624999999998 0.686257796875 0.15557812499999998 0.6759875265625 0.15346875 0.6769230765625001 0.154171875 0.6451975046875 0.134546875 0.6125363828125 0.140859375 0.6097297296875 0.154875 0.5901455296875 0.163296875 0.597609146875 0.17381249999999998 0.607858628125 0.17521875 0.6022661125 0.1829375 0.5518711015625 0.20607812499999997 0.5341372140625 0.267796875 0.5518711015625 0.28671875 0.5556133062499999 0.28953125 0.6013305609375 0.208875 0.61438669375 0.168203125
9 0.3030561328125 0.028468749999999998 0.2927234921875 0.020109375 0.3181496875 0.001578125 0.24264033281250003 0 0.2362785859375 0.0075625 0.221164240625 0.021296875 0.1901663203125 0.0290625 0.1583575890625 0.03325 0.1535966734375 0.045796875 0.18856548906249998 0.049984375 0.1901663203125 0.055953125000000006 0.2020997921875 0.056546874999999996 0.20686070625 0.05775 0.2529729734375 0.044609375 0.2807900203125 0.036234375 0.3030561328125 0.028468749999999998
9 1 0.147046875 0.9997297296875001 0.106203125 0.9968814968749999 0.10406249999999999 0.973991684375 0.11695312499999999 0.9625571718750001 0.14275 0.95397089375 0.1760625 0.9568399171875 0.198640625 0.9596881500000001 0.22979687499999998 0.9625571718750001 0.248078125 0.9754261953125001 0.3071875 0.9868607062500001 0.31578125 0.9925779625000001 0.31578125 0.9983160078125 0.309328125 0.9983160078125 0.2964375 1 0.26634375 1 0.205078125 1 0.147046875
9 0.09989605 0 0.0829729734375 0.004359375 0.08056133125 0.035703125 0.090228690625 0.042484375000000005 0.095051975 0.0724375 0.098690228125 0.060640625000000004 0.1180041578125 0.041578125 0.1554469859375 0.043390625 0.157858628125 0.03521875 0.22068607031249998 0.020703125 0.24 0 0.09989605 0