0 0.109265625 0.5929791671875 0.10956250000000001 0.5989583328125 0.11074999999999999 0.6046666671875001 0.11234375 0.610125 0.11682812499999999 0.6151666671875 0.1243125 0.6171666671875 0.131984375 0.6155625 0.13915625 0.608 0.1400625 0.6034791671875 0.145640625 0.6042708328125 0.150625 0.6066666671875 0.1508125 0.5982916671875 0.155109375 0.5908541671875 0.159984375 0.5966875 0.1680625 0.6090625000000001 0.17721875 0.60825 0.183 0.6046666671875001 0.18609375 0.5978958328124999 0.1865 0.589125 0.18509375 0.5834166671875 0.18360937500000002 0.5803541671875 0.174734375 0.5719791671875 0.16546875 0.5711875 0.15540625 0.5747708328125001 0.152109375 0.5762291671875001 0.15142187499999998 0.5608125 0.15131250000000002 0.5738333328125 0.14842187499999998 0.5795625 0.142453125 0.585 0.140359375 0.5775625 0.137859375 0.5703958328125001 0.133171875 0.5745 0.133171875 0.5775625 0.127703125 0.576625 0.121015625 0.5748958328125 0.111546875 0.5820833328125 0.10985937500000001 0.586875 0.109265625 0.5929791671875
0 0.802875 0.2971041671875 0.8022500000000001 0.3023958328125 0.797015625 0.2971041671875 0.7913593750000001 0.29125 0.794078125 0.282875 0.79325 0.2778541671875 0.7972187500000001 0.2728333328125 0.794078125 0.2694791671875 0.7878125 0.275625 0.790734375 0.2795208328125 0.7806875 0.278125 0.782578125 0.29235416718749996 0.7788125 0.294875 0.776296875 0.3023958328125 0.777546875 0.3082708328125 0.7809062499999999 0.3155208328125 0.78340625 0.3191458328125 0.785921875 0.3230416671875 0.795125 0.31579166718749996 0.79471875 0.3054791671875 0.7909531249999999 0.2945833328125 0.791578125 0.2931875 0.7988906250000001 0.3023958328125 0.80203125 0.30575 0.799734375 0.3107708328125 0.804546875 0.314125 0.8076874999999999 0.31216666718749997 0.8102031249999999 0.313 0.815640625 0.316625 0.818359375 0.316625 0.81878125 0.3124583328125 0.817109375 0.3054791671875 0.8194062499999999 0.2987708328125 0.8275625 0.2931875 0.8258906250000001 0.2906875 0.8219218749999999 0.2878958328125 0.8139687500000001 0.2831458328125 0.812078125 0.2873333328125 0.80853125 0.2862291671875 0.8076874999999999 0.2878958328125 0.80853125 0.294875 0.8083125000000001 0.3004583328125 0.804125 0.2971041671875 0.802875 0.2971041671875
0 0.41624999999999995 0.515125 0.42212500000000003 0.5225416671875001 0.43090624999999994 0.5205833328125 0.438828125 0.508875 0.44176562500000005 0.5057291671875 0.44528125 0.5033958328125 0.44117187500000005 0.49831250000000005 0.44117187500000005 0.49402083281250003 0.44204687500000006 0.48854166718750003 0.443234375 0.48579166718750005 0.440875 0.48150000000000004 0.43678125 0.48150000000000004 0.43209375000000005 0.48229166718750005 0.431203125 0.48306250000000006 0.42270312499999996 0.48618750000000005 0.4145 0.49908333281250006 0.41567187499999997 0.5096458328125 0.41624999999999995 0.515125
2 0.017765625 0.376375 0.014609374999999999 0.38829166718749997 0.01565625 0.4030208328125 0.0188125 0.4156458328125 0.020390625000000002 0.42056250000000006 0.024078125 0.430375 0.029859375 0.4380833328125 0.035640624999999995 0.4310625 0.052468749999999995 0.4380833328125 0.059312500000000004 0.44789583281249995 0.06615625 0.45841666718749996 0.072453125 0.4493125 0.0935 0.4465 0.104546875 0.4352708328125 0.10192187500000001 0.4261666671875 0.10770312500000001 0.4156458328125 0.11559375000000001 0.4156458328125 0.119265625 0.4254583328125 0.12242187499999999 0.43879166718749996 0.12979687499999998 0.45 0.142421875 0.4352708328125 0.13873437500000002 0.3903958328125 0.12348437500000001 0.351125 0.09034375 0.34060416718750003 0.042484375000000005 0.35041666718750003 0.038796874999999995 0.35322916718749997 0.025656250000000002 0.3686458328125 0.017765625 0.376375
13 0 0.23085416718750001 0.03715625 0.251125 0.048984375000000004 0.2623958328125 0.057437499999999996 0.255625 0.0675625 0.255625 0.079390625 0.2713958328125 0.09965625 0.2691458328125 0.09796875000000001 0.2353541671875 0.11825000000000001 0.2331041671875 0.125 0.13174999999999998 0.028718749999999998 0.1092291671875 0.0050625 0.1069791671875 0 0.1069791671875 0 0.23085416718750001
8 0.657453125 0.26710416718749996 0.662109375 0.26575000000000004 0.6661718750000001 0.2606041671875 0.670625 0.2587291671875 0.67284375 0.2568333328125 0.6714375 0.2533125 0.669 0.2503541671875 0.66678125 0.2500833328125 0.6696093750000001 0.24900000000000003 0.6714375 0.24656250000000002 0.67284375 0.24306250000000001 0.6712343749999999 0.2395416671875 0.670015625 0.2379166671875 0.667171875 0.2381875 0.66778125 0.23685416718750002 0.6696093750000001 0.23414583281249998 0.6712343749999999 0.2298333328125 0.6712343749999999 0.2273958328125 0.66859375 0.22712500000000002 0.666375 0.2260416671875 0.66859375 0.2217291671875 0.67365625 0.21525 0.67528125 0.206875 0.657453125 0.206875 0.654625 0.206875 0.655640625 0.26575000000000004 0.657453125 0.26710416718749996
8 0.334890625 0.44243750000000004 0.33782812500000003 0.4936458328125 0.3445625 0.4909166671875 0.347796875 0.483875 0.35335937500000003 0.4815208328125 0.3530625 0.4768333328125 0.347796875 0.4768333328125 0.34603125 0.4737083328125 0.347203125 0.4682291671875 0.3521875 0.46627083281250004 0.35278125 0.46002083281250006 0.3445625 0.4565 0.34750000000000003 0.45104166718750005 0.351609375 0.44712500000000005 0.351609375 0.44243750000000004 0.346625 0.43775000000000003 0.35335937500000003 0.4307083328125 0.35425 0.42133333281249996 0.352484375 0.4174166671875 0.336953125 0.4185833328125 0.33284375 0.41897916718749995 0.33196875000000003 0.438125 0.334890625 0.44243750000000004
8 0.354734375 0.5740416671874999 0.352 0.5697291671875 0.35225 0.5680833328125 0.3545 0.5654166671875 0.35225 0.5564583328125 0.351015625 0.556125 0.354 0.5518125 0.349515625 0.5475 0.348515625 0.5475 0.3405625 0.5528125 0.3405625 0.5796875 0.34578125000000004 0.584 0.35325 0.5803541671875 0.354734375 0.5740416671874999
9 0.27284375 0.6615208328125 0.273890625 0.6524166671875 0.29125 0.6496041671875 0.29125 0.6671458328125001 0.29704687500000004 0.6720416671875 0.29493749999999996 0.638375 0.30071875000000003 0.6362708328125 0.309140625 0.6299791671875 0.311765625 0.6138333328125001 0.311765625 0.5977083328125 0.305453125 0.5906875 0.303359375 0.5787708328125001 0.293359375 0.5780624999999999 0.290734375 0.5913958328125 0.278109375 0.6005208328125 0.277046875 0.6236666671875 0.271265625 0.651 0.265484375 0.6615208328125 0.27284375 0.6615208328125
9 0.883171875 0.6026458328125 0.883328125 0.5953125 0.8794062500000001 0.5928125 0.876375 0.5928125 0.87115625 0.5966666671875 0.869125 0.5999583328125 0.8699999999999999 0.6047708328125 0.870859375 0.6092291671875001 0.870578125 0.6111458328125 0.869265625 0.6156041671875 0.86796875 0.6221666671875 0.866375 0.6320208328125 0.864921875 0.6345208328124999 0.8631875000000001 0.64225 0.863484375 0.6478541671875 0.8640625 0.6522916671875 0.8659375 0.6540208328125 0.8694218749999999 0.6606041671875 0.8715937500000001 0.6679375000000001 0.87028125 0.6748958328125 0.871734375 0.6779791671875001 0.875203125 0.6828125 0.8766562499999999 0.6967083328125 0.87796875 0.7025 0.8788281250000001 0.7007708328125 0.878390625 0.6928541671875 0.8767968749999999 0.6768125 0.8794062500000001 0.6654166671875 0.8827343750000001 0.6588541671875 0.8830312499999999 0.6658125 0.884765625 0.6716041671874999 0.8878125000000001 0.6731458328125 0.8901249999999999 0.6690833328125 0.8907031249999999 0.6561458328125 0.893171875 0.6470833328125 0.8928750000000001 0.638375 0.8952031249999999 0.6331666671875 0.895484375 0.6279583328125 0.8930312499999999 0.6140416671875 0.88825 0.6092291671875001 0.8827343750000001 0.6090208328125 0.883171875 0.6026458328125
9 0.844765625 0.7089166671875 0.8475468749999999 0.7121666671875 0.8458125000000001 0.71725 0.8524062499999999 0.7204791671875 0.8586406249999999 0.7228125000000001 0.87253125 0.7186458328125 0.87878125 0.7278958328125 0.8784218750000001 0.7103125 0.876 0.7033750000000001 0.8770468749999999 0.7015208328125 0.8756562499999999 0.6871666671875001 0.870453125 0.6756041671874999 0.8669687500000001 0.6714375 0.86871875 0.6672708328125 0.86871875 0.6621875 0.8669687500000001 0.6557083328125 0.861765625 0.65525 0.858296875 0.6594166671874999 0.8586406249999999 0.6658958328125 0.8586406249999999 0.669125 0.858296875 0.6719166671875 0.8503125 0.6825416671875 0.84684375 0.6968958328125 0.844078125 0.7010625 0.844765625 0.7089166671875
9 0.75675 0.6047291671874999 0.746625 0.5844583328125 0.7364843750000001 0.5912083328125 0.7364843750000001 0.6024791671874999 0.731421875 0.6137291671875 0.733109375 0.6407708328124999 0.738171875 0.6520208328125 0.753375 0.6565416671875 0.75675 0.6047291671874999
9 0.44907812500000005 0.4539375 0.451671875 0.4639583328125 0.45270312500000004 0.4677708328125 0.4485625 0.47018750000000004 0.44596875 0.4774375 0.44310937499999997 0.4892083328125 0.4381875 0.4968125 0.44129687500000003 0.4971666671875 0.44415625 0.4968125 0.44699999999999995 0.49024999999999996 0.445703125 0.4850625 0.4519375 0.48402083281249997 0.455046875 0.487125 0.46515625 0.4878125 0.471390625 0.48852083281249997 0.47190624999999997 0.48125 0.4695625 0.4726041671875 0.46204687499999997 0.46568750000000003 0.46075 0.45599999999999996 0.46048437499999995 0.4542708328125 0.455046875 0.45081249999999995 0.44907812500000005 0.4539375
9 0.787828125 0.4212916671875 0.776359375 0.41212499999999996 0.776359375 0.4021875 0.788390625 0.4090625 0.792984375 0.4037083328125 0.790109375 0.4006666671875 0.774640625 0.39225 0.7786562499999999 0.3876666671875 0.780375 0.3762291671875 0.7757968749999999 0.3723958328125 0.7700625 0.37164583281249997 0.766625 0.3785 0.765484375 0.3899583328125 0.762046875 0.41135416718749995 0.762046875 0.42433333281249996 0.767765625 0.42662500000000003 0.780375 0.42662500000000003 0.7792343749999999 0.4465 0.78553125 0.44802083281250005 0.786671875 0.44037499999999996 0.787828125 0.4212916671875
9 0.12221875 0.4413958328125 0.1190625 0.43324999999999997 0.11359375000000001 0.42820833281250004 0.11653125 0.4256666671875 0.115484375 0.42370833281250003 0.11485937500000001 0.41695833281250005 0.11000000000000001 0.41725 0.10346875 0.418375 0.10304687500000001 0.4256666671875 0.10453125 0.4301666671875 0.106640625 0.4326875 0.10706249999999999 0.43579166718750006 0.10515624999999999 0.4453333328125 0.098203125 0.4492708328125 0.09862499999999999 0.45208333281249996 0.1043125 0.45179166718749997 0.108328125 0.44758333281249996 0.109375 0.4503958328125 0.10221875 0.4568541671875 0.094203125 0.4557291671875 0.094203125 0.4576875 0.102421875 0.4599375 0.1076875 0.457125 0.11084374999999999 0.46275000000000005 0.109578125 0.46725000000000005 0.10853125 0.47341666718750003 0.11021875 0.47847916718750005 0.115484375 0.4725833328125 0.125171875 0.46695833281250004 0.12454687499999999 0.46247916718750004 0.12475 0.45910416718749997 0.12221875 0.4413958328125
9 0.199390625 0.2809375 0.199390625 0.2674166671875 0.199390625 0.261625 0.19553125 0.2558333328125 0.19359375 0.2519583328125 0.192140625 0.24552083281249998 0.18682812499999998 0.24231250000000001 0.181046875 0.24745833281250001 0.180078125 0.25645833281249997 0.17525 0.2609791671875 0.171375 0.26677083281249997 0.17090624999999998 0.27127083281250003 0.178140625 0.2751458328125 0.178140625 0.27770833281249996 0.17428125 0.29060416718750004 0.17428125 0.29575 0.17621875 0.2983125 0.181515625 0.3008958328125 0.1839375 0.2996041671875 0.185390625 0.3021875 0.183453125 0.2931666671875 0.187796875 0.29060416718750004 0.1945625 0.291875 0.199390625 0.2809375
9 0.711515625 0.6087916671875 0.712296875 0.6184791671875 0.714359375 0.624 0.7112499999999999 0.6278125 0.7058125000000001 0.6336875 0.707109375 0.646125 0.71565625 0.6426875 0.7301875 0.6468333328125 0.730703125 0.627125 0.725515625 0.6233125 0.721890625 0.6087916671875 0.7231875 0.6081041671875 0.717734375 0.6042916671875 0.711515625 0.6087916671875
9 0.8100625000000001 0.6688333328125 0.808984375 0.6641458328125001 0.8119531249999999 0.6580416671875 0.811140625 0.6504791671875 0.804125 0.6443749999999999 0.8043906249999999 0.6400416671875 0.8043906249999999 0.6360833328125 0.804125 0.6339375 0.803046875 0.6306875 0.80034375 0.6299791671875 0.797109375 0.6299791671875 0.7949531249999999 0.6342916671875 0.7949531249999999 0.6386041671875 0.795484375 0.6454375 0.7946875 0.6493958328125 0.7936093750000001 0.650125 0.790359375 0.6540833328125 0.790359375 0.6612708328125 0.790640625 0.6702708328125 0.7879375 0.6713333328125 0.78846875 0.6742291671875 0.793875 0.676375 0.7946875 0.6756666671875 0.7949531249999999 0.6659375 0.7965625000000001 0.670625 0.7965625000000001 0.6752916671875 0.795765625 0.6778125 0.8079062499999999 0.6814166671875 0.811140625 0.6774583328125 0.811140625 0.676375 0.8100625000000001 0.6688333328125
0 0.879046875 0.7002708328125 0.881984375 0.69675 0.885515625 0.6951875000000001 0.8852187499999999 0.702625 0.8869843749999999 0.7108541671874999 0.888734375 0.717125 0.892265625 0.7194791671874999 0.897265625 0.7139791671875 0.89609375 0.7034166671875 0.896671875 0.690875 0.893734375 0.68225 0.8928593749999999 0.676375 0.8940312499999999 0.6755833328125 0.8925625 0.6705 0.885515625 0.6669791671875 0.885515625 0.6611041671875 0.8872656250000001 0.6575624999999999 0.886390625 0.6540416671875 0.8852187499999999 0.6548333328125 0.8808125 0.6583541671875001 0.8778750000000001 0.6705 0.8764062499999999 0.6818541671875 0.8761093750000001 0.6924375 0.8766875000000001 0.7018333328125 0.879046875 0.7002708328125
0 0.512921875 0.46449999999999997 0.513140625 0.4654166671875 0.516125 0.46725000000000005 0.5168125 0.4675625 0.52025 0.46725000000000005 0.52046875 0.46968750000000004 0.52046875 0.4730416671875 0.52046875 0.477625 0.52046875 0.4846458328125 0.51840625 0.4877083328125 0.5175 0.49074999999999996 0.5154375 0.49533333281249997 0.51475 0.5008333328125001 0.51475 0.5087708328125 0.515203125 0.5157916671875 0.516578125 0.5191458328125 0.519328125 0.5221875 0.520703125 0.5243333328124999 0.5257343750000001 0.5240208328125 0.52734375 0.5197499999999999 0.5289375 0.5157916671875 0.5289375 0.5096875 0.529625 0.5060208328125 0.52871875 0.5026666671875 0.529625 0.5008333328125001 0.5330625 0.5051041671875 0.53353125 0.509375 0.5351250000000001 0.5121249999999999 0.536734375 0.5108958328125001 0.5344375 0.5047916671875 0.53353125 0.5002083328125 0.532609375 0.4947291671875 0.531921875 0.49074999999999996 0.53078125 0.4883125 0.5303125 0.48525 0.52940625 0.4825208328125 0.526421875 0.480375 0.52528125 0.4761041671875 0.52390625 0.47091666718749997 0.52390625 0.4678541671875 0.52596875 0.4663333328125 0.52803125 0.4663333328125 0.53078125 0.4648125 0.5316875 0.46175 0.52390625 0.4629791671875 0.52253125 0.46389583281249996 0.52025 0.46389583281249996 0.5149843749999999 0.46237500000000004 0.515671875 0.46206250000000004 0.513140625 0.46175 0.512921875 0.46449999999999997
0 0.374375 0.5452708328125 0.37098437500000003 0.5336666671875 0.380171875 0.5085 0.380171875 0.5039791671875 0.40270312500000005 0.50225 0.404171875 0.5348333328125 0.4094375 0.5334375 0.412171875 0.5435416671875 0.416609375 0.5429791671875 0.421875 0.5331458328124999 0.42334375 0.5247291671875 0.419125 0.512375 0.413015625 0.5081458328124999 0.408390625 0.5070416671875 0.4094375 0.48962500000000003 0.40481249999999996 0.4890625 0.40037500000000004 0.49495833281249996 0.400796875 0.49747916718749996 0.39553125 0.49691666718749994 0.39659374999999997 0.48962500000000003 0.378234375 0.49945833281249996 0.369046875 0.5001041671875 0.37243750000000003 0.5078541671875 0.37728125 0.5117083328125 0.37679687500000003 0.5155833328125 0.3705 0.5162291671875 0.373890625 0.5226875 0.370015625 0.5272083328125 0.360328125 0.5181666671875 0.353078125 0.5272083328125 0.352109375 0.5465625000000001 0.358875 0.5549583328125001 0.368078125 0.552375 0.374375 0.5452708328125
0 0.297171875 0.44302083281250004 0.29676562500000003 0.44625000000000004 0.2965625 0.45220833281250006 0.29778125 0.4559791671875 0.301234375 0.45787500000000003 0.30365625 0.45841666718749996 0.30851562499999996 0.45975 0.31196875 0.45975 0.3158125 0.45625 0.318640625 0.45004166718749994 0.318640625 0.4419375 0.318046875 0.4335625 0.31439062500000003 0.4289791671875 0.31196875 0.4257291671875 0.30871875000000004 0.42437500000000006 0.305484375 0.4249166671875 0.301234375 0.4262708328125 0.29778125 0.4289791671875 0.2939375 0.43600000000000005 0.294546875 0.43735416718750003 0.29596875 0.43977083281249996 0.297171875 0.44302083281250004
7 0.46928125 0.5261458328125 0.46540625 0.5054791671875 0.46346875 0.49775 0.47024999999999995 0.4964583328125 0.47024999999999995 0.49064583281249996 0.4571875 0.4893541671875 0.453796875 0.48677083281250005 0.44846874999999997 0.4880625 0.44507812500000005 0.49000000000000005 0.44459375 0.4951666671875 0.44701562499999997 0.5009791671875 0.44556250000000003 0.5074166671875 0.44895312499999995 0.5145208328125 0.44749999999999995 0.521625 0.44701562499999997 0.5332291671875 0.44653124999999994 0.5351666671875 0.4494375 0.5383958328125 0.452828125 0.5564791671875 0.459109375 0.5526041671875 0.460078125 0.5409791671875 0.46928125 0.5383958328125 0.46928125 0.5261458328125
7 0.19259375 0.528125 0.193546875 0.5366458328125 0.18396875 0.5362291671875 0.18812500000000001 0.5443125 0.18843749999999998 0.5455833328125 0.1913125 0.5545208328125 0.185890625 0.5694375 0.183015625 0.5664583328125 0.182375 0.5587916671875 0.182375 0.5566666671875 0.178859375 0.5511250000000001 0.17215625 0.5502708328125 0.16321875 0.546875 0.158109375 0.5506875 0.155875 0.5536875 0.148203125 0.5502708328125 0.1440625 0.5502708328125 0.15201562500000002 0.5579375 0.150765625 0.5651666671875 0.15428124999999998 0.574125 0.156515625 0.5758125 0.162890625 0.5758125 0.16512500000000002 0.5783750000000001 0.173109375 0.5783750000000001 0.181734375 0.5817708328125 0.18843749999999998 0.5783750000000001 0.18843749999999998 0.571125 0.1913125 0.5634791671875 0.194515625 0.5719791671875 0.198984375 0.5753958328125 0.203125 0.5809166671875 0.21526562500000002 0.5745416671875 0.21909375 0.5690000000000001 0.21878125 0.5519791671875 0.20632812500000003 0.5421875 0.21046874999999998 0.5383541671875001 0.21015625 0.5323958328125 0.20632812500000003 0.526 0.196421875 0.523875 0.18684375 0.52175 0.18492187499999999 0.5251458328124999 0.19228125000000001 0.5277083328125001 0.19259375 0.528125
7 0.23246875 0.557625 0.23165624999999998 0.5688125 0.228421875 0.5752916671875 0.23246875 0.5752916671875 0.233015625 0.579625 0.234359375 0.5861041671875 0.2403125 0.5943958328125001 0.24328124999999998 0.595125 0.24626562500000002 0.5954791671875 0.257078125 0.591875 0.258703125 0.5839583328125 0.264640625 0.5839583328125 0.27303125 0.5814166671875001 0.27518750000000003 0.5785416671875 0.280328125 0.5785416671875 0.283296875 0.5742083328125 0.2816875 0.5713333328125 0.27546875000000004 0.5709791671875 0.2768125 0.5655625 0.277890625 0.5623125 0.271671875 0.5587083328125 0.27140624999999996 0.5659166671875 0.27140624999999996 0.5702499999999999 0.26896875 0.5745833328125001 0.266265625 0.5749375 0.26437499999999997 0.5742083328125 0.25978124999999996 0.5709791671875 0.25896875 0.567 0.25896875 0.5630416671875 0.261671875 0.5558333328125 0.259515625 0.5529375 0.2551875 0.5558333328125 0.25382812499999996 0.5659166671875 0.25275 0.5735 0.251671875 0.5752916671875 0.2486875 0.5745833328125001 0.24734375000000003 0.5702499999999999 0.247609375 0.5644791671875 0.24978125 0.558 0.250046875 0.5500625 0.2495 0.54825 0.24246875 0.5442916671875 0.23165624999999998 0.5432083328124999 0.232203125 0.5500625 0.23246875 0.557625
7 0.913859375 0.4412708328125 0.908375 0.44447916718749997 0.904859375 0.45502083281249994 0.903984375 0.46320833281249996 0.905296875 0.47170833281249996 0.906609375 0.4793125 0.9109999999999999 0.4925 0.913421875 0.49483333281249997 0.924625 0.49424999999999997 0.930109375 0.4851666671875 0.9318593749999999 0.4842916671875 0.9432812500000001 0.4819583328125 0.9467968750000001 0.47581249999999997 0.9571093749999999 0.4854583328125 0.9608437500000001 0.4842916671875 0.967875 0.4743333328125 0.9685312500000001 0.46731249999999996 0.9680937500000001 0.45327083281249997 0.9628125000000001 0.4459375 0.95425 0.44622916718749994 0.9529375 0.44066666718749997 0.95996875 0.43775000000000003 0.963703125 0.43160416718750005 0.9608437500000001 0.424875 0.956234375 0.41931250000000003 0.9520625 0.42018750000000005 0.946140625 0.42837500000000006 0.94415625 0.43277083281250006 0.9408593749999999 0.43862500000000004 0.9364687500000001 0.4415625 0.9268124999999999 0.4412708328125 0.9184687500000001 0.4412708328125 0.913859375 0.4412708328125
7 0.784453125 0.40502083281249995 0.786140625 0.40952083281249996 0.783828125 0.41177083281250004 0.77834375 0.4151458328125 0.7859375 0.41683333281249996 0.787203125 0.4213125 0.78740625 0.43170833281250004 0.78740625 0.4398541671875 0.7909843750000001 0.4415416671875 0.7890937499999999 0.4451875 0.785296875 0.4451875 0.782140625 0.44379166718749996 0.7819375 0.4407083328125 0.7819375 0.4350833328125 0.782140625 0.42777083281249995 0.780875 0.42385416718749996 0.77625 0.42329166718750005 0.768453125 0.42300000000000004 0.7650781249999999 0.42074999999999996 0.761703125 0.4185 0.7564375 0.4176666671875 0.748859375 0.4185 0.74759375 0.42272916718750003 0.747375 0.42806249999999996 0.744640625 0.42975 0.7440156250000001 0.4373333328125 0.748859375 0.44014583281249997 0.748859375 0.4423958328125 0.74990625 0.4519375 0.7524375 0.46008333281249997 0.7585468750000001 0.4628958328125 0.7631875 0.46008333281249997 0.76696875 0.4530625 0.7720312500000001 0.4519375 0.778765625 0.4530625 0.7819375 0.449125 0.788046875 0.4482916671875 0.792671875 0.45054166718750005 0.80046875 0.45220833281250006 0.8055312499999999 0.44604166718749994 0.8084843749999999 0.4378958328125 0.807 0.428625 0.8025781249999999 0.42356249999999995 0.804046875 0.4213125 0.801953125 0.4083958328125 0.7985781249999999 0.4055833328125 0.7893125000000001 0.40110416718749997 0.795 0.3974375 0.7933125000000001 0.3926666671875 0.784671875 0.3974375 0.78425 0.3982916671875 0.78678125 0.4016458328125 0.784453125 0.40502083281249995
7 0.356265625 0.4213125 0.359953125 0.42406249999999995 0.357078125 0.4404375 0.36159375 0.445375 0.366921875 0.44318749999999996 0.36979687499999997 0.4448125 0.370609375 0.42514583281249996 0.3744375 0.4267847234375 0.38071875 0.43552777656249997 0.38577343750000004 0.43334374999999997 0.387 0.44427083281249996 0.389875 0.44427083281249996 0.39725 0.4497291671875 0.40421874999999996 0.4497291671875 0.40871874999999996 0.4420833328125 0.40626562499999996 0.4191458328125 0.40831249999999997 0.41420833281249997 0.40831249999999997 0.4021875 0.40012499999999995 0.4054791671875 0.384546875 0.42241666718750004 0.377171875 0.40437500000000004 0.371421875 0.4098541671875 0.36896874999999996 0.4000208328125 0.36528125 0.3961875 0.36159375 0.3989166671875 0.359140625 0.39508333281249997 0.35954687500000004 0.41147916718750005 0.36815625 0.4180416671875 0.3656875 0.42350000000000004 0.356265625 0.4213125
7 0.20353125 0.49164583281249996 0.201125 0.496625 0.19914062500000002 0.5030625 0.20045312499999998 0.5092083328125 0.20375000000000001 0.5144791671875 0.199578125 0.5220833328125 0.19584375 0.5258958328125 0.195625 0.5355416671875 0.202 0.54375 0.20617187499999998 0.546375 0.21253125 0.54725 0.21912500000000001 0.5519375 0.22878125 0.5504791671875 0.23360937499999998 0.5469583328125001 0.23931249999999998 0.5197499999999999 0.23734375000000002 0.5121249999999999 0.22834374999999998 0.5083333328124999 0.21692187500000001 0.508625 0.21384375000000003 0.5048125 0.2131875 0.4995416671875 0.214953125 0.4957291671875 0.21034375 0.4884166671875 0.20353125 0.49164583281249996
9 0.77821875 0.1875208328125 0.78 0.1863333328125 0.78125 0.183 0.78053125 0.1722708328125 0.77821875 0.17108333281250002 0.77553125 0.170375 0.7753593750000001 0.1643958328125 0.775 0.1639375 0.7735624999999999 0.1632083328125 0.770875 0.1639375 0.77034375 0.1660833328125 0.77034375 0.170125 0.77053125 0.17275000000000001 0.767125 0.1741875 0.764796875 0.1765625 0.764796875 0.1798958328125 0.7658750000000001 0.1875208328125 0.7658750000000001 0.18895833281250002 0.76534375 0.1934791671875 0.763375 0.1987291671875 0.76265625 0.20231249999999998 0.76265625 0.2046875 0.76265625 0.2068333328125 0.76284375 0.2108958328125 0.76284375 0.2118541671875 0.764796875 0.21375000000000002 0.76640625 0.21400000000000002 0.768015625 0.20993750000000003 0.768015625 0.20612499999999997 0.769453125 0.2042083328125 0.769265625 0.2063541671875 0.7710625 0.200875 0.775 0.19683333281249998 0.777671875 0.1915833328125 0.77821875 0.1875208328125
9 0.951921875 0.42350000000000004 0.94359375 0.4221041671875 0.939078125 0.41516666718749995 0.936296875 0.409625 0.93353125 0.3989791671875 0.92796875 0.39758333281249997 0.9251875 0.3998958328125 0.9224218750000001 0.4100833328125 0.9182499999999999 0.41516666718749995 0.9238125 0.4221041671875 0.926578125 0.4387708328125 0.9369999999999999 0.4447916671875 0.9408125 0.44895833281249997 0.9369999999999999 0.47068750000000004 0.9408125 0.4757916671875 0.946015625 0.47485416718750006 0.9414999999999999 0.4688541671875 0.9477499999999999 0.449875 0.943234375 0.4308958328125 0.955390625 0.42720833281250004 0.951921875 0.42350000000000004
0 0.951609375 0.4096666671875 0.9474765625 0.40044791718750006 0.93884375 0.39627083281250003 0.9364062499999999 0.3926666671875 0.9364062499999999 0.3904791671875 0.9323281250000001 0.3904791671875 0.9323281250000001 0.39410416718749997 0.9309687500000001 0.39627083281250003 0.925 0.3991666671875 0.920109375 0.3995416671875 0.920109375 0.40170833281249996 0.925265625 0.40027083281250003 0.934234375 0.4013541671875 0.93559375 0.40316666718749994 0.9328749999999999 0.40822916718749996 0.9336874999999999 0.41039583281249997 0.9364062499999999 0.40787500000000004 0.9369531249999999 0.41147916718750005 0.940203125 0.411125 0.940203125 0.4169166671875 0.9415625000000001 0.41981250000000003 0.951609375 0.41872916718750003 0.952703125 0.4208958328125 0.9554218750000001 0.41981250000000003 0.9589531250000001 0.4223541671875 0.9603125 0.42741666718750004 0.96275 0.42814583281249996 0.9681875 0.42814583281249996 0.9714375000000001 0.4263333328125 0.9738906249999999 0.4234375 0.97578125 0.4176458328125 0.9755156250000001 0.40750000000000003 0.9733437500000001 0.3995416671875 0.970890625 0.3977291671875 0.96546875 0.3973541671875 0.967359375 0.3919375 0.9670937500000001 0.3778125 0.9564999999999999 0.37564583281249997 0.954328125 0.3731041671875 0.95325 0.37745833281249996 0.951609375 0.37454166718750004 0.9502499999999999 0.3821458328125 0.9556875 0.3875833328125 0.9573124999999999 0.39229166718749997 0.951609375 0.4096666671875
7 0.553390625 0.43200000000000005 0.558578125 0.42710416718750005 0.560875 0.41977083281249994 0.565609375 0.41772916718750003 0.56896875 0.42018750000000005 0.573140625 0.41723437499999994 0.5761406250000001 0.41772916718750003 0.579046875 0.41243749999999996 0.583703125 0.4179375 0.59134375 0.4218125 0.5898125000000001 0.40795833281249994 0.587515625 0.4065416671875 0.58859375 0.4024583328125 0.595 0.402875 0.599125 0.41264583281249995 0.6017187500000001 0.3994166671875 0.5930156249999999 0.3823125 0.588890625 0.3837291671875 0.589046875 0.39025 0.5805 0.3959583328125 0.5744687500000001 0.3908541671875 0.57140625 0.39025 0.57003125 0.374375 0.566984375 0.3812916671875 0.564078125 0.3719166671875 0.555375 0.3733541671875 0.55675 0.3825208328125 0.553234375 0.39575 0.5449843750000001 0.4042916671875 0.547734375 0.40756249999999994 0.54421875 0.4218125 0.5471250000000001 0.4285208328125 0.553390625 0.43200000000000005
7 0.100453125 0.4834791671875 0.10428124999999999 0.4860208328125 0.102578125 0.4990208328125 0.107671875 0.49083333281249997 0.10703125 0.4848958328125 0.11126562499999999 0.47839583281250003 0.115078125 0.4772708328125 0.11953125 0.478125 0.122296875 0.48462500000000003 0.11742187500000001 0.4959166671875 0.126109375 0.49818749999999995 0.137984375 0.48997916718749995 0.144765625 0.4925208328125 0.144328125 0.4871666671875 0.146875 0.49027083281249995 0.1479375 0.4888541671875 0.148578125 0.488 0.142 0.47416666718749995 0.147296875 0.4541041671875 0.145390625 0.44985416718750004 0.12356249999999999 0.46002083281250006 0.110203125 0.47670833281249997 0.1066875 0.48250000000000004 0.09818750000000001 0.4836666671875 0.09709375 0.47581249999999997 0.10037499999999999 0.4652083328125 0.09546875 0.4565 0.0935 0.44966666718750004 0.086203125 0.45445833281250003 0.083703125 0.45939583281249996 0.085546875 0.46260416718749997 0.079890625 0.4679791671875 0.080203125 0.4720416671875 0.07203125 0.48541666718750004 0.07203125 0.49020833281250004 0.072359375 0.491375 0.069859375 0.4995 0.072140625 0.5092291671875 0.075421875 0.5143125000000001 0.08562499999999999 0.5142916671875 0.0894375 0.5007291671874999 0.091984375 0.4882916671875 0.09621874999999999 0.4848958328125 0.100453125 0.4834791671875
7 0.620203125 0.4024375 0.618765625 0.4073333328125 0.6149375 0.4145833328125 0.6149375 0.4188541671875 0.6229218750000001 0.42395833281249995 0.6243593749999999 0.42864583281249996 0.630109375 0.4397291671875 0.635875 0.44185416718750004 0.6405000000000001 0.4407916671875 0.643375 0.4376041671875 0.6486562499999999 0.4324791671875 0.66703125 0.4256666671875 0.673265625 0.43162500000000004 0.678390625 0.4343958328125 0.688453125 0.42672916718750004 0.689890625 0.4190625 0.688609375 0.4096875 0.6855781249999999 0.4024375 0.680296875 0.3983958328125 0.673109375 0.39625 0.667359375 0.3817708328125 0.6638437500000001 0.3796458328125 0.6598437500000001 0.3843333328125 0.66015625 0.38879166718749997 0.6662343749999999 0.3960416671875 0.6683125000000001 0.3994583328125 0.67103125 0.40818750000000004 0.6643125000000001 0.4105416671875 0.6599999999999999 0.4105416671875 0.65121875 0.3949791671875 0.6467343750000001 0.3975416671875 0.64275 0.3983958328125 0.63603125 0.3975416671875 0.6296406250000001 0.39775 0.62740625 0.3979583328125 0.620203125 0.4024375
7 0.8524843750000001 0.7402916671875001 0.853140625 0.752375 0.857671875 0.7558333328125 0.8615468749999999 0.7661875 0.867703125 0.7718125 0.86996875 0.7718125 0.8744999999999999 0.7601458328125 0.8783749999999999 0.7588541671875 0.881296875 0.7528125 0.875796875 0.7472083328125 0.878703125 0.7420208328125 0.877734375 0.7394375 0.877734375 0.7333958328125 0.875796875 0.7204583328124999 0.855078125 0.720875 0.8544375000000001 0.7213125 0.8547499999999999 0.7312291671875 0.8524843750000001 0.7402916671875001
9 0.8234843749999999 0.6752916671875 0.8249375000000001 0.6713958328125 0.836140625 0.6704166671875 0.8439375 0.6662083328125 0.844171875 0.6616666671875 0.84490625 0.6499583328125 0.846859375 0.6402291671875 0.845640625 0.6278958328125 0.844171875 0.6249583328125 0.839796875 0.6220416671875 0.8393124999999999 0.6155625 0.839796875 0.609375 0.838828125 0.6051666671875 0.836140625 0.6032083328125 0.83321875 0.6038541671875 0.8283437499999999 0.6061458328125 0.827125 0.6074375 0.82640625 0.6129583328125 0.827125 0.619125 0.824453125 0.6230208328125 0.8205625 0.6262708328125 0.816421875 0.634375 0.8137343749999999 0.6512708328125 0.8154375 0.6548333328125 0.8203125 0.6525624999999999 0.8210468750000001 0.6587291671875 0.8188593750000001 0.6616666671875 0.8149531250000001 0.6652291671875 0.813015625 0.6713958328125 0.818125 0.6873125 0.8198281250000001 0.6882708328125 0.824203125 0.690875 0.8234843749999999 0.6752916671875
2 0.597421875 0.7743541671874999 0.598703125 0.7821875 0.60253125 0.7910416671875 0.601265625 0.7954791671875 0.6053437500000001 0.8067083328125 0.61709375 0.8189791671875 0.625265625 0.8155833328125001 0.62603125 0.8009375000000001 0.65465625 0.82 0.6998593750000001 0.8455416671875 0.7126406249999999 0.8867499999999999 0.718515625 0.8884583328125 0.7251562500000001 0.8884583328125 0.7328125 0.8830208328125 0.7478906249999999 0.8785833328124999 0.7910625 0.867 0.79540625 0.8537291671875 0.8089375000000001 0.8275 0.8265625 0.8060416671875 0.8436875 0.7992291671875 0.8495625 0.7951458328125 0.844953125 0.7559583328125 0.8360156249999999 0.6994374999999999 0.7831406249999999 0.6704791671875 0.72209375 0.6415208328124999 0.6334531250000001 0.6585625 0.6306406250000001 0.6629791671875 0.627828125 0.6667291671875 0.613015625 0.6990833328125 0.61121875 0.7031666671875 0.606625 0.7174791671875 0.598703125 0.7253125 0.597421875 0.732125 0.592828125 0.7634583328125 0.597421875 0.7743541671874999
7 0.38588125 0.5771875 0.3850625 0.5745208328125 0.395765625 0.576 0.39725 0.5705833328125001 0.40462499999999996 0.5784583328124999 0.40942187499999994 0.5725625 0.40904687500000003 0.5656666671874999 0.40573437500000004 0.5587708328125001 0.41090625000000003 0.5533750000000001 0.40904687500000003 0.5484375 0.41090625000000003 0.5356458328125 0.40684375 0.5386041671874999 0.401603125 0.54825 0.395390625 0.5518958328125 0.39503125 0.5459791671875001 0.3928125 0.5420416671875 0.388390625 0.5391041671875 0.387640625 0.536625 0.39096875 0.521875 0.38875000000000004 0.5243333328124999 0.38690625 0.5312291671875 0.38284375000000004 0.5243333328124999 0.37584375 0.5322083328125 0.37289062500000003 0.5317083328125001 0.37289062500000003 0.5248125 0.37140625 0.5253125 0.372515625 0.5489375 0.3691875 0.5592708328125 0.368453125 0.5720625 0.373984375 0.5887916671875 0.380640625 0.5868333328124999 0.38588125 0.5771875
1 0.60715625 0.7211458328125 0.60715625 0.7149791671875 0.6303124999999999 0.6641874999999999 0.67509375 0.6477083328125001 0.66840625 0.6195625 0.6648125 0.6195625 0.649359375 0.6092708328125 0.576265625 0.5735833328125 0.546921875 0.5749583328125001 0.5052187499999999 0.5818125000000001 0.486171875 0.6113333328125 0.479484375 0.6120208328125 0.474328125 0.6161458328125 0.4779375 0.6264375 0.4733125 0.6483958328125 0.47639062499999996 0.6737916671875 0.493375 0.69575 0.494921875 0.7108541671874999 0.507796875 0.7232083328125001 0.515515625 0.7101666671875 0.5567031250000001 0.73625 0.55721875 0.7444791671875 0.56184375 0.7595833328125 0.5716249999999999 0.7650833328125 0.583984375 0.7534166671875 0.5963437500000001 0.7602708328125 0.594796875 0.7575208328125 0.5963437500000001 0.7307708328125 0.60715625 0.7211458328125
13 0.26734375 0.1969166671875 0.286265625 0.2032291671875 0.29809375 0.2047916671875 0.29571875 0.20006249999999998 0.306359375 0.19375 0.363140625 0.18114583281250002 0.3655 0.1795625 0.3666875 0.1795625 0.37378125 0.1795625 0.384421875 0.18587499999999998 0.3950625 0.18587499999999998 0.39625 0.1827291671875 0.40453124999999995 0.165375 0.40925 0.1606458328125 0.40453124999999995 0.1480208328125 0.3950625 0.1385625 0.3666875 0.10387500000000001 0.352484375 0.0991458328125 0.32765625 0.0928333328125 0.240140625 0.11333333281249999 0.23540624999999998 0.12279166718750001 0.23776562499999998 0.1906041671875 0.26734375 0.1969166671875
9 0.059375 0.35625 0.0765625 0.35625 0.084375 0.3479166671875 0.0890625 0.35625 0.0953125 0.3604166671875 0.1109375 0.3604166671875 0.121875 0.3479166671875 0.140625 0.3625 0.1390625 0.3854166671875 0.146875 0.40208333281249997 0.153125 0.40625 0.165625 0.40625 0.171875 0.4166666671875 0.178125 0.42083333281249996 0.1984375 0.42083333281249996 0.18671875 0.45729166718750003 0.1890625 0.46458333281249997 0.1833984375 0.46692708281249995 0.1796875 0.47291666718750003 0.180078125 0.4765625 0.1765625 0.4791666671875 0.171875 0.49375 0.15625 0.49375 0.1453125 0.5020833328125 0.134375 0.48333333281249996 0.115625 0.48125 0.109375 0.48541666718750004 0.103125 0.49583333281249997 0.1015625 0.51875 0.0828125 0.525 0.0796875 0.5145833328125 0.06875 0.5020833328125 0.053125 0.5020833328125 0.04375 0.5104166671875 0.0390625 0.5229166671875001 0.040625 0.5645833328125 0.053125 0.5854166671875001 0.0703125 0.6041666671875 0.0859375 0.6041666671875 0.096875 0.5916666671875 0.1 0.58125 0.0984375 0.5625 0.115625 0.5583333328125 0.1234375 0.575 0.1296875 0.5791666671875 0.1453125 0.5791666671875 0.15625 0.5666666671875 0.159375 0.5583333328125 0.171875 0.5583333328125 0.1828125 0.5458333328125 0.1867846390625 0.5458082328125 0.2645331328125 0.557856425 0.2703125 0.55 0.27230798125 0.5590612453125 0.284375 0.5708333328124999 0.3 0.5708333328124999 0.309375 0.5604166671875 0.3111822296875 0.5650853421875001 0.637725903125 0.61568775 0.6453125 0.6375 0.6546875 0.6458333328125 0.6734375 0.64375 0.6932291671875 0.61180555625 0.7020833328125 0.61319444375 0.7046875 0.6083333328125 0.7109375 0.6145833328125 0.71875 0.6125 0.7234375 0.6166666671875001 0.7296875 0.6166666671875001 0.7328125 0.6125 0.7578125 0.6391666671875 0.765625 0.6416666671875 0.7640625 0.6458333328125 0.7671875 0.6645833328124999 0.7734375 0.675 0.7796875 0.6791666671875001 0.7953125 0.6791666671875001 0.7953125 0.66875 0.790625 0.6541666671875 0.79609375 0.6510416671875 0.7953125 0.64375 0.799609375 0.6401041671875001 0.809375 0.65 0.834375 0.6541666671875 0.840625 0.66875 0.828125 0.6729166671875 0.828125 0.6875 0.825 0.6979166671875 0.825 0.7479166671875 0.8296875 0.7604166671875 0.8390625 0.76875 0.8578125 0.7666666671875 0.865625 0.75625 0.86875 0.7458333328125 0.86875 0.73125 0.8640625 0.7229166671875 0.865625 0.7208333328125 0.85 0.7208333328125 0.846875 0.71875 0.8453125 0.7104166671875001 0.8453125 0.7 0.8515625 0.68125 0.8578125 0.6729166671875 0.8703125 0.6770833328125 0.8703125 0.6645833328124999 0.8625 0.6479166671875001 0.9254111843749999 0.5064692984375 0.925 0.49791666718750005 0.94375 0.5 0.95625 0.48333333281249996 0.9578125 0.46458333281249997 0.9546875 0.45416666718750004 0.946875 0.44375 0.946875 0.42291666718750004 0.959375 0.42083333281249996 0.96875 0.41041666718750003 0.971875 0.40208333281249997 0.9703125 0.3125 0.9765625 0.2979166671875 0.9765625 0.2666666671875 0.9734375 0.25625 0.9625 0.24375 0.946875 0.24375 0.940625 0.21875 0.9515625 0.20625 0.9546875 0.19583333281249998 0.953125 0.1770833328125 0.94375 0.1625 0.9125 0.1625 0.90625 0.1666666671875 0.9 0.1770833328125 0.8984375 0.1833333328125 0.900625 0.19347222343749998 0.8984375 0.2 0.84921875 0.2140625 0.8421875 0.20833333281250002 0.8453125 0.1979166671875 0.8453125 0.1854166671875 0.8421875 0.175 0.83125 0.1625 0.815625 0.1625 0.80625 0.1708333328125 0.8015625 0.1833333328125 0.803125 0.20625 0.809375 0.2166666671875 0.815625 0.2208333328125 0.8140625 0.24583333281250003 0.7984375 0.24583333281250003 0.7921875 0.25 0.784375 0.2666666671875 0.784375 0.2833333328125 0.77625 0.2851388890625 0.7765625 0.28958333281250004 0.765625 0.2875 0.7625 0.2791666671875 0.7515625 0.2666666671875 0.7453125 0.2666666671875 0.7390625 0.2604166671875 0.7234375 0.2604166671875 0.7140625 0.26875 0.709375 0.28125 0.69375 0.28125 0.6828125 0.2916666671875 0.6703125 0.2958333328125 0.6640625 0.30625 0.6609375 0.30625 0.65 0.29375 0.634375 0.29375 0.628125 0.2979166671875 0.61875 0.2833333328125 0.609375 0.28125 0.5953125 0.2625 0.5890625 0.2625 0.584375 0.25833333281250004 0.56875 0.25833333281250004 0.5625 0.2625 0.55625 0.27291666718749996 0.5546875 0.3 0.55 0.30416666718749996 0.5453125 0.3166666671875 0.534375 0.3166666671875 0.5203125 0.33125 0.5078125 0.3145833328125 0.4921875 0.3145833328125 0.484375 0.32083333281250004 0.4796875 0.3145833328125 0.4828125 0.30416666718749996 0.4828125 0.2916666671875 0.4796875 0.28125 0.46875 0.26875 0.453125 0.26875 0.446875 0.27291666718749996 0.440625 0.2833333328125 0.4359375 0.30416666718749996 0.4234375 0.30416666718749996 0.4171875 0.3083333328125 0.4078125 0.3229166671875 0.3875 0.32083333281250004 0.3734375 0.33125 0.3509375 0.30041666718750004 0.3453125 0.2979166671875 0.3484375 0.2875 0.3484375 0.275 0.3453125 0.2645833328125 0.334375 0.2520833328125 0.31875 0.2520833328125 0.26570723749999997 0.1073464921875 0.28125 0.10625 0.29375 0.0895833328125 0.29375 0.0645833328125 0.28125 0.0479166671875 0.265625 0.0479166671875 0.259375 0.05208333281250001 0.2515625 0.06875 0.255098684375 0.0783991234375 0.2515625 0.08541666718749999 0.14761029375 0.11568627499999999 0.1421875 0.08333333281250001 0.1296875 0.0666666671875 0.1140625 0.0666666671875 0.1078125 0.07083333281250001 0.1 0.0875 0.09375 0.08541666718749999 0.08125 0.06875 0.065625 0.06875 0.059375 0.07291666718749999 0.0515625 0.0895833328125 0.0515625 0.10625 0.059375 0.12291666718750001 0.065625 0.1270833328125 0.08125 0.1270833328125 0.0921875 0.1145833328125 0.0953125 0.1041666671875 0.1 0.1041666671875 0.1078125 0.1208333328125 0.1171875 0.125 0.1171875 0.22916666718749998 0.1078125 0.2375 0.103125 0.25 0.1046875 0.27291666718749996 0.1109375 0.2833333328125 0.1171875 0.28676470625 0.1171875 0.29754901875 0.1140625 0.30416666718749996 0.0953125 0.3020833328125 0.0828125 0.2666666671875 0.071875 0.2541666671875 0.05625 0.2541666671875 0.05 0.25833333281250004 0.040625 0.2791666671875 0.040625 0.3125 0.046875 0.3416666671875 0.053125 0.35208333281250004 0.059375 0.35625
7 0.8046875 0.3541666671875 0.80625 0.36875 0.8109375 0.375 0.8390625 0.375 0.8671875 0.35625 0.8734375 0.36666666718749996 0.8828125 0.36666666718749996 0.890625 0.35208333281250004 0.89375 0.35625 0.9375 0.35625 0.9421875 0.3541666671875 0.946875 0.34375 0.946875 0.33541666718749996 0.9421875 0.3270833328125 0.9390625 0.3125 0.9171875 0.29375 0.8984375 0.29375 0.8921875 0.30625 0.8875 0.30625 0.8828125 0.3125 0.8796875 0.3125 0.875 0.30416666718749996 0.865625 0.30416666718749996 0.859375 0.3125 0.8484375 0.3166666671875 0.8421875 0.325 0.8390625 0.325 0.8375 0.3145833328125 0.8328125 0.30625 0.8234375 0.30625 0.81875 0.3125 0.8171875 0.33125 0.8109375 0.3270833328125 0.8015625 0.3270833328125 0.796875 0.3333333328125 0.796875 0.3479166671875 0.8015625 0.3541666671875 0.8046875 0.3541666671875