9 0.55076923125 0.4162 0.5667806265625 0.41844000000000003 0.5731908828125001 0.41396 0.58598290625 0.39598 0.576381765625 0.38473999999999997 0.57957265 0.37574 0.57957265 0.369 0.57957265 0.3308 0.57957265 0.31732 0.576381765625 0.3016 0.5827920234375 0.30384 0.6596011390625 0.3263 0.7044159546875 0.3263 0.72042735 0.31956 0.7332478625000001 0.30608 0.7524501421875 0.28136 0.755641025 0.2544 0.7460398859375 0.24316 0.7396296296875 0.23192 0.736438746875 0.22968000000000002 0.7236182343750001 0.2162 0.7172364671875 0.20495999999999998 0.7044159546875 0.19148 0.6628205125 0.16002 0.6468091171875 0.15102 0.598774928125 0.1353 0.57957265 0.1308 0.5635612531249999 0.1263 0.5603703703125 0.1308 0.541168090625 0.12856 0.51555555625 0.14204 0.5091452984375 0.14878 0.5027635328125 0.13979999999999998 0.49635327656249995 0.13754 0.48994302031250003 0.1263 0.477150996875 0.11956 0.464330484375 0.10384 0.4451282046875 0.09934 0.4227350421875 0.10608 0.40031339062500004 0.11057999999999998 0.39712250781249997 0.12182 0.38430199374999996 0.1308 0.3683190890625 0.13754 0.365099715625 0.15778 0.3811111109375 0.16002 0.40031339062500004 0.15778 0.40991452968750003 0.15328 0.41951566875 0.16452 0.42592592656250006 0.17350000000000002 0.435527065625 0.18024 0.44193732187499996 0.18024 0.45153846093750005 0.18474 0.4611396015625 0.18697999999999998 0.464330484375 0.18697999999999998 0.4739316234375 0.18697999999999998 0.4867521375 0.18024 0.49316239375000004 0.18024 0.505954415625 0.18697999999999998 0.5027635328125 0.19372 0.5027635328125 0.19822 0.51555555625 0.20272 0.5219658125 0.21396 0.512364671875 0.21396 0.49316239375000004 0.22744 0.48353276406249995 0.22294 0.46754985781249997 0.22069999999999998 0.45153846093750005 0.22518 0.44834757812500003 0.24542000000000003 0.42592592656250006 0.32856 0.42911680937499996 0.35552 0.42592592656250006 0.35778 0.41951566875 0.36676000000000003 0.413133903125 0.37574 0.39712250781249997 0.378 0.365099715625 0.37574 0.3523076921875 0.378 0.35549857500000004 0.39371999999999996 0.39712250781249997 0.4072 0.43233618281249997 0.41844000000000003 0.4739316234375 0.42518 0.48353276406249995 0.42294 0.4867521375 0.41396 0.48994302031250003 0.40496 0.5187464390625001 0.4072 0.52837606875 0.4072 0.55076923125 0.4162
9 0.12475783437500002 0.88202 0.12475783437500002 0.8785000000000001 0.12076923125000001 0.8630800000000001 0.11675213749999999 0.8525600000000001 0.1177492875 0.84274 0.1617094015625 0.8350199999999999 0.1477207984375 0.8244999999999999 0.1327350421875 0.8202999999999999 0.104786325 0.81608 0.104786325 0.8104799999999999 0.10076923125 0.7985599999999999 0.0857834765625 0.79014 0.07279202343749999 0.78804 0.0568091171875 0.7985599999999999 0.055811965625 0.8076800000000001 0.0608262109375 0.81188 0.0707977203125 0.8238 0.06282051250000001 0.8350199999999999 0.065811965625 0.85326 0.094786325 0.8792 0.1097720796875 0.8869199999999999 0.12475783437500002 0.88202
9 0.44957265 0.7157600000000001 0.44863247812499996 0.70802 0.43945868906249996 0.70414 0.43301994375 0.6977 0.41923076875 0.6925399999999999 0.3944159546875 0.70286 0.40176638125 0.71706 0.40452991406249994 0.7254400000000001 0.3971794875 0.7306 0.391652421875 0.75062 0.41002849062499996 0.7712600000000001 0.5129914531249999 0.74352 0.477150996875 0.7119 0.44957265 0.7157600000000001
9 0.6473789171875 0.67834 0.66301994375 0.69126 0.68415954375 0.69512 0.7108262109375 0.68674 0.74851851875 0.6822199999999999 0.7531054125 0.67964 0.73105413125 0.6648 0.71358974375 0.65576 0.7108262109375 0.64802 0.6979487171875001 0.63446 0.6740455843750001 0.63188 0.661168090625 0.6364 0.655669515625 0.6506000000000001 0.6602564109375 0.6635 0.6501424499999999 0.66932 0.638205128125 0.6725399999999999 0.6473789171875 0.67834
9 0.57880341875 0.6374 0.5731054125 0.64186 0.5686609687499999 0.64986 0.565498575 0.65698 0.575641025 0.6583 0.5750142453125 0.66054 0.5686609687499999 0.66142 0.5686609687499999 0.66454 0.5775498578125 0.6672 0.5800854703125 0.67032 0.5857834765625001 0.6765399999999999 0.5768945875 0.6809999999999999 0.5731054125 0.6787799999999999 0.5642450140624999 0.67832 0.5623361828125 0.6823400000000001 0.5566381765624999 0.6876599999999999 0.54837606875 0.6912200000000001 0.5477492875000001 0.6916800000000001 0.5674074078125 0.72814 0.57119658125 0.72592 0.57373219375 0.72814 0.5921082625 0.72282 0.5908547015625001 0.72058 0.59908831875 0.71702 0.65866096875 0.70458 0.66626780625 0.7005600000000001 0.6592877500000001 0.6965600000000001 0.6516809109375 0.6899 0.6415384609375 0.67788 0.6364672359375 0.67476 0.6136467234375 0.6676599999999999 0.60923076875 0.64852 0.604786325 0.63784 0.5908547015625001 0.63296 0.58957265 0.6342800000000001 0.58957265 0.63384 0.5883190890625001 0.63384 0.5876638171875 0.6342800000000001 0.5851566953125 0.6356200000000001 0.57880341875 0.6374
8 0.3223931625 0.40438 0.32022792031249997 0.40940000000000004 0.325954415625 0.41946000000000006 0.333133903125 0.42148 0.3409971515625 0.42098 0.3481766375 0.42347999999999997 0.3660683765625 0.42851999999999996 0.382564103125 0.43052 0.38398860468749996 0.43354 0.3775498578125 0.43606 0.3632193734375 0.43806 0.357492878125 0.43958 0.354615384375 0.43354 0.3467521375 0.43204000000000004 0.3388603984375 0.43454 0.333846153125 0.43806 0.3352706546875 0.4436 0.3402849 0.44862 0.3417378921875 0.45316 0.34746438749999997 0.45366 0.35603988593749997 0.44762 0.41692307656249994 0.44611999999999996 0.4205128203125 0.44862 0.4061823359375 0.45316 0.4033333328125 0.45868000000000003 0.4090598296875 0.46724 0.414786325 0.47126 0.4226780625 0.46974 0.426239315625 0.46372 0.4921367515625 0.4627 0.49786324843749996 0.46874000000000005 0.5107692312500001 0.46924 0.5164957265625 0.4627 0.5107692312500001 0.44862 0.5021652421875 0.44711999999999996 0.492849003125 0.45064000000000004 0.4921367515625 0.45366 0.4770940171875 0.45316 0.47065527031250004 0.45316 0.467777778125 0.45064000000000004 0.479259259375 0.44210000000000005 0.522222221875 0.44058 0.5329629625 0.43556 0.5279487171875 0.43052 0.5086039890625 0.42901999999999996 0.4770940171875 0.42248 0.43985755 0.41746 0.3947293453125 0.4074 0.38398860468749996 0.40990000000000004 0.382564103125 0.4069 0.3703703703125 0.40186 0.3718233625 0.40035999999999994 0.35176638125 0.39683999999999997 0.33598290625 0.39784 0.32669515625 0.40035999999999994 0.3223931625 0.40438
9 0.091310540625 0.8894 0.0671225078125 0.86502 0.0505128203125 0.84486 0.0429629625 0.8385 0.032364671875 0.8183400000000001 0.0051851859375000005 0.81304 0 0.83002 0.0127350421875 0.85334 0.0036752140625 0.85972 0.0006552703125 0.92228 0 0.9233399999999999 0.09584045625 0.8968400000000001 0.091310540625 0.8894
9 0.4065242171875 0.77012 0.40284900312499994 0.76288 0.393276353125 0.75358 0.39105413125 0.74532 0.394757834375 0.73756 0.3969515671875 0.7298 0.391794871875 0.72774 0.3873789171875 0.7230800000000001 0.3888603984375 0.7097 0.3851851859375 0.70608 0.3829629625 0.6973 0.37190883124999996 0.69368 0.3557264953125 0.6942 0.34908831875 0.7029799999999999 0.3527635328125 0.7122200000000001 0.35498575468750004 0.71894 0.36014245 0.72722 0.3527635328125 0.73808 0.3535042734375 0.7473799999999999 0.35646723593749996 0.7577200000000001 0.3638176640625 0.7691 0.36971509999999996 0.77788 0.37119658125 0.78098 0.40948717968750004 0.77116 0.4065242171875 0.77012
9 1 0.5641200000000001 0.9929344734375001 0.56246 0.9905698 0.5442 0.9775498578124999 0.52842 0.9598290593750001 0.5251 0.942079771875 0.53174 0.942079771875 0.53756 0.9456410249999999 0.54668 0.9503703703124999 0.55666 0.9621937328125 0.56246 0.9669230765625001 0.5690999999999999 0.9574643875 0.5724199999999999 0.943276353125 0.58238 0.937350428125 0.5973200000000001 0.937350428125 0.61226 0.9456410249999999 0.61226 0.9491737890625 0.62472 0.9491737890625 0.62554 0.9621937328125 0.6263799999999999 0.9775498578124999 0.6272 0.9811111109375 0.63884 1 0.66374 1 0.5641200000000001
9 0.8198290593750001 0.6073999999999999 0.7782905984374999 0.59444 0.7605128203125 0.58982 0.7440170937499999 0.5912 0.7367806265625 0.59444 0.731509971875 0.60138 0.726239315625 0.6152599999999999 0.7242450140625001 0.6222000000000001 0.7328205125 0.62498 0.7440170937499999 0.6184999999999999 0.748632478125 0.6199 0.7493162390625 0.62452 0.7525925921875001 0.62452 0.75851851875 0.62498 0.7638176640625 0.62822 0.7703988609375 0.62592 0.7763247859375 0.61898 0.7815954421875 0.6208199999999999 0.78358974375 0.62498 0.7809401703125001 0.64256 0.790170940625 0.6490400000000001 0.8033618234375 0.66432 0.8026780625000001 0.66478 0.8587179484374999 0.6495 0.8198290593750001 0.6073999999999999
9 0.769886040625 0.64872 0.7478062671875 0.62836 0.73014245 0.62436 0.72823361875 0.6195 0.7269800562500001 0.60178 0.715641025 0.59912 0.7017378921875 0.60178 0.693561253125 0.60754 0.6960683765625 0.6150599999999999 0.70301994375 0.6256999999999999 0.715641025 0.63456 0.708689459375 0.64474 0.7124786328125 0.6544800000000001 0.7433903140625 0.67308 0.7566381765625 0.67752 0.774928775 0.67574 0.769886040625 0.64872
9 0.6528490031249999 0.65962 0.6478347578125 0.65728 0.6478347578125 0.6443800000000001 0.63612535625 0.6361600000000001 0.6327920234375 0.63226 0.6149857546875 0.6295200000000001 0.6060683765625 0.6346 0.6082905984375 0.65142 0.6144159546875 0.66704 0.6327920234375 0.67292 0.6394871796875 0.6776 0.67176638125 0.678 0.67176638125 0.67642 0.66176638125 0.6651 0.6528490031249999 0.65962
9 0.35772079843750004 0.76874 0.359886040625 0.76192 0.3512535609375 0.74674 0.3372079765625 0.73308 0.313418803125 0.7384000000000001 0.29937321875 0.7604 0.318831909375 0.7786 0.303703703125 0.7884599999999999 0.3069230765625 0.8006 0.366381765625 0.78468 0.3696296296875 0.7786 0.35772079843750004 0.76874