2 0.718578125 1 0.718578125 0.99925 0.7053906249999999 0.9816666671875 0.6875 0.9502916671875001 0.6705625000000001 0.9402291671875 0.644203125 0.9414999999999999 0.600890625 0.94525 0.5942968750000001 0.94275 0.566984375 0.9741250000000001 0.5538125 0.9829166671875 0.5528593749999999 0.9866875 0.5453281249999999 0.9942291671874999 0.583 1 0.632890625 1 0.718578125 1
2 0.59815625 0.9477916671875001 0.605328125 0.9297291671875 0.59975 0.9095416671875001 0.5965625 0.8850833328125001 0.57265625 0.8787083328125 0.551921875 0.8776458328125001 0.528 0.8818958328125 0.516046875 0.9042083328125001 0.543953125 0.9477916671875001 0.559890625 0.9563124999999999 0.59815625 0.9477916671875001
2 0.43937499999999996 0.9582708328124999 0.47225 0.9602083328125 0.486859375 0.97775 0.5 0.963125 0.5255625 0.9592291671875 0.5350625 0.963125 0.541625 0.9465833328125 0.5255625 0.9202916671875 0.50584375 0.8920416671875 0.48465625 0.8901041671875 0.43499999999999994 0.8939999999999999 0.435734375 0.8969166671875 0.420390625 0.9241875 0.43937499999999996 0.9582708328124999
2 0.2983125 0.9570833328124999 0.296125 0.9648749999999999 0.29465625 0.9804583328125 0.29978125 0.9853333328125 0.309265625 0.9843541671875 0.32021875 0.9843541671875 0.33264062499999997 0.9882500000000001 0.348703125 0.9882500000000001 0.356015625 0.9892291671875 0.358203125 0.9970208328125001 0.361859375 0.9989583328125 0.370625 0.9970208328125001 0.375734375 0.9970208328125001 0.3771875 0.9862916671875 0.381578125 0.9823958328125 0.389609375 0.9814375 0.397640625 0.9814375 0.40640625 0.9794791671875 0.41370312499999995 0.9794791671875 0.41662499999999997 0.983375 0.42028125000000005 0.9862916671875 0.42612500000000003 0.9882500000000001 0.4305 0.9872708328125 0.432703125 0.9794791671875 0.43415625 0.9765625 0.434890625 0.9736458328125 0.434890625 0.9648749999999999 0.4378125 0.9580624999999999 0.43634375 0.9502708328124999 0.43196874999999996 0.9405416671875001 0.425390625 0.9327500000000001 0.42028125000000005 0.927875 0.41809375 0.9288541671875 0.41370312499999995 0.9239791671875001 0.41224999999999995 0.9181458328125001 0.40421874999999996 0.9103541671875 0.3910625 0.9035208328125 0.38303125 0.9006041671875 0.370625 0.8976875 0.353828125 0.8986666671875 0.32753125 0.9006041671875 0.305625 0.9083958328125 0.301234375 0.9210625 0.2983125 0.927875 0.29685937500000004 0.9356666671875 0.29175 0.9424791671875001 0.289546875 0.9483124999999999 0.291015625 0.9512499999999999 0.296125 0.9512499999999999 0.2983125 0.9570833328124999
2 0.17285937499999998 0.9985208328124999 0.205484375 1 0.26228125 0.9968958328124999 0.27315625 0.9968958328124999 0.29975 0.9920625 0.293703125 0.971125 0.28040625 0.9421250000000001 0.27678125 0.9421250000000001 0.268328125 0.9421250000000001 0.246578125 0.9227916671875 0.23570312499999999 0.9147291671875 0.20790625000000001 0.9115208328125 0.174078125 0.9163541671875001 0.151109375 0.9179583328125 0.136609375 0.9195625 0.136609375 0.9356875 0.13178125000000002 0.9485625000000001 0.122109375 0.9598541671874999 0.10760937500000001 0.9743541671875 0.11003125 0.9727291671874999 0.1088125 0.9872291671875001 0.10278125 1 0.17285937499999998 0.9985208328124999
8 0.48359375 0.1649791671875 0.48521875000000003 0.15775 0.4881875 0.1476666671875 0.4930625 0.13325 0.49765625 0.123875 0.500359375 0.12097916718749999 0.50684375 0.1213541671875 0.5179375 0.11125 0.50928125 0.10225 0.49629687499999997 0.1130625 0.49928125 0.1188333328125 0.49468750000000006 0.12675 0.490625 0.13325 0.48873437500000005 0.1379375 0.48603125 0.14297916718749998 0.48440625 0.1483958328125 0.48359375 0.15704166718749998 0.480625 0.16568750000000002 0.477640625 0.1728958328125 0.47385937499999997 0.1793958328125 0.46439062499999995 0.1847916671875 0.468453125 0.1887708328125 0.473328125 0.1844375 0.478734375 0.17614583281250001 0.481703125 0.1721875 0.48359375 0.1649791671875
8 0.747015625 0.2119583328125 0.7434375 0.2229583328125 0.73590625 0.2368125 0.7206718750000001 0.2413541671875 0.7185312500000001 0.2432708328125 0.71978125 0.24685416718750003 0.731421875 0.24685416718750003 0.735734375 0.2430208328125 0.741109375 0.2358541671875 0.7488125 0.22033333281249998 0.758671875 0.21531250000000002 0.757765625 0.2062291671875 0.751859375 0.20431249999999998 0.747015625 0.2119583328125
8 0.618953125 0.24737499999999998 0.615046875 0.2395416671875 0.60528125 0.23889583281250001 0.606734375 0.2395416671875 0.6140625 0.2460625 0.618953125 0.24737499999999998
8 0.540546875 0.5105833328125 0.542765625 0.5084583328125001 0.547359375 0.5046666671875 0.552734375 0.5002500000000001 0.551625 0.4926458328125 0.542296875 0.48989583281250004 0.5370781250000001 0.4918125 0.5337500000000001 0.496875 0.532484375 0.5023541671875 0.534546875 0.5074166671875 0.534390625 0.5078333328125 0.534546875 0.5086666671875 0.540546875 0.5105833328125
8 0.3640625 0.3549583328125 0.37174999999999997 0.3523333328125 0.374609375 0.34208333281250003 0.376765625 0.336125 0.37890625 0.3337291671875 0.380328125 0.3332708328125 0.383546875 0.3332708328125 0.386421875 0.3318333328125 0.387484375 0.3275416671875 0.386765625 0.325625 0.38140625 0.32277083281249996 0.376578125 0.3242083328125 0.376046875 0.3323125 0.362640625 0.3456666671875 0.3628125 0.3511458328125 0.3640625 0.3549583328125
8 0.78334375 0.7271458328125 0.80103125 0.6953750000000001 0.811890625 0.6935208328125 0.8166249999999999 0.6862708328125 0.816078125 0.6706666671875 0.80771875 0.668625 0.799359375 0.6786666671875 0.7935 0.6950000000000001 0.780265625 0.7174791671875 0.77553125 0.7128333328124999 0.7689843749999999 0.7165416671875 0.775953125 0.7262083328125 0.78334375 0.7271458328125
8 0.88696875 0.464375 0.9114218749999999 0.4521041671875 0.9114218749999999 0.45043749999999994 0.9166874999999999 0.44895833281249997 0.9152968749999999 0.44352083281250004 0.909375 0.44333333281250004 0.905828125 0.4452708328125 0.90359375 0.44456249999999997 0.9014218749999999 0.4455416671875 0.901359375 0.4467708328125 0.9067500000000001 0.4455416671875 0.9067500000000001 0.44887499999999997 0.9088593749999999 0.45175 0.8865624999999999 0.46237500000000004 0.88696875 0.464375
8 0.668859375 0.568 0.668859375 0.5668958328125 0.667359375 0.5663958328125 0.666765625 0.5662083328125 0.665359375 0.5658125 0.664390625 0.5658125 0.662890625 0.5658125 0.66215625 0.5667083328125 0.66215625 0.5682916671875 0.662890625 0.5696875 0.6637187499999999 0.5703750000000001 0.6639375000000001 0.5712708328125 0.66490625 0.571875 0.6655 0.5701875000000001 0.666546875 0.569875 0.667296875 0.569875 0.668859375 0.568
8 0.454890625 0.5577916671875001 0.454890625 0.5513333328125001 0.45131249999999995 0.5513333328125001 0.450265625 0.5572291671875 0.44540625 0.565375 0.446671875 0.5662083328125 0.45131249999999995 0.5577916671875001 0.454890625 0.5577916671875001
2 0.84871875 0.9799791671875001 0.8276875 0.9883958328125001 0.8150625 0.999625 0.9923125 1 0.9497031249999999 0.9806874999999999 0.885546875 0.977875 0.84871875 0.9799791671875001
8 0.6711875 0.7062916671874999 0.672703125 0.7116875 0.67471875 0.7103333328125 0.67471875 0.7083125 0.6711875 0.7062916671874999
9 0.65315625 0.9223958328125 0.653328125 0.92425 0.65296875 0.9433958328125 0.6574687499999999 0.9427083328125001 0.657125 0.9343958328124999 0.65903125 0.9334791671874999 0.66196875 0.9433958328125 0.663359375 0.9433958328125 0.662484375 0.9290833328125 0.663015625 0.9279375 0.6623125 0.9182499999999999 0.6609375 0.9113333328125 0.6585156249999999 0.9076458328125 0.65834375 0.9041874999999999 0.655390625 0.90025 0.65315625 0.9009583328125 0.652453125 0.9027916671874999 0.652796875 0.9083333328125001 0.65003125 0.9115624999999999 0.6496875 0.9201041671875 0.6505468750000001 0.919875 0.65125 0.9193958328124999 0.65315625 0.9223958328125
9 0.7778906250000001 0.874875 0.7765625 0.8753333328125 0.7722187500000001 0.8766666671875001 0.772546875 0.882 0.7732187500000001 0.88825 0.770546875 0.8900416671875 0.771203125 0.9069791671875 0.781234375 0.907875 0.783921875 0.9020625000000001 0.7809062499999999 0.8855833328125 0.7778906250000001 0.874875
8 0.42589062499999997 0.2776458328125 0.42575 0.280125 0.43228125000000006 0.276125 0.433984375 0.2736666671875 0.435265625 0.2715833328125 0.436265625 0.2679791671875 0.4345625 0.2641875 0.43128124999999995 0.2653333328125 0.428875 0.2683541671875 0.42787499999999995 0.27195833281250004 0.42589062499999997 0.2776458328125
8 0.221875 0.66875 0.23125 0.66875 0.2359375 0.6604166671875 0.2359375 0.6520833328125 0.2734375 0.6333333328124999 0.278125 0.6395833328125 0.2875 0.6395833328125 0.2921875 0.63125 0.2921875 0.6229166671875 0.3296875 0.6208333328125 0.334375 0.6270833328125 0.34375 0.6270833328125 0.3484375 0.61875 0.3609375 0.6104166671875 0.3609375 0.6229166671875 0.365625 0.6291666671875 0.375 0.6291666671875 0.3796875 0.6208333328125 0.3796875 0.6125 0.41450892812499995 0.5925595234375 0.3819196421875 0.60029761875 0.375 0.6041666671875 0.373772321875 0.60223214375 0.365625 0.6041666671875 0.35 0.603125 0.3484375 0.6104166671875 0.34375 0.6020833328124999 0.334375 0.6020833328124999 0.3296875 0.6083333328125 0.3263392859375 0.6038690484375 0.294196428125 0.6110119046875 0.2875 0.6145833328125 0.2861607140625 0.6127976187499999 0.278125 0.6145833328125 0.2734375 0.6208333328125 0.27008928593750003 0.61875 0.23794642812500003 0.6354166671875 0.23125 0.64375 0.2299107140625 0.6395833328125 0.221875 0.64375 0.2171875 0.65 0.2171875 0.6625 0.221875 0.66875
8 0.47890625 0.590625 0.478125 0.6041666671875 0.4828125 0.6104166671875 0.481640625 0.6135416671875 0.484375 0.6135416671875 0.48515625 0.6229166671875 0.4890625 0.6276041671875 0.488671875 0.6322916671875001 0.4921875 0.6416666671875 0.4875 0.6479166671875001 0.4875 0.6604166671875 0.4921875 0.6666666671875 0.5015625 0.6666666671875 0.50625 0.6583333328125 0.50625 0.65 0.5015625 0.6416666671875 0.49375 0.6416666671875 0.4859375 0.6104166671875 0.5015625 0.60625 0.5046875 0.6020833328124999 0.50625 0.5895833328125 0.51063988125 0.5858134921875 0.5802827374999999 0.6054563500000001 0.6375 0.64375 0.6421875 0.65 0.6671875 0.7020833328125 0.6671875 0.7145833328125 0.671875 0.7104166671875001 0.671875 0.7208333328125 0.68125 0.7208333328125 0.6859375 0.7125 0.6859375 0.7041666671875 0.68125 0.6958333328124999 0.671875 0.6958333328124999 0.6549107140625 0.6541666671875 0.6515625 0.65 0.6506696421875 0.64375 0.65625 0.6416666671875 0.65625 0.63125 0.6515625 0.6229166671875 0.646428571875 0.6333333328124999 0.6421875 0.6229166671875 0.6375 0.6291666671875 0.6344494046875 0.6207341265624999 0.5880208328125 0.6076388890625 0.50703125 0.5677083328125 0.5125 0.55625 0.5328125 0.5270833328125 0.5328125 0.5104166671875 0.5296875 0.50625 0.5171875 0.5083333328124999 0.5125 0.5 0.503125 0.5 0.4984375 0.50625 0.4984375 0.51875 0.5046875 0.525 0.5046875 0.5291666671875 0.4859375 0.5583333328125 0.430803571875 0.5886904765625001 0.4796875 0.5770833328125 0.4874255953125 0.5792658734375 0.47890625 0.590625