8 0.43257812500000004 0.4831058828125 0.435453125 0.48647058750000005 0.43481249999999994 0.4696235296875 0.4463125 0.469152940625 0.444078125 0.45230588281250006 0.44151562499999997 0.42776470624999996 0.43671875 0.4263294125 0.434171875 0.42919999999999997 0.434171875 0.45567058749999995 0.43257812500000004 0.4831058828125
8 0.365140625 0.0005882359375 0.365140625 0.0703294125 0.421078125 0.06720000000000001 0.419515625 0 0.365140625 0.0005882359375
8 0.45728125000000003 0.37894117656250004 0.455875 0.370117646875 0.454203125 0.36296470625 0.45531249999999995 0.3576941171875 0.45251562500000003 0.3564235296875 0.450703125 0.360847059375 0.450703125 0.37390588281250003 0.449875 0.38063529375 0.45307812500000005 0.38357647031250003 0.45754687499999996 0.38294117656250004 0.45728125000000003 0.37894117656250004
8 0.4379375 0.3864941171875 0.43920312499999997 0.38757647031250003 0.44278125 0.385952940625 0.44457812499999994 0.3827294125 0.44368749999999996 0.3703058828125 0.44296875 0.363552940625 0.44153125 0.357882353125 0.439015625 0.357882353125 0.43865625 0.35976470625 0.43865625 0.364352940625 0.43776562500000005 0.3692235296875 0.43865625 0.3778588234375 0.4379375 0.3864941171875
8 0.46096875 0.35237647031249997 0.464078125 0.35237647031249997 0.464359375 0.3425882359375 0.464359375 0.3353411765625 0.46520312500000005 0.3332 0.46293749999999995 0.33065882343749997 0.46068749999999997 0.3298117640625 0.458984375 0.3298117640625 0.45757812500000006 0.331082353125 0.45671875 0.33407058749999996 0.455875 0.3383294125 0.455875 0.3425882359375 0.45757812500000006 0.3515294125 0.458703125 0.3498117640625 0.460125 0.35237647031249997 0.46096875 0.35237647031249997
8 0.435015625 0.3248235296875 0.43259375 0.324517646875 0.4295625 0.326352940625 0.4305625 0.3327294125 0.428546875 0.34644705937500003 0.430171875 0.3802588234375 0.431171875 0.3802588234375 0.43178124999999995 0.3802588234375 0.43259375 0.3784235296875 0.433 0.3763058828125 0.43360937499999996 0.3756941171875 0.43562500000000004 0.3775058828125 0.43562500000000004 0.3829882359375 0.43784375000000003 0.3793411765625 0.43784375000000003 0.3772 0.43784375000000003 0.3665411765625 0.43804687500000006 0.349482353125 0.43521875000000004 0.3433882359375 0.435828125 0.33456470625 0.435015625 0.3248235296875
8 0.478984375 0.43016470625 0.48587499999999995 0.42863529375000003 0.484859375 0.4020941171875 0.482828125 0.40056470624999996 0.48181250000000003 0.394752940625 0.4775625 0.3950588234375 0.47776562499999997 0.3987294125 0.47654687500000004 0.40025882343749997 0.47390625000000003 0.40421176406250003 0.47471874999999997 0.42771764687499997 0.47573437500000004 0.4280235296875 0.477359375 0.429552940625 0.478984375 0.43016470625
8 0.46414062500000003 0.3607764703125 0.47062499999999996 0.3607764703125 0.47400000000000003 0.3584235296875 0.47245312500000003 0.32950588281250004 0.46854687500000003 0.32599999999999996 0.463875 0.323247059375 0.46440625 0.330282353125 0.465703125 0.33263529375 0.46518750000000003 0.337317646875 0.46414062500000003 0.3607764703125
8 0.466296875 0.49854117656249997 0.46734375000000006 0.49854117656249997 0.46889062499999995 0.4749411765625 0.4663125 0.4684941171875 0.46545312499999997 0.4549411765625 0.46075 0.4549411765625 0.46075 0.46912941249999995 0.46473437500000003 0.4711294125 0.466296875 0.47465882343750004 0.466296875 0.49854117656249997
8 0.605859375 0.7460705875 0.601390625 0.840447059375 0.613328125 0.8651764703125 0.6207812500000001 0.7550588234375 0.7073437499999999 0.759552940625 0.7088281249999999 0.8584235296875 0.722265625 0.8674117640624999 0.7207656250000001 0.7078588234375001 0.74165625 0.70336470625 0.728234375 0.593247059375 0.74315625 0.4943764703125 0.7371875 0.47865882343750005 0.7207656250000001 0.5528 0.7207656250000001 0.5910117640625 0.7371875 0.69663529375 0.6775 0.712352940625 0.667046875 0.683152940625 0.6192968750000001 0.6876470593749999 0.613328125 0.7056235296875 0.60884375 0.7236 0.605859375 0.7460705875
8 0.36565625 0.82303529375 0.367328125 1 0.379828125 0.99376470625 0.384 0.902117646875 0.394828125 0.909647059375 0.40984375 0.9159294125 0.45568749999999997 0.9222117640624999 0.482359375 0.9171764703124999 0.48735937500000004 0.9309882359375001 0.490703125 0.9699058828125 0.49903125 0.9987764703125 0.510703125 1 0.503203125 0.947317646875 0.504875 0.9008705875 0.511546875 0.8996000000000001 0.513203125 0.9159294125 0.52071875 0.9448000000000001 0.526546875 0.9448000000000001 0.524875 0.8895764703125 0.5290468749999999 0.78536470625 0.5290468749999999 0.746447059375 0.52821875 0.7363999999999999 0.524046875 0.7313882359375 0.511546875 0.7339058828125 0.49653125 0.7363999999999999 0.50153125 0.5970588234374999 0.497375 0.5995764703125 0.492375 0.6008235296875 0.482359375 0.608352940625 0.44901562500000003 0.6272 0.40317187499999996 0.6272 0.3865 0.62343529375 0.36815625 0.6158823531250001 0.35731250000000003 0.608352940625 0.335640625 0.6008235296875 0.330640625 0.592047059375 0.35565625 0.7226117640624999 0.36565625 0.82303529375
8 0.138234375 0.6433647062500001 0.14521875 0.67663529375 0.149859375 0.7133882359375 0.15335937500000002 0.7624235296874999 0.15684375 0.793952940625 0.15684375 0.85696470625 0.15684375 0.89023529375 0.173125 0.9024941171875 0.176609375 0.8849882359375 0.176609375 0.8587294125 0.176609375 0.8377176468749999 0.1754375 0.8131999999999999 0.169625 0.78343529375 0.17428125 0.790447059375 0.19171875 0.790447059375 0.21265625 0.790447059375 0.228921875 0.790447059375 0.25451562499999997 0.788682353125 0.260328125 0.8131999999999999 0.26496875000000003 0.85696470625 0.267296875 0.8359529406249999 0.269625 0.8131999999999999 0.269625 0.7869411765625001 0.271953125 0.7344 0.25334375 0.7239058828125 0.21614062500000003 0.7099058828125 0.205671875 0.7099058828125 0.1905625 0.7099058828125 0.169625 0.70463529375 0.154515625 0.6731294125 0.15103125 0.6311058828125 0.13590625 0.608352940625 0.133578125 0.608352940625 0.13474999999999998 0.6205882359375 0.138234375 0.6433647062500001
8 0.90434375 0.6068941171875 0.9032656250000001 0.6534117640625 0.912859375 0.6534117640625 0.9181874999999999 0.6149176468750001 0.9512031249999999 0.6213411765625 0.945875 0.7143764703125 0.95546875 0.7143764703125 0.9597187500000001 0.6181411765625 0.9863593749999999 0.6004941171875 0.9842187499999999 0.677482353125 0.990609375 0.675882353125 0.9948750000000001 0.5395294125000001 0.9948750000000001 0.5283058828125 0.991671875 0.5251058828125 0.9831562500000001 0.5331294125 0.9618593750000001 0.545952940625 0.9618593750000001 0.5379294125 0.9724999999999999 0.42244705937499993 0.9501406250000001 0.4304705875 0.8851718749999999 0.41122352968750003 0.875578125 0.4016 0.88090625 0.562 0.8595937499999999 0.679082353125 0.8702500000000001 0.682282353125 0.8734531249999999 0.682282353125 0.887296875 0.6020941171875 0.90434375 0.6068941171875
8 0.257125 0.6100941171875001 0.32959375 0.60463529375 0.3395625 0.592352940625 0.3504375 0.60463529375 0.46187500000000004 0.606 0.505359375 0.5991764703125 0.6249374999999999 0.5978117640625 0.62584375 0.586917646875 0.605921875 0.5268705875 0.583265625 0.518682353125 0.56153125 0.5023294125 0.5560937499999999 0.48185882343750003 0.5687656249999999 0.47230588281249997 0.574203125 0.464117646875 0.591421875 0.4804941171875 0.585078125 0.4600235296875 0.56425 0.4613882359375 0.483609375 0.45729411718749996 0.47635937500000003 0.4682117640625 0.48089062499999996 0.4832235296875 0.49629687499999997 0.47640000000000005 0.524375 0.47230588281249997 0.5425 0.47640000000000005 0.5506562500000001 0.49141176406250003 0.55790625 0.5268705875 0.48814062500000005 0.5268705875 0.47817187499999997 0.5528 0.47635937500000003 0.5719058828125 0.44103125 0.576 0.44284375000000004 0.5487058828125 0.41567187499999997 0.5459764703125 0.41839062499999996 0.5255058828125 0.41023437500000004 0.5050588234375 0.39845312499999996 0.515952940625 0.387578125 0.5255058828125 0.33321875 0.52823529375 0.33321875 0.515952940625 0.348625 0.513247059375 0.385765625 0.5118823531250001 0.3540625 0.4968705875 0.42109375 0.46684705937500004 0.42925 0.46957647031249994 0.43196874999999996 0.45865882343750003 0.3305 0.464117646875 0.323265625 0.464117646875 0.25984375000000004 0.5732705874999999 0.257125 0.6100941171875001
8 0.844953125 0.40496470625000003 0.837296875 0.42310588281249994 0.875625 0.4346588234375 0.8778124999999999 0.40992941250000003 0.87890625 0.3835294125 0.844953125 0.40496470625000003
8 0.36779687499999997 0.4004941171875 0.3666875 0.404682353125 0.364453125 0.408047059375 0.360921875 0.4113882359375 0.360375 0.4167058828125 0.360734375 0.4251058828125 0.36334374999999997 0.4318117640625 0.367984375 0.432917646875 0.367984375 0.43656470625 0.37634375000000003 0.43656470625 0.38673437499999996 0.43656470625 0.386 0.40021176406250003 0.3858125 0.398517646875 0.368546875 0.398517646875 0.36779687499999997 0.4004941171875
8 0.38871875 0.3974117640625 0.390984375 0.40324705937500005 0.39435937499999996 0.4050588234375 0.39842187500000004 0.40418823593750003 0.39853125 0.4060941171875 0.404859375 0.40821176406250004 0.41028125 0.4058117640625 0.412578125 0.40279999999999994 0.41235937500000003 0.37701176406250003 0.4105625 0.3756 0.3974375 0.3763764703125 0.39649999999999996 0.37894117656250004 0.396125 0.3828235296875 0.39246875000000003 0.3832705875 0.389125 0.3887764703125 0.38871875 0.3974117640625
8 0.411890625 0.40936470625 0.399234375 0.40992941250000003 0.399234375 0.41807058750000003 0.39237500000000003 0.413717646875 0.389484375 0.4213411765625 0.388046875 0.43167058750000004 0.3974375 0.4327764703125 0.400328125 0.4376705875 0.400328125 0.4392941171875 0.41476562499999997 0.4376705875 0.411890625 0.40936470625
8 0.020828125 0.4279731078125 0.0134453125 0.422 0.012203124999999999 0.42925714375 0.003578125 0.42334117656250003 0.0041875 0.493552940625 0.011953125 0.493552940625 0.0058080359375 0.5055126046875 0.01553125 0.5772705874999999 0.025093749999999998 0.5709647062500001 0.01553125 0.512447059375 0.038078125000000004 0.4254050421875 0.110578125 0.41524705937500006 0.10400000000000001 0.41524705937500006 0.10320312499999999 0.4074431359375 0.088453125 0.39183529375 0.06634375 0.404447059375 0.046015625 0.40263529374999996 0.030880207812499998 0.41465098125 0.029453125000000004 0.426689075 0.0233125 0.42065882343750005 0.020828125 0.4279731078125
8 0.7333984375 0.2897058828125 0.722515625 0.292682353125 0.7242031250000001 0.29778823593750003 0.7284531249999999 0.2986588234375 0.746265625 0.300352940625 0.7776510421875 0.2995058828125 0.7818906250000001 0.2901411765625 0.786125 0.29778823593750003 0.7858506937499999 0.29964705937499997 0.799421875 0.29823529375 0.8022500000000001 0.2999294125 0.8042187500000001 0.3080235296875 0.822890625 0.31098823593749997 0.8324999999999999 0.3076 0.8457812499999999 0.29141176406249997 0.8503125 0.289717646875 0.85653125 0.2931058828125 0.85821875 0.28374117656250003 0.8559687500000001 0.27522352968749997 0.82203125 0.267152940625 0.7974375 0.267152940625 0.7741171875 0.271617646875 0.775953125 0.28503529375 0.7678906249999999 0.2835411765625 0.76634375 0.27310588281250003 0.7598281250000001 0.282047059375 0.758140625 0.2743882359375 0.7499374999999999 0.2756705875 0.747109375 0.27821176406250003 0.74428125 0.2867294125 0.74485243125 0.29894117656249997 0.7333984375 0.2897058828125
9 0.964453125 0.42430588281250003 0.9668164062500001 0.43016470625 0.9638638390625 0.4384907546875 0.9600078125 0.4360235296875 0.95319921875 0.441882353125 0.9581473218750001 0.4468302515625 0.952430803125 0.4551697484375 0.946390625 0.4477411765625 0.89873046875 0.48875294062499997 0.8999453125000001 0.49633823593750004 0.8919218750000001 0.4946117640625 0.912415178125 0.51354621875 0.8952656250000001 0.5385647062500001 0.930265625 0.5485882359375001 0.917765625 0.577482353125 0.91109375 0.6000705875000001 0.92005859375 0.6028941171875 0.91984765625 0.6050941171875001 0.9290234375 0.605717646875 0.9294375 0.6151294125 0.9269375 0.6364705875000001 0.922765625 0.6527999999999999 0.9269375 0.6653411765625 0.94028125 0.6653411765625 0.946953125 0.65656470625 0.943609375 0.642752940625 0.946109375 0.62016470625 0.9452812500000001 0.6151294125 0.946953125 0.6113647062500001 0.949453125 0.5963058828125 0.94340625 0.5803058828125 0.951953125 0.581247059375 0.9527812499999999 0.5511058828125 0.9569531250000001 0.5473411765625 0.986125 0.532282353125 0.97890625 0.45863529375 0.9688320312500001 0.46323529375000005 0.9666783859375 0.46124901874999996 0.971125 0.45068235312500005 0.977703125 0.4463607828125 0.9765 0.434086275 0.9695803578125 0.4301512609375 0.9752968750000001 0.4218117640625 0.9886250000000001 0.4255764703125 1 0.43687058749999996 0.993625 0.372847059375 0.986125 0.35025882343750003 0.9561093749999999 0.3389411765625 0.9636250000000001 0.3176 0.9627812499999999 0.26865882343749997 0.9344374999999999 0.2661411765625 0.9102656250000001 0.291247059375 0.9127656249999999 0.33392941249999997 0.9094374999999999 0.3414588234375 0.88025 0.36656470625000004 0.87525 0.3904235296875 0.881921875 0.409247059375 0.900265625 0.4230588234375 0.964453125 0.42430588281250003
9 0.850203125 0.289247059375 0.8170781249999999 0.31858823593749996 0.8092812500000001 0.37336470624999996 0.8034375 0.45651764687499996 0.820328125 0.4976 0.861890625 0.5181411765624999 0.84565625 0.607152940625 0.8670937500000001 0.61496470625 0.8709843749999999 0.59736470625 0.88203125 0.5523764703125 0.884625 0.4868235296875 0.8709843749999999 0.46141176406250006 0.8716406250000001 0.4349882359375 0.8768437499999999 0.40270588281249997 0.883328125 0.3547764703125 0.91190625 0.3391294125 0.895671875 0.3391294125 0.8950312500000001 0.315647059375 0.88528125 0.3107764703125 0.8924218749999999 0.28630588281249997 0.9106093749999999 0.28044705937500003 0.89371875 0.2618588234375 0.8768437499999999 0.2364235296875 0.8567031249999999 0.2638117640625 0.85540625 0.2833882359375 0.850203125 0.289247059375
9 0.6673125 0.2976235296875 0.6673125 0.309482353125 0.66534375 0.331717646875 0.66534375 0.3569411765625 0.6692812499999999 0.39103529375 0.66534375 0.39696470625 0.650578125 0.420682353125 0.632859375 0.44143529375 0.62990625 0.46367058749999995 0.624 0.4607058828125 0.6111875 0.468117646875 0.602328125 0.47404705937499997 0.582640625 0.4844235296875 0.583625 0.47997647031249996 0.576734375 0.46663529375 0.56984375 0.46663529375 0.568859375 0.47997647031249996 0.555078125 0.4770117640625 0.551140625 0.4888705875 0.5570468749999999 0.50223529375 0.560984375 0.5155764703125 0.5875625 0.5259529406250001 0.60725 0.5378117640625 0.616109375 0.5452235296875 0.626953125 0.58376470625 0.617109375 0.606 0.57378125 0.606 0.54425 0.6119294125 0.543265625 0.62823529375 0.547203125 0.6579058828125001 0.54621875 0.671247059375 0.5491718750000001 0.7008941171874999 0.56196875 0.7483294125 0.56196875 0.7690823531250001 0.560984375 0.7750117640624999 0.551140625 0.7913411765625 0.559015625 0.80616470625 0.55409375 0.8091294124999999 0.55409375 0.8224705875 0.566890625 0.8343294125 0.5915 0.8328470593749999 0.5983906250000001 0.823952940625 0.6013437500000001 0.801717646875 0.602328125 0.7275764703125 0.600359375 0.7083058828125 0.5954375 0.6801411765625 0.631875 0.6742117640624999 0.65353125 0.662352940625 0.672234375 0.6994117640625 0.7234375 0.6934823531250001 0.73525 0.6831058828125001 0.730328125 0.6519764703125001 0.7283593749999999 0.6134117640625 0.7234375 0.5941411765625 0.7204843750000001 0.5719058828125 0.726390625 0.503717646875 0.7470625 0.48590588281249997 0.74903125 0.4784941171875 0.743125 0.4547764703125 0.7470625 0.420682353125 0.74115625 0.40585882343749996 0.724421875 0.3865882359375 0.7106250000000001 0.3776941171875 0.71359375 0.370282353125 0.718515625 0.3569411765625 0.7165468749999999 0.3480235296875 0.7165468749999999 0.337647059375 0.7155625 0.309482353125 0.71259375 0.2961411765625 0.7066874999999999 0.2887294125 0.693890625 0.287247059375 0.6810937499999999 0.287247059375 0.6781406249999999 0.287247059375 0.67125 0.2931764703125 0.6673125 0.2976235296875
9 0.593796875 0.4783058828125 0.611765625 0.46799999999999997 0.62971875 0.46284705937500004 0.631859375 0.4506117640625 0.6387031249999999 0.44225882343749995 0.648109375 0.4300235296875 0.6690625 0.39458823593750003 0.66734375 0.368847059375 0.664359375 0.3372941171875 0.66778125 0.3186117640625 0.672046875 0.2960941171875 0.674609375 0.2864235296875 0.67034375 0.28256470624999996 0.662640625 0.27418823593749997 0.647671875 0.275482353125 0.636984375 0.2857882359375 0.63228125 0.302517646875 0.628015625 0.3057411765625 0.6267343750000001 0.32376470625 0.631 0.33407058749999996 0.6314375 0.3495294125 0.62159375 0.36176470625 0.618609375 0.379152940625 0.610484375 0.3913882359375 0.6045 0.4113411765625 0.598078125 0.41456470625 0.58396875 0.4190588234375 0.576703125 0.4377411765625 0.58525 0.4525411765625 0.58825 0.45705882343750004 0.587390625 0.46543529375 0.593796875 0.4783058828125
9 0.60365625 0.268282353125 0.6014999999999999 0.259247059375 0.5894999999999999 0.26376470625000004 0.582390625 0.2493411765625 0.577734375 0.23672941249999999 0.573546875 0.22759999999999997 0.558640625 0.22621176406250001 0.5460625 0.23814117656249997 0.5404687499999999 0.25776470625000003 0.545125 0.2745882359375 0.55025 0.2879294125 0.553515625 0.298447059375 0.562359375 0.3103764703125 0.563296875 0.3124705875 0.558640625 0.3320941171875 0.554453125 0.3475294125 0.544203125 0.3545411765625 0.53115625 0.36367058750000003 0.5265 0.35875294062499996 0.525109375 0.352447059375 0.520453125 0.3468235296875 0.51671875 0.3489411765625 0.513 0.34964705937499996 0.5097343750000001 0.34964705937499996 0.513 0.3573411765625 0.5088125 0.3608705875 0.5041562500000001 0.3692705875 0.50275 0.3797882359375 0.5069375 0.3825882359375 0.519515625 0.3832941171875 0.531625 0.3847058828125 0.53721875 0.386117646875 0.5409375 0.3896235296875 0.559109375 0.39731764687500004 0.57075 0.3987294125 0.581 0.4267764703125 0.5851875 0.4183764703125 0.605671875 0.41136470625 0.610796875 0.3896235296875 0.619640625 0.3776941171875 0.62196875 0.36016470625 0.631296875 0.3475294125 0.629796875 0.3476705875 0.6233593749999999 0.32120000000000004 0.6195 0.2986117640625 0.6113593749999999 0.2812 0.60365625 0.268282353125
9 0.435671875 0.286682353125 0.43509374999999995 0.2954588234375 0.43334374999999997 0.31449411718750003 0.43353125 0.3238588234375 0.43410937499999996 0.3379058828125 0.43410937499999996 0.34581176406249997 0.4378125 0.35195294062500004 0.44421875 0.34903529375 0.44557812500000005 0.3344 0.44520312500000003 0.3238588234375 0.45239062499999994 0.31976470625000003 0.463671875 0.31976470625000003 0.46929687500000006 0.325317646875 0.47164062500000004 0.33703529374999996 0.47435937499999997 0.348752940625 0.475515625 0.3469882359375 0.479609375 0.3393882359375 0.48990625000000004 0.3428941171875 0.49165625 0.3499058828125 0.49165625 0.358117646875 0.499046875 0.3540235296875 0.49768749999999995 0.3449411765625 0.49865624999999997 0.33176470625 0.5075937500000001 0.33176470625 0.516546875 0.334117646875 0.52159375 0.334682353125 0.522375 0.329717646875 0.5153749999999999 0.28959999999999997 0.5099375 0.27322352968749997 0.501375 0.2623764703125 0.48854687500000005 0.2615058828125 0.48854687500000005 0.2565411765625 0.48854687500000005 0.24159999999999998 0.48621875000000003 0.2255058828125 0.4801875 0.2187764703125 0.47415624999999995 0.2161411765625 0.46775 0.2161411765625 0.464046875 0.22023529375 0.4574375 0.23164705937500002 0.4574375 0.243952940625 0.4574375 0.2521411765625 0.460171875 0.2603294125 0.4570625 0.26296470625 0.455890625 0.26209411718750003 0.45006250000000003 0.2667764703125 0.435671875 0.286682353125
9 0.36378125 0.3368705875 0.36339062499999997 0.3630117640625 0.36535937500000004 0.390917646875 0.36535937500000004 0.3932941171875 0.364171875 0.4039764703125 0.37679687500000003 0.3826117640625 0.386265625 0.371317646875 0.39571875 0.360047059375 0.40321875 0.355882353125 0.413078125 0.34934117656249997 0.407546875 0.3315294125 0.400453125 0.317882353125 0.404 0.302447059375 0.40242187500000004 0.2917411765625 0.39809375 0.2792705875 0.39375 0.271552940625 0.387046875 0.2852235296875 0.386265625 0.2976941171875 0.38153125 0.3119294125 0.37403125 0.310752940625 0.37009375 0.30183529375 0.36575 0.3000705875 0.37048437500000003 0.2935294125 0.37128125 0.28759999999999997 0.37324999999999997 0.28223529375 0.37284375000000003 0.275717646875 0.373640625 0.2644235296875 0.3720625 0.25491764687499996 0.36771875 0.24423529375 0.361015625 0.23710588281249997 0.346828125 0.23176470624999998 0.33854687499999997 0.24423529375 0.339328125 0.25136470625 0.3491875 0.271552940625 0.34721875 0.3042117640625 0.34957812499999996 0.31312941250000004 0.36378125 0.3368705875
9 0.30724999999999997 0.3339058828125 0.308109375 0.3468235296875 0.311109375 0.35456470625000003 0.316671875 0.368117646875 0.313671875 0.3764941171875 0.31325 0.3816705875 0.32010937500000003 0.39974117656249997 0.323953125 0.4003764703125 0.32953125 0.40811764687499996 0.33381249999999996 0.4107058828125 0.340671875 0.4107058828125 0.34709375 0.41651764687500004 0.34967187499999997 0.425552940625 0.35609375 0.4248941171875 0.361234375 0.4158588234375 0.362953125 0.40296470624999997 0.36253125 0.37263529375000004 0.360390625 0.3519764703125 0.3638125 0.341647059375 0.35525 0.32616470625 0.348390625 0.3068 0.34925 0.293247059375 0.34753124999999996 0.271317646875 0.345390625 0.2635764703125 0.33253125 0.2571058828125 0.327390625 0.2571058828125 0.31625000000000003 0.262282353125 0.308953125 0.27647058750000003 0.31067187500000004 0.28743529375 0.3098125 0.30228235312499996 0.308109375 0.3139058828125 0.311953125 0.331317646875 0.31025 0.331317646875 0.30724999999999997 0.3339058828125
9 0.30740625 0.4089882359375 0.298453125 0.3820235296875 0.30293749999999997 0.37527058750000003 0.31039062500000003 0.3528 0.30740625 0.3056235296875 0.298453125 0.289882353125 0.286515625 0.283152940625 0.267125 0.283152940625 0.256671875 0.283152940625 0.2521875 0.31235294062499996 0.2521875 0.34381176406249997 0.25965625000000003 0.366282353125 0.24175 0.39774117656249997 0.23578125 0.41797647031249996 0.22234375 0.5236 0.256671875 0.5707764703125 0.265625 0.5775294125 0.316359375 0.4719058828125 0.30740625 0.4089882359375
9 0.7223437500000001 0.3184235296875 0.723046875 0.3046117640625 0.723046875 0.2599764703125 0.711046875 0.22383529375000003 0.701171875 0.2121411765625 0.69340625 0.178117646875 0.6792812500000001 0.1632235296875 0.6595156249999999 0.178117646875 0.6439843749999999 0.23976470625 0.648234375 0.25783529375 0.6595156249999999 0.252517646875 0.6637500000000001 0.2705882359375 0.6757500000000001 0.28759999999999997 0.690578125 0.2908 0.707515625 0.29397647031249996 0.71034375 0.29611764687500003 0.716703125 0.31736470625 0.7223437500000001 0.3184235296875
9 0.10874999999999999 0.5239294125 0.113125 0.5346588234375 0.114234375 0.540447059375 0.131234375 0.6082117640625 0.13673437500000002 0.6049176468749999 0.14496875 0.612352940625 0.147703125 0.6264000000000001 0.152640625 0.6363058828125 0.15757812499999999 0.6792941171875 0.1658125 0.6974588234375 0.1784375 0.7016 0.20203125000000002 0.7016 0.23385937499999998 0.715647059375 0.26459375 0.7239058828125 0.27337500000000003 0.7272235296875 0.27337500000000003 0.755317646875 0.271171875 0.7991058828125001 0.26953125 0.8363058828125001 0.262953125 0.861082353125 0.261296875 0.87183529375 0.25471875 0.8900235296875 0.25910937500000003 0.9057176468750001 0.26075 0.918117646875 0.29971875 0.9296705875000001 0.338671875 0.928847059375 0.3485625 0.9139764703125 0.34635937499999997 0.9007529406250001 0.335390625 0.89496470625 0.321109375 0.8891764703125 0.30575 0.875952940625 0.303 0.8701882359375 0.32440625 0.8685176468750001 0.327703125 0.8644000000000001 0.328796875 0.861082353125 0.33428125 0.8577882359375 0.33428125 0.842917646875 0.327703125 0.8363058828125001 0.32440625 0.7825882359375 0.338671875 0.70656470625 0.3430625 0.6867294125 0.34471875 0.655317646875 0.3331875 0.6214352937500001 0.31728125 0.6131764703125 0.304109375 0.6057411765625 0.25801562499999997 0.6098588234375 0.25690625 0.5768235296875 0.26184375000000004 0.5743294125 0.24703124999999998 0.55863529375 0.226171875 0.5272235296875001 0.214109375 0.485082353125 0.202578125 0.43218823593750005 0.187765625 0.39665882343750003 0.180078125 0.3908705875 0.180078125 0.3859294125 0.186546875 0.3860941171875 0.1899375 0.3817882359375 0.190640625 0.3742588234375 0.192609375 0.36136470625 0.193140625 0.35141176406249997 0.194046875 0.34388235312500004 0.19296875 0.3360941171875 0.19207812500000002 0.3299058828125 0.19171875 0.32183529375000003 0.193140625 0.314847059375 0.19796875 0.3161882359375 0.20171875 0.31835294062499997 0.204390625 0.31672941250000003 0.199578125 0.3100235296875 0.19207812500000002 0.30597647031249997 0.1811875 0.2796235296875 0.17315624999999998 0.272917646875 0.162796875 0.2669882359375 0.1511875 0.2659294125 0.13868750000000002 0.2753411765625 0.12940625 0.2955058828125 0.12940625 0.3156705875 0.131015625 0.3280235296875 0.131546875 0.3299058828125 0.131015625 0.3360941171875 0.133515625 0.3444235296875 0.135125 0.35329411718750003 0.139234375 0.356 0.1399375 0.36056470625000003 0.138875 0.3678117640625 0.138375 0.37103529375 0.12959375 0.40327058750000006 0.111484375 0.42724705937499996 0.09940625 0.4627764703125 0.10874999999999999 0.5239294125
9 0.076796875 0.367317646875 0.068546875 0.373952940625 0.0625 0.372282353125 0.057546875 0.36567058750000003 0.052046875000000006 0.36649411718749997 0.047109374999999995 0.3813882359375 0.05040625 0.3813882359375 0.06690625 0.388847059375 0.085609375 0.39795294062500003 0.091109375 0.4012705875 0.10760937500000001 0.412047059375 0.112546875 0.4186588234375 0.10815625 0.42279999999999995 0.06085937500000001 0.44268235312500004 0.0625 0.4484941171875 0.052046875000000006 0.454282353125 0.048203125 0.4724941171875 0.061953125 0.5420705875 0.070203125 0.5536705875 0.066359375 0.585152940625 0.07240625 0.5975764703124999 0.08449999999999999 0.59176470625 0.0955 0.5892941171875 0.09879687499999999 0.5412470593750001 0.08725000000000001 0.52303529375 0.09275 0.48576470625 0.096609375 0.4692 0.110359375 0.43771764687500003 0.125203125 0.40872941249999994 0.136203125 0.3813882359375 0.13674999999999998 0.36152941250000004 0.13125 0.313482353125 0.11860937499999999 0.30023529375 0.118046875 0.2911294125 0.10925 0.26543529375 0.093859375 0.2563294125 0.08175 0.268752940625 0.08010937500000001 0.2952705875 0.089453125 0.31927058750000004 0.085046875 0.3209411765625 0.079 0.3399764703125 0.076796875 0.367317646875
8 0.5109843749999999 0.3568 0.509265625 0.35329411718750003 0.50878125 0.3484705875 0.51246875 0.347717646875 0.51234375 0.3343764703125 0.5105000000000001 0.3328941171875 0.505078125 0.332517646875 0.49868750000000006 0.33383529375 0.49868750000000006 0.3490117640625 0.49979687500000003 0.3747764703125 0.5018906249999999 0.373482353125 0.5033593749999999 0.3623764703125 0.5109843749999999 0.3568
8 0.014453125 0.37256470625000004 0.00978125 0.372847059375 0.01034375 0.3840941171875 0.01165625 0.40348235312499997 0.020984375 0.40348235312499997 0.022015625 0.3753882359375 0.022093750000000002 0.37256470625000004 0.019484375 0.3723058828125 0.014453125 0.37256470625000004
8 0.369578125 0.24494117656249997 0.37234375000000003 0.249082353125 0.374703125 0.2668941171875 0.37509375 0.2740235296875 0.37115624999999997 0.291247059375 0.367609375 0.2983764703125 0.369578125 0.3019294125 0.37312500000000004 0.309647059375 0.379046875 0.31263529375 0.38575 0.309647059375 0.38456250000000003 0.2965882359375 0.388890625 0.28590588281249996 0.395609375 0.27522352968749997 0.39835937499999996 0.28056470624999996 0.400328125 0.284117646875 0.40151562500000004 0.288282353125 0.40151562500000004 0.3084705875 0.4050625 0.307882353125 0.40625 0.30016470625 0.4050625 0.29244705937500004 0.404671875 0.2787764703125 0.4050625 0.261552940625 0.40151562500000004 0.2437411765625 0.39323437499999997 0.2384 0.38534375 0.2384 0.3821875 0.2372 0.36996875 0.2407764703125 0.369578125 0.24494117656249997
8 0.308171875 0.24496470625 0.296484375 0.240917646875 0.28495312500000003 0.2425882359375 0.275640625 0.2547058828125 0.28053125 0.25138823593750004 0.286375 0.25256470625 0.29679687499999996 0.2573411765625 0.3070625 0.2661411765625 0.3154375 0.276352940625 0.316546875 0.2578117640625 0.316546875 0.25256470625 0.316078125 0.2518588234375 0.308171875 0.24496470625
8 0.797138671875 0.543967646875 0.804970703125 0.5445941171875 0.8143750000000001 0.4856235296875 0.82251953125 0.492852940625 0.8066974437500001 0.44408984062499995 0.8076065343750001 0.39376256718749997 0.806015625 0.39 0.80783380625 0.3811807484375 0.811859375 0.3748941171875 0.8080610796875 0.36859892968749997 0.8035104171875 0.376996078125 0.8010052078125 0.3639921578125 0.8110312499999999 0.35475294062499996 0.8085156250000001 0.34343529375 0.7985 0.3509882359375 0.8064701703124999 0.456671659375 0.806015625 0.48183529375 0.797138671875 0.543967646875
8 0.843609375 0.6076705875 0.8502968750000001 0.6089176468749999 0.8515507812499999 0.571647059375 0.8450424109375 0.5677579828125 0.8519687499999999 0.5592235296875 0.8455200890624999 0.55445378125 0.85238671875 0.5468 0.8459977671875001 0.541149578125 0.8528046874999999 0.5343764703125 0.846475446875 0.527845378125 0.85322265625 0.5219529406250001 0.846953125 0.5145411765625 0.853640625 0.5095294125 0.82251953125 0.492852940625 0.8388085937499999 0.5073117640625 0.8445647328125 0.5810621859375 0.843609375 0.6076705875
8 0.18478125 0.28352941249999997 0.187234375 0.296 0.19121875 0.30385882343750004 0.192140625 0.313552940625 0.19337500000000002 0.3204705875 0.19337500000000002 0.325552940625 0.198265625 0.32599999999999996 0.198265625 0.32969411718749997 0.19796875 0.337082353125 0.197046875 0.3453882359375 0.205015625 0.3453882359375 0.20593750000000002 0.3416941171875 0.20256249999999998 0.33799999999999997 0.213296875 0.33663529375 0.21359374999999997 0.3444705875 0.21912500000000001 0.3444705875 0.21789062499999998 0.337082353125 0.2185 0.30985882343750004 0.21728125 0.3107764703125 0.214828125 0.266 0.21237499999999998 0.2581411765625 0.205625 0.2521411765625 0.19490625 0.24844705937499997 0.18203125 0.2503058828125 0.171296875 0.2572235296875 0.167609375 0.2650588234375 0.167609375 0.272 0.173140625 0.2706117640625 0.179578125 0.272 0.18478125 0.28352941249999997
8 0.7814687499999999 0.3300941171875 0.791640625 0.3120941171875 0.7820625 0.2815058828125 0.755765625 0.2815058828125 0.741421875 0.28510588281250004 0.746203125 0.3120941171875 0.746203125 0.35529411718750004 0.744421875 0.39670588281249997 0.745609375 0.42279999999999995 0.750984375 0.4174117640625 0.756375 0.394 0.760546875 0.3876941171875 0.77071875 0.3931058828125 0.774890625 0.4084 0.778484375 0.43360000000000004 0.7820625 0.43630588281250005 0.78625 0.420117646875 0.78625 0.3931058828125 0.7832656250000001 0.3544 0.7755 0.3490117640625 0.7713125 0.3319058828125 0.7814687499999999 0.3300941171875
8 0.46096875 0.46296470625 0.46129687500000005 0.457552940625 0.46293749999999995 0.4556 0.46359374999999997 0.45362352968749997 0.46425 0.447717646875 0.46521875 0.4403294125 0.46489062499999995 0.42950588281249996 0.46521875 0.42016470625 0.46457812499999995 0.40442352968749995 0.46195312499999996 0.398517646875 0.45640625 0.4014588234375 0.456078125 0.4063764703125 0.45640625 0.421152940625 0.45704687499999996 0.43 0.456734375 0.4359058828125 0.4501875 0.44279999999999997 0.4485625 0.454117646875 0.451171875 0.4698588234375 0.458359375 0.47084705937500004 0.45934375000000005 0.4683764703125 0.46096875 0.46296470625
8 0.443890625 0.39131764687500004 0.44532812499999996 0.38263529375 0.45109374999999996 0.3728705875 0.46478125 0.373952940625 0.475578125 0.385882353125 0.47990625 0.39239999999999997 0.5454375 0.39239999999999997 0.5274375 0.3848 0.51015625 0.38047058749999996 0.502953125 0.373952940625 0.503671875 0.3685411765625 0.507984375 0.3652941171875 0.51446875 0.3566117640625 0.51375 0.33816470625 0.5072656249999999 0.3305882359375 0.4971875 0.342517646875 0.4849375 0.35336470625 0.47629687499999995 0.34684705937500004 0.471984375 0.3284235296875 0.4640625 0.327317646875 0.45181250000000006 0.3316705875 0.44965625 0.3316705875 0.4366875 0.34576470625 0.43309375 0.35336470625 0.42012499999999997 0.3587764703125 0.402125 0.3587764703125 0.38915625 0.3685411765625 0.38410937500000003 0.3761411765625 0.37690625 0.385882353125 0.37546875 0.39781176406249996 0.378359375 0.40216470624999995 0.394203125 0.4 0.4064375 0.39891764687500003 0.41796875 0.39891764687500003 0.443890625 0.39131764687500004
8 0.3677880859375 0.2694867640625 0.3721207390625 0.2630695171875 0.375712890625 0.2697205875 0.3802038359375 0.26242566875 0.38363769531249997 0.2699544125 0.38828693125 0.26178181875 0.3915625 0.27018823593749997 0.3995 0.2768941171875 0.40296875 0.28510588281250004 0.412875 0.28510588281250004 0.41515 0.2763011765625 0.42228125 0.27280000000000004 0.42278125 0.28510588281250004 0.42921875 0.28734117656249997 0.43714062499999995 0.28359999999999996 0.43515625 0.2619764703125 0.43317187500000004 0.2582588234375 0.4131171875 0.26049411718750004 0.40811562500000004 0.2707811765625 0.4037109375 0.27280000000000004 0.404453125 0.26049411718750004 0.40108125 0.26526117656250003 0.3995 0.26049411718750004 0.394046875 0.2597411765625 0.34005605625 0.265843884375 0.344013671875 0.26878529375000004 0.3478714484375 0.2650010703125 0.3519384765625 0.2690191171875 0.35595454531250004 0.26435721874999996 0.35986328125 0.269252940625 0.3640376421875 0.26371336875 0.3677880859375 0.2694867640625
8 0.2751235796875 0.270795721875 0.2726904296875 0.2666808828125 0.268734375 0.266447059375 0.27021875 0.2716705875 0.26704048281250004 0.271439571875 0.264765625 0.266447059375 0.25403125000000004 0.277898040625 0.25087428906250003 0.27272727343750003 0.24279119374999997 0.273371121875 0.24296875 0.26795294062499997 0.23653125 0.26795294062499997 0.234708096875 0.27401497343750003 0.23157812500000002 0.26795294062499997 0.225140625 0.26795294062499997 0.226625 0.2746588234375 0.22992708281250002 0.277396078125 0.23356249999999998 0.2754117640625 0.2347135421875 0.2868392171875 0.2395 0.296282353125 0.24693749999999998 0.296282353125 0.24495312500000002 0.282117646875 0.26278125 0.2828705875 0.3277928328125 0.2672300265625 0.3202392578125 0.2680838234375 0.29937286875 0.268864171875 0.29646484375000004 0.267382353125 0.2912897734375 0.269508021875 0.28854003906250003 0.26714852968749997 0.2832066765625 0.2701518703125 0.280615234375 0.26691470625 0.2751235796875 0.270795721875
8 0.8268906250000001 0.310847059375 0.8161093749999999 0.31035294062499996 0.771 0.3315294125 0.77034375 0.3408705875 0.776890625 0.34825882343750003 0.7781875 0.43731764687499997 0.7834218749999999 0.43684705937499996 0.78309375 0.42896470625000005 0.7837500000000001 0.3448 0.800421875 0.348752940625 0.808578125 0.40484705937500004 0.81021875 0.3763058828125 0.8095625 0.34776470625 0.8268906250000001 0.310847059375
9 0.392921875 0.16903529374999998 0.3855 0.1630588234375 0.38301562499999997 0.1503764703125 0.373609375 0.1488941171875 0.369640625 0.15411764687500001 0.366171875 0.1615764703125 0.359734375 0.1712705875 0.35428125 0.17423529375 0.353796875 0.17649411718750002 0.353296875 0.184682353125 0.35428125 0.1943764703125 0.359734375 0.1988705875 0.36320312499999996 0.1988705875 0.369640625 0.1996 0.389953125 0.198117646875 0.39837500000000003 0.195882353125 0.392921875 0.16903529374999998
8 0.669640625 0.4578117640625 0.67659375 0.435152940625 0.6800625 0.4276 0.67659375 0.413647059375 0.6599999999999999 0.4467764703125 0.660765625 0.4799058828125 0.669640625 0.4578117640625
8 0.021890625 0.39621176406249997 0.02215625 0.39856470625 0.027750000000000004 0.3968 0.030093750000000002 0.394447059375 0.03309375 0.3893411765625 0.0321875 0.3697411765625 0.019421874999999998 0.3703294125 0.019671875 0.372282353125 0.021234375 0.372282353125 0.021890625 0.39621176406249997
8 0.3423125 0.22618823593749998 0.3424375 0.222447059375 0.341265625 0.219482353125 0.338640625 0.21752941250000002 0.33785937499999996 0.2161411765625 0.33053125 0.2161411765625 0.33065625 0.2179058828125 0.33065625 0.23348235312500001 0.338515625 0.23329411718749998 0.3395625 0.22894117656250002 0.3423125 0.22618823593749998
8 0.25259375 0.336047059375 0.253671875 0.3288 0.242421875 0.3288 0.242421875 0.3183058828125 0.257421875 0.31750588281250003 0.257421875 0.3054117640625 0.24723437499999998 0.3054117640625 0.24134375000000002 0.25703529375 0.24509375000000003 0.25298823593750003 0.250984375 0.3013882359375 0.254203125 0.30378823593750004 0.253671875 0.285247059375 0.25153125 0.25298823593750003 0.258484375 0.25138823593750004 0.258484375 0.2755764703125 0.26115625 0.29251764687500004 0.26115625 0.285247059375 0.2633125 0.25461176406249997 0.2729375 0.265082353125 0.27509375 0.26105882343750003 0.27509375 0.2537882359375 0.262765625 0.244117646875 0.25153125 0.24251764687500002 0.23759375 0.2473411765625 0.23064062500000002 0.2554117640625 0.23064062500000002 0.263482353125 0.234390625 0.3013882359375 0.23975 0.365882353125 0.242421875 0.365082353125 0.24348437500000003 0.336047059375 0.25259375 0.336047059375
8 0.10806249999999999 0.25656470625 0.102640625 0.26058823593749997 0.105625 0.268752940625 0.11095312500000001 0.2786117640625 0.11582812499999999 0.2897882359375 0.11576562500000001 0.2977411765625 0.12032812500000001 0.3004941171875 0.12196875 0.3046117640625 0.1278125 0.3109411765625 0.130734375 0.2980235296875 0.13 0.2848235296875 0.130546875 0.2746588234375 0.132203125 0.2639294125 0.13840625 0.27025882343749996 0.1395 0.2760235296875 0.142234375 0.2713411765625 0.14150000000000001 0.2633882359375 0.13109375 0.2556705875 0.119234375 0.253482353125 0.119046875 0.2534117640625 0.11360937499999998 0.25423529375 0.10806249999999999 0.25656470625
8 0.425 0.356282353125 0.42903125 0.356282353125 0.429203125 0.3511764703125 0.43096875 0.349482353125 0.43 0.33176470625 0.43096875 0.3261882359375 0.43224999999999997 0.3223058828125 0.433875 0.31428235312499997 0.43499999999999994 0.306047059375 0.436453125 0.29583529375 0.43757812500000004 0.29341176406249997 0.436125 0.2897882359375 0.435765625 0.2867294125 0.443203125 0.2724235296875 0.44975 0.2665411765625 0.45220312500000004 0.26536470625 0.45679687500000005 0.26388235312499997 0.45978125 0.26388235312499997 0.45721875 0.2598117640625 0.457796875 0.257247059375 0.458359375 0.23668235312500002 0.45082812499999997 0.2345411765625 0.442859375 0.2345411765625 0.43603125 0.23517647031250002 0.43062500000000004 0.237317646875 0.42507812500000003 0.242047059375 0.42109375 0.2465411765625 0.42053124999999997 0.2504 0.4208125 0.2555294125 0.42123437499999994 0.258752940625 0.421296875 0.25823529375 0.4219375 0.29656470625 0.42371875000000003 0.298752940625 0.424515625 0.33054117656250004 0.425 0.356282353125
8 0.734609375 0.37023529375 0.732515625 0.3871294125 0.734609375 0.3916941171875 0.73625 0.3888941171875 0.739296875 0.3667294125 0.741625 0.363552940625 0.746765625 0.361082353125 0.748640625 0.354047059375 0.74746875 0.3332941171875 0.7477031249999999 0.325552940625 0.74934375 0.321317646875 0.74934375 0.3111058828125 0.741859375 0.28894117656249996 0.766625 0.280847059375 0.7661718750000001 0.265717646875 0.760796875 0.265717646875 0.752140625 0.2699294125 0.7585260421875 0.2824941171875 0.742328125 0.2857882359375 0.74209375 0.27240000000000003 0.7318125 0.27240000000000003 0.730640625 0.2738117640625 0.7318125 0.29 0.7353125 0.30371764687499997 0.734609375 0.37023529375
8 0.66609375 0.20807058750000001 0.6680937499999999 0.1938588234375 0.66484375 0.1906117640625 0.661140625 0.19176470625 0.660984375 0.1943294125 0.6620625 0.198047059375 0.66578125 0.19922352968749998 0.663 0.2057411765625 0.6626875 0.21178823593749999 0.66609375 0.20807058750000001
8 0.5109375 0.2964705875 0.51875 0.305882353125 0.528125 0.305882353125 0.534375 0.294117646875 0.55 0.29176470625 0.55625 0.2870588234375 0.5609375 0.277647059375 0.559375 0.2611764703125 0.55625 0.2564705875 0.5484375 0.2564705875 0.5421875 0.242352940625 0.5265625 0.242352940625 0.5203125 0.24941176406249999 0.515625 0.2447058828125 0.5046875 0.2447058828125 0.5 0.25176470625 0.5 0.26588235312499997 0.509375 0.27999999999999997 0.5109375 0.2964705875