7 0.214734375 0.6329976578125 0.214734375 0.6389461359374999 0.23753125000000003 0.6731147546875 0.21076562499999998 0.7087822015625 0.1909375 0.7162060890624999 0.178046875 0.7058079625 0.18103125 0.7043091328125 0.19590625 0.6954098359375 0.198875 0.67608899375 0.15723437499999998 0.6077283375 0.1265 0.5899063234375 0.15426562500000002 0.5215456671875 0.132453125 0.511147540625 0.139390625 0.49182669843750004 0.132453125 0.481428571875 0.12154687500000001 0.49182669843750004 0.11460937499999999 0.5200702578125 0.125515625 0.5334426234375 0.11460937499999999 0.5512646375 0.10171875 0.5839578453125001 0.03728125 0.6047540984374999 0.057109375 0.6121779859375 0.03728125 0.6314988296874999 0.0194375 0.671615925 0.025374999999999998 0.7162060890624999 0.03728125 0.7444262296875 0.060078125 0.7622716625 0.082875 0.763747071875 0.106671875 0.7459250578125001 0.11956249999999999 0.7162060890624999 0.12154687500000001 0.69391100625 0.12154687500000001 0.6671662765625 0.1275 0.6641920375 0.13046875 0.7028337234375 0.139390625 0.7221545671875 0.204828125 0.7295784546874999 0.21275 0.7385011703125001 0.256375 0.7355269328125 0.27421875 0.7622716625 0.287109375 0.7667213109375 0.315859375 0.7667213109375 0.33965625 0.7444262296875 0.348625 0.7353629984375 0.356140625 0.68355971875 0.350125 0.6520374703125 0.36965625 0.6745433249999999 0.374171875 0.6677985953125 0.362140625 0.6520374703125 0.345609375 0.6024824359375 0.36665625 0.5844496484375 0.350125 0.56644028125 0.345609375 0.5461826703125 0.338109375 0.5461826703125 0.253953125 0.5641920375 0.255390625 0.5661124125 0.2058125 0.609227165625 0.214734375 0.6329976578125
1 0.478734375 0.395152225 0.48410937499999995 0.38548009375 0.486265625 0.38386416875 0.5658125 0.3774238875 0.577640625 0.391920375 0.584078125 0.3935363 0.589453125 0.391920375 0.591609375 0.3774238875 0.594828125 0.37098360625 0.5980624999999999 0.361311475 0.60128125 0.364543325 0.605578125 0.3774238875 0.609875 0.37903981249999996 0.61203125 0.37580796250000004 0.61203125 0.35325526875 0.6141875 0.33714285781250003 0.613109375 0.15831381718749998 0.59375 0.15669789218750002 0.580859375 0.1437939109375 0.5550625 0.1373536296875 0.537859375 0.1357377046875 0.50990625 0.1389695546875 0.5013124999999999 0.1405854796875 0.48948437499999997 0.1437939109375 0.48303124999999997 0.1502576109375 0.4798125 0.16313817343749998 0.46153125 0.1647540984375 0.4583125 0.1792505859375 0.45509374999999996 0.1711943796875 0.448640625 0.37419203749999996 0.4636875 0.3774238875 0.47228125 0.395152225 0.478734375 0.395152225
9 0.677078125 0.2073302109375 0.678265625 0.2157611234375 0.678859375 0.21843091406249998 0.682125 0.2219906328125 0.68359375 0.22552693281249997 0.68359375 0.2162060890625 0.682125 0.2091100703125 0.683296875 0.20201405156250002 0.6841875 0.191803278125 0.683296875 0.185152225 0.68034375 0.1838173296875 0.68034375 0.1784777515625 0.68034375 0.1753864171875 0.67796875 0.1736065578125 0.6753125 0.17583138125 0.67471875 0.1820374703125 0.67678125 0.1855971890625 0.6753125 0.19002341875 0.675015625 0.1984543328125 0.67353125 0.19580796250000002 0.676203125 0.20067915625000002 0.677078125 0.2073302109375
9 0.108375 0.335316159375 0.110328125 0.3148009375 0.09859375000000001 0.2847540984375 0.08832812500000001 0.27669789218749996 0.08832812500000001 0.29796252968750003 0.08637500000000001 0.3236065578125 0.08832812500000001 0.3184777515625 0.09028125000000001 0.32946135781249997 0.108375 0.335316159375
2 0.798359375 0.5410304453125 0.8042343750000001 0.53098360625 0.8050625 0.525971896875 0.8109375 0.5272131140625 0.816796875 0.549812646875 0.8360625 0.5623653390625 0.8402499999999999 0.538524590625 0.8402499999999999 0.4945901640625 0.8402499999999999 0.445620609375 0.8352187499999999 0.3966744734375 0.8243281250000001 0.362763465625 0.8117656249999999 0.3326463703125 0.7581562500000001 0.327611240625 0.697859375 0.3313817328125 0.66603125 0.358992975 0.658484375 0.3903981265625 0.647609375 0.3903981265625 0.63253125 0.4004215453125 0.63253125 0.41173302031250003 0.642578125 0.420515221875 0.650953125 0.420515221875 0.63671875 0.45189695625 0.641734375 0.5272131140625 0.65346875 0.5397658078124999 0.6635156249999999 0.5272131140625 0.6651875 0.5209367687500001 0.666875 0.5096487125 0.668546875 0.5058782203125001 0.6794374999999999 0.554847775 0.6970156249999999 0.5573536296875 0.6961875 0.5184309140625001 0.781609375 0.525971896875 0.789984375 0.5410304453125 0.798359375 0.5410304453125
2 1 0.5180093671875 0.9016093749999999 0.6103512875 0.8114375 0.6396487125 0.61309375 0.693700234375 0.5965625 0.7635128812499999 0.5965625 0.7905386421875 0.58003125 0.8040515218750001 0.5935625 0.86487119375 0.5965625 0.9121545671875 0.6175937499999999 0.936932084375 0.728796875 0.9797189703125 0.748328125 0.9617096015625 0.760359375 0.9617096015625 0.776875 0.9887353624999999 0.9391718750000001 0.9864871187500001 0.9496874999999999 0.9549648718749999 1 0.9594613578125 1 0.5180093671875
2 0.052453125 0.589227165625 0.0686875 0.590163934375 0.0730625 0.5817330203125 0.07681249999999999 0.569555034375 0.0786875 0.532107728125 0.0711875 0.5171194375 0.07368749999999999 0.4862295078125 0.0724375 0.4506557375 0.064328125 0.4188290390625 0.058703125 0.41133489531249995 0.051203125 0.389812646875 0.032468750000000005 0.351428571875 0.0015 0.3477985953125 0 0.5761124125 0.039328125000000005 0.5714285718750001 0.052453125 0.589227165625
2 0.03996875 0.3646135828125 0.055890625000000006 0.3947306796875 0.07095312499999999 0.4449414515625 0.07095312499999999 0.5190163937500001 0.076828125 0.5617096015625 0.10614062500000002 0.559180328125 0.10865625000000001 0.5202810296875 0.11870312499999999 0.5077283375 0.132109375 0.49391100625 0.127078125 0.44370023437499995 0.11954687500000001 0.408548009375 0.103625 0.3646135828125 0.08687500000000001 0.3470257609375 0.051703125 0.34451990625 0.024890625 0.3407494140625 0.022375 0.3420140515625 0.0115 0.3470257609375 0.03996875 0.3646135828125
2 0.097375 0.356627634375 0.10903125 0.3746370015625 0.12034375 0.4096252921875 0.129453125 0.4828337234375 0.13746875 0.4997892265625 0.162625 0.48775175624999995 0.17503125 0.4768384078125 0.17503125 0.4686416859375 0.17246875 0.42327868906250005 0.16590625 0.38011709531250004 0.15496875000000002 0.342412178125 0.141125 0.3303981265625 0.107578125 0.3276580796875 0.06346874999999999 0.329836065625 0.047421875 0.342412178125 0.050703125 0.3456908671875 0.0733125 0.344051521875 0.097375 0.356627634375
2 0.153515625 0.33997658125 0.15882812500000001 0.3534894609375 0.16253125 0.3240983609375 0.166234375 0.3233021078125 0.16412500000000002 0.356651053125 0.168359375 0.358243559375 0.1720625 0.37096018750000004 0.18584375 0.3947775171875 0.191140625 0.41067915624999995 0.18267187499999998 0.41384075 0.18743749999999998 0.4178220140625 0.204390625 0.43290398124999996 0.195921875 0.4344964875 0.207046875 0.4511709609375 0.21021874999999998 0.4488056203125 0.21764062499999998 0.42894613593750003 0.221875 0.41227166249999997 0.217109375 0.4051053859375 0.21181250000000001 0.399555034375 0.20651562499999998 0.38922716562500004 0.20651562499999998 0.378899296875 0.202796875 0.37494145156249997 0.203328125 0.3654098359375 0.203328125 0.3558782203125 0.20015624999999998 0.3542857140625 0.19273437499999999 0.3423653390625 0.19696875 0.3233021078125 0.167828125 0.3209133484375 0.14875 0.3209133484375 0.133921875 0.327283371875 0.13603125 0.3320374703125 0.141328125 0.328079625 0.153515625 0.33997658125
1 0.680171875 0.15969555 0.68071875 0.1688056203125 0.6857031250000001 0.17377049218750001 0.681828125 0.202763465625 0.683484375 0.2176814984375 0.6895625 0.2342388765625 0.6950937500000001 0.23091334843750003 0.698953125 0.201100703125 0.745921875 0.1936533953125 0.74703125 0.110819671875 0.69121875 0.10255269375 0.6857031250000001 0.1066744734375 0.68403125 0.15555035156250002 0.680171875 0.15969555
13 0.748328125 0.1858079625 0.75134375 0.10248243593749999 0.68221875 0.1069789234375 0.68521875 0.21960187343749998 0.6837187499999999 0.22185011718749997 0.7272968750000001 0.20833723593750003 0.748328125 0.1858079625
13 0.8034687500000001 0.2516861828125 0.8178750000000001 0.3227868859375 0.8202812500000001 0.3048009375 0.835296875 0.263395784375 0.8791249999999999 0.2579859484375 0.87853125 0.2408899296875 0.871921875 0.2102810296875 0.78125 0.2093911 0.766828125 0.2255971890625 0.7638281250000001 0.24177985937500002 0.8034687500000001 0.2516861828125
13 0.758078125 0.1812646375 0.752765625 0.1796018734375 0.74346875 0.2014988296875 0.7321718749999999 0.20416861874999997 0.71978125 0.22871194374999998 0.72221875 0.23964871250000003 0.7355 0.25524590156250004 0.74146875 0.25325526875 0.752765625 0.24199063281250002 0.76315625 0.24 0.76803125 0.21941452031250003 0.780875 0.20847775156249998 0.8198281250000001 0.20648711875 0.8178281249999999 0.189227165625 0.8054375 0.18491803281250002 0.7753281249999999 0.1842622953125 0.758078125 0.1812646375
9 1 0.38864168593750004 0.9944843750000001 0.3777985953125 0.9956250000000001 0.37093676875 0.9963906250000001 0.366932084375 1 0.3623653390625 0.999828125 0.3344028109375 0.9967812500000001 0.3303981265625 0.990296875 0.3315456671875 0.9838281249999999 0.3452459015625 0.9834375 0.3463934421875 0.9666874999999999 0.359508196875 0.955640625 0.37606557343749997 0.949546875 0.39662763437500004 0.9525937499999999 0.42060890000000006 0.95678125 0.43374707187499995 0.9586874999999999 0.4417330203125 0.961734375 0.4674238875 0.9609687499999999 0.49768149843750004 0.961734375 0.50224824375 0.978875 0.4868384078125 0.9834375 0.44002341874999995 0.976203125 0.4131850109375 0.98534375 0.39262295156250004 1 0.4034894609375 1 0.38864168593750004
2 0.304921875 0.36339578437500003 0.31034375000000003 0.38974238906249997 0.33196875000000003 0.3735363 0.334234375 0.3444730671875 0.3265625 0.3012177984375 0.31078125 0.27217798593750003 0.254890625 0.27217798593750003 0.24451562500000001 0.291779859375 0.27923437500000003 0.2863700234375 0.30221875 0.3296018734375 0.30267187500000003 0.3289227171875 0.303125 0.3296018734375 0.304921875 0.36339578437500003
2 0.679078125 0.34805620625 0.6870625 0.3392740046875 0.735515625 0.33288056250000003 0.737109375 0.32969555 0.7344375000000001 0.3009601875 0.722734375 0.2642622953125 0.6913125 0.2602576109375 0.69078125 0.2514988296875 0.67375 0.2514988296875 0.666828125 0.2626697890625 0.654578125 0.28740046874999997 0.645 0.28740046874999997 0.6444687499999999 0.29538641718749997 0.649796875 0.3009601875 0.64765625 0.3057611234375 0.64553125 0.3512412171875 0.651921875 0.36639344218750003 0.6604375 0.364004684375 0.6625625 0.350444965625 0.679078125 0.34805620625
2 0.37439062500000003 0.354004684375 0.3824375 0.3686416859375 0.40196875 0.364332553125 0.4536875 0.3531381734375 0.45482812499999997 0.2670257609375 0.399671875 0.2687587828125 0.3824375 0.3135363 0.37439062500000003 0.33074941406249997 0.37439062500000003 0.354004684375
2 0.25606249999999997 0.3355269328125 0.25628125 0.3434660421875 0.24990625 0.3450585484375 0.24693749999999998 0.3450585484375 0.24948437499999998 0.36384075 0.255421875 0.374332553125 0.25584375000000004 0.3880093671875 0.25415625 0.40264637031249995 0.25628125 0.40932084375000005 0.2764375 0.4099531609375 0.27665625 0.41918032812500006 0.27749999999999997 0.42428571406250004 0.28917187499999997 0.4226932078125 0.290015625 0.4102810296875 0.290015625 0.3991334890625 0.29362499999999997 0.39756440312499997 0.29426562500000003 0.40772833750000004 0.29575 0.41313817343750003 0.30721875 0.41091334843749994 0.309125 0.39501170937499996 0.30890625 0.385456675 0.30934375 0.374332553125 0.30721875 0.3549180328125 0.30467187500000004 0.3326463703125 0.297234375 0.3189695546875 0.285984375 0.2989227171875 0.277921875 0.2887587828125 0.232921875 0.29194379375 0.23907812499999997 0.3138875875 0.245875 0.3224824359375 0.24778125 0.33330210781249997 0.25606249999999997 0.3355269328125
2 0.81646875 0.3307259953125 0.8161875000000001 0.3081264640625 0.81096875 0.27482435625 0.8049375 0.24437939062499997 0.7829843750000001 0.241100703125 0.745953125 0.2439812640625 0.741015625 0.26206089062500004 0.736625 0.264543325 0.73196875 0.26906323125 0.7341562500000001 0.27686182656249997 0.730046875 0.2888056203125 0.7363593749999999 0.32416861875 0.812890625 0.33320843125 0.8145468749999999 0.335667446875 0.81646875 0.3307259953125
2 0.6796249999999999 0.23498829062499998 0.6836875 0.2343091328125 0.68503125 0.22957845468750002 0.68278125 0.2147306796875 0.6737656249999999 0.19714285781250002 0.6444687499999999 0.19512880625 0.63859375 0.2106557375 0.63409375 0.21000000000000002 0.635 0.213372365625 0.63815625 0.2147306796875 0.633640625 0.23093676875 0.6345468750000001 0.242435596875 0.6354375 0.256604215625 0.6404062500000001 0.257283371875 0.643109375 0.257283371875 0.6462656250000001 0.24648711875 0.66925 0.24648711875 0.6796249999999999 0.23498829062499998
7 0.153828125 0.3854098359375 0.16859375000000001 0.407540984375 0.173265625 0.430843090625 0.171703125 0.451803278125 0.174046875 0.4751053859375 0.184140625 0.482107728125 0.185703125 0.4797658078125 0.1996875 0.47044496562499993 0.20746875 0.45880562031250005 0.20435937499999998 0.44248243593750003 0.19814062500000001 0.42035128750000006 0.19346875 0.407540984375 0.18725 0.3865573765625 0.17015625 0.36676815 0.16471875 0.36093676874999997 0.16082812500000002 0.3644262296875 0.153828125 0.3854098359375
2 0.8510624999999999 0.470819671875 0.86321875 0.470819671875 0.8649531250000001 0.4577985953125 0.9344531249999999 0.46042154531249996 0.9431406250000001 0.48124121718749996 0.96225 0.48124121718749996 0.960515625 0.465620609375 0.9553125 0.4369789234375 0.946625 0.41353629999999997 0.946625 0.395316159375 0.9640000000000001 0.3692740046875 0.9518281249999999 0.34583138125 0.9361875 0.3302107734375 0.8805937500000001 0.3171896953125 0.8510624999999999 0.322388759375 0.8336874999999999 0.3692740046875 0.8336874999999999 0.3744730671875 0.840625 0.4213583140625 0.8510624999999999 0.470819671875
7 0.704375 0.0641920375 0.7095625 0.062318501562499996 0.709359375 0.059836065625000004 0.70853125 0.05517564375 0.70521875 0.05517564375 0.703546875 0.05704917968749999 0.7033437499999999 0.060468384374999996 0.704375 0.0641920375
9 0.20954687500000002 0.506627634375 0.21179687500000002 0.5168149890625 0.1921875 0.5247306796875 0.173328125 0.5428103046875 0.15825 0.5541217796875 0.15446875 0.5733255265625 0.156734375 0.598220140625 0.159 0.608384075 0.16353125 0.6174238875 0.172578125 0.6400468390625 0.1921875 0.6762295078125 0.18842187500000002 0.69770491875 0.17860937500000001 0.710140515625 0.192953125 0.719180328125 0.211046875 0.705620609375 0.22915625 0.6886651046875001 0.238203125 0.6716861828125 0.22614062499999998 0.6558782203125 0.20954687500000002 0.6298594843750001 0.19596875 0.608384075 0.248015625 0.578992975 0.264609375 0.5575175640625 0.270640625 0.5247306796875 0.275921875 0.48515222500000005 0.26687500000000003 0.4286182671875 0.25329687500000003 0.39810304375 0.25178124999999996 0.37775175625 0.25103125 0.3528805625 0.254046875 0.3313817328125 0.24725000000000003 0.3178220140625 0.21784374999999997 0.3121779859375 0.20125 0.3200936765625 0.19671875 0.3280093671875 0.19821875 0.35740046875 0.20274999999999999 0.376604215625 0.20653125 0.38451990625 0.21784374999999997 0.40487119375 0.21632812499999998 0.42974238906249995 0.211046875 0.45461358281250003 0.187671875 0.47496487187499997 0.16503125000000002 0.493067915625 0.143921875 0.493067915625 0.134859375 0.5009836062499999 0.140140625 0.513419203125 0.15145312500000002 0.5235831375 0.1688125 0.511147540625 0.180125 0.511147540625 0.20954687500000002 0.506627634375
2 0.2375 0.31850117031249997 0.234375 0.292740046875 0.2375 0.28805620625 0.2390625 0.292740046875 0.2515625 0.2763466046875 0.3140625 0.2669789234375 0.3125 0.2763466046875 0.3265625 0.30210772812500003 0.3328125 0.337236534375 0.3328125 0.3676814984375 0.3359375 0.3723653390625 0.3453125 0.3723653390625 0.3484375 0.3770491796875 0.3734375 0.3723653390625 0.3765625 0.3676814984375 0.375 0.3302107734375 0.38125 0.31615925 0.3859375 0.292740046875 0.384375 0.2505854796875 0.38125 0.2459016390625 0.4671875 0.0960187359375 0.48125 0.09836065625 0.4921875 0.07259953125 0.509375 0.0444964875 0.5140625 0.0444964875 0.51875 0.051522248437499994 0.5625 0.051522248437499994 0.565625 0.046838407812499996 0.6056250000000001 0.0416861828125 0.603125 0.0960187359375 0.6080403640625 0.1053864171875 0.6036458328125 0.112412178125 0.603125 0.1241217796875 0.6078125 0.131147540625 0.6171875 0.131147540625 0.6234375 0.1264637 0.6227864578125 0.1334894609375 0.628125 0.13817330156250002 0.6265625 0.15925058593750002 0.6234375 0.16627634687499998 0.6234375 0.1826697890625 0.628125 0.18969555 0.6578125 0.18969555 0.6571940109375001 0.19906323125 0.67685546875 0.2365339578125 0.6734375 0.24355971875 0.6734375 0.2529274 0.690625 0.2529274 0.6916015625 0.26463700156250003 0.82431640625 0.517564403125 0.8109375 0.5292740046875 0.80625 0.526932084375 0.796875 0.5433255265625 0.790625 0.5433255265625 0.78125 0.526932084375 0.7609375 0.5245901640625 0.7515625 0.5714285718750001 0.696875 0.5714285718750001 0.6859375 0.5761124125 0.66875 0.6042154562500001 0.653125 0.6159250578125001 0.6484375 0.6276346609375001 0.6375 0.62997658125 0.6328125 0.6370023421875 0.63125 0.6814988296875 0.634375 0.6861826703125 0.6484375 0.6861826703125 0.65625 0.68384075 0.659375 0.679156909375 0.675 0.679156909375 0.7953125 0.6463700234374999 0.8984375 0.6135831375 0.9984375 0.5199063234375 0.9984375 0.4168618265625 0.9828125 0.400468384375 0.95625 0.3840749421875 0.95625 0.3395784546875 0.96875 0.341920375 0.975 0.3489461359375 0.984375 0.3489461359375 0.990625 0.3348946140625 0.9890625 0.30210772812500003 0.9859375 0.29742388750000004 0.9640625 0.29742388750000004 0.9578125 0.28805620625 0.9328125 0.28571428593750003 0.9296875 0.2716627640625 0.921875 0.2599531609375 0.8984375 0.257611240625 0.8890625 0.2459016390625 0.8640625 0.2459016390625 0.8609375 0.2412177984375 0.8421875 0.24355971875 0.834375 0.2552693203125 0.8296875 0.2716627640625 0.821875 0.2716627640625 0.8171875 0.278688525 0.789508928125 0.247909 0.79375 0.2341920375 0.803125 0.22014051562499998 0.8046875 0.20608899374999998 0.8 0.1967213109375 0.771875 0.1967213109375 0.7765625 0.1709601875 0.771875 0.16159250625 0.7671875 0.16159250625 0.7625 0.1451990625 0.7515625 0.1264637 0.7515625 0.11709601875 0.7609375 0.11709601875 0.765625 0.1053864171875 0.765625 0.018735362499999998 0.759375 0.0023419203124999998 0.7375 0.0023419203124999998 0.7328125 0.009367681249999999 0.7140625 0.009367681249999999 0.7078125 0.023419203125 0.684375 0.0257611234375 0.675 0.009367681249999999 0.665625 0.009367681249999999 0.659375 0.0210772828125 0.6546875 0.0210772828125 0.64375 0.032786885937499996 0.63125 0.016393442187500003 0.6140625 0.016393442187500003 0.60625 0.02810304375 0.57443181875 0.0229934 0.5671875 0.032786885937499996 0.5664772734375 0.0217159890625 0.5625 0.023419203125 0.5585227265625 0.020438578125000002 0.5578125 0.014051521875 0.55 0.014051521875 0.55056818125 0.019161165625 0.5426136359375 0.01788375625 0.5421875 0.014051521875 0.534659090625 0.01660634375 0.534375 0.014051521875 0.5267045453125 0.015328934375 0.5265625 0.014051521875 0.51875 0.014051521875 0.5140625 0.0210772828125 0.51015625 0.0179547234375 0.50625 0.009367681249999999 0.5015625 0.0218579234375 0.49296875 0.0257611234375 0.49609375 0.008196721875 0.4859375 0.0070257609375 0.4734375 0.027322404687500003 0.47578125 0.033567525 0.4671875 0.0374707265625 0.46640625 0.050351287499999994 0.46151620312499997 0.0459710296875 0.33107638906250003 0.24147801093750001 0.328125 0.2505854796875 0.32540509218749997 0.249978315625 0.32109375 0.2587822015625 0.24375 0.2775175640625 0.228125 0.279859484375 0.22953125000000002 0.2882903984375 0.22156250000000002 0.288524590625 0.2203125 0.2810304453125 0.2125 0.2822014046875 0.21359374999999997 0.2887587828125 0.205625 0.288992975 0.2046875 0.283372365625 0.196875 0.284543325 0.19765625 0.289227165625 0.1896875 0.2894613578125 0.1890625 0.28571428593750003 0.18171874999999998 0.28969554999999997 0.18125 0.28688524531250004 0.17375000000000002 0.2899297421875 0.1734375 0.28805620625 0.1578125 0.2903981265625 0.153125 0.29742388750000004 0.153125 0.31147540937499996 0.1578125 0.31850117031249997 0.2375 0.31850117031249997