2 0.87903125 0.44731249999999995 0.87903125 0.473125 0.893546875 0.4881666671875 0.917734375 0.47527083281250004 0.917734375 0.4387083328125 0.9096718750000001 0.3032291671875 0.822578125 0.3118333328125 0.811296875 0.32687499999999997 0.87096875 0.3741875 0.8774218749999999 0.4150625 0.87903125 0.44731249999999995
2 0.620515625 0.3623333328125 0.6255625 0.32645833281250003 0.61546875 0.2883333328125 0.464125 0.2905833328125 0.40862499999999996 0.4452916671875 0.44057812500000004 0.5551666671875 0.45740625 0.5596458328125 0.47253125 0.5461875 0.467484375 0.5058333328125 0.50953125 0.5103125000000001 0.519625 0.4408125 0.5885625 0.3600833328125 0.620515625 0.3623333328125
7 0.508984375 0.7685416671875 0.54775 0.7752708328125 0.584828125 0.7303333328125 0.596625 0.7505625 0.62021875 0.7460625000000001 0.6294921875 0.7471875 0.63907244375 0.7372803015625 0.638765625 0.7483125 0.6787366078125 0.73707738125 0.67921875 0.7483125 0.7601093750000001 0.7595416671875 0.765171875 0.7865208328125 0.7938125 0.8134791671875 0.8292187500000001 0.8089791671875 0.867984375 0.7820208328125 0.883140625 0.7123541671875 0.8898906249999999 0.7168541671875001 0.9050625 0.7146041671875001 0.9050625 0.6966249999999999 0.884828125 0.6224791671875 0.884828125 0.59325 0.8932656250000001 0.5865208328125 0.8983125 0.5640416671875 0.8949374999999999 0.5348333328125 0.9050625 0.5101041671875 0.8882031250000001 0.48764583281249996 0.8477499999999999 0.496625 0.7803333328125001 0.51860648125 0.7735937500000001 0.5280833328125001 0.77190625 0.5213541671875 0.671880434375 0.48959601406250003 0.66909375 0.49437499999999995 0.664186140625 0.4871530796875 0.6606674109374999 0.49469642968749994 0.652241071875 0.49501785624999994 0.6564918484375 0.4847101453125 0.5949375 0.4651666671875 0.6 0.45618749999999997 0.596625 0.4337083328125 0.6050625000000001 0.4314583328125 0.62528125 0.36404166718750003 0.581453125 0.3617916671875 0.52584375 0.43595833281249996 0.514046875 0.44045833281249996 0.508984375 0.47416666718749995 0.4971875 0.5370833328125 0.50225 0.5528125 0.4955 0.5640416671875 0.50225 0.60225 0.48034375 0.6112291671875 0.47696875 0.6382083328125 0.47021875 0.6719166671875 0.47359375000000004 0.707875 0.508984375 0.7685416671875
9 0.11559375000000001 0.2593958328125 0.10965625000000001 0.2558125 0.10615625 0.2547291671875 0.099953125 0.2554375 0.092125 0.2619166671875 0.0861875 0.2835 0.08267187499999999 0.3018541671875 0.08267187499999999 0.3050833328125 0.075671875 0.3212708328125 0.07215625 0.3432083328125 0.0708125 0.3676666671875 0.07459375 0.3817083328125 0.07890625 0.3946458328125 0.085109375 0.4057916671875 0.085109375 0.41658333281250004 0.0878125 0.4255833328125 0.089421875 0.4471666671875 0.08429687500000001 0.45125000000000004 0.085109375 0.4699583328125 0.08051562500000001 0.4915416671875 0.08106250000000001 0.5195833328125 0.082953125 0.5462083328125 0.08106250000000001 0.55375 0.088078125 0.557 0.09914062500000001 0.5577083328125 0.105078125 0.5584374999999999 0.093203125 0.5393749999999999 0.091859375 0.509875 0.096984375 0.4792916671875 0.09778125 0.4728333328125 0.1015625 0.4379375 0.10345312499999999 0.4203125 0.109390625 0.4397291671875 0.11504687499999999 0.47139583281249997 0.112078125 0.489375 0.10803125 0.5170625 0.10345312499999999 0.5318125 0.10075 0.5368541671875 0.11396875 0.55125 0.12045312500000001 0.5552083328124999 0.129078125 0.557 0.11882812499999999 0.5404583328125 0.1169375 0.5242708328125001 0.12584375 0.4792916671875 0.128265625 0.47389583281250003 0.131515625 0.4591666671875 0.12934375 0.4282291671875 0.126390625 0.4044791671875 0.129078125 0.3958541671875 0.128546875 0.36275 0.12665625 0.3343333328125 0.12692187500000002 0.3331458328125 0.12746875 0.3090416671875 0.12234375 0.2899791671875 0.11937500000000001 0.2723541671875 0.11559375000000001 0.2593958328125
9 0.9546093750000001 0.5769583328125 0.9555468749999999 0.6723541671875 0.9499062500000001 0.6924583328125 0.946125 0.70625 0.9913281250000001 0.7025 0.9894375 0.6761250000000001 0.9809687500000001 0.6422291671875 0.978140625 0.5932708328125 0.9866250000000001 0.5894999999999999 0.99509375 0.6095833328125 0.99415625 0.64725 0.9903906250000001 0.6673333328125 0.999796875 0.6911875000000001 0.998859375 0.6849166671875 0.998859375 0.6786458328125 1 0.3321458328125 0.9903906250000001 0.3133333328125 0.9903906250000001 0.29072916718749997 0.9866250000000001 0.2580833328125 0.9724999999999999 0.2518125 0.958375 0.2555833328125 0.9536718750000001 0.2744166671875 0.95178125 0.29575 0.958375 0.3007708328125 0.9593125 0.3120625 0.9433125 0.33341666718749996 0.9395468749999999 0.33968750000000003 0.9310625 0.3597708328125 0.927296875 0.382375 0.932953125 0.43258333281250005 0.930125 0.4715 0.932953125 0.5179583328125 0.932953125 0.45141666718750006 0.9404843749999999 0.5104166671875 0.9546093750000001 0.5769583328125
8 0.16929687499999999 0.37352083281250004 0.165625 0.379125 0.17034375 0.386125 0.173484375 0.393125 0.160375 0.40991666718750003 0.16299999999999998 0.41270833281249997 0.1724375 0.40991666718750003 0.174546875 0.40570833281249996 0.17821875 0.40152083281250006 0.18556250000000002 0.40152083281250006 0.19132812500000002 0.40502083281249995 0.1960625 0.4162083328125 0.20182812499999997 0.41481250000000003 0.19132812500000002 0.3945208328125 0.197640625 0.3812291671875 0.21809375000000003 0.3854166671875 0.217046875 0.3952083328125 0.21232812499999998 0.3994166671875 0.209171875 0.4078125 0.213375 0.40710416718750003 0.21600000000000003 0.40081249999999996 0.22071875 0.396625 0.230703125 0.3994166671875 0.23962500000000003 0.4113125 0.2438125 0.40991666718750003 0.23489062500000002 0.393125 0.24171874999999998 0.3784166671875 0.242234375 0.37072916718750004 0.2438125 0.34904166718749996 0.193953125 0.35322916718749997 0.189234375 0.3742291671875 0.176640625 0.3742291671875 0.16929687499999999 0.37352083281250004
8 0.053531249999999996 0.41491666718750003 0.053968749999999996 0.4291666671875 0.070890625 0.44995833281250003 0.08246875000000001 0.4529166671875 0.091375 0.4463958328125 0.0878125 0.4214583328125 0.082921875 0.40660416718750003 0.08887500000000001 0.3947291671875 0.0902083328125 0.38405555625 0.083734375 0.3794791671875 0.0915416671875 0.37338194375 0.092875 0.3627083328125 0.084875 0.365 0.08687500000000001 0.3421354171875 0.09440104218749999 0.3507708328125 0.097453125 0.3268958328125 0.08787500000000001 0.330703125 0.08205580312500001 0.32501488125 0.0837544640625 0.31451785625 0.08887500000000001 0.3192708328125 0.09459375 0.3135520828125 0.091734375 0.3002083328125 0.08659375 0.2963958328125 0.06999999999999999 0.3697916671875 0.0735625 0.3775 0.06621875 0.38047916718749997 0.053531249999999996 0.41491666718750003
9 0.45128124999999997 0.2823333328125 0.44728124999999996 0.28189583281249997 0.447953125 0.2774375 0.44828124999999996 0.2703333328125 0.44460937500000003 0.2654375 0.43760937499999997 0.265875 0.43393750000000003 0.2734375 0.43360937499999996 0.2814375 0.426265625 0.2916875 0.42259375 0.3054791671875 0.42526562500000004 0.3170416671875 0.42960937499999996 0.3277083328125 0.4269375 0.3521875 0.42793749999999997 0.3748541671875 0.45128124999999997 0.3277083328125 0.45729687500000005 0.3188125 0.45729687500000005 0.30635416718749997 0.45462499999999995 0.2916875 0.45128124999999997 0.2823333328125
9 0.5583437499999999 0.2803333328125 0.55740625 0.2868125 0.570921875 0.2876666671875 0.571078125 0.28137500000000004 0.570609375 0.2761458328125 0.567609375 0.2706875 0.56903125 0.26691666718749996 0.567609375 0.2612708328125 0.56353125 0.258125 0.561796875 0.25875 0.5603906249999999 0.2641875 0.5607031250000001 0.2683958328125 0.5608593749999999 0.27131249999999996 0.5603906249999999 0.2732083328125 0.5586562500000001 0.2750833328125 0.5583437499999999 0.2803333328125
9 0.583875 0.2658125 0.5804218750000001 0.2668958328125 0.5797656250000001 0.2710625 0.58140625 0.2785 0.5797656250000001 0.2857291671875 0.588953125 0.288125 0.586984375 0.2813541671875 0.586984375 0.2682083328125 0.583875 0.2658125
9 0.615140625 0.2911041671875 0.6155 0.28112499999999996 0.613171875 0.2756458328125 0.608359375 0.2723125 0.604078125 0.2751666671875 0.6021093750000001 0.2813541671875 0.60175 0.2901458328125 0.606578125 0.2922916671875 0.611921875 0.2922916671875 0.615140625 0.2911041671875
9 0.6380625 0.2770208328125 0.6385156249999999 0.27275 0.63828125 0.2697083328125 0.634859375 0.26756250000000004 0.632796875 0.2690833328125 0.6305 0.2739791671875 0.631640625 0.2779375 0.62890625 0.2840416671875 0.6256875 0.28558333281250003 0.640125 0.2828333328125 0.6380625 0.2800833328125 0.6380625 0.2770208328125
9 0.554203125 0.28475 0.552734375 0.2765416671875 0.55215625 0.2687083328125 0.54834375 0.266375 0.54453125 0.2671458328125 0.54365625 0.2734166671875 0.54365625 0.28279166718750004 0.543359375 0.2839583328125 0.548046875 0.28591666718750003 0.554203125 0.28475
9 0.6756875 0.7960416671874999 0.679859375 0.7873125 0.672703125 0.7571041671875001 0.680453125 0.7539374999999999 0.680453125 0.6466875 0.690578125 0.6252291671875 0.7132343750000001 0.6053541671875 0.722765625 0.5950416671875 0.741828125 0.5759583328125 0.7537499999999999 0.5703958328125001 0.7662656250000001 0.5663333328125 0.7662656250000001 0.5186458328125 0.7722187500000001 0.5107083328125 0.7960625 0.49800000000000005 0.793078125 0.4219583328125 0.78115625 0.3933541671875 0.7626875 0.375875 0.756125 0.3703125 0.7537499999999999 0.36633333281249997 0.757921875 0.35602083281249997 0.759109375 0.3480625 0.76209375 0.33218749999999997 0.756734375 0.30674999999999997 0.741828125 0.2948333328125 0.73646875 0.29325 0.732890625 0.29325 0.730515625 0.29325 0.723359375 0.2940416671875 0.722171875 0.2940416671875 0.716796875 0.2972291671875 0.7090625 0.3027916671875 0.706078125 0.3075416671875 0.700125 0.32185416718750004 0.7030937500000001 0.329 0.704296875 0.3329791671875 0.706078125 0.3385416671875 0.707265625 0.34568750000000004 0.71084375 0.36872916718750004 0.7132343750000001 0.3750833328125 0.70965625 0.39177083281249997 0.7013125 0.40368750000000003 0.6959531250000001 0.4100416671875 0.6834374999999999 0.42037500000000005 0.672703125 0.42354166718749997 0.663171875 0.42672916718750004 0.648875 0.4402291671875 0.6190781249999999 0.4577083328125 0.6077656250000001 0.46168750000000003 0.59465625 0.46566666718749994 0.5863125 0.47041666718749997 0.5904843750000001 0.4767708328125 0.592859375 0.4839375 0.601796875 0.4871041671875 0.61253125 0.48314583281249995 0.6298125 0.48472916718750003 0.6703281249999999 0.4759791671875 0.71203125 0.4537291671875 0.71084375 0.48075 0.715015625 0.49108333281250005 0.716796875 0.49424999999999997 0.704296875 0.5347708328125 0.6780781250000001 0.5689375 0.6560312500000001 0.599125 0.644109375 0.6197916671875 0.6399375 0.6603125000000001 0.64053125 0.7485 0.646484375 0.7540625000000001 0.64709375 0.7588333328125 0.63815625 0.7643958328125 0.63040625 0.7699583328124999 0.61253125 0.7786875 0.608953125 0.78175 0.633375 0.7944583328125 0.652453125 0.7944583328125 0.669140625 0.7960416671874999 0.6756875 0.7960416671874999
9 0 0.4717708328125 0.0008750000000000001 0.5277083328125001 0.0008750000000000001 0.5645416671875 0.01109375 0.5549791671875 0.00496875 0.5440833328125 0.001890625 0.5113333328125 0.0058125 0.4840625 0.017890625 0.5017916671875 0.022734375 0.5243333328124999 0.022734375 0.5485 0.022734375 0.564625 0.033609375000000004 0.5678333328125 0.060187500000000005 0.5597916671875 0.0674375 0.5420625 0.040859374999999996 0.5323958328125 0.0275625 0.4888958328125 0.032390625 0.476 0.0311875 0.4147708328125 0.036015625 0.4035 0.0471875 0.4172916671875 0.060671875 0.4285208328125 0.060671875 0.3993125 0.053937500000000006 0.3633541671875 0.0438125 0.3094166671875 0.035390624999999995 0.2847083328125 0.035390624999999995 0.25997916718749997 0.02865625 0.23977083281249997 0.025281249999999998 0.2330208328125 0.0050625 0.23752083281249997 0.0050625 0.24874999999999997 0.0050625 0.26447916718750003 0.0033750000000000004 0.2824583328125 0.001890625 0.2957708328125 0.001890625 0.40083333281250005 0 0.4717708328125
2 0.7608125 0.3159583328125 0.7624375 0.32325 0.76365625 0.3235 0.7703125 0.3235 0.78203125 0.3221666671875 0.798390625 0.3235 0.806890625 0.3248541671875 0.806890625 0.3221666671875 0.804859375 0.306 0.80325 0.3046458328125 0.8016249999999999 0.2995416671875 0.76890625 0.2992708328125 0.764859375 0.3019583328125 0.7555625 0.3027708328125 0.75515625 0.3046458328125 0.757390625 0.3092291671875 0.7608125 0.3159583328125
2 0.760375 0.3286041671875 0.75028125 0.3697291671875 0.776078125 0.3891875 0.79459375 0.43479166718749995 0.79515625 0.5013541671875 0.8691875 0.494625 0.8669375 0.410875 0.8377812499999999 0.3473125 0.799640625 0.324125 0.760375 0.3286041671875