8 0.61234 0.34104738125 0.61958 0.3107231921875 0.63924 0.29201995 0.63252 0.2732917703125 0.6144000000000001 0.2758852875 0.61026 0.29847880312499997 0.5579799999999999 0.3681546140625 0.55488 0.400423940625 0.61234 0.34104738125
9 0.27636 1 0.28900000000000003 0.9842394015625 0.2872 0.90990025 0.28900000000000003 0.878379053125 0.32694 0.8806234406250001 0.39016 0.8896508734375 0.3992 0.8626184531250001 0.40279999999999994 0.826583540625 0.38114 0.79503740625 0.35764 0.7927930171875001 0.29984 0.7973067328125001 0.30708 0.75 0.31972 0.727481296875 0.33598 0.677930175 0.33236 0.6666583546875 0.32332 0.603615959375 0.30888 0.5473067328125001 0.29984 0.52703241875 0.29081999999999997 0.5022443890625 0.27998 0.477481296875 0.26372 0.4301745640625 0.2565 0.3941396515625 0.27094 0.36937655937499997 0.30708 0.37837905312500003 0.3125 0.36937655937499997 0.32152 0.3558603484375 0.33056 0.33783042343749997 0.3432 0.3198254359375 0.35946 0.3040648375 0.35946 0.281521196875 0.35764 0.263516209375 0.35404 0.2342394015625 0.35584 0.2026932671875 0.36488 0.1666583546875 0.37572 0.13738154687499998 0.36848000000000003 0.0968578546875 0.33056 0.072069825 0.29442 0.06306733125 0.24746 0.06306733125 0.19508 0.09009975 0.17702 0.119376559375 0.17702 0.17117207031249998 0.1734 0.2162094765625 0.17522 0.25 0.17882 0.272518703125 0.17702 0.3063092265625 0.16255999999999998 0.3153117203125 0.1409 0.3558603484375 0.1409 0.38289276875 0.1156 0.41892768125 0.07948 0.42568578593749995 0.06864 0.46172069843749997 0.07406 0.522518703125 0.10658000000000001 0.5968578546875001 0.13548 0.72296758125 0.16618 0.8130673312500001 0.19146000000000002 0.8806234406250001 0.21676 0.9819700750000001 0.25830000000000003 1 0.27636 1
9 0 0.0872568578125 0.0018 0.983890275 0.21625999999999998 0.97491271875 0.19644 0.8985037406249999 0.17302 0.8288279296875001 0.14057999999999998 0.7344638406249999 0.10092000000000001 0.5861346640625 0.09372 0.552443890625 0.0757 0.52097256875 0.0739 0.489501246875 0.06488000000000001 0.4692768078125 0.05948 0.44007481249999997 0.05948 0.4220947625 0.07028 0.41087281718749996 0.08832 0.3951371578125 0.13335999999999998 0.40187032343749995 0.12796000000000002 0.379401496875 0.13335999999999998 0.3591770578125 0.14418 0.3456857859375 0.14778 0.329950125 0.155 0.316483790625 0.16040000000000001 0.307481296875 0.17482 0.31423940156249996 0.17662 0.26703241875 0.17121999999999998 0.226583540625 0.17662 0.208603490625 0.18022 0.147930175 0.15860000000000002 0.089501246875 0.11894 0.0468079796875 0.09012 0.0400748125 0.06488000000000001 0.017605984375 0.03424 0.0108728171875 0 0.0018703234375 0.0054 0.008603490625 0.0018 0.008603490625 0 0.0872568578125
9 0.46498 0.8898753125000001 0.44695999999999997 0.8112468828124999 0.43974 0.7730423937500001 0.40730000000000005 0.7258354109375 0.42894 0.7078553609375 0.45958 0.69887780625 0.47939999999999994 0.6696508734375 0.4866 0.6471820453125 0.47939999999999994 0.6359600999999999 0.4848 0.5820199500000001 0.49382000000000004 0.55506234375 0.4758 0.514613465625 0.44336000000000003 0.49663341718750004 0.40730000000000005 0.467406484375 0.35503999999999997 0.46291770625 0.30998000000000003 0.48763092343750003 0.29738000000000003 0.5280798 0.30638 0.6022443890625 0.33342 0.65394015 0.33342 0.6966334171875 0.30097999999999997 0.7707980046875 0.29738000000000003 0.8 0.37848000000000004 0.79102244375 0.4001 0.8247132171875 0.40549999999999997 0.86291770625 0.39108 0.8943890281250001 0.28656000000000004 0.8719201999999999 0.28115999999999997 0.885386534375 0.28115999999999997 0.9640399000000001 0.28115999999999997 0.986508728125 0.50824 0.9797755609375001 0.46498 0.8898753125000001
9 0.66322 0.33708229375 0.67944 0.4247132171875 0.66142 0.4741645890625 0.638 0.46965087343749995 0.59834 0.467406484375 0.5677 0.51910224375 0.61276 0.577531171875 0.69026 0.467406484375 0.7623599999999999 0.57304239375 0.85968 0.5797755609374999 0.92996 0.49438902812499996 0.91734 0.4561845390625 0.83084 0.449426434375 0.7966 0.431471321875 0.75514 0.3932668328125 0.74794 0.3280798 0.7407199999999999 0.31461346562500003 0.70648 0.28763092343749996 0.70828 0.2651620953125 0.75334 0.204488778125 0.76054 0.1797755609375 0.77676 0.1393266828125 0.7425200000000001 0.0606733171875 0.68486 0.0516957609375 0.65422 0.0719202 0.6344000000000001 0.11236907656249999 0.62898 0.1797755609375 0.6091599999999999 0.19326683281249998 0.61276 0.2382044890625 0.59654 0.294389028125 0.5569 0.3033665828125 0.5496800000000001 0.3528179546875 0.5677 0.42920199531250003 0.61818 0.3887531171875 0.61818 0.35506234375 0.66322 0.33708229375
8 0.6614 0.462443890625 0.65934 0.3606982546875 0.6603600000000001 0.35231920156249996 0.65262 0.350399003125 0.6397 0.34910224375 0.62008 0.3516708234375 0.61182 0.35618453906249997 0.62112 0.46501246875 0.63144 0.4682294265625 0.64488 0.469526184375 0.6614 0.462443890625
8 0.83904 0.6611720703125 0.8295199999999999 0.6623441390625 0.8204800000000001 0.663541146875 0.8281000000000001 0.678379053125 0.8314199999999999 0.676608478125 0.82904 0.6748129671875 0.8619 0.679576059375 0.8781000000000001 0.6718453859375 0.8814399999999999 0.665910225 0.83904 0.6611720703125
8 1 0.650573565625 0.9973599999999999 0.64695760625 0.99304 0.650573565625 0.9916 0.650573565625 0.9829399999999999 0.64695760625 0.9814999999999999 0.641571071875 0.97142 0.6307980046874999 0.97142 0.63798005 0.96276 0.623591021875 0.9584400000000001 0.6182044890625 0.9570000000000001 0.614613465625 0.9541000000000001 0.6038154609374999 0.9613200000000001 0.5840399 0.96996 0.571471321875 0.9814999999999999 0.562468828125 0.98582 0.5498753125 0.98872 0.5373067328125 0.98582 0.51394015 0.9786199999999999 0.50493765625 0.96996 0.4941645890625 0.9598800000000001 0.48695760625 0.95556 0.48157107187500003 0.94978 0.456408978125 0.94978 0.4438154609375 0.9541000000000001 0.4240399 0.9526600000000001 0.4240399 0.9440200000000001 0.42224438906249995 0.9440200000000001 0.44022443906250003 0.9397 0.4528179546875 0.93536 0.47977556093749996 0.93392 0.490573565625 0.9281599999999999 0.4941645890625 0.9224 0.499551121875 0.90654 0.5067331671875 0.90364 0.5103491265625 0.89932 0.5193266828125 0.89932 0.5301246875000001 0.89932 0.5462842890624999 0.9022 0.55708229375 0.9122999999999999 0.562468828125 0.91806 0.571471321875 0.92384 0.5786533671874999 0.9281599999999999 0.5858354109375 0.9296 0.5984289281249999 0.9296 0.6092019953125 0.9296 0.6164089781250001 0.9281599999999999 0.623591021875 0.91806 0.634389028125 0.91374 0.6397755609375 0.90654 0.6487531171875001 0.8964399999999999 0.6487531171875001 0.89068 0.6541645890625001 0.88346 0.6559600999999999 0.8791399999999999 0.659551121875 0.87482 0.6613466328125 0.87192 0.66493765625 0.87482 0.6703491265625 0.86616 0.6793266828125 0.8574999999999999 0.6847132171875 0.84742 0.695511221875 0.8358800000000001 0.69910224375 0.833 0.7026932671874999 0.83012 0.7062842890625001 0.82868 0.71887780625 0.82868 0.7242643390625 0.8185800000000001 0.7242643390625 0.80848 0.7242643390625 0.8027200000000001 0.7602244390624999 0.8041600000000001 0.78 0.8027200000000001 0.794389028125 0.80848 0.8105735656249999 0.80992 0.8141645890625 0.8157 0.82493765625 0.82578 0.8267331671875 0.8373200000000001 0.8321446390625 0.85462 0.8339401499999999 0.8733599999999999 0.837531171875 0.88634 0.837531171875 0.9022 0.837531171875 0.91518 0.8429177062500001 0.9296 0.8429177062500001 0.9397 0.8429177062500001 0.9541000000000001 0.8447132171874999 0.96852 0.846508728125 0.9800599999999999 0.846508728125 0.99448 0.8429177062500001 0.9987999999999999 0.8357356609375 0.9987999999999999 0.8159601000000001 0.9987999999999999 0.794389028125 0.9987999999999999 0.785386534375 0.9987999999999999 0.76201995 0.9987999999999999 0.7368578546875 0.9973599999999999 0.7062842890625001 1 0.677531171875 1 0.650573565625
9 0.5406799999999999 0.20673316718749998 0.52446 0.26067331718750003 0.47759999999999997 0.30112219375 0.43434 0.3393266828125 0.42713999999999996 0.449426434375 0.49922000000000005 0.532593515625 0.49562 0.5505735656249999 0.483 0.62695760625 0.4758 0.6831421453125001 0.45416 0.7078553609375 0.42172 0.723591021875 0.43613999999999997 0.7730423937500001 0.50102 0.9752867828125 0.53526 0.9887531171875 0.53706 0.813491271875 0.54608 0.7842643390624999 0.5587 0.7011221937500001 0.65062 0.71910224375 0.6704399999999999 0.667406484375 0.7281 0.7033665828125 0.76596 0.7078553609375 0.7948000000000001 0.685386534375 0.8326399999999999 0.65394015 0.78578 0.6067331671875 0.75334 0.5977556109375 0.70468 0.6067331671875 0.55148 0.5123690765625 0.5731200000000001 0.46965087343749995 0.67584 0.4382044890625 0.66502 0.38201995 0.61818 0.3887531171875 0.5569 0.431471321875 0.54608 0.29887780625000004 0.56952 0.29887780625000004 0.58392 0.26291770625 0.6037600000000001 0.20897755624999997 0.61456 0.16628428906249998 0.63258 0.1101246875 0.62358 0.0966334171875 0.6019599999999999 0.076408978125 0.5406799999999999 0.0471820453125 0.53888 0.0606733171875 0.5641 0.141571071875 0.5406799999999999 0.20673316718749998
9 0.8884000000000001 0.1941895265625 0.8884000000000001 0.1782044890625 0.8903800000000001 0.1732917703125 0.89924 0.1462593515625 0.90122 0.13765586093749999 0.89924 0.1241396515625 0.89924 0.0958852875 0.8953 0.08605985000000001 0.88544 0.0688528671875 0.8775600000000001 0.0578054859375 0.8539199999999999 0.0553366578125 0.84504 0.054114712499999995 0.8282999999999999 0.06640897812499999 0.81648 0.08605985000000001 0.8105600000000001 0.1081795515625 0.8105600000000001 0.131521196875 0.81746 0.16099750625 0.8214 0.188029925 0.8076000000000001 0.206458853125 0.7878999999999999 0.217531171875 0.75636 0.2408728171875 0.7337 0.24822942656250002 0.71202 0.26912718281250003 0.70808 0.27895261875 0.72878 0.29738154687499996 0.75144 0.3256359109375 0.75932 0.357581046875 0.7524200000000001 0.3821695765625 0.76818 0.4042643390625 0.7928200000000001 0.42885286718750004 0.8214 0.44481296718749996 0.8903800000000001 0.45341645937499997 0.91402 0.4546633421875 0.9327400000000001 0.4902743140625 0.9327400000000001 0.46693266875 0.9357 0.44114713281249995 0.94654 0.41902743124999997 0.9603400000000001 0.43254364062499995 0.9692000000000001 0.42905236875 0.96526 0.3848129671875 0.95146 0.275461346875 0.93374 0.2287780546875 0.8943199999999999 0.2140399 0.89136 0.2040149625 0.8894 0.1978553609375 0.8884000000000001 0.1941895265625
9 0.45374 0.31204488750000003 0.48756000000000005 0.304588528125 0.50946 0.2797755609375 0.52736 0.25 0.52736 0.20037406406249997 0.5433 0.1507481296875 0.54528 0.10112219375 0.5293599999999999 0.066384040625 0.50548 0.0316458859375 0.44378 0.0316458859375 0.41791999999999996 0.0316458859375 0.38408000000000003 0.08127182031249999 0.36418 0.1333665828125 0.36019999999999996 0.24503740624999998 0.36019999999999996 0.30708229375 0.32638 0.36910224375 0.26467999999999997 0.40384039843749997 0.27464 0.453466334375 0.3005 0.510548628125 0.3204 0.4807730671875 0.38408000000000003 0.46339152187500005 0.46966 0.500623440625 0.43979999999999997 0.46092269375 0.43582 0.40137157031250004 0.42388000000000003 0.31204488750000003 0.45374 0.31204488750000003