2 0.5462343749999999 0.6899583328125 0.545984375 0.682875 0.542859375 0.6737708328124999 0.527421875 0.6733125 0.523625 0.6765833328124999 0.522015625 0.6827708328125001 0.520921875 0.6872708328125 0.520921875 0.6878333328124999 0.5196562499999999 0.6955833328125001 0.521671875 0.7021041671875 0.525390625 0.7028958328125 0.527328125 0.6990833328125 0.5429375000000001 0.6983958328125001 0.543359375 0.7011041671875 0.546828125 0.7017708328125 0.547671875 0.6980625 0.5462343749999999 0.6899583328125
2 0.5925312500000001 0.6963333328125 0.593453125 0.7008958328125 0.597796875 0.7008958328125 0.59665625 0.6914374999999999 0.59528125 0.681375 0.5925312500000001 0.6722083328124999 0.57696875 0.6709791671875001 0.5691875 0.6773958328125 0.569875 0.6926666671875 0.571703125 0.6951041671875 0.573296875 0.6935833328125 0.574453125 0.6975416671875 0.575140625 0.6996875 0.5758281249999999 0.6963333328125 0.575359375 0.6996875 0.5760468750000001 0.6969375 0.5925312500000001 0.6963333328125
2 0.038421875 0.6928124999999999 0.040828125 0.7063333328125 0.042421875 0.7301666671875 0.045625 0.7383541671875 0.056578125 0.7412083328125 0.06351562499999999 0.7387083328124999 0.06565625 0.7294583328125 0.069921875 0.7248333328125 0.07071875 0.7177083328125 0.075 0.7148749999999999 0.075 0.7066874999999999 0.079796875 0.7034791671875 0.090734375 0.7002708328125 0.0899375 0.6860416671875 0.079796875 0.682125 0.061640625000000004 0.6792708328125 0.04109375 0.658625 0.035484375 0.6582708328125 0.034953125 0.6593541671875001 0.037890625 0.675 0.038421875 0.6928124999999999
2 0.5655625 0.6800625 0.561328125 0.6760833328125 0.5491406249999999 0.6721041671875 0.552625 0.6910000000000001 0.553125 0.6900208328125 0.561828125 0.6913333328125 0.5655625 0.6800625
8 0.090890625 0.7705208328125 0.09131249999999999 0.7674375 0.09131249999999999 0.7475833328125 0.0931875 0.7453541671874999 0.096546875 0.73975 0.0978125 0.7296875 0.0931875 0.7215833328125 0.09276562499999999 0.7106666671874999 0.0873125 0.6969791671875 0.08040625 0.6989375 0.074109375 0.7062083328125001 0.073265625 0.7184999999999999 0.07075000000000001 0.7294166671875 0.072640625 0.7417083328125 0.0730625 0.7506666671875 0.07284375 0.7719166671875 0.081453125 0.7755416671875001 0.08837500000000001 0.775 0.090890625 0.7705208328125
2 0.543625 0.6742916671875 0.5452656250000001 0.6812708328125 0.5470625 0.6932916671875 0.550015625 0.696125 0.551984375 0.6948125 0.55246875 0.6924166671875 0.551484375 0.6876041671875 0.550015625 0.6810625 0.548875 0.6712291671874999 0.548046875 0.6707916671875 0.536421875 0.6712291671874999 0.534125 0.6699166671875 0.5326562499999999 0.6725416671875 0.543625 0.6742916671875
8 0.5602968749999999 0.6533541671875 0.569859375 0.6562916671875 0.572796875 0.6376666671875 0.571328125 0.6111875 0.5617656249999999 0.6121666671875 0.5602968749999999 0.614125 0.5602968749999999 0.6357083328125 0.5602968749999999 0.6533541671875
8 0.597921875 0.623875 0.5933437500000001 0.6245 0.5933437500000001 0.6307916671875 0.598078125 0.6307916671875 0.597921875 0.623875
2 0.435859375 0.6840208328124999 0.434875 0.6921458328125001 0.43853125000000004 0.6921458328125001 0.44535937499999995 0.6918124999999999 0.45290625 0.6911666671875001 0.45776562500000006 0.6901875000000001 0.461421875 0.6927916671875 0.46482812500000004 0.6905208328125 0.46653124999999995 0.6892083328124999 0.469703125 0.6892083328124999 0.472875 0.6892083328124999 0.47310937500000005 0.6885625 0.47409375000000004 0.6830416671874999 0.472625 0.6778541671875 0.4655625 0.6785 0.460453125 0.6755833328125 0.45339062500000005 0.6729791671875 0.446078125 0.6739583328125 0.44340624999999995 0.6765625 0.4375625 0.6811041671875 0.44121875 0.6794791671875 0.43634375 0.6827291671875 0.435859375 0.6840208328124999
2 0.0243125 0.7274791671874999 0.04278125 0.7283958328125 0.033890625 0.6609375 0.021578125 0.6272083328125 0.0037968750000000003 0.61625 0.000390625 0.619 0 0.7539166671875 0.0243125 0.7274791671874999
8 0.593578125 0.631 0.59328125 0.62375 0.59309375 0.624375 0.591328125 0.6281666671874999 0.593578125 0.631