2 0.7355416671875 0.21021874999999998 0.736125 0.21659375 0.736125 0.21956250000000002 0.7400833328124999 0.22423437499999999 0.7406458328125 0.22381250000000003 0.7429166671874999 0.22082812500000001 0.7457499999999999 0.214890625 0.7457499999999999 0.21234375 0.7514166671875 0.21234375 0.755375 0.21106250000000001 0.7576458328125 0.20851562499999998 0.7627291671875 0.20851562499999998 0.765 0.21021874999999998 0.7667083328125 0.21360937500000002 0.7712291671875 0.2131875 0.7706666671875 0.21106250000000001 0.7706666671875 0.20851562499999998 0.7706666671875 0.205125 0.7729375 0.20171875 0.7757708328125 0.20045312499999998 0.7802916671875 0.19875 0.7808541671875 0.1673125 0.7531041671875001 0.16689062500000001 0.7502708328125001 0.171140625 0.7480208328125 0.17284375000000002 0.7463124999999999 0.177515625 0.7417708328125 0.177078125 0.7378125 0.1800625 0.7366875 0.18175 0.7395208328125 0.18303125 0.7395208328125 0.18557812499999998 0.736125 0.19153125 0.7344166671875 0.19789062500000001 0.7355416671875 0.20426562499999998 0.7355416671875 0.21021874999999998
9 0.0804583328125 0.351609375 0.0879375 0.343890625 0.08512499999999999 0.297609375 0.092625 0.29409375 0.0879375 0.282875 0.0767291671875 0.25201562499999997 0.0692291671875 0.237984375 0.061750000000000006 0.22326562499999997 0.05989583281250001 0.210640625 0.044916667187499995 0.201515625 0.0299583328125 0.20573437499999997 0.0299583328125 0.2225625 0.016875 0.22957812500000002 0.0122083328125 0.24500000000000002 0.0215416671875 0.27726562499999996 0.0271666671875 0.29059375 0.0411875 0.2955 0.044 0.31653125000000004 0.038375 0.329859375 0.044916667187499995 0.346 0.0458541671875 0.348796875 0.05989583281250001 0.351609375 0.0804583328125 0.351609375
9 0.5817916671875001 0.17021875 0.5805416671875 0.16253125 0.5784583328124999 0.15625 0.5742708328125 0.152953125 0.5715416671875 0.151859375 0.57175 0.14965625 0.5726041671875 0.147625 0.5705 0.1436875 0.5688333328125 0.14321875 0.5667291671875 0.14385937499999998 0.5671458328125001 0.179 0.5694583328125 0.180421875 0.571125 0.1866875 0.571125 0.18590625 0.5780416671874999 0.18590625 0.5784583328124999 0.1799375 0.58075 0.17806249999999998 0.5817916671875001 0.17021875
9 0.3839166671875 0.206671875 0.3825833328125 0.198625 0.3839166671875 0.194609375 0.38927083281249997 0.1860625 0.38727083281249997 0.178515625 0.3879375 0.173484375 0.3839166671875 0.16896875 0.3798958328125 0.1629375 0.3731875 0.160421875 0.37185416718750003 0.156390625 0.3691666671875 0.151875 0.36112500000000003 0.14935937500000002 0.3591041671875 0.152875 0.3591041671875 0.15840625 0.36112500000000003 0.160921875 0.3597708328125 0.1639375 0.35375 0.16846875 0.34972916718749997 0.178515625 0.3477083328125 0.18757812499999998 0.3477083328125 0.19159375 0.346375 0.195109375 0.35172916718749997 0.19209375 0.3550833328125 0.18656250000000002 0.3577708328125 0.183046875 0.3597708328125 0.18003125 0.3644791671875 0.197125 0.3671458328125 0.205671875 0.36783333281249997 0.210203125 0.3705 0.21521875000000001 0.37185416718750003 0.222265625 0.3664791671875 0.227296875 0.3839166671875 0.22779687499999998 0.390625 0.22126562500000002 0.3818958328125 0.21371875 0.3839166671875 0.206671875
9 0.4884375 0.23204687499999999 0.49291666718749994 0.23112499999999997 0.49372916718750004 0.22135937499999997 0.4965833328125 0.20945312500000002 0.4973958328125 0.199078125 0.5002500000000001 0.19846875 0.5031041671875001 0.193578125 0.5002500000000001 0.186859375 0.4957708328125 0.1783125 0.49047916718750006 0.17098437500000002 0.48804166718750003 0.15725 0.4835625 0.155125 0.4774583328125 0.157859375 0.47908333281250004 0.166109375 0.47583333281250006 0.16793750000000002 0.4693125 0.1706875 0.4680833328125 0.178921875 0.47175 0.185640625 0.4721666671875 0.1945 0.4770416671875 0.20365625 0.47827083281249994 0.22014062499999998 0.4835625 0.22564062499999998 0.48560416718750005 0.22746875000000003 0.4884375 0.23204687499999999
9 0.45860416718749997 0.20770312500000002 0.45999999999999996 0.2058125 0.4602916671875 0.21168749999999997 0.46168750000000003 0.21525 0.463375 0.21798437499999998 0.46420833281249996 0.221140625 0.4644791671875 0.22953125000000002 0.4672916671875 0.22932812500000002 0.46925 0.22932812500000002 0.4723333328125 0.22890625 0.4726041671875 0.21840625 0.4689583328125 0.21168749999999997 0.47008333281250003 0.20203125000000002 0.47120833281249996 0.20140625 0.4723333328125 0.20434375 0.47289583281249997 0.20601562499999998 0.47512499999999996 0.20496875 0.47512499999999996 0.20034375 0.4723333328125 0.195734375 0.47120833281249996 0.18271874999999999 0.4650416671875 0.17746875 0.4605625 0.17725 0.4602916671875 0.174953125 0.4630833328125 0.170328125 0.4639375 0.16928125 0.4597291671875 0.166765625 0.45860416718749997 0.166125 0.4572083328125 0.164875 0.454125 0.16507812500000002 0.4524583328125 0.166125 0.45189583281249995 0.167171875 0.45104166718750005 0.168234375 0.4502083328125 0.17053125 0.4507708328125 0.172640625 0.4507708328125 0.1743125 0.45104166718750005 0.17578125 0.45160416718749996 0.176625 0.4524583328125 0.17746875 0.45160416718749996 0.17809375 0.45133333281250004 0.178515625 0.45133333281250004 0.1789375 0.45441666718749996 0.23142187500000003 0.45608333281249996 0.22890625 0.4572083328125 0.22554687499999998 0.4597291671875 0.21546875000000001 0.45860416718749997 0.20770312500000002
9 0.4214166671875 0.165921875 0.4195208328125 0.165609375 0.4180625 0.165609375 0.41218750000000004 0.16734374999999999 0.413875 0.170015625 0.41574999999999995 0.173171875 0.4145 0.17678125 0.41197916718750005 0.17867187499999998 0.40758333281250003 0.17771874999999998 0.4056875 0.1873125 0.40464583281250005 0.19140625 0.4025416671875 0.20021874999999997 0.402125 0.203046875 0.40422916718749996 0.20414062500000002 0.4082083328125 0.19990625 0.40862499999999996 0.20021874999999997 0.4109375 0.2065 0.41302083281249996 0.22096875 0.41491666718750003 0.22537500000000002 0.41302083281249996 0.23009374999999999 0.413875 0.23229687499999999 0.4186875 0.2305625 0.4214166671875 0.226328125 0.4270833328125 0.22789062499999999 0.4296041671875 0.22789062499999999 0.42874999999999996 0.22568749999999999 0.42874999999999996 0.213109375 0.4296041671875 0.207296875 0.4312708328125 0.203515625 0.4331666671875 0.19675 0.4335833328125 0.188734375 0.4308541671875 0.18228125 0.4300208328125 0.18071874999999998 0.4279166671875 0.178515625 0.4251875 0.17740625000000002 0.4270833328125 0.174578125 0.4263333328125 0.175015625 0.4253958328125 0.1726875 0.4256041671875 0.168453125 0.4235208328125 0.1678125 0.4214166671875 0.165921875
9 0.43220833281250004 0.158765625 0.4265625 0.15784375 0.4208958328125 0.160984375 0.4213958328125 0.165234375 0.42704166718750003 0.16984375000000002 0.42729166718749995 0.174265625 0.42533333281249996 0.176484375 0.43220833281250004 0.180171875 0.4336875 0.191796875 0.4346666671875 0.199734375 0.43639583281250005 0.18090625 0.4356458328125 0.170390625 0.4334375 0.166328125 0.43220833281250004 0.158765625
9 0.5926875 0.172171875 0.5953958328125 0.18746875000000002 0.6 0.18646875000000002 0.5980833328124999 0.174046875 0.6002083328125 0.17490624999999999 0.6028958328125 0.185890625 0.6059791671875 0.18559375 0.6057916671875 0.170296875 0.607125 0.165375 0.6061666671875 0.1620625 0.6036666671875001 0.159890625 0.6036666671875001 0.15815625 0.6 0.15628124999999998 0.5969375 0.156859375 0.5955833328125 0.15903125 0.5961666671875 0.162203125 0.5944166671875 0.164375 0.5926875 0.16740625 0.5926875 0.172171875
9 0.385625 0.19398437500000001 0.3948333328125 0.201125 0.398625 0.2123125 0.3945208328125 0.218484375 0.3967291671875 0.22157812500000001 0.40054166718750006 0.218015625 0.40275 0.214203125 0.4046666671875 0.218734375 0.4024375 0.22253124999999999 0.40845833281250005 0.22585937500000003 0.406875 0.2220625 0.406875 0.21778124999999998 0.4087916671875 0.21135937500000002 0.406875 0.20231249999999998 0.4033958328125 0.2046875 0.40308333281250003 0.198984375 0.4040208328125 0.1901875 0.4049791671875 0.172109375 0.4040208328125 0.1645 0.4011666671875 0.159984375 0.39325 0.15926562500000002 0.3878541671875 0.1606875 0.3910208328125 0.16829687499999998 0.3868958328125 0.1730625 0.389125 0.18257812499999998 0.3884791671875 0.18828125 0.385625 0.19398437500000001
0 0.1443125 0.29928125 0.1417291671875 0.309609375 0.1451666671875 0.319296875 0.1494791671875 0.3276875 0.1589375 0.346390625 0.15979166718749999 0.35284375 0.1580833328125 0.361234375 0.1692708328125 0.369625 0.17441666718749999 0.36834375 0.1795833328125 0.35865625 0.18304166718749998 0.34768750000000004 0.18304166718749998 0.336078125 0.1804583328125 0.330265625 0.18475 0.33671875 0.20110416718750002 0.33865625 0.2183125 0.329609375 0.2183125 0.321875 0.21056249999999999 0.30896875 0.20627083281249997 0.29928125 0.1950833328125 0.29476562500000003 0.1838958328125 0.2921875 0.18304166718749998 0.28185937499999997 0.18475 0.27282812500000003 0.18131250000000002 0.267671875 0.1692708328125 0.26573437499999997 0.1503333328125 0.27540624999999996 0.1589375 0.27282812500000003 0.14689583281250002 0.277984375 0.1425833328125 0.289609375 0.15291666718750002 0.294125 0.1443125 0.29928125
7 0.7210208328125 0.274109375 0.7431875 0.266390625 0.7566458328125 0.261046875 0.7930625 0.257484375 0.8160208328125 0.25570312500000003 0.8160208328125 0.248578125 0.8096875000000001 0.2355 0.7978125 0.22659375 0.7819791671874999 0.2343125 0.7716875 0.2390625 0.7613958328125 0.24025 0.7416041671875 0.246203125 0.7297291671874999 0.251546875 0.70675 0.258078125 0.6893333328125 0.262234375 0.6679583328125 0.262828125 0.6505416671875001 0.262234375 0.6315416671875 0.256890625 0.6204583328125 0.252734375 0.6149166671875 0.250953125 0.6030416671875 0.253328125 0.609375 0.264609375 0.6125416671874999 0.272921875 0.6172916671875 0.277671875 0.6299583328125 0.28123437500000004 0.7035833328125001 0.29489062499999996 0.7051666671875 0.28717187499999997 0.7210208328125 0.274109375
13 1 0.075984375 0.9493124999999999 0.074140625 0.9240208328125 0.08154687499999999 0.9227916671875 0.0921875 0.9227916671875 0.102359375 0.9227916671875 0.13290625 0.9326666671874999 0.14725 0.9419166671875001 0.1851875 1 0.188890625 1 0.075984375
8 0.8457916671874999 0.071265625 0.8452291671875001 0.083609375 0.8543125 0.082328125 0.8526041671875 0.069140625 0.8457916671874999 0.071265625
8 0.8065833328125 0.099 0.8105833328125 0.10003124999999999 0.8107291671875 0.100265625 0.8147291671874999 0.097609375 0.8133541671875 0.09265625 0.8068958328125 0.0945 0.8065833328125 0.099
8 0.7357916671875 0.11642187500000001 0.7260833328125 0.11560937499999999 0.7239166671875 0.12478125 0.7361458328125 0.12450000000000001 0.7357916671875 0.11642187500000001
8 0.43179166718750006 0.256921875 0.43179166718750006 0.24876562500000002 0.43179166718750006 0.24371874999999998 0.4336666671875 0.24034375 0.43441666718749994 0.2366875 0.43141666718750005 0.23500000000000001 0.4287916671875 0.230796875 0.4261666671875 0.22517187500000002 0.4242916671875 0.223484375 0.42056250000000006 0.223203125 0.42056250000000006 0.228546875 0.4171875 0.230796875 0.4104375 0.232484375 0.40893750000000006 0.2366875 0.4126875 0.23978125 0.41568750000000004 0.24203125 0.41531250000000003 0.248484375 0.41568750000000004 0.256921875 0.41643749999999996 0.26309375 0.41643749999999996 0.2661875 0.4134375 0.271234375 0.4168125 0.273484375 0.43141666718750005 0.274890625 0.4362916671875 0.270953125 0.4359166671875 0.2684375 0.4325416671875 0.2650625 0.43179166718750006 0.256921875
9 0.731375 0.15215625 0.734375 0.14240625 0.729625 0.13884375 0.729875 0.13734375000000001 0.729125 0.13415625 0.7268749999999999 0.13359375 0.724875 0.13490625 0.723125 0.13865624999999998 0.721125 0.14090625 0.721625 0.14634375 0.721625 0.14971874999999998 0.7226250000000001 0.160765625 0.725625 0.160765625 0.725875 0.153453125 0.7306250000000001 0.161328125 0.732875 0.160953125 0.731375 0.15215625
0 0.7671458328125 0.370546875 0.7384583328125001 0.358265625 0.7084166671875 0.358265625 0.78625 0.419703125 0.78625 0.394109375 0.7671458328125 0.370546875
2 0.82775 0.21915625 0.8266041671875 0.23046875 0.8335625 0.23742187499999998 0.8451458328125 0.246109375 0.8555833328125001 0.244375 0.917 0.242640625 0.9239583328125001 0.262625 0.9367083328125 0.26175000000000004 0.9413541671875001 0.250453125 0.9390208328125 0.15657812499999998 0.9355416671875 0.147890625 0.9135208328125 0.12701562500000002 0.8799166671875 0.12789062499999998 0.8138541671875 0.13484374999999998 0.7941458328125 0.147015625 0.784875 0.202640625 0.7999375 0.200046875 0.8173333328125001 0.20612499999999997 0.82775 0.21915625
7 0.3977083328125 0.395984375 0.41987500000000005 0.40318750000000003 0.4176458328125 0.40982812500000004 0.46385019843749997 0.4004107140625 0.4730416671875 0.399859375 0.4738670625 0.397633928125 0.48388392968750005 0.3948571421875 0.48541145781250006 0.39875390624999996 0.49390079374999996 0.3920803578125 0.49778124999999995 0.3976484375 0.5039176578125 0.38930357187500003 0.5139345234375 0.3865267859375 0.5101510421875 0.39654296875 0.5225208328125001 0.3954375 0.53138194375 0.38915625 0.6541706359374999 0.3476517859375 0.6641874999999999 0.344875 0.6889375 0.348328125 0.7177083328125 0.366453125 0.8327916671875 0.46873437500000004 0.8419791671875 0.46656250000000005 0.8402708328124999 0.457515625 0.8373958328125 0.45276562499999995 0.8224166671875001 0.43550000000000005 0.8022916671875 0.427734375 0.7827291671875 0.38975 0.7740833328125001 0.377234375 0.7568333328125 0.3586875 0.7320833328125 0.34746875 0.7240416671875 0.325890625 0.7102291671875001 0.318984375 0.7010208328124999 0.31596875 0.6941041671875 0.304734375 0.6820208328125 0.30236718749999997 0.6728229171875 0.30862500000000004 0.6757083328125 0.31725 0.67225 0.3310625 0.6521041671875001 0.322859375 0.638875 0.31984375 0.5951458328125 0.31725 0.554875 0.321140625 0.5519999999999999 0.32503125 0.5519999999999999 0.329765625 0.5709791671875 0.334515625 0.6129791671875 0.3405625 0.6495208328125 0.3433671875 0.6441537703125 0.350428571875 0.56401885 0.3726428578125 0.5491041671875 0.37106249999999996 0.5540019828125 0.3754196421875 0.54398511875 0.378196428125 0.54024305625 0.38287499999999997 0.5339682546875 0.3809732140625 0.5350625 0.37328125 0.48706250000000006 0.3671875 0.4612291671875 0.368296875 0.44718749999999996 0.37659375 0.4302083328125 0.3755 0.4257708328125 0.373828125 0.42356249999999995 0.383796875 0.4139583328125 0.38601562500000003 0.3977083328125 0.395984375
7 0.7826875 0.35678125 0.7914791671875 0.376578125 0.7897291671875 0.4069375 0.8302083328125001 0.43334374999999997 0.8477916671875001 0.43334374999999997 0.8777291671875 0.42278125 0.8812291671875 0.41090625000000003 0.8794791671875 0.39242187500000003 0.860125 0.368671875 0.8231666671875001 0.35678125 0.8319583328125001 0.33303125 0.8055625 0.3290625 0.7351666671875 0.32378125 0.7316458328125 0.331703125 0.7527708328125 0.3383125 0.7826875 0.35678125
7 0.827875 0.31203125 0.8235833328125001 0.30076562500000004 0.8160624999999999 0.290296875 0.7924375 0.27821875 0.7763333328125 0.279015625 0.7666666671875 0.2814375 0.7613125000000001 0.289484375 0.7709583328125 0.308015625 0.76775 0.31525 0.7462708328125001 0.3088125 0.73875 0.30076562500000004 0.7140625 0.296734375 0.6947291671875 0.306390625 0.7129791671875 0.339421875 0.73875 0.3361875 0.7741875 0.3305625 0.8085416671875001 0.33296875 0.8192916671875 0.34182812500000004 0.827875 0.35471875 0.8396874999999999 0.3506875 0.8450625 0.357125 0.8493541671875 0.34826562499999997 0.827875 0.31203125
7 0.82575 0.30681250000000004 0.835125 0.32321875 0.8436458328124999 0.3328125 0.8484791671874999 0.343890625 0.8518958328125 0.35348437499999996 0.8626875 0.345390625 0.8632500000000001 0.33046875 0.8629791671874999 0.317046875 0.8467708328124999 0.30190625 0.8462083328125001 0.2974375 0.834 0.29317187499999997 0.8203541671875 0.29317187499999997 0.8200625 0.294453125 0.8215 0.2985 0.82575 0.30681250000000004
7 0.739875 0.24495312500000002 0.7901666671875 0.23725000000000002 0.7273125 0.23810937499999998 0.6884375 0.23895312500000002 0.6541666671875 0.23381249999999998 0.667875 0.250953125 0.6793125 0.24925000000000003 0.715875 0.25353125 0.739875 0.24495312500000002
7 0.7685416671875 0.23714062500000002 0.7837500000000001 0.23178125 0.7967083328125 0.22742187500000002 0.8029791671875 0.23009374999999999 0.8132708328125 0.239828125 0.8195208328125 0.252578125 0.8186249999999999 0.260953125 0.8275833328125 0.26632812499999997 0.8360625 0.27537500000000004 0.8459166671875 0.28209375 0.8552916671874999 0.275046875 0.8602291671875 0.26565625000000004 0.8535208328125 0.251234375 0.8293541671875 0.243859375 0.8226458328125 0.22909375 0.8329375000000001 0.2230625 0.82175 0.206953125 0.8114791671875 0.20393750000000002 0.7935833328124999 0.19923437500000002 0.7864375 0.20426562499999998 0.7649583328125 0.21400000000000002 0.7743541671874999 0.216015625 0.7618333328125 0.22204687500000003 0.7372291671875 0.22976562500000003 0.706375 0.22204687500000003 0.7139791671875 0.210640625 0.7041458328125 0.205609375 0.66925 0.20226562499999998 0.6665833328125 0.21935937499999997 0.6920625 0.22271875 0.6835625000000001 0.226078125 0.6858125 0.23345312499999998 0.6710416671874999 0.235796875 0.6840208328124999 0.23915625000000001 0.6911666671875001 0.239828125 0.7171041671875 0.23815624999999999 0.7685416671875 0.23714062500000002
9 0.08645833281250001 0.19078124999999999 0.1038333328125 0.19153125 0.10606249999999999 0.189109375 0.1068125 0.184453125 0.1087916671875 0.1859375 0.11474999999999999 0.185015625 0.1217083328125 0.183890625 0.11897916718749998 0.178125 0.1127708328125 0.178859375 0.10831249999999999 0.174578125 0.11227083281250001 0.170109375 0.1097916671875 0.16284375 0.1030833328125 0.160421875 0.0953958328125 0.166203125 0.09016666718750001 0.169921875 0.0827291671875 0.171046875 0.08022916718749999 0.173828125 0.08 0.18090625 0.07825 0.188734375 0.08 0.19040625 0.0795 0.18948437499999998 0.08072916718749999 0.19115625 0.08645833281250001 0.19078124999999999
7 0.5445625 0.378078125 0.5083125 0.39471875 0.48283333281249996 0.40235937499999996 0.44418749999999996 0.4104375 0.4417916671875 0.41089062500000006 0.4253125 0.41246875000000005 0.4067291671875 0.41471875 0.3450208328125 0.422359375 0.303375 0.42595312500000004 0.2532708328125 0.428328125 0.22691666718749998 0.457625 0.2332708328125 0.46681249999999996 0.2332708328125 0.475328125 0.2364583328125 0.48078125 0.23918750000000003 0.49509375 0.23737499999999997 0.513484375 0.2455416671875 0.540046875 0.25825 0.5529843750000001 0.2673333328125 0.55571875 0.26825 0.554359375 0.28460416718750003 0.530171875 0.2955 0.52540625 0.3259166671875 0.526421875 0.3590833328125 0.530171875 0.4044791671875 0.53459375 0.45170833281249995 0.54209375 0.4966666671875 0.538 0.5207499999999999 0.52915625 0.60225 0.5078437499999999 0.67625 0.5004375 0.7143125 0.491890625 0.7275 0.490765625 0.7616458328125 0.5204375 0.7769375000000001 0.534140625 0.7901041671875 0.54875 0.7976041671874999 0.557515625 0.8104791671875 0.570546875 0.83775 0.60628125 0.8446458328125 0.61503125 0.8578333328125 0.600203125 0.8608125 0.5914375 0.8632291671875001 0.57571875 0.8635208328124999 0.542 0.8677083328125 0.514140625 0.8623125 0.485375 0.8511666671875 0.47242187500000005 0.8316250000000001 0.459140625 0.818 0.451296875 0.7816875 0.411796875 0.7335416671874999 0.377046875 0.698125 0.354234375 0.6795 0.3423125 0.65725 0.33992187500000004 0.6309166671875001 0.3355 0.6131875 0.3249375 0.5705 0.31778125 0.5641458328125 0.32051562499999997 0.5627916671875 0.33209374999999997 0.6018333328125001 0.342984375 0.6136458328125001 0.3484375 0.6159166671875 0.35253125 0.6036666671875001 0.360703125 0.6020833328124999 0.35920312499999996 0.5742083328125 0.362796875 0.5445625 0.378078125
9 0.5443541671875 0.189234375 0.5448541671875 0.20189062500000002 0.545375 0.203421875 0.5525208328125 0.20418750000000002 0.5556041671874999 0.1984375 0.5586666671875 0.19421875 0.5591666671875 0.1585625 0.5607083328125 0.1474375 0.5586666671875 0.144375 0.556625 0.144375 0.5520208328125 0.144375 0.5499791671875001 0.146671875 0.5494583328125 0.152046875 0.5407708328124999 0.15818749999999998 0.5433333328125001 0.1785 0.5443541671875 0.189234375
9 0.6345416671875 0.14115625 0.6337291671874999 0.138375 0.6337291671874999 0.136515625 0.6320833328125001 0.136515625 0.6308333328125 0.13868750000000002 0.6287916671875 0.14115625 0.6275416671875 0.143015625 0.6263124999999999 0.145171875 0.6263124999999999 0.14796875 0.627125 0.150125 0.6386666671875 0.15106250000000002 0.6390833328125 0.14765625 0.6382708328125 0.146109375 0.6362083328125 0.14364062500000002 0.6345416671875 0.14115625
7 0 0.661546875 0.0103958328125 0.9654375 0.0900416671875 0.973234375 0.25627083281249996 0.98103125 0.41212499999999996 0.9654375 0.4536875 0.947265625 0.4917708328125 0.9446562500000001 0.54025 0.98103125 0.529875 0.949859375 0.5818125000000001 0.913484375 0.6095208328124999 0.8953125 0.6718541671875 0.858953125 0.6995625000000001 0.8745312500000001 0.7861458328125 0.957640625 0.883125 0.98103125 0.9385208328125 0.9446562500000001 0.952375 0.9005000000000001 0.9593125 0.8667343750000001 0.9316041671875 0.8121875 0.8588749999999999 0.734265625 0.8207708328125 0.703109375 0.7722916671875 0.6355625 0.7480416671875 0.601796875 0.6614791671875 0.5758281249999999 0.6268333328125 0.573234375 0.6026041671875 0.555046875 0.6164583328125001 0.5394687499999999 0.6129791671875 0.523875 0.6026041671875 0.52128125 0.5852916671874999 0.536875 0.58875 0.547265625 0.5437291671875 0.58621875 0.47791666718750003 0.5888125 0.4190416671875 0.583625 0.2770625 0.6095937499999999 0.12120833281250001 0.640765625 0 0.65634375 0 0.661546875
7 0.6964791671875 0.30634375 0.7155208328125 0.295515625 0.7424166671875 0.30240625 0.7516041671875 0.2930625 0.7666875 0.282234375 0.7903125 0.27731249999999996 0.8099999999999999 0.288625 0.8218125000000001 0.2930625 0.8395208328124999 0.293546875 0.8395208328124999 0.278796875 0.8310000000000001 0.270921875 0.8191875 0.25910937500000003 0.8099999999999999 0.256640625 0.7607916671875 0.260578125 0.7181458328125 0.27534375 0.7050208328124999 0.293546875 0.620375 0.27928125000000004 0.6335 0.304375 0.6374375 0.307328125 0.6722083328124999 0.307328125 0.67025 0.29748437499999997 0.6958333328124999 0.30290625000000004 0.6964791671875 0.30634375
7 0.5325 0.335421875 0.5292083328125 0.332953125 0.5265833328125 0.336890625 0.5154375 0.34034375 0.49837499999999996 0.34034375 0.4846041671875 0.34034375 0.4767291671875 0.34034375 0.4970625 0.35165625 0.5068958328125001 0.3575625 0.5101875 0.360515625 0.5101875 0.361 0.4944375 0.36296875 0.4924791671875 0.364453125 0.49379166718749995 0.36690625 0.550875 0.3733125 0.5515208328125001 0.373796875 0.5745 0.364453125 0.5961458328125 0.35903125 0.6046666671875001 0.356578125 0.6118958328125 0.35165625 0.5882708328125 0.342796875 0.5666249999999999 0.338859375 0.5410208328125 0.337390625 0.5325 0.335421875
7 0.6928124999999999 0.262609375 0.701875 0.258984375 0.6408958328125001 0.24767187499999999 0.63425 0.222765625 0.6215625 0.22774999999999998 0.6282083328125 0.253109375 0.6511458328125 0.262609375 0.6928124999999999 0.262609375
9 0.6583333328125 0.184375 0.6645833328124999 0.178125 0.66875 0.1640625 0.68125 0.1640625 0.6854166671875 0.1609375 0.6864583328125 0.15078125 0.7354166671875 0.140625 0.7333333328125 0.1625 0.7354166671875 0.16875 0.7416666671875001 0.1734375 0.75625 0.1734375 0.7645833328125 0.1640625 0.76875 0.153125 0.7854166671875 0.1546875 0.7916666671875 0.1484375 0.7916666671875 0.1328125 0.7854166671875 0.1265625 0.7729166671875001 0.1265625 0.7583333328124999 0.1390625 0.7395833328125 0.1375 0.72421875 0.1396484375 0.690625 0.13671875 0.6875 0.140625 0.68125 0.134375 0.6794270828125 0.1357421875 0.66875 0.134375 0.6645833328124999 0.1375 0.6583333328125 0.1328125 0.65703125 0.1337890625 0.6458333328125 0.1328125 0.6395833328125 0.1375 0.6395833328125 0.1796875 0.6458333328125 0.184375 0.6583333328125 0.184375
7 0.2375 0.61875 0.4166666671875 0.584375 0.46458333281249997 0.5890625 0.54375 0.5875 0.5875 0.5484375 0.6041666671875 0.5546875 0.63125 0.575 0.6625 0.5765625 0.7458333328125 0.6015625 0.8208333328125 0.7046875 0.8604166671875 0.7359375 0.8979166671875 0.7765625 0.9104166671874999 0.7765625 0.9145833328125 0.7734375 0.925 0.7546875 0.925 0.74375 0.91875 0.7359375 0.91875 0.7125 0.9145833328125 0.6921875 0.8958333328125001 0.653125 0.85625 0.609375 0.8520833328125 0.6078125 0.8458333328125001 0.6140625 0.8416666671874999 0.6125 0.8125 0.5734375 0.7770833328125 0.534375 0.7270833328124999 0.4921875 0.8020833328125001 0.428125 0.8166666671874999 0.434375 0.8208333328125 0.43125 0.8208333328125 0.428125 0.79375 0.4109375 0.7945833328125 0.40718750000000004 0.7895833328124999 0.403125 0.7933333328125001 0.39875 0.7854166671875 0.3640625 0.825 0.3578125 0.8458333328125001 0.365625 0.8520833328125 0.365625 0.8541666671874999 0.3625 0.85016025625 0.35516826875 0.8541666671874999 0.353125 0.8479166671874999 0.3515625 0.8479166671874999 0.34375 0.8421474359375001 0.34050480781250003 0.8458333328125001 0.3390625 0.8416666671874999 0.3359375 0.84375 0.334375 0.8341346140624999 0.325841346875 0.75 0.171875 0.75625 0.1640625 0.7604166671875 0.1640625 0.76875 0.1578125 0.775 0.1625 0.7875 0.1625 0.79375 0.1546875 0.79375 0.15 0.7875 0.14375 0.775 0.14375 0.75625 0.159375 0.75 0.153125 0.7375 0.153125 0.73125 0.1578125 0.73125 0.1671875 0.7375 0.171875 0.7339826828125 0.17786120156250002 0.6227272734375 0.27201704531250004 0.61875 0.2796875 0.6157738109374999 0.27790178593750003 0.6145833328125 0.2796875 0.6 0.2796875 0.5875 0.2875 0.5770833328125 0.2984375 0.5863095234375 0.30279017812500003 0.5770833328125 0.3125 0.5662878796874999 0.31392045468749996 0.5670995671875 0.31909496718749997 0.555492425 0.31534090937500003 0.5446969687500001 0.3167613640625 0.5395833328124999 0.309375 0.525 0.3015625 0.475 0.3015625 0.4583333328125 0.3140625 0.46912878750000003 0.32670454531250004 0.4583333328125 0.328125 0.4604166671875 0.334375 0.3854166671875 0.3734375 0.3708333328125 0.3578125 0.3395833328125 0.35625 0.3270833328125 0.3625 0.30416666718749996 0.365625 0.27291666718749996 0.3875 0.2666666671875 0.3953125 0.2666666671875 0.415625 0.2791666671875 0.428125 0.24583333281250003 0.540625 0.24583333281250003 0.5453125 0.25 0.5484375 0.24416666718750002 0.553125 0.2419791671875 0.5609375 0.24583333281250003 0.5671875 0.2397916671875 0.56875 0.24375 0.5734375 0.2376041671875 0.5765625 0.23541666718749998 0.584375 0.2472402609375 0.58979301875 0.23333333281250002 0.6015625 0.23333333281250002 0.6171875 0.2375 0.61875