8 0.5470416671875 0.3324375 0.5441041671875 0.3970625 0.5594375 0.41020312499999995 0.5623750000000001 0.39596875 0.585 0.39321875 0.585 0.38665625000000003 0.5820833328125 0.37679687500000003 0.5638333328125 0.37734375 0.5660208328125 0.3740625 0.5864583328124999 0.37515624999999997 0.5871875 0.3598125 0.5842708328125 0.35653125 0.5645625 0.354890625 0.5638333328125 0.34721875 0.5828125 0.34940625000000003 0.5871875 0.34557812499999996 0.5879166671875 0.34175 0.5864583328124999 0.33353125 0.5813541671875 0.332984375 0.5652916671875 0.332984375 0.5645625 0.33025000000000004 0.5521458328125 0.31818749999999996 0.5506875 0.3209375 0.5492291671875 0.330796875 0.5470416671875 0.3324375
9 0.46741666718749997 0.89665625 0.4803125 0.903109375 0.4872083328125 0.901171875 0.49064583281249996 0.8869843749999999 0.49924999999999997 0.8747187500000001 0.5104375 0.8385781250000001 0.5112916671875001 0.8088906250000001 0.5147291671875001 0.797921875 0.5242083328125 0.78371875 0.5267916671874999 0.8024374999999999 0.5302291671875 0.8185781249999999 0.5319375 0.8301875000000001 0.5319375 0.8424531249999999 0.5293541671875001 0.8540625000000001 0.5319375 0.873421875 0.5285 0.8831093750000001 0.544 0.892140625 0.5551666671875 0.8915 0.5637708328125 0.879875 0.5637708328125 0.870203125 0.5612083328125 0.846328125 0.5586249999999999 0.823140625 0.5568958328125 0.79603125 0.5612083328125 0.757953125 0.5612083328125 0.7495625 0.5637708328125 0.7218125 0.5646458328125 0.716 0.5706666671875 0.713421875 0.5758333328125 0.71084375 0.5766875 0.696640625 0.5784166671875 0.69084375 0.5784166671875 0.680515625 0.572375 0.66696875 0.5698125 0.6617968750000001 0.5629166671875 0.657921875 0.5534583328125 0.65340625 0.5482916671875 0.643734375 0.5534583328125 0.636625 0.5534583328125 0.62953125 0.5474375 0.6179218750000001 0.5371041671875 0.614046875 0.5267916671874999 0.6134062499999999 0.5164583328125001 0.62178125 0.5112916671875001 0.63146875 0.5130208328125 0.645671875 0.5078541671875 0.6540625 0.49752083281250004 0.6521250000000001 0.4923541671875 0.64759375 0.4863333328125 0.65146875 0.4734375 0.66115625 0.46310416718749997 0.663734375 0.45106250000000003 0.66503125 0.43987499999999996 0.676640625 0.4527916671875 0.6856718749999999 0.46654166718749995 0.68909375 0.47514583281249995 0.6923125 0.4570833328125 0.71103125 0.4579375 0.73684375 0.48375 0.741359375 0.48462500000000003 0.802671875 0.4734375 0.839453125 0.46310416718749997 0.874296875 0.4579375 0.8747187500000001 0.4553541671875 0.882453125 0.46741666718749997 0.89665625
9 0.8585416671875 0.7794218749999999 0.8646041671875 0.77315625 0.8699166671875 0.777703125 0.8721875000000001 0.78396875 0.8744583328125 0.7970312500000001 0.8737083328124999 0.80840625 0.8767291671875 0.812375 0.8858333328124999 0.81521875 0.8865833328124999 0.812375 0.8888541671875 0.8032812500000001 0.8949166671875 0.789078125 0.8949166671875 0.7714531250000001 0.9055416671875 0.773734375 0.9070416671875 0.7714531250000001 0.9032708328125001 0.768046875 0.9002291671875 0.7566875 0.8964375 0.743046875 0.8873541671874999 0.739625 0.8858333328124999 0.7328125 0.8850833328125001 0.72428125 0.8737083328124999 0.7220156249999999 0.8676458328125 0.7288281249999999 0.8714375000000001 0.735078125 0.8608125 0.743609375 0.8532500000000001 0.7691874999999999 0.8547499999999999 0.7691874999999999 0.8555208328124999 0.7754375 0.8585416671875 0.7794218749999999
9 0.9423958328125 0.78365625 0.9480833328125 0.7806093749999999 0.9513541671875 0.773578125 0.946875 0.760453125 0.9387291671875 0.7455 0.9346666671875001 0.734203125 0.9305833328125 0.726578125 0.9297708328125 0.7180156249999999 0.9244791671874999 0.714359375 0.9171666671875001 0.714359375 0.911875 0.7189375 0.9122708328125 0.72521875 0.9111874999999999 0.7309375 0.9024583328125001 0.73665625 0.9002916671875001 0.7485 0.8991875 0.77096875 0.9062708328125 0.770140625 0.9064375 0.776109375 0.9093125000000001 0.7868906250000001 0.9143333328125 0.79525 0.9157708328125 0.809796875 0.9168541671874999 0.81384375 0.9164999999999999 0.8200312500000001 0.9190208328124999 0.82165625 0.9272708328125001 0.821109375 0.9276249999999999 0.80871875 0.9247500000000001 0.8044062500000001 0.9258333328124999 0.79496875 0.9287083328125 0.79496875 0.9276249999999999 0.803328125 0.930875 0.811140625 0.9297916671875001 0.81734375 0.9287083328125 0.821109375 0.9373333328125 0.821375 0.9387291671875 0.8215 0.9407708328125001 0.8065468750000001 0.9423958328125 0.78365625
9 0.3759375 0.743703125 0.38075000000000003 0.743703125 0.3771458328125 0.723890625 0.3699375 0.724796875 0.3771458328125 0.714 0.36275 0.714890625 0.3651458328125 0.721203125 0.35675 0.725703125 0.3543333328125 0.741890625 0.3579375 0.760796875 0.3519375 0.7896093750000001 0.3795416671875 0.784203125 0.3795416671875 0.75540625 0.3759375 0.743703125
9 0.0986666671875 0.76015625 0.100625 0.772609375 0.10454166718749999 0.777015625 0.1065 0.7755468750000001 0.10454166718749999 0.76309375 0.10745833281249999 0.756484375 0.11722916718750001 0.757953125 0.11820833281250001 0.76675 0.11820833281250001 0.7740781250000001 0.1260208328125 0.7748125 0.12506250000000002 0.7740781250000001 0.12408333281249999 0.7652812499999999 0.122125 0.756484375 0.12310416718749999 0.7535624999999999 0.1260208328125 0.74915625 0.1260208328125 0.74696875 0.122125 0.73890625 0.122125 0.7286406249999999 0.12114583281249999 0.7213125 0.12114583281249999 0.719859375 0.11820833281250001 0.711796875 0.11722916718750001 0.7110624999999999 0.11722916718750001 0.707390625 0.1143125 0.70153125 0.1065 0.70959375 0.10454166718749999 0.72425 0.10258333281250001 0.73890625 0.0986666671875 0.76015625
9 0.989875 0.790046875 0.9966041671875001 0.7695000000000001 0.9951666671874999 0.75653125 0.9908333328125 0.7428281250000001 0.9903541671875 0.736703125 0.9831458328125 0.7370625000000001 0.9768958328125 0.74571875 0.9735416671875001 0.760125 0.977875 0.776359375 0.9768958328125 0.794015625 0.9783541671875 0.7954687500000001 0.9922916671875001 0.795828125 0.989875 0.790046875
8 0.4640416671875 0.7016875 0.4578125 0.7032499999999999 0.4557291671875 0.709484375 0.453125 0.72509375 0.459875 0.735625 0.4884791671875 0.735234375 0.5056458328125 0.7282031250000001 0.5118958328125001 0.700125 0.5046041671875 0.700125 0.4806875 0.6868593749999999 0.4806875 0.6888124999999999 0.47339583281250003 0.689984375 0.4640416671875 0.7016875
8 0.9359166671875 0.7652812499999999 0.9363958328124999 0.76996875 0.9397500000000001 0.7771874999999999 0.95225 0.776828125 0.9508125 0.766 0.9479166671874999 0.760953125 0.943125 0.7551875 0.9397500000000001 0.7479843749999999 0.9339791671875 0.73175 0.9344583328124999 0.748703125 0.9339791671875 0.75303125 0.9359166671875 0.759875 0.9359166671875 0.7652812499999999
8 0.9025000000000001 0.7731250000000001 0.9025000000000001 0.7706875 0.8996458328125 0.7697812500000001 0.8980208328125 0.768546875 0.8955833328124999 0.76275 0.8902916671875 0.7520625 0.8890625 0.7477968749999999 0.8866250000000001 0.738328125 0.8854166671874999 0.7368125 0.8845833328125 0.738328125 0.88825 0.746578125 0.8915208328125 0.75634375 0.8939583328125 0.76275 0.8919166671875001 0.771296875 0.8939583328125 0.775875 0.8988333328125 0.7752656250000001 0.9025000000000001 0.7731250000000001
8 0.9018750000000001 0.76909375 0.899625 0.77471875 0.8936249999999999 0.77640625 0.8936249999999999 0.7831406249999999 0.895125 0.788203125 0.9022500000000001 0.792140625 0.9127291671875 0.791578125 0.9142291671875 0.788765625 0.907125 0.7744375 0.9045 0.771625 0.90825 0.7705 0.9067500000000001 0.768546875 0.9018750000000001 0.76909375
9 0.0829166671875 0.7088281249999999 0.07439583281249999 0.71025 0.06683333281250001 0.718046875 0.0658958328125 0.722296875 0.0602083328125 0.7286875 0.0545416671875 0.7350625 0.058333332812500006 0.745703125 0.0621041671875 0.751375 0.0545416671875 0.7577499999999999 0.0517083328125 0.76271875 0.053604167187499996 0.7662656250000001 0.05550000000000001 0.772640625 0.05550000000000001 0.77478125 0.0611666671875 0.77478125 0.064 0.770515625 0.0725 0.75846875 0.0762916671875 0.770515625 0.079125 0.77690625 0.0866875 0.778328125 0.09331249999999999 0.775484375 0.08575 0.7676875 0.0838541671875 0.757046875 0.08575 0.747125 0.0866875 0.743578125 0.09425 0.738609375 0.087625 0.731515625 0.100875 0.731515625 0.0970833328125 0.725140625 0.0970833328125 0.7244375 0.087625 0.723015625 0.0829166671875 0.718765625 0.08575 0.713078125 0.0829166671875 0.7088281249999999
9 0.1292083328125 0.75453125 0.1324166671875 0.752140625 0.1349791671875 0.750203125 0.1346458328125 0.74828125 0.133375 0.74515625 0.1340208328125 0.739140625 0.13560416718749999 0.73409375 0.1388125 0.730484375 0.1417083328125 0.727125 0.1413958328125 0.7244843750000001 0.1397916671875 0.72159375 0.13785416718750002 0.718953125 0.13560416718749999 0.71678125 0.1301666671875 0.7146250000000001 0.1282291671875 0.741796875 0.1269583328125 0.7475625 0.1234375 0.755015625 0.1292083328125 0.75453125
2 0 0.810296875 0.046229167187499996 0.8018124999999999 0.052500000000000005 0.7895625 0.0675833328125 0.74809375 0.0437083328125 0.731125 0 0.71321875 0 0.810296875
9 0.9580624999999999 0.7889999999999999 0.9606875 0.774234375 0.9580624999999999 0.75946875 0.9580624999999999 0.74371875 0.9482083328125 0.7383124999999999 0.9390208328125 0.743234375 0.9429583328125 0.75603125 0.9475625000000001 0.7653749999999999 0.9495208328125001 0.776203125 0.9416458328124999 0.78309375 0.9410000000000001 0.7885 0.9429583328125 0.797359375 0.9436249999999999 0.809671875 0.9449375 0.82 0.9534583328125 0.8205 0.9521458328125 0.819515625 0.9528125 0.8057343749999999 0.9580624999999999 0.7889999999999999