8 0.550484375 0.5405386421875 0.58415625 0.554964871875 0.58815625 0.51770491875 0.592171875 0.42880562031249997 0.5745312499999999 0.42037470781249997 0.56490625 0.467236534375 0.5673125 0.48768149843749997 0.5528906250000001 0.523723653125 0.550484375 0.5405386421875
8 0.3244375 0.8039110062500001 0.33382812500000003 0.8130210765625 0.33659374999999997 0.833723653125 0.33825 0.8635363 0.34046875 0.8908899296874999 0.3454375 0.8743091328125001 0.3454375 0.8494613578125 0.346 0.8122014046875 0.365328125 0.7914988296875001 0.36478125 0.7749180328125 0.36090625 0.7492505859375 0.348203125 0.716955503125 0.346 0.6829976578125 0.343234375 0.6515222484375001 0.33990624999999997 0.6382669796875 0.331625 0.63578454375 0.320578125 0.6390866515625 0.3178125 0.6498594843750001 0.3178125 0.6813348953125 0.318359375 0.717775175 0.3145 0.7434426234375 0.307859375 0.770772834375 0.313390625 0.7724355968750001 0.3244375 0.7823887593750001 0.3244375 0.8039110062500001
9 0.5470937499999999 0.09100702499999999 0.5353749999999999 0.12028102968750001 0.5334218749999999 0.1524824359375 0.5392812499999999 0.1602810296875 0.5353749999999999 0.1719906328125 0.5366875 0.19152224843750001 0.5431874999999999 0.20421545624999998 0.5451406249999999 0.2305620609375 0.5445 0.2510538640625 0.52821875 0.264707259375 0.52040625 0.2696018734375 0.513234375 0.28325526875 0.513234375 0.2910772828125 0.5021718749999999 0.31644028125 0.5002187499999999 0.334988290625 0.49240625 0.3486416859375 0.48459375 0.335948478125 0.476125 0.3330210765625 0.463109375 0.338899296875 0.4526875 0.3486416859375 0.446171875 0.373044496875 0.444875 0.3935363 0.442921875 0.40622950781249995 0.435109375 0.4267213109375 0.438359375 0.4413583140625 0.4403125 0.4579625296875 0.44878125 0.488220140625 0.45659375 0.5155269328125 0.47678125 0.5321311468750001 0.5021718749999999 0.530163934375 0.507375 0.529203746875 0.518453125 0.530163934375 0.5445 0.5399297421875 0.578359375 0.55163934375 0.606359375 0.5643325531250001 0.629796875 0.5779859484375 0.6656093750000001 0.6189929750000001 0.6851406250000001 0.6189929750000001 0.690359375 0.6102107734375 0.71184375 0.5828805625 0.713796875 0.567259953125 0.729421875 0.533091334375 0.7346250000000001 0.4403981265625 0.7365781250000001 0.39451990625 0.737234375 0.35840749375000003 0.7346250000000001 0.3242388765625 0.72421875 0.29693208437499996 0.705984375 0.2793442625 0.6851406250000001 0.258852459375 0.65128125 0.2451990625 0.652578125 0.2315222484375 0.65909375 0.1954332546875 0.664953125 0.1905386421875 0.6675625000000001 0.14077283437500002 0.6382656250000001 0.0783138171875 0.5991875 0.058782201562500004 0.5679375 0.06463700156249999 0.554921875 0.0773302109375 0.5470937499999999 0.09100702499999999
9 0 0.6219672125 0.02325 0.6081264640625 0.021828125 0.5963934421875 0.015437500000000002 0.592131146875 0.02040625 0.592131146875 0.02325 0.592131146875 0.02325 0.5804215453125 0.016140625 0.5569789234375 0.041015625 0.5559250578125 0.052390625 0.5484543328125 0.074421875 0.57189695625 0.10001562500000001 0.5569789234375 0.10570312500000001 0.542060890625 0.1149375 0.5441920375 0.117078125 0.5292740046875 0.11139062500000001 0.5186182671874999 0.11850000000000001 0.42487119375000004 0.117078125 0.41634660468750007 0.12703124999999998 0.40889929687500004 0.11850000000000001 0.3588290390625 0.11920312500000001 0.3076814984375 0.11778124999999999 0.2725292734375 0.108546875 0.2490866515625 0.09148437499999999 0.2352459015625 0.049546875000000004 0.22032786875000002 0.0026406249999999997 0.21072599531249997 0 0.2267213109375 0 0.6219672125
9 0.24553124999999998 0.5250585484375 0.23409375 0.48224824374999997 0.23981249999999998 0.4779859484375 0.26553125 0.47583138125 0.269796875 0.49510538593750003 0.348328125 0.4929742390625 0.33976562499999996 0.520796253125 0.358328125 0.5357611234374999 0.39260937500000004 0.5293442625 0.442578125 0.512224825 0.442578125 0.5015222484375 0.439734375 0.426604215625 0.45684375 0.35597189687499997 0.43115625 0.2768149890625 0.358328125 0.24042154531249998 0.35975 0.221147540625 0.35975 0.15480093749999999 0.33264062499999997 0.07775175625 0.282640625 0.069203746875 0.238390625 0.1291334890625 0.256953125 0.24255269375 0.2126875 0.25325526875 0.1584375 0.396651053125 0.184125 0.4373067921875 0.176984375 0.4929742390625 0.2026875 0.5250585484375 0.2026875 0.537915690625 0.23125 0.5421779859375 0.24553124999999998 0.5250585484375
8 0.210875 0.78786416875 0.21401953125 0.7891861828125 0.21214062500000003 0.799920375 0.20915937499999998 0.79951288125 0.20034375 0.8083255265625 0.206671875 0.8181498828124999 0.20158593749999998 0.8222072593749999 0.202828125 0.83608899375 0.20960937500000001 0.8306791562500001 0.2121666671875 0.8392505859374999 0.21593749999999998 0.83608899375 0.2215052078125 0.8424121781249999 0.22181250000000002 0.8313583140624999 0.22849375 0.832163934375 0.23073828125 0.8333782203125001 0.23084375000000001 0.8455737703124999 0.242140625 0.8428571421875001 0.24178125 0.828224825 0.234921875 0.8252459015625 0.22995312499999998 0.826604215625 0.22614375 0.8187540984374999 0.22599609375 0.8103454328125 0.23017578125 0.813395784375 0.23771874999999998 0.8126463703125 0.24476562500000001 0.819555034375 0.24965 0.8114332546874999 0.25163125000000003 0.8133348953124999 0.2518125 0.8264637 0.25434375 0.83744730625 0.258859375 0.833372365625 0.252903125 0.8237611234375001 0.2658671875 0.8259250578125 0.272875 0.8184777515625001 0.2688125 0.7710772828125 0.25886718750000004 0.7724238875 0.25036875 0.7862341921875 0.2475625 0.7771662765625 0.24892187500000001 0.7737704921875 0.23853125 0.7751288062499999 0.224078125 0.773091334375 0.21909375 0.778524590625 0.216390625 0.7744496484375001 0.20418750000000002 0.7751288062499999 0.197859375 0.7805620609374999 0.20554296875000003 0.78901639375 0.1991015625 0.79444379375 0.210875 0.78786416875
8 0.7359218750000001 0.4058548015625 0.7576875000000001 0.42512880624999994 0.764609375 0.46812646406249997 0.741859375 0.56744730625 0.7557031249999999 0.57189695625 0.782421875 0.46367681562499996 0.77253125 0.42067915625 0.741859375 0.382131146875 0.7359218750000001 0.4058548015625
8 0.718046875 0.871756440625 0.683640625 0.8627868859375001 0.6701718750000001 0.8246604218750001 0.6671875 0.75067915625 0.682140625 0.7417096015625 0.72403125 0.7417096015625 0.752453125 0.7484309140625001 0.8078125 0.777587821875 0.82725 0.7820608906250001 0.83771875 0.7843091328125 0.83771875 0.770843090625 0.77190625 0.6834192031249999 0.7584375 0.7148009375 0.74796875 0.7215222484375 0.7150624999999999 0.7013348953125 0.7150624999999999 0.6296018734375 0.695609375 0.62063231875 0.682140625 0.6318501171875 0.63428125 0.5802576109375 0.514609375 0.528688525 0.48168749999999994 0.528688525 0.46823437500000004 0.528688525 0.42484374999999996 0.508524590625 0.39642187500000003 0.5264637 0.35753124999999997 0.5399063234375 0.338078125 0.5264637 0.3440625 0.49058547968750005 0.279734375 0.48608899375 0.270765625 0.49505854843749997 0.26328125 0.53093676875 0.21840625 0.551124121875 0.186984375 0.5219672125 0.1585625 0.508524590625 0.10621875 0.5444028109375 0.098734375 0.5623419203125 0.047875 0.5623419203125 0.0239375 0.5668149890625 0.0239375 0.5981967218750001 0.002984375 0.62063231875 0 1 0.017953125 0.9905854796875 0.017953125 0.9865573765625 0.327609375 0.9928337234375 0.590890625 0.9973067921875 0.6971093749999999 0.9928337234375 0.718046875 0.871756440625
8 0.439578125 0.3082669796875 0.453796875 0.34555035156249997 0.45806250000000004 0.3444730671875 0.46090625 0.2592505859375 0.543359375 0.2422014046875 0.545484375 0.22302107656249998 0.526296875 0.2262295078125 0.514921875 0.20810304375 0.506390625 0.20491803281249998 0.49289062499999997 0.21557377031249997 0.47796874999999994 0.21344262343749998 0.47440625000000003 0.19320843125 0.47228125 0.1644262296875 0.46659375000000003 0.1377985953125 0.4545 0.138852459375 0.43246874999999996 0.1452459015625 0.403328125 0.1505854796875 0.380578125 0.1537704921875 0.35996875 0.1537704921875 0.35784375 0.154847775 0.355 0.170819671875 0.35784375 0.19320843125 0.35784375 0.2208899296875 0.38840625 0.2539344265625 0.389828125 0.2592505859375 0.439578125 0.2560655734375 0.439578125 0.3082669796875
8 0.041109375 0.16487119374999998 0.052296875 0.2227868859375 0.0609375 0.2227868859375 0.05178125 0.1618266984375 0.072125 0.15725995312500002 0.06804687499999999 0.115339578125 0.047203125 0.115339578125 0.046703125 0.1313348953125 0.044656249999999995 0.1336299765625 0.035515625 0.1328571421875 0.0238125 0.1199063234375 0.022796875 0.1199063234375 0.016703125 0.12067915625 0.00042187500000000005 0.12067915625 0 0.123723653125 0.001953125 0.165644028125 0.041109375 0.16487119374999998
9 1 0.3719906328125 0.9579531250000001 0.2847775171875 0.9225312499999999 0.26962529218750003 0.86434375 0.288571428125 0.840734375 0.303747071875 0.8331406250000001 0.3568149890625 0.810375 0.395995315625 0.8036406250000001 0.45161592500000003 0.82303125 0.4945901640625 0.8213437499999999 0.5287119437500001 0.802796875 0.614660421875 0.77159375 0.6955503515625 0.7935156250000001 0.7133255265625 0.842421875 0.7803278687499999 0.86434375 0.77517564375 0.898078125 0.7650585484375 0.930125 0.7574707265625 0.946140625 0.7486182671875 0.97903125 0.7347306796875 0.995890625 0.7258782203125 0.9992656249999999 0.7182903984375 1 0.5160655734375 1 0.427611240625 1 0.3719906328125
8 0.5475 0.686932084375 0.548921875 0.6826932078125 0.552453125 0.6438875875 0.554796875 0.6368384078125 0.5510312500000001 0.642131146875 0.5430312500000001 0.647775175 0.533859375 0.6474238875 0.5275000000000001 0.645644028125 0.521375 0.642131146875 0.518546875 0.6396487125 0.517140625 0.6301170953125 0.5159687500000001 0.637540984375 0.51784375 0.6435363 0.519015625 0.6466978921875 0.51925 0.6742388765625 0.5204375 0.6858782203125 0.5216093749999999 0.686932084375 0.5244375 0.6918735359375 0.53009375 0.6954098359375 0.54115625 0.694332553125 0.5475 0.686932084375
8 0.234703125 0.5983138171875 0.24078125 0.6041217796875 0.248875 0.6048946140625 0.256140625 0.602107728125 0.261203125 0.595011709375 0.26103125 0.557587821875 0.26153125 0.5537939109375001 0.260859375 0.54416861875 0.254453125 0.54063231875 0.2404375 0.5413817328125 0.23098437500000002 0.5472131140625 0.228453125 0.552763465625 0.22760937499999997 0.5555503515625 0.229296875 0.5606089 0.234703125 0.5983138171875
8 0.321640625 0.5772131140625001 0.33209374999999997 0.570491803125 0.336078125 0.5540749421875 0.337078125 0.532459015625 0.3375625 0.5197658078125 0.325625 0.514543325 0.315671875 0.51679156875 0.303234375 0.5242388765625 0.306734375 0.5420843093750001 0.31070312499999997 0.5637704921875 0.3136875 0.5734660421875 0.321640625 0.5772131140625001
8 0.7276875 0.798196721875 0.7155781250000001 0.7722716625 0.68965625 0.7800468390625 0.68446875 0.7904215453125001 0.68446875 0.85517564375 0.712125 0.8707259953125 0.72940625 0.808548009375 0.7276875 0.798196721875
8 0.027578125 0.7357611234375 0.032609375 0.7357611234375 0.038421875 0.7334426234375 0.047343750000000004 0.7276346609375001 0.054328125000000005 0.7206557375 0.050453125 0.6735831375 0.05278125 0.6706791562500001 0.05278125 0.6677751749999999 0.05121875 0.6631147546875 0.050062499999999996 0.6596252921875 0.048125 0.657892271875 0.043078125 0.657892271875 0.03028125 0.657892271875 0.0198125 0.6631147546875 0.013609375000000002 0.6677751749999999 0.009343750000000001 0.6729976578125 0.0081875 0.6799765812499999 0.0198125 0.731124121875 0.02253125 0.7334426234375 0.027578125 0.7357611234375
8 0.08490625 0.6223185015625 0.063875 0.6242388765625 0.054953125000000005 0.6442857140625 0.062609375 0.671007025 0.06834375000000001 0.69583138125 0.07470312500000001 0.7034894609375 0.084265625 0.7006089 0.097 0.6929742390625 0.09828125 0.684379390625 0.099546875 0.6337704921875 0.10018750000000001 0.6299531609375 0.094453125 0.6242388765625 0.08490625 0.6223185015625
8 0.6284375 0.8700702578125 0.63440625 0.8447775171874999 0.64234375 0.809812646875 0.639359375 0.790468384375 0.62396875 0.77932084375 0.601140625 0.783044496875 0.593703125 0.7956908671875 0.5951875 0.8157611234375001 0.59865625 0.85967213125 0.60709375 0.873067915625 0.614046875 0.8760421546874999 0.6284375 0.8700702578125
8 0.7585 0.7128571421875 0.7628125 0.7080093671875 0.7806093749999999 0.61744730625 0.7838437500000001 0.60936768125 0.7854687499999999 0.60613583125 0.784921875 0.59644028125 0.782234375 0.5915690859375 0.77953125 0.5867213109375 0.772515625 0.5810772828124999 0.7590312499999999 0.5737939109375 0.7477031249999999 0.5713583140625 0.738 0.5705620609375 0.729359375 0.5737939109375 0.715875 0.5843091328125001 0.718578125 0.60451990625 0.72128125 0.6999297421875 0.739609375 0.71608899375 0.7585 0.7128571421875
8 0.295234375 0.5944496484374999 0.2975625 0.5484309140625 0.28940625 0.5402576109375 0.278125 0.5402576109375 0.26568749999999997 0.5455035125000001 0.2621875 0.5548243562499999 0.264140625 0.5612412171875001 0.266859375 0.5839578453125001 0.27190625 0.6020374703125 0.27190625 0.601451990625 0.275796875 0.6037704921875 0.28512499999999996 0.6008665109375 0.290578125 0.6055269328125 0.295234375 0.5944496484374999
8 0.2664375 0.4822716625 0.2659375 0.47704917968749994 0.2535 0.4725761125 0.243546875 0.4710772828125 0.236078125 0.4688290390625 0.23209375 0.478524590625 0.242546875 0.48896955468750003 0.243546875 0.500163934375 0.2390625 0.5061358312500001 0.236578125 0.5121077281249999 0.24504687500000003 0.516580796875 0.24603125 0.5218032781249999 0.24553124999999998 0.526276346875 0.24553124999999998 0.5314988296875 0.263953125 0.5314988296875 0.264453125 0.5188056203125 0.264453125 0.4971896953125 0.2664375 0.4822716625
8 0.02025 0.6201639343750001 0.013218750000000001 0.6282669796875 0.007796875 0.6380093671875 0.014296875 0.6647540984375 0.03484375 0.655035128125 0.0510625 0.6598829046875 0.05053125000000001 0.6250351281250001 0.039171875 0.6161124124999999 0.029984375 0.6153161593750001 0.02025 0.6201639343750001
8 0.640296875 0.822060890625 0.65040625 0.8245901640625 0.665578125 0.822060890625 0.6676875 0.8056440281249999 0.672328125 0.760163934375 0.660953125 0.7399531609375 0.645359375 0.7393208437500001 0.6285000000000001 0.7481733015625001 0.6268125 0.7645901640625 0.628078125 0.7658548015625 0.6301875 0.78163934375 0.63903125 0.789859484375 0.643671875 0.8125995312500001 0.640296875 0.822060890625
8 0.396296875 0.169156909375 0.39565625 0.16266978906250001 0.392828125 0.16266978906250001 0.38654687499999996 0.1613583140625 0.378328125 0.16201405156249998 0.37117187500000004 0.1613583140625 0.36596875 0.1623419203125 0.361859375 0.1646135828125 0.361859375 0.169156909375 0.362078125 0.17435597187500002 0.364890625 0.178899296875 0.364015625 0.195456675 0.36706249999999996 0.2006557375 0.378109375 0.2038875875 0.39803125 0.19967213125 0.39825 0.1831147546875 0.39846875000000004 0.182459015625 0.396078125 0.175316159375 0.396296875 0.169156909375
8 0.46557812500000006 0.2297658078125 0.470609375 0.224964871875 0.47840625000000003 0.2133021078125 0.47976562500000003 0.20161592499999997 0.47748437499999996 0.20093676875000002 0.469703125 0.20231850156250003 0.46145312499999996 0.20299765781249998 0.448625 0.20299765781249998 0.44221875 0.20231850156250003 0.43946874999999996 0.2002576109375 0.43764062499999995 0.2002576109375 0.435359375 0.199555034375 0.43809375 0.211920375 0.43946874999999996 0.22152224843749999 0.44771875000000005 0.2290866515625 0.46557812500000006 0.2297658078125
8 0.18428125 0.33372365312499996 0.20881249999999998 0.26936768125 0.25329687500000003 0.2532786890625 0.25021875 0.1360421546875 0.24409375 0.041803278124999996 0.25789062500000004 0.002716628125 0.20575000000000002 0.009625292187499999 0.2026875 0.08777517500000001 0.20881249999999998 0.1199531609375 0.126 0.131451990625 0.118328125 0.1268618265625 0.1290625 0.20039812656249997 0.14440625 0.2440749421875 0.15053125 0.35901639375 0.18428125 0.33372365312499996
8 0.824078125 0.3444964875 0.8686718750000001 0.2039578453125 0.849234375 0.20569086718750001 0.8286562500000001 0.24852459062499999 0.7531875 0.562131146875 0.763484375 0.5826932078125 0.782921875 0.5038641687500001 0.824078125 0.3444964875
9 0.066515625 0 0.0740625 0.0210304453125 0.0748125 0.0278220140625 0.06953125 0.0334660421875 0.05821875 0.0413817328125 0.043890625 0.0492974234375 0.0084375 0.0617330203125 0.0016406250000000002 0.073044496875 0.00390625 0.09 0.0054218750000000005 0.10583138125 0.010703124999999999 0.11487119374999999 0.017484375 0.11487119374999999 0.02653125 0.11262295156249999 0.02578125 0.10922716562499998 0.021249999999999998 0.097915690625 0.027296874999999998 0.08660421562500001 0.040875 0.08660421562500001 0.043125000000000004 0.10243559687499999 0.044640625 0.11487119374999999 0.049921875 0.1171428578125 0.067265625 0.12053864218749999 0.071046875 0.1363700234375 0.077078125 0.203067915625 0.085375 0.209859484375 0.09517187499999999 0.209859484375 0.11403125 0.198548009375 0.120828125 0.191756440625 0.12157812500000001 0.178196721875 0.120828125 0.1533255265625 0.12459374999999999 0.1363700234375 0.131390625 0.1295784546875 0.14345312500000001 0.1261826703125 0.154765625 0.1239344265625 0.1615625 0.12166276406250001 0.165328125 0.10922716562499998 0.1623125 0.091147540625 0.15628124999999998 0.07416861875 0.149484375 0.0492974234375 0.12987500000000002 0.0074707265625 0.11101562499999999 0 0.066515625 0
8 0.5915 0.99744730625 0.610296875 0.999227165625 0.6120625000000001 0.999227165625 0.6226406250000001 0.9983372359375 0.631453125 0.9939344265625 0.642625 0.9137704921875001 0.6455625 0.9023185015624999 0.6520312500000001 0.8820608906249999 0.6514375 0.875011709375 0.650859375 0.868852459375 0.647921875 0.855620609375 0.644390625 0.8503512875 0.6396875 0.845948478125 0.630875 0.8406557375 0.6208750000000001 0.836252928125 0.60265625 0.8344964875 0.595609375 0.836252928125 0.5856250000000001 0.8433021078125 0.5803281250000001 0.8485714281250001 0.5756249999999999 0.859156909375 0.5756249999999999 0.868852459375 0.57621875 0.8776580796875001 0.57915625 0.8855737703125 0.5826718750000001 0.9014285718749999 0.5856250000000001 0.9815925062499999 0.587375 0.9930444968750001 0.589734375 0.9956908671875 0.5915 0.99744730625
9 0.69846875 0.7395784546875 0.6706562500000001 0.75259953125 0.6706562500000001 0.7734426234375 0.71584375 0.7786416859374999 0.743640625 0.804683840625 0.743640625 0.81770491875 0.769703125 0.8099063234375 0.790546875 0.8099063234375 0.795765625 0.8203044500000001 0.8357187500000001 0.8255269328124999 0.87046875 0.8619906328125 0.919125 0.875011709375 0.9608125 0.838548009375 0.9764531249999999 0.78906323125 1 0.768220140625 0.9955624999999999 0.7265573765625 0.9087031250000001 0.7578220140624999 0.814875 0.7786416859374999 0.752328125 0.75259953125 0.69846875 0.7395784546875
8 0.840625 1 0.846875 0.9812646375 0.8578125 0.96487119375 0.8625 0.94613583125 0.8734375 0.9274004687499999 0.878125 0.9086651046875 0.878125 0.8571428578125 0.875 0.843091334375 0.8546875 0.81030445 0.8625 0.779859484375 0.8625 0.770491803125 0.775 0.64871194375 0.771875 0.662763465625 0.7734375 0.6697892265625 0.7697916671875 0.6736924281250001 0.771875 0.68384075 0.7671875 0.6861826703125 0.76875 0.6908665109375 0.7640625 0.7025761125 0.714409721875 0.627114234375 0.71875 0.6182669796875 0.7140625 0.608899296875 0.71796875 0.6018735359375 0.7171875 0.58548009375 0.721875 0.580796253125 0.721875 0.5761124125 0.684375 0.5245901640625 0.6625 0.4800936765625 0.66875 0.4707259953125 0.6765625 0.4800936765625 0.6828125 0.4800936765625 0.684375 0.468384075 0.6078125 0.374707259375 0.5578125 0.27400468437500003 0.553125 0.27400468437500003 0.55 0.278688525 0.55 0.28571428593750003 0.5546875 0.2950819671875 0.5484375 0.30210772812500003 0.34776182499999997 0.05354769375 0.34477237656250004 0.0653424703125 0.33953125 0.0660421546875 0.3392554015625 0.0569578171875 0.34168074375 0.046015571875 0.3355996625 0.038483446875 0.33373842656249997 0.0485731640625 0.3337890625 0.0573770484375 0.328125 0.05386416875 0.32951858125 0.030951325000000002 0.322704475 0.0318038578125 0.3234375 0.023419203125 0.3171875 0.023419203125 0.315625 0.03512880625 0.3093327703125 0.02550794375 0.0453125 0.0960187359375 0.042271959375 0.0965250953125 0.0359375 0.09367681562499999 0.0344172296875 0.0986138359375 0.0265625 0.10070257656249999 0.0296875 0.1334894609375 0.0421875 0.13583138125 0.044493534375 0.14492449375 0.0425466953125 0.15082505625 0.04428879375 0.1571509328125 0.0475260421875 0.1590554265625 0.042905890625 0.16581873125 0.0494140625 0.170667446875 0.051302082812500004 0.18227946875 0.043265085937499996 0.18081240468749998 0.016136853125 0.8078413953125001 0.01875 0.8149882906249999 0.015625 0.8196721312499999 0.015625 0.8290398124999999 0.02 0.8391100703125 0.0234375 0.86416861875 0.0265625 0.868852459375 0.0375 0.868852459375 0.0375 0.8793911 0.059375 0.9297423890625 0.0546875 0.9437939109375 0.0453125 0.9437939109375 0.0390625 0.9555035125 0.040625 0.9812646375 0.0453125 0.995316159375 0.0625 0.995316159375 0.065625 0.99063231875 0.078125 0.9882903984375 0.0890625 1 0.140625 1 0.1390625 0.9812646375 0.1234375 0.976580796875 0.1241071421875 0.9595182343750001 0.184375 0.8992974234375 0.1984375 0.9180327875 0.2046875 0.9391100703124999 0.2171875 0.9555035125 0.24375 0.9578454328125 0.259375 0.941451990625 0.26875 0.8992974234375 0.2765625 0.8922716625 0.2859375 0.8758782203125 0.2890625 0.8618266984374999 0.2890625 0.8407494140624999 0.2859375 0.8266978921874999 0.2765625 0.81030445 0.2671875 0.8032786890624999 0.2015625 0.8032786890624999 0.1921875 0.81030445 0.184375 0.8220140515625 0.1796875 0.8384074937499999 0.1661458328125 0.8282591734375 0.1328125 0.6955503515625 0.1484375 0.6814988296875 0.1609375 0.6604215453125 0.1703125 0.6604215453125 0.1796875 0.653395784375 0.1890625 0.6370023421875 0.1921875 0.6229508203125 0.1921875 0.6042154562500001 0.1859375 0.5784543328125 0.1828125 0.555035128125 0.328125 0.517564403125 0.3375 0.52224824375 0.334375 0.5690866515625 0.3375 0.5737704921875 0.346875 0.580796253125 0.365625 0.580796253125 0.375 0.5737704921875 0.384375 0.5573770484375 0.3921875 0.52224824375 0.3921875 0.50351288125 0.4 0.5025092015625 0.425 0.5386416859375001 0.41875 0.5573770484375 0.41875 0.5878220140625 0.421875 0.6604215453125 0.4265625 0.6768149890624999 0.434375 0.6885245906249999 0.44375 0.6955503515625 0.471875 0.6955503515625 0.4875 0.679156909375 0.49375 0.658079625 0.511328125 0.628220140625 0.5171875 0.6323185015624999 0.51875 0.6416861828125 0.525 0.6463700234374999 0.54375 0.64871194375 0.5546875 0.6370023421875 0.5546875 0.6182669796875 0.5375 0.608899296875 0.51875 0.6135831375 0.49375 0.5925058546875 0.4890625 0.5644028109375 0.484375 0.5526932078125 0.465625 0.526932084375 0.46961805625 0.521207390625 0.6004629625 0.465174778125 0.604070215625 0.45942117031249996 0.608159721875 0.461878740625 0.609587190625 0.467805821875 0.6206211421875001 0.48457512812500003 0.6235677078124999 0.47836976406250004 0.6291666671875 0.48659901093749997 0.6261381171875 0.49295978281249997 0.6371720671875 0.5097290890624999 0.6403645828125 0.5030575078124999 0.6459635421875001 0.5112867546875 0.64268904375 0.5181137421875001 0.6482060187500001 0.5264983953125 0.6515625 0.5195160015625 0.6571614578125 0.5277452499999999 0.65372299375 0.5348830484375 0.6647569437499999 0.55165235625 0.668359375 0.544203746875 0.6739583328125 0.5524329953125 0.6702739203125 0.56003700625 0.6757908953125 0.5684216609375 0.6795572921875 0.56066224375 0.68515625 0.5688914921875 0.6813078703125 0.5768063140625 0.6868248453125 0.5851909671875 0.69375 0.5690866515625 0.696875 0.5737704921875 0.7 0.580796253125 0.6923418203125 0.5935756203125 0.6978587968750001 0.6019602734375 0.7046875 0.590163934375 0.7075 0.5945355203125 0.709375 0.599531615625 0.703375771875 0.610344928125 0.7653645828125 0.721311475 0.7677083328125 0.73067915625 0.7647569437499999 0.7330210765625 0.7666666671875 0.742388759375 0.76414930625 0.7447306796875 0.765625 0.7540983609375 0.7635416671875 0.75644028125 0.7645833328125 0.7658079625 0.759375 0.824355971875 0.7609375 0.8313817328124999 0.7578125 0.8384074937499999 0.7586805562500001 0.8501170953124999 0.75625 0.8594847781249999 0.7580729171875 0.8618266984374999 0.75625 0.8969555031249999 0.7609375 0.913348946875 0.7703125 0.9250585484375 0.771875 0.9625292734374999 0.784375 0.995316159375 0.7953125 1 0.840625 1