8 0.71965625 0.5797708328125 0.714609375 0.5168541671875 0.731453125 0.505625 0.738203125 0.48989583281250004 0.768546875 0.47864583281249995 0.8005625000000001 0.45618749999999997 0.8005625000000001 0.4112291671875 0.746625 0.3820208328125 0.717984375 0.3707916671875 0.67415625 0.39325 0.6539375 0.4314583328125 0.6758437500000001 0.47191666718749997 0.7129218749999999 0.492125 0.7129218749999999 0.5146041671875 0.711234375 0.5797708328125 0.69775 0.5842708328125 0.701125 0.6359583328125 0.7129218749999999 0.6471875 0.717984375 0.6561874999999999 0.71965625 0.6089791671875 0.71965625 0.5797708328125
8 0.319328125 0.55725 0.338953125 0.5692291671875 0.338953125 0.5823125 0.36062500000000003 0.5943125 0.3643125 0.5943125 0.3635 0.582875 0.35735937500000003 0.5779583328125 0.35490625 0.5234375 0.369625 0.5556041671874999 0.382296875 0.5387083328125 0.372484375 0.5277916671875 0.36307812500000003 0.5147083328125001 0.37821875 0.4918125 0.38353125 0.4536458328125 0.385578125 0.43947916718749996 0.374125 0.44056249999999997 0.37371875 0.42093749999999996 0.38271875 0.40512499999999996 0.37984375 0.3920416671875 0.36512500000000003 0.3936875 0.361046875 0.4100416671875 0.36267187500000003 0.3887708328125 0.351234375 0.3915 0.34959375000000004 0.4035 0.347140625 0.3893125 0.3356875 0.3882291671875 0.338140625 0.40022916718749996 0.32218749999999996 0.387125 0.30665624999999996 0.3893125 0.299703125 0.393125 0.290703125 0.39695833281250004 0.277625 0.41875 0.265765625 0.4454791671875 0.26945312499999996 0.46018749999999997 0.274359375 0.47056250000000005 0.28171875 0.48200000000000004 0.28907812499999996 0.4852708328125 0.300109375 0.48364583281250006 0.323421875 0.5093958328125 0.32218749999999996 0.5168958328125 0.33446875 0.5381666671875001 0.32015625000000003 0.5239791671875 0.33201562500000004 0.5539791671875001 0.319328125 0.55725
8 0.9747031249999999 0.3639583328125 0.9764843750000001 0.36575 0.976046875 0.1438333328125 0.867015625 0.2061458328125 0.8679062500000001 0.2061458328125 0.866125 0.3782083328125 0.9747031249999999 0.3639583328125
9 0.096609375 0.476 0.07943750000000001 0.5310833328125 0.07575 0.56325 0.07943750000000001 0.5741458328125 0.102734375 0.5850416671875001 0.099875 0.604125 0.09496875 0.6384791671875 0.091703125 0.6542916671875 0.07860937500000001 0.7431666671875 0.077390625 0.7557083328124999 0.07698437500000001 0.76825 0.087609375 0.7731458328125 0.102734375 0.7726041671874999 0.10232812499999999 0.7753333328124999 0.10232812499999999 0.7851458328125 0.092515625 0.8151249999999999 0.08965625 0.8325833328125001 0.09046875 0.8756458328125 0.09456250000000001 0.8963749999999999 0.092515625 0.9116250000000001 0.08925 0.9416249999999999 0.113375 0.9623333328125 0.135453125 0.9579791671875 0.13421875 0.9508958328125001 0.116234375 0.9241666671875001 0.111328125 0.9056458328125 0.11296874999999999 0.8816458328125 0.117046875 0.8631041671874999 0.12809375 0.8042291671875 0.13421875 0.7813333328125001 0.1375 0.7791458328124999 0.1428125 0.7715208328125 0.145671875 0.7731458328125 0.13871875 0.8222083328125 0.14690625 0.8434791671875 0.14771875 0.8881875000000001 0.143625 0.9067291671875 0.148953125 0.9138125 0.20946875 0.9056458328125 0.207015625 0.8990833328125 0.18451562500000002 0.8925416671875 0.17184375000000002 0.8832916671875 0.168578125 0.8701874999999999 0.170203125 0.8255000000000001 0.1714375 0.7895 0.17470312500000001 0.7840625 0.182484375 0.7933125000000001 0.20456249999999998 0.7595208328124999 0.189015625 0.687 0.19146875000000002 0.6859166671875 0.193109375 0.6837291671875 0.19678125 0.6548333328125 0.193515625 0.6450208328125 0.19637500000000002 0.6439375 0.19923437500000002 0.6395833328125 0.197609375 0.6330208328125 0.193515625 0.6303124999999999 0.19229687499999998 0.6079583328125 0.187390625 0.6085 0.178390625 0.6085 0.17715625 0.604125 0.17553125 0.5992291671875 0.170203125 0.5926875 0.173078125 0.5894166671875001 0.178390625 0.5894166671875001 0.18615625 0.5932291671875001 0.18984375 0.5872291671875 0.187390625 0.5490625 0.189015625 0.5381666671875001 0.19403125000000002 0.5346041671874999 0.20417187499999997 0.5088541671875 0.1891875 0.46312499999999995 0.173265625 0.4367291671875 0.180984375 0.4180625 0.181953125 0.39229166718749997 0.18001562499999998 0.3716875 0.166015625 0.3575208328125 0.15153125 0.3543125 0.145734375 0.3588125 0.13704687499999998 0.37106249999999996 0.133171875 0.38714583281250003 0.1326875 0.39229166718749997 0.13173437500000001 0.4000208328125 0.13173437500000001 0.4103333328125 0.1365625 0.41677083281250005 0.1399375 0.4245 0.13896875 0.4386666671875 0.12809375 0.44275000000000003 0.11459375000000001 0.4525625 0.096609375 0.476
9 0.18076562499999999 0.4492291671875 0.1889375 0.4683333328125 0.20020312499999998 0.510625 0.192015625 0.5310833328125 0.183828125 0.5583750000000001 0.187921875 0.5692708328125 0.18996875 0.5870208328125 0.19303125000000002 0.6183958328125 0.19303125000000002 0.636125 0.196109375 0.6716041671874999 0.196109375 0.6934375 0.20020312499999998 0.716625 0.20020312499999998 0.7288958328125 0.2053125 0.7220833328125 0.20634375 0.7084374999999999 0.2053125 0.6770625 0.2104375 0.6375 0.21349999999999997 0.6484166671875 0.214515625 0.7070624999999999 0.22065625 0.7275416671875 0.22168749999999998 0.7411875 0.227828125 0.763 0.229875 0.7739166671875 0.229875 0.7902916671875 0.229875 0.8175833328125 0.25340625 0.8216666671875 0.270796875 0.8189375 0.266703125 0.8052916671875 0.25646874999999997 0.7943749999999999 0.247265625 0.7152499999999999 0.251359375 0.6552291671875 0.25646874999999997 0.6129374999999999 0.2575 0.5706458328124999 0.254421875 0.5269791671874999 0.25340625 0.4819583328125 0.255453125 0.48333333281249996 0.26773437499999997 0.5010625 0.28103125 0.510625 0.30046875 0.510625 0.30660937499999996 0.5037916671875 0.28307812499999996 0.4819583328125 0.282046875 0.4765208328125 0.26978125 0.445125 0.251359375 0.42331250000000004 0.24010937499999999 0.3851041671875 0.207359375 0.3564583328125 0.199171875 0.3646458328125 0.190984375 0.3741875 0.190984375 0.37829166718749996 0.1889375 0.3946458328125 0.187921875 0.4219375 0.18076562499999999 0.42877083281250006 0.17871874999999998 0.4410416671875 0.18076562499999999 0.4492291671875
9 0.41378125 0.37364583281249997 0.409265625 0.3791875 0.407890625 0.38887499999999997 0.407890625 0.3958125 0.404421875 0.4027291671875 0.399578125 0.42212500000000003 0.3936875 0.42443749999999997 0.38087499999999996 0.4498125 0.38260937500000003 0.45443749999999994 0.3801875 0.46875 0.376734375 0.48674999999999996 0.3801875 0.49368749999999995 0.39646875000000004 0.491375 0.404421875 0.4858333328125 0.40650000000000003 0.5416875 0.39854687499999997 0.5412291671875 0.3975 0.5084583328125001 0.391265625 0.5296875 0.38884375000000004 0.5310625 0.386078125 0.5610833328125 0.3833125 0.6100208328125001 0.378453125 0.6344791671875 0.3756875 0.6557291671875001 0.369453125 0.6806458328125 0.373265625 0.683875 0.3705 0.6908125 0.3711875 0.7060416671875 0.3711875 0.7120416671875 0.36703125000000003 0.723125 0.371875 0.7240416671875 0.37984375 0.7138958328125 0.37984375 0.7037291671875 0.382265625 0.6963541671875 0.381234375 0.6843333328125001 0.39784375 0.6820416671875 0.40096875 0.6233958328125 0.40615625 0.5790833328125 0.413078125 0.5546249999999999 0.41446875 0.5883125 0.409625 0.6349375 0.408234375 0.6506458328125 0.408234375 0.6589583328125 0.408578125 0.6714166671874999 0.413078125 0.6769583328125 0.411703125 0.6848124999999999 0.409625 0.689875 0.409625 0.7032708328124999 0.41446875 0.7184999999999999 0.42173437500000005 0.7175833328125 0.42346874999999995 0.711125 0.41896875 0.6903333328125 0.420703125 0.6760416671875 0.42589062499999997 0.6746458328125 0.43039062499999997 0.6044791671875 0.438359375 0.5601666671875 0.44009375000000006 0.5536875 0.441125 0.5306041671874999 0.4373125 0.51075 0.44251562499999997 0.49874999999999997 0.4373125 0.47983333281249996 0.43559374999999995 0.4636666671875 0.43696875 0.4484375 0.4373125 0.43135416718749997 0.42796874999999995 0.42212500000000003 0.4269375 0.41935416718749996 0.430734375 0.41195833281249994 0.4328125 0.40041666718749996 0.435234375 0.3902708328125 0.436625 0.3856458328125 0.43420312499999997 0.3787291671875 0.430734375 0.37364583281249997 0.421390625 0.3699583328125 0.41378125 0.37364583281249997
9 0.48785937500000004 0.45608333281249996 0.49006249999999996 0.4727083328125 0.49006249999999996 0.4805416671875 0.49006249999999996 0.49325 0.49006249999999996 0.5010833328125 0.49006249999999996 0.5167291671875 0.494796875 0.5286458328125 0.49546875 0.5313541671875 0.49614062499999995 0.5340416671875 0.49614062499999995 0.55025 0.49546875 0.56375 0.491421875 0.5790625 0.49209375 0.5934583328125 0.492765625 0.6078541671875 0.492765625 0.6240625 0.492765625 0.6276666671875 0.492765625 0.6375625 0.49412500000000004 0.6465625 0.49682812500000006 0.6528541671875 0.499515625 0.6600625 0.498171875 0.6681666671875 0.491421875 0.6816666671875 0.49884375 0.6924583328125 0.493453125 0.6987708328125 0.48871875 0.697875 0.483328125 0.7086666671875 0.494796875 0.7140625 0.49884375 0.7077708328125001 0.507625 0.7068749999999999 0.511671875 0.702375 0.5137031249999999 0.6969583328125 0.517078125 0.6879583328125001 0.5130312499999999 0.6771666671875 0.51640625 0.6582708328125 0.51640625 0.6294583328125001 0.5137031249999999 0.60875 0.518421875 0.5844583328125 0.520453125 0.5871666671875 0.5251718750000001 0.6141666671875 0.52653125 0.6348541671875 0.523828125 0.6483541671874999 0.523828125 0.6654583328125 0.523828125 0.6762708328125 0.523828125 0.6861666671875 0.523828125 0.6960625 0.52315625 0.7041666671875 0.518421875 0.7149583328125 0.518421875 0.7212708328125 0.530578125 0.720375 0.54340625 0.7176666671875 0.544078125 0.688875 0.546109375 0.6789583328125001 0.547453125 0.6546666671875 0.54340625 0.62225 0.544078125 0.5979583328125 0.54340625 0.58175 0.542734375 0.56375 0.545421875 0.55025 0.545421875 0.5223541671875 0.548125 0.5106458328125 0.54678125 0.49985416718750003 0.54678125 0.49445833281249996 0.550828125 0.48635416718749996 0.555546875 0.47375 0.552171875 0.46025 0.55353125 0.4341458328125 0.546109375 0.4179375 0.5407031250000001 0.4071458328125 0.531921875 0.40354166718749995 0.52653125 0.38914583281250004 0.527203125 0.37654166718750004 0.527203125 0.3675416671875 0.5217968749999999 0.35583333281249996 0.511671875 0.3504375 0.504921875 0.35672916718750003 0.500203125 0.3612291671875 0.499515625 0.3747291671875 0.499515625 0.3864375 0.5015468750000001 0.3936458328125 0.504921875 0.3990416671875 0.5015468750000001 0.40443749999999995 0.493453125 0.4134375 0.48871875 0.4224375 0.48804687500000005 0.4386458328125 0.487375 0.4485416671875 0.48785937500000004 0.44729166718749996 0.48785937500000004 0.44925 0.48785937500000004 0.45608333281249996
9 0.0050625 0.5123958328125 0.008453125 0.753375 0.015203125000000001 0.748875 0.018578125 0.748875 0.016890625 0.7331041671875 0.018578125 0.7308541671875 0.008453125 0.7218541671875001 0.008453125 0.7105833328125 0.011828125 0.6722916671875 0.011828125 0.6632916671875 0.011828125 0.6497708328125 0.016890625 0.6407708328124999 0.025343749999999998 0.625 0.02703125 0.5732083328125 0.02703125 0.5506666671875 0.045609375 0.5258958328125 0.047296875 0.5236458328125 0.047296875 0.505625 0.045609375 0.49437499999999995 0.038843749999999996 0.4831041671875 0.038843749999999996 0.47410416718750004 0.02365625 0.46058333281249997 0.021953125 0.43581250000000005 0.025343749999999998 0.4177916671875 0.021953125 0.3997708328125 0.011828125 0.384 0.010140625 0.384 0.0050625 0.384 0.0050625 0.3952708328125 0.0050625 0.3997708328125 0.0033750000000000004 0.49437499999999995 0.0050625 0.5123958328125
8 0.174546875 0.5981875 0.17746875 0.6069791671875 0.189953125 0.6069791671875 0.20021874999999997 0.606 0.198015625 0.5942708328124999 0.192140625 0.5913333328125 0.174546875 0.5903541671875 0.171609375 0.5923125 0.171609375 0.5962291671875 0.174546875 0.5981875
9 0.490796875 0.5288958328125 0.48717187500000003 0.4837916671875 0.48717187500000003 0.46285416718750005 0.48234374999999996 0.4402916671875 0.46784375 0.4032291671875 0.46299999999999997 0.38229166718749996 0.458171875 0.3742291671875 0.454546875 0.372625 0.43521875000000004 0.3838958328125 0.434 0.4048541671875 0.44246875 0.44672916718750005 0.44246875 0.4853958328125 0.43884375000000003 0.503125 0.444875 0.5353541671875 0.454546875 0.5643541671875 0.44246875 0.6271875 0.42917187500000004 0.7335208328125 0.42071875 0.7464166671875 0.41709375 0.7528541671875 0.45092187499999997 0.7593125 0.45696875 0.7415833328125 0.47992187499999994 0.7464166671875 0.48354687500000004 0.7415833328125 0.488375 0.6094583328125001 0.495625 0.5804583328125 0.495625 0.5530833328125 0.490796875 0.5288958328125
8 0.87065625 0.6415 0.8533125 0.7004166671875 0.8605937499999999 0.7242916671875 0.874015625 0.7295208328125 0.8880000000000001 0.7280208328125 0.8969531249999999 0.7026666671874999 0.8924843750000001 0.6526875000000001 0.8924843750000001 0.643 0.8829687500000001 0.6392708328125 0.87065625 0.6415
8 0.9382343750000001 0.6601874999999999 0.92815625 0.6579375 0.92425 0.6571875 0.923125 0.6564583328125 0.9152968749999999 0.6504791671875 0.909140625 0.6422708328125 0.9052187500000001 0.6415416671874999 0.8979531250000001 0.6385416671875 0.891234375 0.6385416671875 0.8906875 0.6519791671874999 0.89628125 0.670625 0.8979531250000001 0.6773333328125 0.89628125 0.6862916671875 0.8940312499999999 0.6997083328125 0.8923593750000001 0.715375 0.8979531250000001 0.7265625 0.8985156249999999 0.7362708328124999 0.891234375 0.760875 0.9001875 0.7668541671875 0.91809375 0.7332708328125 0.92425 0.7362708328124999 0.925921875 0.73925 0.9354374999999999 0.7437291671875 0.9393437499999999 0.7414791671875001 0.9438281249999999 0.7362708328124999 0.948859375 0.7414791671875001 0.955015625 0.7422291671875 0.949421875 0.7235833328125 0.9460625 0.716125 0.9482968749999999 0.6989583328125 0.948859375 0.6751041671875 0.949421875 0.6683958328124999 0.9438281249999999 0.6616666671875 0.9382343750000001 0.6601874999999999
8 0.36526562500000004 0.6965416671875 0.372171875 0.69325 0.374640625 0.6820625 0.36871875 0.6761250000000001 0.37315624999999997 0.6675625000000001 0.376625 0.6432083328125 0.380078125 0.6300416671875 0.379578125 0.6208125 0.359828125 0.5977708328125 0.35340625000000003 0.5892083328125 0.34303125 0.582625 0.33809374999999997 0.577375 0.31390625 0.5721041671875 0.298109375 0.5576041671875 0.28526562499999997 0.5688125 0.28378125 0.5898749999999999 0.277859375 0.6063333328125 0.272421875 0.66625 0.27440625 0.6873125 0.284765625 0.6952291671874999 0.309453125 0.7011458328125 0.346984375 0.7011458328125 0.36526562500000004 0.6965416671875
8 0.360703125 0.6003958328125 0.3730260421875 0.6167708328125 0.383552734375 0.6161484374999999 0.383609375 0.6190625 0.3791875 0.6249583328125 0.40196354218749997 0.6194027765625 0.40309895781250005 0.6062430562500001 0.41206250000000005 0.6112291671875 0.41043124999999997 0.6433791671875 0.400828125 0.6325624999999999 0.396734375 0.6657083328125 0.40934375 0.6648125 0.40988749999999996 0.6540958328124999 0.4256875 0.6648125 0.42670312499999996 0.663 0.43657812500000004 0.6652708328125 0.44067187499999994 0.6389375 0.42840625 0.6375625 0.43079687499999997 0.6126041671875 0.44067187499999994 0.6239375 0.44578125 0.6007916671875 0.4323854171875 0.6017083328124999 0.43556249999999996 0.5799166671875 0.42500781249999997 0.5744583328124999 0.414453125 0.5803541671875 0.4075260421875 0.5802152765625 0.40537890625 0.5720989578125 0.414453125 0.5690000000000001 0.41081770781250004 0.5673472234375 0.409744140625 0.5632890625 0.41410937499999995 0.5544791671875 0.3879270828125 0.5597291671875 0.38871875 0.536875 0.3816875 0.5380416671875 0.3764375 0.5537708328125001 0.37512500000000004 0.5654375 0.3720625 0.5765 0.360703125 0.6003958328125
8 0.71175 0.71175 0.7188125000000001 0.7250625 0.739265625 0.7464791671875 0.773359375 0.7575208328125 0.7757968749999999 0.727 0.77871875 0.7221458328125 0.7750625 0.7195416671875 0.7750625 0.713375 0.7809062499999999 0.6997291671875 0.801359375 0.702 0.801109375 0.6977916671875 0.8327656250000001 0.7007083328125 0.8325312500000001 0.6971458328125 0.8520156249999999 0.6984375 0.8529843749999999 0.6906458328125 0.8498125 0.6890208328125 0.852734375 0.6705208328125 0.8561562500000001 0.6711666671875001 0.859796875 0.6575208328125 0.868328125 0.6607708328124999 0.87440625 0.5857708328125 0.871734375 0.5766875 0.8712500000000001 0.5773333328125 0.8749062500000001 0.5653125 0.8619999999999999 0.5474583328125 0.84640625 0.5451875 0.84665625 0.5507083328125 0.8422656249999999 0.5594791671875 0.8412968749999999 0.56825 0.837890625 0.5718125 0.8310625 0.5731041671875 0.824984375 0.5796041671875 0.78796875 0.6283125 0.7789531249999999 0.641625 0.757765625 0.6623958328125 0.738296875 0.666625 0.719046875 0.6727916671874999 0.7124843750000001 0.6864166671875 0.71175 0.71175
8 0.49728125 0.6664166671875 0.498765625 0.6649375 0.5072734375 0.6649375 0.51615625 0.6669166671875 0.518015625 0.6580208328125 0.524296875 0.6629583328125 0.5240750000000001 0.6670125 0.5399125 0.6672041671875 0.543546875 0.6595 0.54783125 0.6673 0.564265625 0.6669166671875 0.575 0.661 0.583140625 0.6476666671875 0.5827656250000001 0.6279375 0.57721875 0.6126458328125 0.564640625 0.5968541671875001 0.5527968750000001 0.5894375000000001 0.543921875 0.5810625 0.540578125 0.5884583328125 0.52171875 0.5869791671875 0.519859375 0.5830416671875 0.5250468749999999 0.6017916671875 0.52587890625 0.6336041671875 0.515421875 0.6269375 0.515796875 0.6027708328125 0.48878125 0.5978333328125001 0.487296875 0.60375 0.49284375 0.6121458328125 0.4865572921875 0.6149375 0.48507812499999997 0.6373125 0.48656249999999995 0.661 0.49284375 0.6654375 0.49728125 0.6664166671875
8 0.660390625 0.6671875 0.686390625 0.6643541671875 0.6959375 0.6537499999999999 0.69753125 0.6346458328125 0.6890468750000001 0.6084791671875001 0.6715312499999999 0.5752291671875 0.65828125 0.5030833328125001 0.65084375 0.5009583328125 0.6306875 0.5045 0.625921875 0.5264166671875 0.616890625 0.560375 0.612125 0.5780624999999999 0.6052187499999999 0.5943333328125 0.597796875 0.6070625 0.59196875 0.6275833328125 0.594609375 0.6530416671875 0.6068125 0.6629375 0.624328125 0.6650625 0.660390625 0.6671875