4 0.15 0.870859375 0.159671875 0.8607812499999999 0.164515625 0.88095703125 0.172578125 0.9091796875 0.1741875 0.9212695312499999 0.193546875 0.93134765625 0.20484375 0.9293359375 0.20321875 0.91521484375 0.188703125 0.903125 0.18226562500000001 0.8769140625 0.18709375 0.84263671875 0.20484375 0.8244921875 0.22418749999999998 0.7942578124999999 0.23064062500000002 0.7942578124999999 0.25484375 0.7982812499999999 0.25 0.8244921875 0.256453125 0.86279296875 0.251609375 0.92529296875 0.256453125 0.92529296875 0.293546875 0.9353906249999999 0.285484375 0.9232812499999999 0.27742187500000004 0.89505859375 0.2741875 0.8466796875 0.27742187500000004 0.8103906249999999 0.283875 0.8043359375 0.298390625 0.7982812499999999 0.298390625 0.8345703125 0.31451562499999997 0.9353906249999999 0.335484375 0.9353906249999999 0.34678125 0.9212695312499999 0.3258125 0.8970703125 0.317734375 0.84263671875 0.319359375 0.8103906249999999 0.3258125 0.78013671875 0.330640625 0.7418359375 0.335484375 0.7095703125 0.3419375 0.705546875 0.351609375 0.7015039062499999 0.34678125 0.68740234375 0.367734375 0.6793359375 0.364515625 0.663203125 0.351609375 0.6470703125 0.34678125 0.6269140625 0.34515625 0.60474609375 0.34678125 0.57853515625 0.3419375 0.580546875 0.32903125 0.5946484375 0.32096874999999997 0.6067578124999999 0.30484374999999997 0.6107812499999999 0.290328125 0.5744921875 0.283875 0.57853515625 0.28064062500000003 0.6027148437500001 0.282265625 0.62490234375 0.285484375 0.6329687500000001 0.283875 0.64505859375 0.264515625 0.6470703125 0.23709375000000002 0.6491015625000001 0.18709375 0.6571484375 0.156453125 0.67732421875 0.15 0.70755859375 0.14515625000000001 0.7640039062499999 0.14354687500000002 0.7902148437500001 0.13387500000000002 0.82248046875 0.119359375 0.86279296875 0.135484375 0.89505859375 0.13387500000000002 0.90111328125 0.14678125 0.8789257812500001 0.15 0.870859375
0 0.507734375 0.52427734375 0.51590625 0.5985742187499999 0.546203125 0.6131640625 0.5427187499999999 0.639375 0.534546875 0.6481250000000001 0.51240625 0.7588476562500001 0.50890625 0.90603515625 0.5228906249999999 0.9264257812500001 0.534546875 0.9089453125 0.547359375 0.80548828125 0.549703125 0.8958203125 0.550859375 0.90748046875 0.5636875 0.88271484375 0.568359375 0.81423828125 0.577671875 0.7734375 0.6033125 0.76759765625 0.600984375 0.7428320312500001 0.5905 0.73263671875 0.5905 0.68748046875 0.5905 0.64521484375 0.592828125 0.6175390625 0.588171875 0.5781835937500001 0.6091562500000001 0.5300976562499999 0.618484375 0.50095703125 0.6604375 0.5228125 0.659265625 0.5111718749999999 0.6464531250000001 0.502421875 0.6464531250000001 0.493671875 0.618484375 0.48640625000000004 0.6091562500000001 0.45578124999999997 0.52871875 0.44998046875000003 0.5182187500000001 0.46015625 0.507734375 0.5038671875 0.49607812500000004 0.493671875 0.49725 0.47474609375 0.49840625000000005 0.47037109375 0.4774375 0.49951171875 0.4774375 0.5082421874999999 0.49490625 0.502421875 0.507734375 0.52427734375
0 0.803625 0.6530859375 0.8245156250000001 0.664453125 0.8 0.6633203125 0.78365625 0.7700390625 0.78365625 0.822265625 0.8063593750000001 0.8983203124999999 0.8217968750000001 0.91193359375 0.838140625 0.882421875 0.8463125 0.826796875 0.853578125 0.8301953125000001 0.8590312499999999 0.85857421875 0.885375 0.8881054687500001 0.9098906250000001 0.9380468750000001 0.9253281250000001 0.8983203124999999 0.8971718750000001 0.7552734375 0.8762812500000001 0.69169921875 0.871734375 0.664453125 0.871734375 0.6326562499999999 0.892625 0.62470703125 0.878109375 0.5248046875 0.8599375 0.523671875 0.8735625 0.491875 0.9316875 0.49529296875 0.8962656250000001 0.4703125 0.86175 0.4862109375 0.853578125 0.51798828125 0.803625 0.5373046875 0.780015625 0.52822265625 0.752765625 0.53048828125 0.752765625 0.5452343749999999 0.7564062500000001 0.5486523437499999 0.77546875 0.54296875 0.798171875 0.557734375 0.77275 0.5781640625 0.803625 0.6530859375
0 0.5866718750000001 0.85376953125 0.593546875 0.85591796875 0.603875 0.8516210937500001 0.603875 0.8387109374999999 0.606453125 0.824736328125 0.646875 0.7569921875000001 0.652046875 0.7612890625000001 0.672340625 0.8176289062500001 0.67784375 0.8752734375 0.6772708328125 0.865234375 0.684734375 0.8688085937500001 0.686453125 0.8150585937500001 0.67440625 0.69892578125 0.67440625 0.66880859375 0.658921875 0.6301171875 0.658921875 0.567734375 0.6623671875 0.556982421875 0.7019375 0.51828125 0.70365625 0.50322265625 0.691609375 0.5118359375 0.6944791671874999 0.5254492187500001 0.686453125 0.522587890625 0.6870208328125 0.5326171875 0.6812968749999999 0.53333984375 0.6795625000000001 0.53978515625 0.673125 0.53333984375 0.648609375 0.53333984375 0.6434375 0.6021484375 0.6404748265625 0.61158745625 0.6434375 0.61333203125 0.637512153125 0.6210264765625 0.6434375 0.624515625 0.6434375 0.63569921875 0.6345494796875 0.6304654937499999 0.590109375 0.77205078125 0.603875 0.7784960937500001 0.6090312499999999 0.81076171875 0.5815 0.832265625 0.5866718750000001 0.85376953125
2 0.02409375 0.57205078125 0.0258125 0.5612890625 0.16515625 0.567734375 0.175484375 0.59140625 0.19268749999999998 0.58494140625 0.18925 0.37419921875 0.1858125 0.350546875 0.065375 0.33978515625 0.018921874999999998 0.34408203125000003 0.010328125 0.359140625 0.005156249999999999 0.3612890625 0.006875000000000001 0.57205078125 0.02409375 0.57205078125
2 0.9136875 0.39642578125 0.9190625000000001 0.39753906250000004 0.9227812500000001 0.39716796875 0.9233750000000001 0.3955078125 0.9235312499999999 0.392890625 0.9241250000000001 0.3906640625 0.9248593749999999 0.38916015625 0.926203125 0.38992187500000003 0.926796875 0.39177734375 0.9397500000000001 0.39158203125 0.9403593750000001 0.39083984374999997 0.94259375 0.39177734375 0.942734375 0.39177734375 0.946453125 0.391953125 0.950921875 0.39083984374999997 0.9545 0.38992187500000003 0.9573281250000001 0.38992187500000003 0.9597187500000001 0.39140625 0.9617968749999999 0.391953125 0.9596406249999999 0.335390625 0.9245468750000001 0.33404296875 0.9221718750000001 0.34052734375 0.919359375 0.34458984375 0.91740625 0.34947265625 0.915890625 0.3508203125 0.9141562499999999 0.35189453125000003 0.912859375 0.35216796875 0.912421875 0.35298828125 0.91178125 0.3540625 0.9115624999999999 0.35568359374999997 0.91178125 0.35732421875 0.913734375 0.35947265625 0.913734375 0.36353515625 0.913734375 0.3665234375 0.912421875 0.37248046874999996 0.912421875 0.374375 0.9122031249999999 0.37521484374999997 0.9129531249999999 0.38525390625 0.9127968750000001 0.39140625 0.9126562500000001 0.3953125 0.9136875 0.39642578125
9 0.6141229171875 0.51843359375 0.5360958328125001 0.604203125 0.5401796875 0.612421875 0.529578125 0.61080078125 0.5259951921875 0.6303500609375 0.5243984375 0.630849609375 0.5242037265625 0.6401247 0.52180859375 0.6408740234375 0.522412259375 0.649899340625 0.5192187500000001 0.6508984375 0.52062079375 0.6596739781250001 0.51741015625 0.66076171875 0.5188293265625 0.6694486171875 0.5156015625 0.670625 0.5170378609374999 0.6792232578124999 0.51379296875 0.6804882812499999 0.51524639375 0.688997896875 0.511984375 0.6903515625 0.5145625 0.7065234375 0.5116634609374999 0.7085471765625 0.5098719953125 0.7183218140625 0.511984375 0.72462890625 0.508080528125 0.7280964546875001 0.508671875 0.7348515625 0.5062890624999999 0.73787109375 0.505359375 0.74507421875 0.502046875 0.755296875 0.5027061296875 0.7574203734375 0.498734375 0.76551953125 0.5009146640625 0.7671950125 0.499123196875 0.776969653125 0.495421875 0.7757421875 0.4940416671875 0.7861979156250001 0.49733173124999996 0.786744290625 0.49554026406249996 0.7965189296874999 0.49266145781250004 0.7966536468750001 0.4937487984375 0.8062935703124999 0.49128125 0.8071093749999999 0.49195733124999996 0.8160682093749999 0.4899010421875 0.817565103125 0.49016586562500003 0.8258428484375001 0.48852083281249997 0.828020834375 0.4883743984375 0.8356174875000001 0.483 0.86494140625 0.483 0.8707617187500001 0.46851562500000005 0.89470703125 0.462828125 0.9076367187500001 0.46334375000000005 0.915390625 0.48507812499999997 0.915390625 0.49387499999999995 0.89599609375 0.501625 0.8908203125 0.5042187499999999 0.88564453125 0.503703125 0.8694726562499999 0.5078437499999999 0.8442968750000001 0.5114687499999999 0.7880273437499999 0.5155937500000001 0.75244140625 0.517671875 0.709765625 0.529578125 0.66578125 0.536296875 0.6554296875000001 0.5347500000000001 0.64896484375 0.545609375 0.649609375 0.550265625 0.61404296875 0.5895937499999999 0.62869140625 0.59165625 0.63966796875 0.59321875 0.674609375 0.5983906250000001 0.697890625 0.5999375 0.7425195312499999 0.605109375 0.75673828125 0.605109375 0.7800390625 0.607703125 0.8266015624999999 0.61390625 0.846640625 0.617015625 0.86798828125 0.617015625 0.88740234375 0.60615625 0.90357421875 0.60615625 0.9100390624999999 0.61909375 0.9184374999999999 0.63046875 0.911328125 0.6315000000000001 0.86216796875 0.635640625 0.8388867187500001 0.6408125 0.7677343750000001 0.635640625 0.7438085937500001 0.63875 0.712109375 0.635640625 0.68818359375 0.6465156249999999 0.60927734375 0.6542656250000001 0.60927734375 0.657375 0.58921875 0.63875 0.51162109375 0.64134375 0.5032421874999999 0.660484375 0.51294921875 0.674453125 0.5181250000000001 0.68221875 0.5123046875 0.686359375 0.5013085937499999 0.68584375 0.49289062499999997 0.662546875 0.40365234375 0.655828125 0.38552734375000003 0.65065625 0.37777343750000003 0.637203125 0.37583984375 0.628921875 0.3732421875 0.621671875 0.3687109375 0.619609375 0.335078125 0.62375 0.32861328125 0.6258125 0.32021484375 0.620640625 0.2826953125 0.618046875 0.27623046875 0.6071875 0.26458984375 0.5895937499999999 0.26134765625 0.57303125 0.27298828125 0.567859375 0.28205078125 0.571484375 0.30921875 0.57303125 0.335078125 0.58028125 0.35189453125000003 0.5813125 0.3590234375 0.578203125 0.36484375 0.559578125 0.37517578125 0.54871875 0.37388671875 0.5404375 0.3823046875 0.5311250000000001 0.40494140625 0.528015625 0.43728515625000003 0.524921875 0.44375 0.52762890625 0.451025390625 0.526905134375 0.456994978125 0.519734375 0.45279296875 0.5192187500000001 0.4541015625 0.5340758921875 0.46119698593749997 0.620125 0.5118359375 0.6185625 0.5208984375 0.6141229171875 0.51843359375
9 0.777453125 0.24921875 0.751390625 0.25193359375 0.751390625 0.26279296875 0.748125 0.29267578125 0.750296875 0.31033203125000003 0.7546406250000001 0.32255859375 0.7600781249999999 0.32798828125 0.769859375 0.344296875 0.74703125 0.35244140625 0.734 0.35923828125 0.7187812499999999 0.38232421875 0.713359375 0.39861328125 0.707921875 0.44343750000000004 0.7111875000000001 0.46109375 0.7285625 0.4828125 0.735078125 0.53306640625 0.734 0.5507226562499999 0.741609375 0.56294921875 0.741609375 0.5792578125000001 0.741609375 0.61185546875 0.7426875 0.64171875 0.749203125 0.67568359375 0.749203125 0.7028515625 0.7426875 0.75853515625 0.744859375 0.789765625 0.745953125 0.81556640625 0.74703125 0.85767578125 0.74378125 0.88890625 0.73290625 0.9079296875 0.734 0.9296484375 0.741609375 0.93236328125 0.758984375 0.9283007812499999 0.764421875 0.9160742187500001 0.7709374999999999 0.8929882812500001 0.7676875 0.85630859375 0.774203125 0.8182812500000001 0.7883281249999999 0.7558203125 0.7905 0.72728515625 0.7991875 0.69333984375 0.79484375 0.6607421875 0.7883281249999999 0.6349414062500001 0.7796406250000001 0.6036914062500001 0.77528125 0.57517578125 0.783984375 0.55751953125 0.7991875 0.54529296875 0.807890625 0.5385156249999999 0.826359375 0.5303515625 0.871984375 0.5398632812499999 0.8741562500000001 0.5520898437499999 0.8806875 0.5833203124999999 0.8915468750000001 0.62 0.9067500000000001 0.5955468749999999 0.890453125 0.5371484375 0.8795937500000001 0.50046875 0.8806875 0.48689453125000004 0.8969843750000001 0.49232421875 0.919796875 0.49369140624999996 0.920875 0.47603515625000004 0.90240625 0.44478515625000004 0.89371875 0.42578125 0.8915468750000001 0.39998046875000004 0.8643750000000001 0.361953125 0.8470000000000001 0.34701171875000003 0.8241875000000001 0.34835937499999997 0.8133125 0.3375 0.8133125 0.32255859375 0.8154843749999999 0.29810546875 0.8252656249999999 0.28587890625 0.8285312499999999 0.2682421875 0.826359375 0.25601562499999997 0.8154843749999999 0.24378906250000001 0.8024531250000001 0.2369921875 0.8024531250000001 0.23427734375 0.792671875 0.24107421874999999 0.777453125 0.24921875
8 0.7415703125 0.361943359375 0.7442656249999999 0.350703125 0.737078125 0.3673359375 0.738875 0.37318359375 0.72898828125 0.36890917968750003 0.68044921875 0.3783486328125 0.675953125 0.369814453125 0.679546875 0.35970703125000003 0.672359375 0.350703125 0.668765625 0.32599609375 0.65078125 0.31925781249999996 0.668765625 0.361953125 0.6579843750000001 0.3754296875 0.66696875 0.39791015625 0.7448723953124999 0.42974609375000006 0.751453125 0.46306640625 0.7532578125 0.43947265625 0.7526627609375 0.4329296875 0.75416015625 0.42767578124999994 0.760453125 0.43611328125000004 0.760453125 0.3844140625 0.7523593749999999 0.36755859375 0.76134765625 0.3626162109375 0.8179765625 0.35160351562500003 0.8557343749999999 0.43611328125000004 0.8524375 0.42712239687500003 0.8549357640625 0.426373696875 0.8491406250000001 0.41813150937500004 0.854137153125 0.41663411562499997 0.84584375 0.40914062500000004 0.8533385421874999 0.40689453125 0.848546875 0.34845703125 0.8413541671875 0.34396484374999997 0.83415625 0.34845703125 0.8341614578125001 0.33947265625 0.82696875 0.33498046875 0.7532578125 0.364189453125 0.7483125 0.359130859375 0.74516796875 0.3657626953125 0.7415703125 0.361943359375
9 0.581078125 0.35529296875 0.586303571875 0.36542689687499996 0.63509375 0.37255859375 0.650859375 0.37875000000000003 0.65696875 0.38583984375 0.6696093750000001 0.41363281250000006 0.672234375 0.42509765625 0.67746875 0.43109374999999994 0.680515625 0.4392578125 0.682703125 0.4534375 0.692734375 0.47033203125 0.6949062500000001 0.48341796875 0.69621875 0.48560546875000005 0.701453125 0.48015625 0.712359375 0.47634765625000003 0.71540625 0.44853515625 0.71540625 0.43544921875 0.710171875 0.43326171875 0.713671875 0.42400390625 0.713671875 0.4185546875 0.7066874999999999 0.41255859375000004 0.704109375 0.39701171875 0.69690625 0.37255859375 0.686078125 0.34873046875 0.6809375 0.34164062500000003 0.6726875 0.33392578125 0.653109375 0.3184765625 0.653109375 0.31009765625 0.65671875 0.29271484375 0.6541406249999999 0.26437499999999997 0.649 0.25408203125 0.6407499999999999 0.24763671875 0.6273593749999999 0.2495703125 0.615 0.25859375 0.61190625 0.266953125 0.622203125 0.28304687500000003 0.6299375 0.3081640625 0.6247812500000001 0.34615234375 0.57190625 0.33404296875 0.57584375 0.33894531250000004 0.5664609375 0.342216796875 0.550109375 0.3667578125 0.549671875 0.37384765625 0.558390625 0.37220703125 0.578015625 0.3640234375 0.581078125 0.35529296875
0 0.81659375 0.31091796875 0.818671875 0.309609375 0.81878125 0.30412109374999996 0.817046875 0.3054296875 0.8127812499999999 0.30888671875 0.813578125 0.31525390625 0.813578125 0.318125 0.812890625 0.323046875 0.808609375 0.32853515624999996 0.8130000000000001 0.33488281249999996 0.81715625 0.3334375 0.8145 0.3282421875 0.815078125 0.32666015625 0.8336874999999999 0.32794921875 0.8285937499999999 0.338359375 0.826875 0.33474609375000003 0.823515625 0.3369140625 0.825015625 0.3435546875 0.8313750000000001 0.34484375 0.8370312500000001 0.34658203125 0.8487031249999999 0.34787109374999997 0.844546875 0.3338671875 0.8504375 0.33373046875 0.8534375000000001 0.33921875 0.8536718750000001 0.343984375 0.85390625 0.35076171875 0.85690625 0.35134765625000003 0.8580625 0.3444140625 0.8571406250000001 0.3377734375 0.854703125 0.33228515625 0.8465 0.32693359375000003 0.840609375 0.32896484375 0.8382968749999999 0.32361328125 0.8395781250000001 0.31986328125 0.843625 0.31466796874999997 0.8360468750000001 0.31396484375 0.83140625 0.31732421875 0.8350781250000001 0.32220703125 0.8152968749999999 0.323125 0.817984375 0.31763671875 0.821890625 0.31550781250000004 0.8224843749999999 0.31437499999999996 0.8223593749999999 0.3120703125 0.81659375 0.31091796875
13 0.285671875 0.40132812500000004 0.31153125 0.404921875 0.3251875 0.4022265625 0.48253124999999997 0.3986328125 0.49474999999999997 0.38158203125 0.509109375 0.337578125 0.506234375 0.23609375 0.4875625 0.230703125 0.451640625 0.22351562500000002 0.41859375 0.22351562500000002 0.39271875 0.22531249999999997 0.36901562499999996 0.22531249999999997 0.34387500000000004 0.22800781250000002 0.32590625 0.2369921875 0.295015625 0.24058593749999999 0.29285937500000003 0.252265625 0.28495312500000003 0.26392578125 0.285671875 0.40132812500000004
2 0.7149375 0.3045703125 0.698828125 0.305546875 0.69675 0.309453125 0.698046875 0.334765625 0.699609375 0.33705078125 0.726109375 0.338671875 0.725328125 0.32470703125 0.71571875 0.32177734375 0.7149375 0.3045703125