8 0.038890625 0.370798121875 0.10470312500000001 0.4067370890625 0.1989375 0.44269953125 0.24681250000000002 0.44269953125 0.305140625 0.42471830937500005 0.31710937499999997 0.4 0.33206250000000004 0.3685446015625 0.315609375 0.3505633796875 0.20792187499999998 0.29661971875000004 0.16903125000000002 0.2876291078125 0.037390625 0.27640845 0.002984375 0.3123708921875 0.01196875 0.3505633796875 0.0194375 0.3550469484375 0.038890625 0.370798121875
2 1 0.5092723 0.9899531250000001 0.507394365625 0.914375 0.5036384968750001 0.9037499999999999 0.5317840375 0.898765625 0.59840375625 0.9043749999999999 0.6115492953125 0.915625 0.6246948359375 0.9306093750000001 0.6359389671875 0.944984375 0.6340610328125 0.9749531250000001 0.6472065734375 0.9949375 0.6500234734375 1 0.6481455406250001 1 0.5092723
2 0.8922812499999999 0.609037559375 0.9014843750000001 0.609037559375 0.8993593750000001 0.5707511734375 0.9078593749999999 0.5367370890625 0.90996875 0.5154929578125 0.9078593749999999 0.51230046875 0.882375 0.51124413125 0.86115625 0.5537558687499999 0.86115625 0.5920187796875 0.87671875 0.60159624375 0.8922812499999999 0.609037559375
8 0.35828125 0.6281924875 0.36510937499999996 0.6374178406250001 0.37946875 0.64359155 0.386984375 0.641525821875 0.386984375 0.6168779343749999 0.386984375 0.6158685453125 0.372625 0.6086854453125 0.360328125 0.6076525828125 0.3541875 0.6189436625 0.35828125 0.6281924875
2 0.063421875 0.5650000000000001 0.094359375 0.5583568078125001 0.09712499999999999 0.545070421875 0.09712499999999999 0.530962440625 0.082203125 0.529295775 0.071703125 0.516854459375 0.062859375 0.5110328640625 0.005953125 0.516854459375 0 0.5583568078125001 0.04021875 0.556690140625 0.063421875 0.5650000000000001
8 0.3359375 0.44084507031250003 0.33559375 0.44532863906250003 0.334765625 0.47105633750000003 0.344578125 0.4717840375 0.344734375 0.447840375 0.3470625 0.4403521125 0.3470625 0.4390845078125 0.3465625 0.43610328593750003 0.34590624999999997 0.4346009390625 0.34590624999999997 0.42936619687500005 0.3455625 0.42786384999999993 0.3455625 0.42711267656249996 0.33975 0.42786384999999993 0.33975 0.43410798125000005 0.33859374999999997 0.43633802812500005 0.336765625 0.43859155000000005 0.3359375 0.44084507031250003
8 0.37421875 0.434553990625 0.373296875 0.42713615000000005 0.37482812499999996 0.417394365625 0.365578125 0.4164553984375 0.3665 0.42481220625000005 0.36310937499999996 0.432230046875 0.3621875 0.4697887328125 0.37421875 0.4739436625 0.37421875 0.45448356875 0.37421875 0.434553990625
8 0.362203125 0.4345305171875 0.3558125 0.4345305171875 0.35475 0.439014084375 0.35559375000000004 0.440610328125 0.356234375 0.4444366203125 0.35603125 0.47161971874999997 0.357734375 0.4719248828125 0.36240625 0.4719248828125 0.361765625 0.440281690625 0.362203125 0.43708920156250003 0.362203125 0.4345305171875
8 0.412109375 0.4716666671875 0.41193749999999996 0.448661971875 0.412828125 0.44542253593750003 0.41121875 0.44107981250000006 0.40995312500000003 0.429178403125 0.40346875000000004 0.43 0.403828125 0.43866197187499995 0.40184375 0.44894366249999995 0.403109375 0.47140845000000003 0.412109375 0.4716666671875
8 0.46507812499999995 0.47903755937500003 0.46390624999999996 0.4392253515625 0.46117187499999995 0.431338028125 0.46039062499999994 0.426361503125 0.45670312500000004 0.426361503125 0.45493750000000005 0.4289906109375 0.45396875000000003 0.4322065734375 0.45201562500000003 0.4354225359375 0.451234375 0.44098591562499995 0.45065625000000004 0.44889671406250004 0.45143750000000005 0.4585446015625 0.451234375 0.46938967187499997 0.46020312499999994 0.46997652656250005 0.46001562500000004 0.4802112671875 0.46507812499999995 0.47903755937500003
8 0.39664062499999997 0.5089906109375 0.39664062499999997 0.5171830984375 0.39254687499999996 0.5196478875 0.392265625 0.553286384375 0.395 0.553286384375 0.402921875 0.5528873234375 0.40318750000000003 0.547957746875 0.402921875 0.52089201875 0.400453125 0.515962440625 0.401546875 0.5167840375 0.402375 0.50981220625 0.39664062499999997 0.5089906109375
8 0.328390625 0.452957746875 0.329546875 0.4390610328125 0.32815625000000004 0.43558685468749997 0.328390625 0.43140845 0.3276875 0.4269014078125 0.323765625 0.42619718281249996 0.32421875 0.4310798125 0.323984375 0.43176056406249996 0.32237499999999997 0.4383568078125 0.319828125 0.44115023437499995 0.319828125 0.45260563437499995 0.328390625 0.452957746875
8 0.36484375 0.514201878125 0.36503125000000003 0.5092018781250001 0.3644375 0.5053755875 0.360328125 0.5042018781250001 0.3581875 0.5077230046875 0.35759375000000004 0.51302816875 0.35603125 0.5147887328125 0.35603125 0.52126760625 0.35525 0.53302816875 0.35485937500000003 0.548309859375 0.354453125 0.5512676062499999 0.3599375 0.551854459375 0.36190625 0.5488967140625001 0.3644375 0.5197887328124999 0.3644375 0.5174413140625 0.36484375 0.514201878125
8 0.379828125 0.4720187796875 0.381953125 0.43781690156249997 0.382390625 0.4359154921875 0.38089062500000004 0.43302816875000005 0.38089062500000004 0.43016431875 0.37898437500000004 0.4288732390625 0.37706249999999997 0.430798121875 0.37621875 0.43431924843749997 0.374515625 0.4359154921875 0.373453125 0.4707511734375 0.379828125 0.4720187796875
8 0.37128125 0.6903286390625001 0.387078125 0.6937089203125 0.40214062500000003 0.6869248828125001 0.395359375 0.665446009375 0.358484375 0.64624413125 0.35096875 0.6541549296875 0.35321875 0.6745070421875 0.37128125 0.6903286390625001
8 0.356796875 0.7681690140625 0.378328125 0.7727934265624999 0.395015625 0.7761032859375 0.3915 0.7470422531249999 0.348875 0.7331924875 0.345359375 0.740446009375 0.3466875 0.7510093890625 0.356796875 0.7681690140625
9 0.590359375 0.521338028125 0.589390625 0.5228169015625 0.58840625 0.5281924874999999 0.5874375 0.5340610328125 0.588734375 0.5379812203125 0.590359375 0.5360328640625001 0.587109375 0.549741784375 0.5916718750000001 0.5521830984375 0.5916718750000001 0.568826290625 0.5955781250000001 0.568826290625 0.5955781250000001 0.5531690140625 0.598828125 0.5521830984375 0.5998125 0.5507277 0.60209375 0.5541549296875 0.60371875 0.553661971875 0.604046875 0.5492488265625 0.60275 0.5443427234375 0.600796875 0.5257511734375 0.5994843750000001 0.5208450703125 0.597859375 0.5198826296875 0.5975312500000001 0.515962440625 0.593296875 0.512042253125 0.5916718750000001 0.5154694828124999 0.59134375 0.5203755875 0.590359375 0.521338028125
9 0.5733125 0.5573474171874999 0.572890625 0.5453521125 0.573734375 0.5327230046875 0.5716249999999999 0.522605634375 0.570796875 0.5150234734375 0.569953125 0.5093427234375 0.566171875 0.5074647890625 0.566171875 0.5150234734375 0.5640625 0.5251408453125 0.5644843749999999 0.5352347421875 0.565328125 0.5440845078125001 0.565328125 0.5516666671875 0.56659375 0.5680985921875 0.573734375 0.5693427234375 0.573734375 0.5655633796874999 0.5733125 0.5573474171874999
9 0.156109375 0.5266431921875 0.153546875 0.5199765265625 0.15340625000000002 0.5118075125 0.1506875 0.5090140843750001 0.14710937500000001 0.51697183125 0.14653125 0.530070421875 0.1456875 0.5425352109375 0.148546875 0.5433802812499999 0.151546875 0.543826290625 0.15225 0.5317840375 0.154109375 0.5330751171875 0.1556875 0.5307277 0.156109375 0.5266431921875
9 0.142625 0.5412910796875 0.14346874999999998 0.532417840625 0.14515625000000001 0.5301408453125 0.14515625000000001 0.526361503125 0.145828125 0.520281690625 0.145828125 0.512957746875 0.14246875 0.50713615 0.142625 0.503849765625 0.13725 0.5028169015625 0.134890625 0.508638496875 0.132359375 0.5149765265624999 0.133375 0.5228169015625 0.1360625 0.526854459375 0.1355625 0.5395070421875 0.1365625 0.542042253125 0.1394375 0.5417840375 0.142625 0.5412910796875
9 0.5253125 0.559295775 0.52275 0.552769953125 0.526578125 0.5378169015625 0.526578125 0.53053990625 0.5255625 0.5289906109375 0.52403125 0.52516431875 0.5237812500000001 0.52018779375 0.521484375 0.5155868546875 0.51815625 0.514037559375 0.516375 0.5155868546875 0.516375 0.5174882625 0.516125 0.52516431875 0.515859375 0.526690140625 0.512546875 0.5270892015624999 0.512546875 0.5282394359375 0.515359375 0.5335915499999999 0.514703125 0.55338028125 0.51484375 0.555962440625 0.5155624999999999 0.5613145546875 0.5168437499999999 0.5643192484374999 0.518265625 0.5698826296874999 0.5179843749999999 0.5773708921875 0.5154062500000001 0.5810093890625 0.524109375 0.58230046875 0.526078125 0.5834507046875 0.5258125 0.5638967140625 0.5253125 0.559295775
8 0.42971875 0.43305164375 0.42971875 0.426525821875 0.427171875 0.426525821875 0.42640625 0.43305164375 0.42257812499999997 0.44072769999999994 0.422828125 0.47023474218750005 0.43278125 0.47063380312499997 0.43354687500000005 0.44110328593750003 0.42971875 0.43305164375
8 0.444921875 0.4529812203125 0.44340624999999995 0.437394365625 0.44103125 0.43091549218749997 0.44059375 0.424741784375 0.436703125 0.424741784375 0.43562500000000004 0.4289671359375 0.43410937499999996 0.43319248750000006 0.43303125 0.44065727656250003 0.433890625 0.44518779375 0.434546875 0.4510328640625 0.434765625 0.45882629062499997 0.43410937499999996 0.46988262968749994 0.434546875 0.47018779374999997 0.44296875 0.4718309859375 0.444921875 0.4529812203125
8 0.292140625 0.475704225 0.30096875 0.47612676093750006 0.300546875 0.4448591546875 0.302546875 0.441431925 0.302265625 0.43307511718749997 0.29512499999999997 0.433497653125 0.29512499999999997 0.439718309375 0.293703125 0.440798121875 0.29228125 0.4495774640625 0.292 0.45384976562499996 0.300265625 0.45021126718750004 0.300546875 0.454718309375 0.292140625 0.475704225
8 0.30079687499999996 0.4546244125 0.3023125 0.475093896875 0.30879687499999997 0.475093896875 0.309875 0.4569014078125 0.30771875 0.4510563375 0.3103125 0.4504225359375 0.310953125 0.43450704218749997 0.309671875 0.4325586859375 0.30339062499999997 0.4325586859375 0.2999375 0.44683098593750004 0.30015625 0.4510563375 0.30209375 0.451713615625 0.30079687499999996 0.4546244125
8 0.52940625 0.543309859375 0.52940625 0.5394131453125001 0.528796875 0.5364084499999999 0.526953125 0.536877934375 0.5248125 0.5377934265625 0.5246562499999999 0.540093896875 0.526953125 0.5414788734375 0.52634375 0.543309859375 0.525125 0.5442488265625001 0.525125 0.550446009375 0.5245 0.5566666671875 0.527109375 0.5561971828125001 0.53078125 0.5573474171874999 0.52940625 0.543309859375
8 0.281515625 0.72338028125 0.28115625 0.7137558687500001 0.27509375 0.70359155 0.255171875 0.6902112671875 0.24982812499999998 0.6907511734375 0.24484374999999997 0.6944835687500001 0.240921875 0.7025117375 0.241640625 0.71213615 0.24378125 0.7174882625000001 0.260859375 0.7404929578125 0.270125 0.7404929578125 0.276171875 0.7372769953125 0.281515625 0.72338028125
8 0.209375 0.4788732390625 0.215625 0.474178403125 0.2265625 0.483568075 0.2328125 0.483568075 0.2375 0.490610328125 0.246875 0.490610328125 0.25 0.48591549218749996 0.265625 0.483568075 0.2703125 0.476525821875 0.2828125 0.4788732390625 0.2859375 0.474178403125 0.2875 0.4460093890625 0.2921875 0.4460093890625 0.2953125 0.43427230000000006 0.3046875 0.45305164375 0.309375 0.45070422499999996 0.309375 0.4788732390625 0.3234375 0.4788732390625 0.32924107187499996 0.4855801484375 0.3359375 0.483568075 0.3341517859375 0.49631119999999995 0.340625 0.5046948359375001 0.3359375 0.5117370890624999 0.3359375 0.549295775 0.340625 0.556338028125 0.35 0.556338028125 0.3546875 0.5469483562499999 0.3625 0.5539906109375 0.375 0.5539906109375 0.38125 0.56338028125 0.390625 0.56338028125 0.39375 0.5539906109375 0.4109375 0.5586854453125001 0.4140625 0.556338028125 0.4171875 0.5446009390625 0.4171875 0.516431925 0.4125 0.5070422531250001 0.4125 0.4812206578125 0.4234375 0.4788732390625 0.4234375 0.4718309859375 0.440625 0.474178403125 0.44375 0.4647887328125 0.45 0.476525821875 0.453125 0.4718309859375 0.465625 0.4718309859375 0.471875 0.483568075 0.4984375 0.48591549218749996 0.503125 0.492957746875 0.5140625 0.490610328125 0.51875 0.45305164375 0.5109375 0.43661971875 0.4875 0.43427230000000006 0.48125 0.42253521093749996 0.471875 0.42253521093749996 0.4671875 0.42957746406249997 0.4583333328125 0.4241001578125 0.4546875 0.4248826296875 0.4515625 0.41549295781250006 0.440625 0.427230046875 0.4375 0.4248826296875 0.440625 0.413145540625 0.4375 0.41784037500000004 0.4326171875 0.414025821875 0.424609375 0.414906103125 0.4203125 0.41784037500000004 0.4166015625 0.41578638437500004 0.4109375 0.41784037500000004 0.40859375 0.4166666671875 0.403125 0.427230046875 0.4005859375 0.4175469484375 0.3984375 0.42253521093749996 0.3921875 0.42253521093749996 0.392578125 0.4184272296875 0.3875 0.41549295781250006 0.3845703125 0.4193075125 0.3796875 0.41549295781250006 0.3765625 0.42018779375 0.34296875 0.42253521093749996 0.3421875 0.427230046875 0.3359375 0.42018779375 0.3345703125 0.423122065625 0.3270833328125 0.42175273906250005 0.326171875 0.42370892031249996 0.3182291671875 0.4233176828125 0.3109375 0.43661971875 0.309375 0.4248826296875 0.3015625 0.43427230000000006 0.30114583281249996 0.4256651015625 0.296875 0.41784037500000004 0.2929166671875 0.42644757499999997 0.2875 0.41784037500000004 0.2796875 0.413145540625 0.284375 0.42253521093749996 0.2846875 0.427230046875 0.26 0.42957746406249997 0.265625 0.41549295781250006 0.2515625 0.427230046875 0.2517708328125 0.4303599359375 0.24375 0.42957746406249997 0.2435416671875 0.43114241093750005 0.23531249999999998 0.43192488281249997 0.2296875 0.4248826296875 0.2270833328125 0.4327073546875 0.2188541671875 0.43348982812500003 0.21875 0.4248826296875 0.2140625 0.41784037500000004 0.2046875 0.41784037500000004 0.1941666671875 0.435837246875 0.190625 0.42957746406249997 0.1859375 0.43661971875 0.1828125 0.45774647812499997 0.1828125 0.474178403125 0.1859375 0.4788732390625 0.209375 0.4788732390625