8 0.76890625 0.30445606718749996 0.764265625 0.3016317984375 0.761296875 0.26654811718750004 0.755390625 0.26654811718750004 0.752421875 0.29878661093750003 0.7448125 0.3152092046875 0.739328125 0.385941421875 0.74059375 0.392719665625 0.7634218749999999 0.39328451875 0.76890625 0.30445606718749996
8 0.646125 0.9723640171874999 0.69090625 0.980941421875 0.7660625 0.9894979078125001 0.78365625 0.9338284515625 0.714890625 0.9102719671875 0.7276875 0.8524476984374999 0.841234375 0.884581590625 0.9899687500000001 0.604058578125 0.957984375 0.552677825 0.7868593749999999 0.8417573218750001 0.65571875 0.764665271875 0.561359375 0.7946443515625 0.61253125 0.9124058578125 0.615734375 0.95096234375 0.65571875 0.9552301249999999 0.646125 0.9723640171874999
8 0.0803125 0.647322175 0.09075 0.6344142265625 0.09315625 0.647322175 0.08351562500000001 0.6645188281250001 0.192115471875 0.7674313703125 0.28096989375 0.9184906625 0.28590625 0.9161297078124999 0.28590625 0.9268828453125 0.2926515625 0.9232259421875 0.3061421875 0.937418409375 0.3000375 0.9415020921874999 0.2891171875 0.9365585781249999 0.292328125 0.9462343093750001 0.3128875 0.94451464375 0.35335937500000003 0.98709205 0.356578125 0.98709205 0.3594625 0.9802112968750001 0.364609375 0.9849372390625 0.365565625 0.97333054375 0.3707125 0.9780564859374999 0.37166875 0.966449790625 0.376815625 0.9711757328124999 0.377771875 0.9595690375 0.38291875000000003 0.9642949796875 0.383875 0.952688284375 0.38902187499999996 0.9574142265625 0.389978125 0.94580753125 0.395125 0.9505334734374999 0.39608125 0.938926778125 0.401228125 0.9436527203124999 0.40733125000000003 0.9367719671874999 0.40218437500000004 0.932046025 0.40828749999999997 0.925165271875 0.413434375 0.9298912140625 0.41439062499999996 0.91828451875 0.4195375 0.9230104609374999 0.42564062500000005 0.9161297078124999 0.42403124999999997 0.90537656875 0.364609375 0.90537656875 0.3567390625 0.9064518828124999 0.35617578125 0.9096757328124999 0.34886875 0.907527196875 0.3477421875 0.9139748953125 0.34099843750000003 0.9086025109375001 0.33930859375 0.9182740578124999 0.333128125 0.9096778249999999 0.2937765625 0.91505439375 0.187179115625 0.7590391890625 0.08845198125 0.5911955296875 0.08512499999999999 0.5806485359375 0.08351562500000001 0.582803346875 0.073890625 0.5784937234374999 0.075484375 0.6258159 0.0803125 0.647322175
8 0.49424999999999997 0.434958159375 0.432296875 0.4155020921875 0.398625 0.42677824218750005 0.40475000000000005 0.45341004218750003 0.36343749999999997 0.45646443437500006 0.3695625 0.49539748906250003 0.33590624999999996 0.5097280328125 0.31525 0.5537656906249999 0.30148437499999997 0.5711715484375001 0.3665 0.6254602515625 0.34203125 0.5885983265625 0.40245312499999997 0.60805439375 0.4139375 0.5978033468749999 0.42923437499999995 0.583472803125 0.44453125 0.5486401671875 0.47665625 0.5363598328125 0.48735937500000004 0.557866109375 0.486640625 0.5815062765625 0.386625 0.6799999999999999 0.44109375 0.7011715484375001 0.46921875 0.72 0.47975 0.788242678125 0.49557812500000004 0.722343096875 0.534234375 0.703535565625 0.532484375 0.682343096875 0.543015625 0.6258786609375 0.6133124999999999 0.583535565625 0.639671875 0.557656903125 0.699421875 0.557656903125 0.6150781249999999 0.5247071125 0.5078750000000001 0.48234309687500004 0.515671875 0.478995815625 0.48429687499999996 0.460564853125 0.49424999999999997 0.434958159375
9 0.74015625 0.5286610875 0.711625 0.5084309625000001 0.6780625 0.5039330546875 0.6461718750000001 0.5039330546875 0.62603125 0.51066945625 0.61428125 0.5129288703125 0.612609375 0.519665271875 0.621 0.533138075 0.6327499999999999 0.533138075 0.65625 0.542133890625 0.667984375 0.542133890625 0.688125 0.5533682015625 0.7368125 0.5870711296875 0.778765625 0.5893305437499999 0.777078125 0.5960669453125 0.770375 0.6005648531250001 0.758625 0.6252719671875 0.743515625 0.6275313812500001 0.7166718750000001 0.6117991625 0.641140625 0.5623640171875001 0.629390625 0.5713389125 0.5974999999999999 0.6275313812500001 0.558890625 0.6275313812500001 0.543796875 0.64776150625 0.5387500000000001 0.683702928125 0.5639375 0.7264016734375 0.54715625 0.7264016734375 0.53371875 0.73089958125 0.532046875 0.757866109375 0.5454687500000001 0.7848326359375 0.577359375 0.802803346875 0.6075625 0.7848326359375 0.6428125 0.76910041875 0.7183437500000001 0.8117991625000001 0.783796875 0.8432635984375001 0.8039375 0.838765690625 0.82240625 0.81403765625 0.8358281249999999 0.744372384375 0.8861874999999999 0.73089958125 0.9096718750000001 0.6410041843750001 0.944921875 0.5938284515625 0.956671875 0.5174058578125 0.944921875 0.45449790781250005 0.90296875 0.38933054375 0.8845000000000001 0.357866109375 0.892890625 0.241004184375 0.882828125 0.20956066875 0.8744375 0.1870711296875 0.84925 0.1870711296875 0.8190468750000001 0.1713389125 0.78715625 0.20280334687499998 0.7686875 0.21403765625 0.7686875 0.24776150624999999 0.7804375 0.31066945625 0.793875 0.3848326359375 0.8072968749999999 0.380334728125 0.8156874999999999 0.4073012546875 0.7972187500000001 0.4455020921875 0.795546875 0.49493723906250003 0.772046875 0.5264016734375 0.778765625 0.5286610875 0.767015625 0.5286610875 0.74015625 0.5286610875
9 0.16615625 0.67880753125 0.174546875 0.70127615 0.204765625 0.7574476984375 0.2299375 0.79790795 0.24504687500000003 0.8271129703125 0.268546875 0.867573221875 0.29035937500000003 0.9237447703124999 0.3323125 0.9080125515624999 0.37092187499999996 0.9080125515624999 0.328953125 0.97991631875 0.4581875 0.988912134375 0.503515625 0.9237447703124999 0.54715625 0.8406066953125 0.5354062500000001 0.811380753125 0.5286875 0.7956485359375 0.4581875 0.7844142265625 0.46154687499999997 0.77991631875 0.46154687499999997 0.7776778249999999 0.468265625 0.7439748953125 0.46490625 0.7147489546875 0.459875 0.7147489546875 0.433015625 0.7147489546875 0.33903125 0.71700836875 0.39778125000000003 0.6608159 0.46490625 0.6068828453124999 0.483375 0.5821757328125 0.486734375 0.5597071125 0.47665625 0.5394769875 0.46490625 0.5394769875 0.4380625 0.5574476984375 0.43637499999999996 0.5821757328125 0.41792187500000005 0.5956485359375 0.38098437500000004 0.6316108781249999 0.323921875 0.6563389125 0.28700000000000003 0.6046443515625 0.302109375 0.588912134375 0.30378125 0.5821757328125 0.31721875 0.5642050203125 0.323921875 0.54171548125 0.32225000000000004 0.528242678125 0.3088125 0.5057740578125001 0.300421875 0.5057740578125001 0.29707812499999997 0.5237447703125 0.29707812499999997 0.5462133890625 0.2769375 0.5394769875 0.28196875 0.5192468625 0.2769375 0.4877824265625 0.271890625 0.47880753125000003 0.271890625 0.45633891249999997 0.271890625 0.44508368125000003 0.271890625 0.43384937187499995 0.260140625 0.411380753125 0.260140625 0.40688284531249996 0.260140625 0.388912134375 0.260140625 0.370941421875 0.260140625 0.350711296875 0.2651875 0.3327405859375 0.2651875 0.32150627656249997 0.255109375 0.290041840625 0.2416875 0.267573221875 0.2064375 0.24734309687499997 0.1711875 0.24734309687499997 0.14937499999999998 0.2653138078125 0.13090625 0.3125104609375 0.117484375 0.370941421875 0.117484375 0.411380753125 0.12084375 0.44734309687499996 0.100703125 0.50351464375 0.09231249999999999 0.6226150625 0.11581250000000001 0.633849371875 0.14937499999999998 0.6585774062499999 0.16615625 0.67880753125
8 0.59171875 0.4289748953125 0.5820624999999999 0.42583682031250003 0.5715312499999999 0.42543933125000005 0.5650937500000001 0.43014644375 0.5627500000000001 0.44387029218749996 0.563328125 0.4587447703125 0.57503125 0.48343096250000006 0.57475 0.514769875 0.5779687499999999 0.5175104609375001 0.57884375 0.515941421875 0.578546875 0.481087865625 0.587328125 0.4728451890625 0.59259375 0.4583472796875 0.59171875 0.4289748953125
8 0.3120625 0.46115062812499996 0.318875 0.47993723906249997 0.3256875 0.4913389125 0.32909375 0.5283682015625 0.32356250000000003 0.5448744765625 0.323125 0.5477196656250001 0.32865625 0.55 0.337171875 0.5477196656250001 0.34228125 0.5443096234375 0.338453125 0.5312133890624999 0.337171875 0.50671548125 0.337171875 0.49190376562499993 0.34440624999999997 0.4742468625 0.34653125 0.4491841 0.341421875 0.4491841 0.337171875 0.44462343125 0.33546875 0.4377824265625 0.33546875 0.4349372390625 0.335046875 0.43437238437500003 0.335046875 0.43322175781250005 0.321421875 0.432656903125 0.31462500000000004 0.4349372390625 0.3125 0.4389330546875 0.3120625 0.46115062812499996
8 0.44184375 0.5489330546875 0.45134375000000004 0.538179915625 0.47690625000000003 0.528389121875 0.49078125000000006 0.47849372343749996 0.48640625000000004 0.4657949796875 0.4615625 0.4569874484375 0.446953125 0.4863179921875 0.4381875 0.483389121875 0.44914062499999996 0.4550209203125 0.40531249999999996 0.4530753140625 0.37317187500000004 0.4618828453125 0.38996875000000003 0.484372384375 0.374625 0.48046025156249994 0.36221875 0.46481171562499995 0.36148437499999997 0.4814435140625 0.38046875 0.5303347281249999 0.417 0.5430543937500001 0.436734375 0.5528451890625 0.44184375 0.5489330546875
8 0.44284375000000004 0.42481171562500003 0.435578125 0.42930962343749995 0.43090624999999994 0.44355648593749997 0.45840625 0.443912134375 0.45684375 0.43209204999999995 0.454765625 0.42723849375 0.44284375000000004 0.42481171562500003
8 0.4333125 0.4393096234375 0.43684375 0.42569037656250003 0.436453125 0.4173012546875 0.432140625 0.4173012546875 0.425484375 0.4209832640625 0.421578125 0.42516736406250005 0.41765625 0.4293514640625 0.40904687500000003 0.4366945609375 0.4211875 0.44351464375000005 0.429015625 0.44140167343750003 0.4333125 0.4393096234375
8 0.576546875 0.57014644375 0.588671875 0.57014644375 0.5976874999999999 0.57014644375 0.602765625 0.566757321875 0.604171875 0.561464434375 0.60021875 0.5520292890625 0.59628125 0.5505230125 0.58696875 0.5486401671875 0.576546875 0.549769875 0.565828125 0.549769875 0.56159375 0.55127615 0.5585 0.5520292890625 0.555390625 0.566004184375 0.55625 0.5690167359375 0.568078125 0.5693933046875 0.576546875 0.57014644375
8 0.537828125 0.5505857734374999 0.528921875 0.5421548109375001 0.49853125 0.541464434375 0.509015625 0.5617991625000001 0.549875 0.5702092046875 0.55615625 0.5597071125 0.550390625 0.5547907953125 0.537828125 0.5505857734374999
8 0.702640625 0.3034518828125 0.7023125 0.3128242671875 0.701640625 0.321297071875 0.6933281250000001 0.3266317984375 0.691984375 0.3649790796875 0.6893281250000001 0.38548117187500003 0.69965625 0.3921757328125 0.7126406249999999 0.3926150625 0.71696875 0.3872594140625 0.7192968750000001 0.32930962343750003 0.711640625 0.3221757328125 0.711640625 0.30391213437500003 0.702640625 0.3034518828125
8 0.45056250000000003 0.45443514687500003 0.45757812500000006 0.44698744843749993 0.462859375 0.4567782421875 0.468125 0.457949790625 0.47748437499999996 0.46345188281249994 0.481 0.4638284515625 0.495046875 0.44190376562499994 0.49592187499999996 0.43797071093750006 0.495046875 0.4324895390625 0.485671875 0.42543933125000005 0.48217187499999997 0.424665271875 0.47573437500000004 0.43536959687500004 0.47403593749999995 0.42529079531249997 0.466953125 0.4191631796875 0.4659 0.42591631874999997 0.46460937500000005 0.42740585781249996 0.4577640625 0.426541840625 0.45465625000000004 0.41956066875 0.450265625 0.41642259375 0.44559375 0.41642259375 0.43915625 0.419958159375 0.43534375000000003 0.41799163124999994 0.430375 0.41799163124999994 0.4265625 0.42035564843750006 0.42522031250000003 0.42904393281250003 0.41708437500000006 0.42966945624999997 0.416328125 0.4223012546875 0.4089484375 0.43029497968749997 0.40667187499999996 0.426234309375 0.398765625 0.4324895390625 0.40549999999999997 0.4532635984375 0.420421875 0.4516945609375 0.45056250000000003 0.45443514687500003
8 0.43239062500000003 0.5369665265625 0.43581250000000005 0.5407949796875 0.4452109375 0.5421234312500001 0.46885937499999997 0.5499372390625 0.471703125 0.5453556484375001 0.47897656250000004 0.5518514640625 0.48909375 0.5537656906249999 0.48909375 0.5491841 0.4803984375 0.547269875 0.4603125 0.5392677828125 0.454609375 0.5434518828125 0.449625 0.53735355625 0.43893750000000004 0.53543933125 0.4256953125 0.5280020921874999 0.41900000000000004 0.51903765625 0.417296875 0.51903765625 0.41187500000000005 0.523242678125 0.42184375 0.5403974890625001 0.43010937499999996 0.5430753140625 0.43239062500000003 0.5369665265625
8 0.456546875 0.44474895468750003 0.46098437499999995 0.44474895468750003 0.46364062500000003 0.441046025 0.46518750000000003 0.437343096875 0.463078125 0.4364435140625 0.458546875 0.436903765625 0.4564375 0.43838912187499995 0.45621875 0.44075313749999995 0.456546875 0.44474895468750003
8 0.515953125 0.53642259375 0.5169374999999999 0.5292677828125 0.51790625 0.50880753125 0.51571875 0.48479079531249997 0.5115937500000001 0.4825104609375 0.50675 0.480564853125 0.49898437500000004 0.48025104531249996 0.48637499999999995 0.4812133890625 0.48395312500000004 0.492573221875 0.48346875 0.5052510453125 0.48224999999999996 0.51433054375 0.481765625 0.5263598328125 0.484671875 0.5386820078125 0.49292187500000006 0.5484309625 0.497046875 0.54485355625 0.50334375 0.5419246859375 0.515953125 0.53642259375
8 0.6389218750000001 0.2634518828125 0.64621875 0.27424686249999997 0.651984375 0.271150628125 0.653140625 0.25830543906250003 0.6504531250000001 0.24748953906249999 0.642765625 0.23361924687500002 0.640453125 0.22949790781249998 0.640453125 0.21200836875 0.6446875000000001 0.17702928906249998 0.64353125 0.163138075 0.642 0.1538912140625 0.640453125 0.152343096875 0.6389218750000001 0.15543933125 0.63853125 0.1626359828125 0.637390625 0.2243514640625 0.6327812500000001 0.23876569062500003 0.6331562500000001 0.24748953906249999 0.6389218750000001 0.2634518828125
8 0.672375 0.19150627656250002 0.67440625 0.15642259375 0.67059375 0.152677825 0.6685625 0.152677825 0.666015625 0.15608786562500002 0.66653125 0.1690167359375 0.667546875 0.179581590625 0.66678125 0.2115899578125 0.6624531250000001 0.2449790796875 0.6611875 0.25008368124999997 0.6614375 0.2582635984375 0.66525 0.26336820156249996 0.672625 0.2667782421875 0.6795 0.2643933046875 0.683828125 0.25962343125 0.683828125 0.2555439328125 0.67084375 0.243953975 0.66653125 0.243953975 0.667296875 0.235104603125 0.672375 0.19150627656250002
8 0.5249375 0.476234309375 0.532578125 0.476757321875 0.544046875 0.48596234374999997 0.555890625 0.4895397484375 0.570796875 0.49874477031250003 0.573078125 0.47828451875000005 0.5685 0.4655020921875 0.5642968749999999 0.45527196718749996 0.56353125 0.444518828125 0.5639062499999999 0.43223849375 0.519203125 0.4255857734375 0.51346875 0.43223849375 0.507734375 0.43121338906249995 0.50390625 0.4834100421875 0.50696875 0.484435146875 0.51653125 0.481861925 0.5249375 0.476234309375