9 0.797265625 0.4380625 0.797265625 0.4349583328125 0.797078125 0.43314583281249996 0.794171875 0.43443750000000003 0.792609375 0.4385833328125 0.7910625 0.44762500000000005 0.7912656250000001 0.4535833328125 0.790296875 0.4600416671875 0.793203125 0.4600416671875 0.7951406249999999 0.4579583328125 0.79590625 0.44737499999999997 0.797078125 0.4453125 0.797078125 0.4419375 0.797265625 0.4380625
9 0.47528125 0.492125 0.47528125 0.5797708328125 0.4955 0.5797708328125 0.505625 0.5505625000000001 0.505625 0.501125 0.49887499999999996 0.45841666718749996 0.510671875 0.4539375 0.50225 0.4292083328125 0.514046875 0.39775 0.505625 0.3752708328125 0.515734375 0.33708333281249997 0.4971875 0.3303333328125 0.47528125 0.3550625 0.47190624999999997 0.3460625 0.439890625 0.3730416671875 0.46010937500000004 0.39775 0.4449375 0.47864583281249995 0.434828125 0.5617916671875001 0.45506250000000004 0.5707916671875 0.46010937500000004 0.5707916671875 0.47190624999999997 0.49887499999999996 0.47528125 0.492125
9 0.6438125 0.46727083281250004 0.6438125 0.47029166718750004 0.656625 0.4878958328125 0.658890625 0.48637499999999995 0.660015625 0.484375 0.66153125 0.4808541671875 0.6539843750000001 0.4728125 0.656625 0.46325000000000005 0.6555 0.46325000000000005 0.647953125 0.45620833281250006 0.647578125 0.4567083328125 0.6453125 0.46175 0.6445624999999999 0.4647708328125 0.6441874999999999 0.46677083281250004 0.6438125 0.46727083281250004
9 0.572125 0.5362916671875 0.5812968749999999 0.5097916671875 0.58053125 0.5199791671875 0.57746875 0.5322083328125 0.57746875 0.5362916671875 0.58053125 0.5373125 0.5858749999999999 0.5179375 0.586640625 0.5097916671875 0.589703125 0.4965208328125 0.589703125 0.4995833328125 0.589703125 0.5026458328125 0.589703125 0.5097916671875 0.592 0.5087708328125 0.592 0.5057083328124999 0.591234375 0.49754166718750004 0.592765625 0.4873541671875 0.592 0.4842916671875 0.5858749999999999 0.47512499999999996 0.584359375 0.4679791671875 0.5820624999999999 0.46695833281250004 0.58053125 0.46900000000000003 0.58053125 0.4730833328125 0.58053125 0.47512499999999996 0.57746875 0.47818750000000004 0.5759375 0.47920833281249997 0.572890625 0.48531250000000004 0.572125 0.49143749999999997 0.572890625 0.4965208328125 0.578234375 0.4893958328125 0.576703125 0.4924583328125 0.575171875 0.49856249999999996 0.57365625 0.5006041671875 0.57365625 0.5138541671875 0.57059375 0.5179375 0.5690625 0.5240625 0.566765625 0.5332291671875 0.5660000000000001 0.5403541671875 0.565234375 0.5403541671875 0.572125 0.541375 0.572125 0.5362916671875
9 0.64159375 0.5190625 0.6412656250000001 0.5157916671875 0.6412656250000001 0.5096666671875 0.64209375 0.5026666671875 0.6424218749999999 0.49850000000000005 0.6424218749999999 0.5033125 0.643734375 0.5070416671875 0.64553125 0.5114166671875 0.645859375 0.515125 0.647828125 0.5155624999999999 0.6501406249999999 0.5114166671875 0.6498125 0.5076875000000001 0.64734375 0.5000208328125 0.6461875 0.49412500000000004 0.645375 0.48975 0.643734375 0.4840625 0.6440625 0.47835416718749996 0.645203125 0.48120833281250003 0.6463593750000001 0.48362499999999997 0.647015625 0.4855833328125 0.64684375 0.488875 0.649640625 0.488875 0.650296875 0.488 0.6507968749999999 0.4875625 0.6507968749999999 0.4851458328125 0.64996875 0.4831875 0.6461875 0.4766041671875 0.64471875 0.4713541671875 0.64209375 0.4707083328125 0.6424218749999999 0.46960416718750003 0.6424218749999999 0.46720833281249996 0.640609375 0.46327083281250003 0.63765625 0.4639166671875 0.635859375 0.46654166718749995 0.635765625 0.47143750000000006 0.63728125 0.4734583328125 0.636140625 0.47495833281250005 0.636140625 0.48854166718750003 0.634265625 0.48854166718750003 0.634265625 0.4920625 0.63765625 0.4905416671875 0.6380312499999999 0.48754166718749997 0.6380312499999999 0.4955833328125 0.636140625 0.503125 0.636140625 0.5182083328125 0.633890625 0.5197083328125001 0.637171875 0.5201666671875 0.639625 0.5190625 0.64159375 0.5190625
9 0.8350312499999999 0.4525416671875 0.8378125000000001 0.45160416718749996 0.8364218749999999 0.4404791671875 0.8385 0.4390833328125 0.8357187500000001 0.43677083281250006 0.837109375 0.4293541671875 0.8364218749999999 0.4228541671875 0.83259375 0.41822916718750003 0.8301562499999999 0.42054166718749997 0.83259375 0.4247083328125 0.830859375 0.432125 0.8263281250000001 0.432125 0.8263281250000001 0.4335208328125 0.831890625 0.4335208328125 0.8315468750000001 0.4404791671875 0.8322499999999999 0.44604166718749994 0.8350312499999999 0.4525416671875
9 0.782125 0.45862499999999995 0.784546875 0.45862499999999995 0.782921875 0.44787499999999997 0.782921875 0.4414166671875 0.782921875 0.437125 0.7797031249999999 0.437125 0.7772812499999999 0.4403541671875 0.7772812499999999 0.4543333328125 0.775671875 0.4607708328125 0.7805156249999999 0.46185416718749994 0.782125 0.4564791671875 0.782125 0.45862499999999995
9 0.42407812500000003 0.5353333328125001 0.423140625 0.5464583328125 0.42846875000000006 0.5464583328125 0.432640625 0.5446041671875 0.428703125 0.5390416671875 0.43240625 0.5378125 0.43240625 0.5334791671875 0.431484375 0.5331875 0.434484375 0.5174375 0.43032812500000006 0.5091041671875 0.43171875000000004 0.5035416671874999 0.4256875 0.5010833328125 0.425 0.5081875 0.423140625 0.5109583328125 0.43171875000000004 0.5220625 0.4226875 0.5266875 0.429625 0.5334791671875 0.42407812500000003 0.5353333328125001
9 0.633609375 0.4578125 0.633609375 0.45437500000000003 0.6339375 0.4380208328125 0.6307031249999999 0.4289791671875 0.628765625 0.4207916671875 0.6268281250000001 0.4186458328125 0.625875 0.4246666671875 0.624578125 0.428125 0.623609375 0.4358541671875 0.626515625 0.44016666718749997 0.626515625 0.4440416671875 0.626515625 0.45824999999999994 0.628453125 0.4612708328125 0.6307031249999999 0.4608333328125 0.633609375 0.4578125
8 0.628890625 0.46360416718749997 0.630484375 0.4639583328125 0.6331249999999999 0.4615 0.6257343750000001 0.4597291671875 0.62309375 0.4643125 0.6249374999999999 0.4643125 0.6273125 0.4604375 0.628890625 0.46360416718749997
9 0.5392812499999999 0.504875 0.54203125 0.503375 0.54115625 0.4980416671875 0.54065625 0.49485416718749997 0.54065625 0.4915208328125 0.54128125 0.48852083281249997 0.54015625 0.48585416718749996 0.5390312500000001 0.4833541671875 0.53840625 0.4801666671875 0.53840625 0.4783333328125 0.53628125 0.4783333328125 0.534890625 0.4791666671875 0.534390625 0.48200000000000004 0.534390625 0.4848541671875 0.5335156249999999 0.4853541671875 0.532765625 0.4883541671875 0.535140625 0.49052083281250003 0.535140625 0.4911875 0.535140625 0.4931875 0.535140625 0.49468750000000006 0.53578125 0.49435416718749997 0.53578125 0.4997083328125 0.53578125 0.502875 0.53578125 0.505875 0.5392812499999999 0.504875
9 0.8053437499999999 0.4373958328125 0.8049531249999999 0.4308333328125 0.8057187499999999 0.4288125 0.8059062499999999 0.42779166718750006 0.8034375 0.42652083281250003 0.7990781250000001 0.4310833328125 0.799453125 0.4424583328125 0.8042031250000001 0.4490416671875 0.807609375 0.4492916671875 0.807234375 0.44322916718750005 0.8095156250000001 0.4386666671875 0.8053437499999999 0.4373958328125
8 0.45168749999999996 0.5675208328125 0.46535937499999996 0.5779375 0.47065625000000005 0.5838958328125 0.47219531249999996 0.5831458328125 0.47903124999999996 0.5883541671875 0.49632812499999995 0.5727291671875 0.499125 0.5652916671875 0.49242187499999995 0.5608333328125 0.48571875000000003 0.5615625 0.47818750000000004 0.5727291671875 0.45335937499999995 0.5429791671875 0.45559374999999996 0.5325624999999999 0.45335937499999995 0.5258541671875 0.44554687499999995 0.5258541671875 0.44109375 0.5332916671875 0.44109375 0.5623125 0.4525234375 0.55525 0.45168749999999996 0.5675208328125