8 0.7735624999999999 0.3194375 0.69590625 0.2703125 0.635359375 0.2597708328125 0.626140625 0.2720625 0.5971875 0.2720625 0.557703125 0.2896041671875 0.51953125 0.3194375 0.49057812500000003 0.3457708328125 0.4603125 0.3791041671875 0.44056249999999997 0.40718750000000004 0.443203125 0.41245833281250005 0.4603125 0.41245833281250005 0.49321875000000004 0.4107083328125 0.532703125 0.4247291671875 0.532703125 0.4405416671875 0.5511250000000001 0.4107083328125 0.5998281249999999 0.40718750000000004 0.6393125000000001 0.40718750000000004 0.703796875 0.40893750000000006 0.723546875 0.4107083328125 0.748546875 0.4352708328125 0.744609375 0.4265 0.7551249999999999 0.40718750000000004 0.8025156250000001 0.3966666671875 0.8406874999999999 0.3984166671875 0.7735624999999999 0.3194375
8 0.35225 0.6471875 0.342140625 0.6494375 0.338765625 0.6674166671874999 0.337078125 0.6988749999999999 0.33034375 0.7370833328125 0.32190625 0.7595416671875 0.32190625 0.7865208328125 0.32021875 0.8224791671875 0.32696875 0.8269583328125 0.3505625 0.8359583328125 0.35729687499999996 0.8359583328125 0.35729687499999996 0.8382083328125001 0.37584375 0.707875 0.35225 0.6471875
8 0.184453125 0.5091666671875 0.174515625 0.5182708328125 0.1651875 0.5754166671875 0.1565 0.6615624999999999 0.193140625 0.6764583328125 0.203078125 0.6681874999999999 0.2068125 0.6151666671875 0.21303125 0.49424999999999997 0.214265625 0.49010416718750005 0.2068125 0.47189583281249997 0.184453125 0.5091666671875
8 0.605984375 0.7832708328125 0.59853125 0.8097916671875 0.6035 0.8511875 0.6146874999999999 0.8818333328125 0.63953125 0.8743958328125 0.66996875 0.8536875 0.6749375 0.8329791671875 0.666875 0.8131041671875 0.6618906250000001 0.7932291671875 0.6556875 0.7799583328125 0.658796875 0.7609166671875001 0.667484375 0.7625833328125 0.699171875 0.7203333328125 0.72028125 0.6971458328125 0.727125 0.6814166671875 0.719671875 0.6814166671875 0.678671875 0.7360625 0.653203125 0.7501458328124999 0.6339375 0.7584375 0.605984375 0.7832708328125
8 0.0400625 0.39695833281250004 0.033296875 0.39889583281249996 0.030390624999999998 0.39437500000000003 0.028453125000000003 0.38856250000000003 0.022640625 0.3995416671875 0.025546875000000004 0.42729166718749995 0.0516875 0.4311458328125 0.054578125 0.42406249999999995 0.052171875 0.40018750000000003 0.048296875 0.3950208328125 0.06448437500000001 0.3395833328125 0.064859375 0.3255 0.062328125 0.3195208328125 0.060875 0.3343541671875 0.05071875 0.3711458328125 0.044906249999999995 0.39437500000000003 0.0400625 0.39695833281250004
8 0.080703125 0.36543749999999997 0.083140625 0.3699583328125 0.091859375 0.3777291671875 0.10010937499999999 0.378375 0.104484375 0.3706041671875 0.106765625 0.3663541671875 0.10953125 0.3620833328125 0.111125 0.3581041671875 0.11181250000000001 0.37247916718749996 0.11365624999999999 0.3743125 0.113890625 0.348625 0.11228125 0.348625 0.109984375 0.351375 0.10493749999999999 0.34922916718749997 0.09575 0.3449583328125 0.08634375 0.3403541671875 0.083359375 0.3284166671875 0.08153125 0.31495833281249996 0.08084375 0.3085416671875 0.07946875 0.3073125 0.077171875 0.307625 0.07731249999999999 0.3111041671875 0.08021875 0.3363333328125 0.083140625 0.3466666671875 0.080703125 0.3550833328125 0.080703125 0.36543749999999997
9 0.21573437499999998 0.3348333328125 0.20056250000000003 0.3505625 0.166859375 0.48989583281250004 0.212359375 0.501125 0.20056250000000003 0.5707916671875 0.21404687500000003 0.60675 0.19718750000000002 0.6449374999999999 0.198875 0.6988749999999999 0.21573437499999998 0.79325 0.232578125 0.9325833328125 0.22753125000000002 0.9460625 0.22584374999999998 0.9685416671875 0.2528125 0.9775208328125 0.251125 0.8651666671875 0.26965625000000004 0.6719166671875 0.26965625000000004 0.9348333328124999 0.27640625 0.9640416671875001 0.289890625 0.9730416671875 0.3050625 0.9505625 0.289890625 0.9123541671875 0.3050625 0.8022500000000001 0.318546875 0.6606666671875 0.32696875 0.5842708328125 0.306734375 0.5123541671875 0.318546875 0.4763958328125 0.34381249999999997 0.6584166671875 0.35225 0.6606666671875 0.37246875 0.6426875 0.34381249999999997 0.3842708328125 0.318546875 0.34158333281250003 0.32190625 0.3146041671875 0.306734375 0.2741666671875 0.306734375 0.2674166671875 0.291578125 0.2292083328125 0.259546875 0.2269583328125 0.241015625 0.2426875 0.22078125 0.2808958328125 0.21573437499999998 0.3348333328125
9 0.06596874999999999 0.3239375 0.07032812499999999 0.3381666671875 0.07664062499999999 0.3756875 0.07809374999999999 0.3802083328125 0.07371875 0.40091666718749996 0.06742187499999999 0.4448958328125 0.07906250000000001 0.45395833281250003 0.08634375 0.4759375 0.0829375 0.49793750000000003 0.091671875 0.4992291671875 0.09653125 0.49858333281249995 0.09653125 0.48952083281250003 0.094578125 0.48306250000000006 0.10234375 0.4578333328125 0.105734375 0.43324999999999997 0.113984375 0.4047916671875 0.115921875 0.3937916671875 0.11884375 0.3828125 0.12271875000000002 0.3530625 0.12078124999999999 0.3265416671875 0.113015625 0.3097083328125 0.107203125 0.3006666671875 0.10865625000000001 0.2896666671875 0.10623437499999999 0.28060416718750003 0.10234375 0.27156250000000004 0.091671875 0.27156250000000004 0.08828125 0.28450000000000003 0.0911875 0.2954791671875 0.091671875 0.30325 0.077125 0.3064791671875 0.07275000000000001 0.3123125 0.06596874999999999 0.3239375
9 0.158859375 0.381 0.155734375 0.4289166671875 0.1530625 0.48693749999999997 0.15840625 0.48989583281250004 0.159296875 0.5290833328125 0.16107812500000002 0.5540416671874999 0.155296875 0.5635416671875 0.1633125 0.5682916671875 0.1704375 0.5623541671875001 0.170875 0.538 0.171765625 0.4972083328125 0.1775625 0.4568333328125 0.17489062500000002 0.4528541671875 0.170875 0.4516666671875 0.16998437500000002 0.4427708328125 0.173546875 0.4130833328125 0.1775625 0.3299375 0.195828125 0.3180625 0.189140625 0.3115208328125 0.19537500000000002 0.2765 0.178453125 0.2640208328125 0.166875 0.2782708328125 0.170875 0.3138958328125 0.155296875 0.31925 0.146390625 0.3465625 0.1388125 0.4017916671875 0.14415625 0.41960416718750004 0.152171875 0.38635416718750004 0.158859375 0.381
9 0.20821874999999998 0.3417291671875 0.21857812499999998 0.3236458328125 0.2098125 0.3077083328125 0.207421875 0.2779375 0.196265625 0.28325 0.18828125 0.3077083328125 0.19146875000000002 0.3193958328125 0.177921875 0.33639583281249996 0.17553125 0.3682916671875 0.17154687500000002 0.424625 0.173140625 0.4543958328125 0.179515625 0.4363333328125 0.19146875000000002 0.3799791671875 0.20821874999999998 0.3417291671875
9 0.36701562499999996 0.296 0.364828125 0.3120625 0.361546875 0.34341666718749997 0.361 0.36604166718750003 0.365375 0.3777083328125 0.362640625 0.4025 0.360453125 0.4090625 0.368109375 0.4200208328125 0.370296875 0.4623125 0.37084375 0.47545833281250005 0.371390625 0.5294375 0.372484375 0.5389166671875001 0.374671875 0.536 0.374671875 0.5483958328125 0.365921875 0.5753958328125 0.36646875 0.5805 0.37521875 0.5841458328125 0.3785 0.5680833328125 0.380140625 0.30041666718750004 0.38287499999999997 0.24497916718749999 0.385078125 0.24493749999999997 0.364828125 0.238375 0.354984375 0.2529791671875 0.352796875 0.26975 0.36701562499999996 0.296
9 0.692703125 0.9505625 0.6674218749999999 0.9460625 0.67078125 0.9146041671875 0.687640625 0.8898958328125 0.692703125 0.8786458328125001 0.7028125000000001 0.8651666671875 0.701125 0.8471875000000001 0.694375 0.8359583328125 0.691015625 0.8089791671875 0.7061875 0.8089791671875 0.716296875 0.7955 0.72471875 0.7707916671875 0.7449375 0.7438125 0.761796875 0.7640416671875 0.753375 0.7910208328125 0.763484375 0.8089791671875 0.783703125 0.8067500000000001 0.782015625 0.7797708328125 0.77696875 0.701125 0.782015625 0.6179791671875 0.782015625 0.5707916671875 0.782015625 0.5438125 0.763484375 0.5123541671875 0.7483125 0.44045833281249996 0.7483125 0.41572916718749997 0.72809375 0.4134791671875 0.707859375 0.40449999999999997 0.6893281250000001 0.40449999999999997 0.660671875 0.41572916718749997 0.6505625 0.41572916718749997 0.6505625 0.46966666718749994 0.6539375 0.505625 0.66909375 0.5280833328125001 0.67753125 0.5280833328125001 0.6623593750000001 0.5483125 0.657296875 0.5483125 0.6539375 0.5483125 0.648875 0.5280833328125001 0.635390625 0.5258333328125 0.6235937500000001 0.5775208328125 0.62696875 0.6202291671875 0.616859375 0.6876458328124999 0.632015625 0.6988749999999999 0.638765625 0.701125 0.6151718749999999 0.7573125 0.583140625 0.8314583328125 0.57640625 0.8696666671875001 0.5882031249999999 0.896625 0.593265625 0.9123541671875 0.5780937500000001 0.9303333328125 0.561234375 0.9730416671875 0.56965625 0.9842708328124999 0.566296875 0.9887708328124999 0.6455 0.9887708328124999 0.6859531249999999 0.9842708328124999 0.694375 0.9707916671874999 0.692703125 0.9505625
9 0.13690625 0.29635416718749996 0.129453125 0.3112708328125 0.12882812500000002 0.3220416671875 0.122 0.3261666671875 0.12448437500000001 0.3485416671875 0.12882812500000002 0.3725625 0.12882812500000002 0.3841458328125 0.12696875000000002 0.3924375 0.12325 0.41231249999999997 0.12076562500000002 0.4247291671875 0.12325 0.45041666718749995 0.13193749999999999 0.44710416718749996 0.1331875 0.4528958328125 0.14064062500000002 0.45785416718749994 0.139390625 0.44379166718749996 0.14560937499999999 0.42722916718750004 0.13690625 0.42225 0.13753125 0.409 0.143125 0.3725625 0.14871875 0.356 0.1518125 0.346875 0.155546875 0.32947916718750003 0.151203125 0.3212083328125 0.14560937499999999 0.3079583328125 0.14560937499999999 0.29802083281249997 0.13690625 0.29635416718749996
9 0.001546875 0.338125 0.004203125 0.3286875 0.008609374999999999 0.3228125 0.01390625 0.31966666718750003 0.01390625 0.3086666671875 0.01715625 0.3059166671875 0.01303125 0.29925 0.00478125 0.2988541671875 0.000078125 0.3075 0.00184375 0.3177083328125 0.003609375 0.3173125 0.000359375 0.3200625 0.001546875 0.338125
8 0.6717116484375001 0.9510132578125001 0.6722321421874999 0.95276488125 0.66634943125 0.9589810609375 0.6666964281250001 0.9601488109374999 0.655625 0.9749166671875 0.658984375 0.9861458328125 0.6867929687500001 0.9878333328125001 0.6960625 0.9771597234374999 0.6960625 0.9883958328125001 0.9994375 0.9883958328125001 0.9960625000000001 0.9119791671874999 0.798875 0.7771458328125 0.788765625 0.7838958328125 0.7811796875 0.7917604171875 0.784546875 0.8029999999999999 0.77528125 0.804125 0.7735937500000001 0.799625 0.6931605109375 0.9191420453125 0.694375 0.9232291671875 0.6877982953124999 0.9271098484375001 0.6888392859375 0.9306130953125 0.6824360796875 0.9350776515625 0.683303571875 0.9379970234374999 0.6770738640625 0.9430454546875 0.6777678578125 0.9453809515625 0.6717116484375001 0.9510132578125001
9 1 0.2931666671875 0.98321875 0.2931666671875 0.905734375 0.3369583328125 0.854515625 0.40347916718750004 0.9136093750000001 0.4017291671875 0.9175625000000001 0.43499999999999994 0.9241250000000001 0.44725000000000004 0.888671875 0.4980416671875 0.88340625 0.5102916671875 0.897859375 0.5225416671875001 0.8912968749999999 0.5628124999999999 0.8768437499999999 0.7624166671875 0.87946875 0.8289583328125 0.904421875 0.8132083328125 0.912296875 0.7956875 0.939875 0.8377083328125 0.98321875 0.8657291671875 1 0.8762291671875 1 0.2931666671875
9 0 0.6833333328125 0.009281250000000001 0.692125 0.022468750000000003 0.6906458328125 0.020265625000000002 0.6880625 0.0208125 0.6616875 0.018625 0.6558333328125 0.015875 0.643375 0.018078125 0.6162708328125001 0.018078125 0.5810833328125 0.018078125 0.5642291671875 0.015328125000000001 0.5466458328125 0.013125000000000001 0.5349375000000001 0.009281250000000001 0.5158750000000001 0.009281250000000001 0.4902291671875 0.004328125 0.44333333281250004 0 0.43639583281250005 0 0.6137083328124999 0 0.6335 0.000484375 0.6430208328125 0 0.6510833328125 0 0.6833333328125
9 0.028546875 0.28841666718750003 0.027609375000000002 0.2940208328125 0.028078125 0.2996458328125 0.027140625 0.3052708328125 0.031828125 0.30902083281250003 0.037453125 0.30902083281250003 0.038375 0.31775000000000003 0.033703125 0.319625 0.026671875 0.327125 0.022 0.3377291671875 0.022 0.3489791671875 0.02059375 0.3814375 0.020125 0.3870625 0.013093750000000001 0.40766666718750005 0.01496875 0.42514583281249996 0.01121875 0.43574999999999997 0.008875 0.5013124999999999 0.0116875 0.5100625 0.015437500000000002 0.5119374999999999 0.027140625 0.5106875 0.026671875 0.5169166671875 0.025734374999999997 0.5281666671874999 0.031359375 0.5525208328125 0.029953125000000004 0.565625 0.024328125 0.57125 0.016843749999999998 0.5799791671875 0.020125 0.5818541671874999 0.033703125 0.5843541671875 0.044 0.5837291671875 0.042125 0.57625 0.04071875 0.5481458328125 0.042125 0.5181666671875 0.045406249999999995 0.5106875 0.045406249999999995 0.5250416671875 0.049625 0.5381458328125001 0.05103124999999999 0.5456458328125 0.05103124999999999 0.5575 0.053828125000000004 0.5700000000000001 0.059921875 0.5787291671875 0.07021875 0.5793541671875 0.0706875 0.57625 0.066953125 0.566875 0.062265625000000005 0.558125 0.059453124999999996 0.5481458328125 0.060390624999999996 0.5312916671875 0.058984375 0.4850833328125 0.06290625 0.446875 0.06401562499999999 0.4410416671875 0.068015625 0.429375 0.069484375 0.4147708328125 0.07714062499999999 0.4206041671875 0.076515625 0.3903958328125 0.07803125 0.3743333328125 0.075515625 0.3562708328125 0.06899999999999999 0.3311666671875 0.065234375 0.3248125 0.06221875 0.32214583281250003 0.05795312500000001 0.320125 0.05695312500000001 0.3154583328125 0.057203125 0.3101041671875 0.057703125 0.29704166718749997 0.061968749999999996 0.2960416671875 0.061968749999999996 0.2930208328125 0.06071875 0.2893541671875 0.06271875 0.2799791671875 0.061968749999999996 0.275625 0.059203125 0.2699375 0.05645312500000001 0.2649166671875 0.052437500000000005 0.2619166671875 0.046156249999999996 0.2592291671875 0.041890625 0.2625833328125 0.037625 0.2666041671875 0.034359375 0.2712916671875 0.02834375 0.2709583328125 0.028078125 0.2815416671875 0.025265625000000003 0.2840416671875 0.028546875 0.28841666718750003
8 0 0.8795833328124999 0.01615625 0.8795833328124999 0.039875 0.8527083328125 0.029203125000000003 0.7088333328124999 0.025640625 0.71675 0.01496875 0.6772083328125 0 0.6914374999999999 0 0.7325625 0 0.8795833328124999
9 0.36521875000000004 0.42525 0.361671875 0.40316666718749994 0.361671875 0.39056250000000003 0.354578125 0.3889791671875 0.36521875000000004 0.3700625 0.362859375 0.3479791671875 0.3439375 0.3479791671875 0.333296875 0.351125 0.333296875 0.38425 0.33684375 0.40316666718749994 0.33684375 0.42839583281250004 0.339203125 0.4883125 0.34748437499999996 0.5167083328125 0.3439375 0.4820208328125 0.35221874999999997 0.5308958328125 0.364046875 0.5214375 0.3723125 0.47729166718749994 0.36521875000000004 0.42525
9 0 0.43443750000000003 0.005124999999999999 0.4403541671875 0.006390625 0.475 0.007015625 0.4775416671875 0.010828125 0.4766875 0.011453125 0.436125 0.013359375000000001 0.41331249999999997 0.015265625 0.3989375 0.0190625 0.3913333328125 0.0190625 0.3778125 0.02096875 0.3440208328125 0.027937499999999997 0.3305 0.033 0.3178125 0.03490625 0.3152916671875 0.03490625 0.3136041671875 0.03490625 0.3102083328125 0.032375 0.3110625 0.027937499999999997 0.3068333328125 0.027296874999999998 0.28739583281250003 0.022859375 0.27810416718750003 0.02096875 0.2899375 0.0190625 0.2992291671875 0.02096875 0.3085208328125 0.0190625 0.3118958328125 0.017796875 0.316125 0.0190625 0.3186666671875 0.0044843750000000005 0.3254166671875 0.001953125 0.3406458328125 0 0.3752916671875 0 0.43443750000000003
8 1 0.2904583328125 0.9831406250000001 0.28922916718749997 0.912921875 0.3237291671875 0.8510312499999999 0.40133333281250005 0.9119999999999999 0.40379166718750004 1 0.3939375 1 0.2904583328125
8 0.12801562500000002 0.3621041671875 0.1315 0.35412499999999997 0.136140625 0.3444583328125 0.138453125 0.33827083281250003 0.1461875 0.3233125 0.143671875 0.3240833328125 0.127046875 0.3609375 0.12454687499999999 0.36945833281249996 0.12240625000000001 0.3717708328125 0.118359375 0.37512500000000004 0.115453125 0.3841458328125 0.11951562499999999 0.3864583328125 0.12859375 0.3859375 0.13053125000000002 0.3771875 0.1274375 0.3702291671875 0.1274375 0.3701041671875 0.12646875 0.367 0.12801562500000002 0.3621041671875