9 0.4983762890625 0.595796875 0.5793041234375 0.6075625 0.6084536078125 0.625234375 0.621391753125 0.63896875 0.6375773203125 0.686078125 0.6440463921874999 0.670375 0.657010309375 0.6998125 0.7605927828125 0.556546875 0.767087628125 0.51728125 0.7703092781249999 0.466265625 0.7444072171875 0.454484375 0.7120360828125001 0.45840625 0.682912371875 0.460375 0.6537628859375 0.43289062500000003 0.6667268046875 0.41915625 0.6861340203124999 0.41915625 0.7120360828125001 0.42307812499999997 0.757371134375 0.42307812499999997 0.7444072171875 0.40934375 0.7605927828125 0.3779375 0.78974226875 0.35634375 0.8026804125 0.342609375 0.8123969078125001 0.30924999999999997 0.7735567015625 0.29746875 0.76384020625 0.26803125 0.76384020625 0.21896875 0.7832731953125001 0.18953124999999998 0.7800257734375 0.164015625 0.7444072171875 0.15028125 0.7185051546875 0.14634375 0.68938144375 0.152234375 0.657010309375 0.164015625 0.631108246875 0.205234375 0.627860825 0.2268125 0.627860825 0.2464375 0.51134020625 0.281765625 0.495128865625 0.305328125 0.4595360828125 0.401484375 0.47247422656250004 0.434859375 0.52427835 0.46429687499999994 0.4789432984375 0.5643906249999999 0.5080927828124999 0.58009375 0.4983762890625 0.595796875
8 0.2387628859375 0.361625 0.2478865984375 0.370671875 0.26198453593750004 0.376203125 0.2719329890625 0.385765625 0.2719329890625 0.381734375 0.27275773124999997 0.348046875 0.294329896875 0.34553124999999996 0.30097938125 0.36765625 0.3125773203125 0.366140625 0.334149484375 0.36312500000000003 0.3465979375 0.358109375 0.36484536093750003 0.359609375 0.3764432984375 0.314359375 0.3880670109375 0.302296875 0.379768040625 0.297765625 0.36399484531250004 0.302296875 0.31922680468750003 0.29021875 0.2893556703125 0.280171875 0.259510309375 0.282171875 0.1972938140625 0.303296875 0.1898195875 0.298265625 0.1773969078125 0.30028125 0.1773969078125 0.30479687499999997 0.1948195875 0.317875 0.196469071875 0.34603125 0.2130412375 0.3495625 0.2288144328125 0.354578125 0.2387628859375 0.361625
8 0.7321134015624999 0.41593749999999996 0.762860825 0.3191875 0.757731959375 0.31429687500000003 0.7430927828125 0.3103125 0.7284536078125 0.300546875 0.7218556703125001 0.29121874999999997 0.7138144328125 0.289453125 0.7072164953125 0.29121874999999997 0.694768040625 0.296109375 0.7079639171875 0.31429687500000003 0.7006443296875 0.32628124999999997 0.7043041234375 0.323625 0.6955154640625001 0.331609375 0.7321134015624999 0.41593749999999996
8 0.29363402031249997 0.65565625 0.412809278125 0.65190625 0.40817010312499996 0.637828125 0.4019845359375 0.60875 0.4267525765625 0.595609375 0.4252061859375 0.57309375 0.40817010312499996 0.564640625 0.403530928125 0.553390625 0.366391753125 0.562765625 0.366391753125 0.550578125 0.347809278125 0.5299375000000001 0.3617525765625 0.526171875 0.3772164953125 0.513046875 0.39115979375 0.50271875 0.3927061859375 0.48207812499999997 0.3725773203125 0.47926562500000003 0.37876288593749996 0.474578125 0.36948453593749997 0.4576875 0.34317010312499996 0.453921875 0.338530928125 0.444546875 0.310670103125 0.416390625 0.292087628125 0.40982812500000004 0.24257732031249998 0.41076562499999997 0.20077319531249999 0.412640625 0.1822164953125 0.43328125 0.1822164953125 0.481140625 0.157448453125 0.48864062500000005 0.1497164953125 0.51021875 0.1497164953125 0.5299375000000001 0.11876288593749999 0.527109375 0.11100515468750001 0.555265625 0.10636597968749999 0.56934375 0.0676804125 0.57403125 0.07077319531250001 0.5993593749999999 0.05530927812500001 0.600296875 0.080051546875 0.65471875 0.1048195875 0.6594218749999999 0.1744845359375 0.6594218749999999 0.29363402031249997 0.65565625
8 0.2852061859375 0.40753125 0.28920103125 0.384953125 0.294948453125 0.37628125 0.29724226875 0.35612499999999997 0.294948453125 0.34675 0.267448453125 0.3460625 0.267448453125 0.370375 0.2754639171875 0.38079687500000003 0.2765979375 0.381828125 0.2794587625 0.40614062500000003 0.2852061859375 0.40753125
8 0.014484535937500001 0.33609374999999997 0.012268040625 0.33771874999999996 0.021134020312499998 0.340953125 0.012268040625 0.348765625 0.018917524999999998 0.3460625 0.0255927828125 0.346875 0.0220360828125 0.35171874999999997 0.030025773437499997 0.3563125 0.027809278124999996 0.35765625 0.030489690625 0.361421875 0.039819587499999996 0.36034375 0.05670103125 0.36062500000000003 0.0544845359375 0.363578125 0.07661726875 0.3628203125 0.0773195875 0.37093750000000003 0.097989690625 0.37834375 0.0895360828125 0.37093750000000003 0.09423969062500001 0.3675234375 0.090489690625 0.356703125 0.07591494843749999 0.354703125 0.074510309375 0.33846875 0.0918943296875 0.34559375000000003 0.097989690625 0.31 0.1102061859375 0.300875 0.10927835 0.296328125 0.1008247421875 0.2951875 0.09747995312499999 0.3002517359375 0.091417525 0.300875 0.0738831625 0.3080989578125 0.07262886562500001 0.300875 0.0294072171875 0.284359375 0.001211340625 0.279796875 0.00024226875 0.31670937499999996 0.0006958765625 0.330703125 0.0030927828125 0.331640625 0.0011340203125 0.33340625 0.014484535937500001 0.33609374999999997
9 0.8186340203125001 0.17778125 0.769768040625 0.19259375 0.75347938125 0.22221875 0.769768040625 0.293828125 0.8023453609375 0.301234375 0.810489690625 0.313578125 0.757551546875 0.3851875 0.7616237109374999 0.41974999999999996 0.66793814375 0.41974999999999996 0.631288659375 0.43949999999999995 0.651649484375 0.469140625 0.6964432984375 0.449375 0.7779123718750001 0.461734375 0.7616237109374999 0.5555625 0.651649484375 0.698765625 0.712731959375 0.9506249999999999 0.9978350515625 0.9530937500000001 0.9978350515625 0.6049375 0.9693298968749999 0.540734375 0.9245360828125 0.469140625 0.9611855671875 0.429625 0.9448969078125 0.330859375 0.8919329890625001 0.283953125 0.8797164953125 0.266671875 0.9082474234375001 0.2444375 0.883788659375 0.1851875 0.8186340203125001 0.17778125
9 0.5350773203125 0.237453125 0.5350773203125 0.22778125 0.526211340625 0.22240625 0.5137886593750001 0.214890625 0.49961340156249995 0.212734375 0.47835051562500003 0.209515625 0.453530928125 0.211671875 0.441108246875 0.220265625 0.4375773203125 0.23315625 0.44644329843749997 0.24390625 0.44997422656249997 0.25573437499999996 0.45884020625 0.26432812499999997 0.46417525781249996 0.27078125000000003 0.4747938140625 0.27184375 0.48012886562499996 0.275078125 0.48012886562499996 0.28259375000000003 0.4694845359375 0.28904687500000004 0.4517525765625 0.29871875000000003 0.43224226874999994 0.3019375 0.42693298906250005 0.2955 0.4233762890625 0.285828125 0.4198453609375 0.278296875 0.4074226796875 0.27937500000000004 0.4003350515625 0.286890625 0.4003350515625 0.297640625 0.4074226796875 0.30625 0.4145360828125 0.315921875 0.4216237109375 0.327734375 0.4251546390625 0.335265625 0.4375773203125 0.33740625 0.45884020625 0.33418749999999997 0.4712628859375 0.33096875 0.49252577343750004 0.324515625 0.501391753125 0.316984375 0.49961340156249995 0.29871875000000003 0.5120360828125 0.286890625 0.5368556703125 0.27937500000000004 0.552809278125 0.26970312500000004 0.55634020625 0.26754687499999996 0.5598969078125 0.268625 0.5474742265625 0.25573437499999996 0.5332989687499999 0.2525 0.527989690625 0.24176562499999998 0.5350773203125 0.237453125
8 0.6083762890625 0.43324999999999997 0.626829896875 0.43667187500000004 0.637087628125 0.43729687500000003 0.6391237109375 0.4345 0.6237628859375 0.431703125 0.5094845359375 0.405296875 0.494639175 0.404671875 0.49564432968750005 0.40684375 0.5028350515625 0.41026562499999997 0.6083762890625 0.43324999999999997
9 0.3696134015625 0.32215625000000003 0.377190721875 0.32709375 0.40976804062500005 0.31262500000000004 0.40046391718749996 0.29075 0.40860824687499997 0.28015625 0.42201030937499995 0.278390625 0.42956185625 0.29921875 0.44644329843749997 0.29885937500000004 0.4761340203125 0.28334375 0.4790463921875 0.27521874999999996 0.47322165 0.27240625 0.4668041234375 0.273109375 0.4569072171875 0.26428124999999997 0.454587628125 0.2618125 0.4499226796875 0.251234375 0.4394587625 0.2339375 0.4388659796875 0.22335937499999997 0.42257732031249995 0.22935937499999998 0.42780927812499997 0.26110937500000003 0.42780927812499997 0.262171875 0.399871134375 0.2836875 0.3696134015625 0.32215625000000003
8 0.512139175 0.595125 0.384948453125 0.58140625 0.116417525 0.5745625000000001 0.0089948453125 0.598546875 0.006185567187499999 0.64653125 0.0089948453125 0.9515625 0.6930412375 0.9515625 0.71 0.9515625 0.6252061859375 0.6568125 0.622371134375 0.64825 0.5856443296875 0.6054062499999999 0.512139175 0.595125