2 0.70025 0.9127708328124999 0.718265625 0.8962083328125001 0.73565625 0.8920625 0.754296875 0.9069583328125 0.78659375 0.9169166671875001 0.7928124999999999 0.8945416671875 0.808953125 0.8912291671875 0.821375 0.9028333328124999 0.8393906250000001 0.8962083328125001 0.8244843749999999 0.7487708328125 0.8126875 0.7164791671875 0.773546875 0.7081875 0.749953125 0.7148125000000001 0.71703125 0.7172916671875 0.6903125 0.7189583328125 0.663609375 0.7288958328125 0.6499375 0.7496041671875 0.63440625 0.7968124999999999 0.611421875 0.8373958328125 0.612671875 0.8887499999999999 0.611421875 0.9028333328124999 0.618875 0.9193958328124999 0.627578125 0.9260208328124999 0.64371875 0.9235416671875001 0.6499375 0.9028333328124999 0.6896875 0.9011666671875 0.70025 0.9127708328124999
2 1 0.7417916671875 0.95840625 0.7424375000000001 0.957921875 0.7437291671875 0.966625 0.7695416671875 0.9903437500000001 0.764375 0.9942187499999999 0.807625 0.9937343750000001 0.8211666671875 1 0.8185833328125 1 0.764375 1 0.7417916671875
8 0.35709375 0.8225 0.356390625 0.8238125000000001 0.355703125 0.8278958328125 0.351515625 0.8368125 0.351109375 0.8405208328124999 0.34678125 0.8475833328125001 0.34553124999999996 0.8505416671875 0.347203125 0.8535208328125 0.347203125 0.8564999999999999 0.34762499999999996 0.8581666671875 0.35096875 0.8596458328125 0.351515625 0.8717291671874999 0.35040625 0.8717291671874999 0.348765625 0.8732708328125 0.342953125 0.8739166671874999 0.34003125 0.8791041671875 0.340515625 0.8894583328125 0.35217187499999997 0.8926875000000001 0.354109375 0.9166041671875 0.35217187499999997 0.9211458328125 0.351203125 0.9250208328125 0.347796875 0.9263125000000001 0.34634375 0.92825 0.350703125 0.9334374999999999 0.35168750000000004 0.9347291671875 0.35168750000000004 0.9534791671875 0.366234375 0.9554166671875001 0.374484375 0.954125 0.379328125 0.9398958328125 0.377875 0.9334374999999999 0.37884375000000003 0.9230833328125 0.378359375 0.9107916671874999 0.3759375 0.9010833328125001 0.374484375 0.8946249999999999 0.376421875 0.8926875000000001 0.380296875 0.8920416671875 0.385640625 0.8816875 0.38515625 0.8739166671874999 0.382234375 0.8700416671875001 0.3798125 0.8668125 0.38271875 0.8603541671875 0.38271875 0.8545208328125 0.381265625 0.8506458328125 0.379328125 0.8454583328125 0.369140625 0.8286458328125 0.368171875 0.8254166671875 0.36575 0.8228333328125 0.36559375 0.8223125 0.36267187500000003 0.8204583328125 0.362109375 0.8180416671874999 0.360859375 0.8182291671874999 0.35709375 0.8225
9 0.014234374999999999 0.9904166671875 0.029078125 0.9877083328125 0.031109375 0.9768958328125 0.029078125 0.958 0.02840625 0.9391041671875 0.029765625 0.9363958328124999 0.03853125 0.9453958328125 0.045953125 0.9498958328124999 0.0540625 0.9607083328125 0.05878124999999999 0.9688125 0.060140625 0.9768958328125 0.0540625 0.985 0.050015624999999994 0.9904166671875 0.053390625000000004 0.9958125000000001 0.0709375 0.9841041671875 0.08240625 0.9697083328125 0.081734375 0.9625 0.07634375 0.958 0.0709375 0.9526041671875 0.062828125 0.9408958328124999 0.057437499999999996 0.9265000000000001 0.050015624999999994 0.9157083328125 0.04528125 0.9121041671875 0.041234375000000004 0.8967916671875 0.045953125 0.8851041671875001 0.056078125 0.8607916671875 0.0641875 0.859 0.064859375 0.8581041671875 0.06553125 0.8256875000000001 0.062828125 0.8103958328124999 0.0540625 0.7869791671875 0.050015624999999994 0.7716875 0.04865625 0.7662916671875 0.03178125 0.7437916671875 0.031109375 0.7392916671875 0.029078125 0.7284791671875 0.025703125 0.7185833328125 0.010859375000000001 0.7176875 0.002078125 0.7320833328125 0.0034375000000000005 0.7455833328125 0.008828125000000001 0.7590833328125 0.007484375 0.7626875 0.002078125 0.7797916671875 0.000734375 0.8085833328125 0.002078125 0.8301875000000001 0.006125 0.841 0.01490625 0.8787916671874999 0.010187499999999999 0.8986041671875 0.0095 0.9121041671875 0.012203124999999999 0.9373125 0.012203124999999999 0.9553125 0.012203124999999999 0.9688125 0.00478125 0.9778125 0.0000625 0.9814166671875 0.002078125 0.985 0.014234374999999999 0.9904166671875
9 0.20171875 0.8113541671875 0.21535937500000002 0.8193125 0.22345312499999997 0.8329583328125001 0.22345312499999997 0.8568125 0.226875 0.8636458328125001 0.235828125 0.8505625 0.236671875 0.8272708328125 0.23326562499999998 0.8085208328125001 0.22004687500000003 0.7926041671874999 0.218765625 0.7829375 0.21834375 0.7681666671875 0.21621875 0.7573541671874999 0.213234375 0.7562291671875 0.20598437500000003 0.7579166671875 0.20001562499999997 0.7613333328125 0.1983125 0.771 0.2004375 0.7852083328125 0.19446875 0.7926041671874999 0.18296874999999999 0.7977083328125001 0.18040625 0.8062291671875 0.17784375 0.8283958328125 0.179984375 0.8403333328124999 0.186375 0.8431875 0.18425 0.8272708328125 0.18721875 0.8141875000000001 0.20171875 0.8113541671875
9 0.26742187500000003 0.7817708328124999 0.26768749999999997 0.7836041671875 0.26742187500000003 0.7845416671875001 0.26534375 0.7852708328125 0.2625625 0.7858333328125 0.2588125 0.78675 0.25590625 0.7902708328125 0.254796875 0.7965625000000001 0.25465625 0.8024791671875 0.253 0.8104166671874999 0.253 0.8148541671875 0.2536875 0.8235625000000001 0.25451562499999997 0.8235625000000001 0.25465625 0.8120833328125 0.26325 0.8124583328125 0.263125 0.8253958328125 0.270609375 0.8252083328125 0.277125 0.8266875 0.2778125 0.8292916671875 0.278921875 0.8292916671875 0.293765625 0.8289166671875 0.29362499999999997 0.8224375 0.29362499999999997 0.8178124999999999 0.29362499999999997 0.804875 0.29390625 0.7971041671875 0.292234375 0.7934166671875 0.28503124999999996 0.7863958328125 0.28114062500000003 0.7834375 0.28142187500000004 0.777875 0.28378125 0.774375 0.284890625 0.7706666671875 0.28446875 0.7656666671875 0.282390625 0.7577291671874999 0.276984375 0.7538333328125 0.272 0.7549583328125 0.266859375 0.7586458328125001 0.26728125 0.7621666671875 0.2663125 0.7655000000000001 0.26671875 0.7686458328125 0.266453125 0.7697499999999999 0.2663125 0.7727083328125001 0.26671875 0.7771458328125 0.26671875 0.7793541671875001 0.26742187500000003 0.7817708328124999
9 0.21790625000000002 0.784875 0.217015625 0.7884583328125 0.21773437499999998 0.7946875 0.22059375 0.7973125 0.22596875 0.8011250000000001 0.2279375 0.8071041671874999 0.23153125000000002 0.8185625 0.23421875 0.8166666671874999 0.24300000000000002 0.8183333328125 0.24300000000000002 0.8142708328125 0.24300000000000002 0.8030416671875 0.238875 0.7946875 0.23349999999999999 0.7879791671875 0.23349999999999999 0.7777083328125001 0.23296875 0.7672083328125 0.226875 0.7621875 0.217015625 0.7664791671875 0.21862499999999999 0.7736458328125 0.21862499999999999 0.7793958328125 0.21790625000000002 0.784875
0 0.512578125 0.8018124999999999 0.506921875 0.8018124999999999 0.500921875 0.7991458328125 0.490609375 0.7978125 0.48428125 0.8071458328125001 0.49393750000000003 0.8058125 0.50459375 0.8120208328125 0.50525 0.8151249999999999 0.504265625 0.8257708328125 0.50525 0.8311041671874999 0.5025937500000001 0.8382083328125001 0.49859375000000006 0.8470833328125 0.4949375 0.8634999999999999 0.49228125 0.8737083328124999 0.48728125 0.8959166671875 0.48928125 0.9212083328125 0.49660937499999996 0.9207708328124999 0.49959375 0.9136666671875 0.504921875 0.898125 0.511921875 0.9029999999999999 0.516578125 0.876375 0.516578125 0.8768125 0.511578125 0.9185416671875 0.51890625 0.9181041671875001 0.52290625 0.8803750000000001 0.526234375 0.8755000000000001 0.525890625 0.8750416671875 0.524890625 0.8634999999999999 0.5252343749999999 0.8377708328125 0.51890625 0.8333333328125001 0.508578125 0.8714999999999999 0.511578125 0.8404375 0.516578125 0.8155625000000001 0.52090625 0.81425 0.524234375 0.8084791671874999 0.518578125 0.8084791671874999 0.512578125 0.8018124999999999
13 0.9651875000000001 0.768375 0.9496249999999999 0.725375 0.8673437500000001 0.7298125 0.8584375 0.7476041671875 0.884015625 0.7520625 0.9107031250000001 0.7861666671875 0.918484375 0.8336041671875 0.9340624999999999 0.8439791671875 0.9340624999999999 0.8632500000000001 0.945171875 0.8677083328125 0.950734375 0.8513958328125 0.948515625 0.8306458328125 0.9429531250000001 0.8306458328125 0.9740781249999999 0.8261875 0.97853125 0.8543541671874999 0.991875 0.8543541671874999 0.9874218750000001 0.8187708328125 0.9974375 0.8143333328125 0.996328125 0.7980208328125 0.991875 0.7653958328125 0.9651875000000001 0.768375
8 0.596578125 0.9019166671875001 0.6150781249999999 0.9005208328125001 0.61871875 0.8987916671875 0.6176875 0.8776041671874999 0.612671875 0.8642083328125001 0.615625 0.8350833328125 0.61709375 0.8228958328125 0.62034375 0.8126666671875 0.627421875 0.8012499999999999 0.6268281250000001 0.7685833328125 0.624765625 0.7052291671875001 0.6185625 0.7063958328125 0.593484375 0.7146666671874999 0.5939687499999999 0.7653958328125 0.5945 0.8053333328125 0.596578125 0.9019166671875001
8 0.1854296875 0.8905625 0.178265625 0.9115833328124999 0.17921875 0.9179583328125 0.191 0.8833437500000001 0.18909375 0.8801458328124999 0.195140625 0.8733541671875 0.20024999999999998 0.8712291671875001 0.21203124999999998 0.8716666671875 0.219046875 0.8699583328125 0.21915104218749998 0.8805763890625 0.21680468749999998 0.8829166671875001 0.2192552078125 0.8911944437500001 0.216484375 0.895875 0.21935937499999997 0.9018124999999999 0.2166484375 0.9079791671875 0.2168125 0.9200833328125 0.23496875 0.9111666671875 0.23879687500000002 0.9158333328125 0.235921875 0.9183958328124999 0.23784375 0.9200833328125 0.245859375 0.9112083328124999 0.295296875 0.8788333328125001 0.299328125 0.8695833328125 0.302359375 0.8742083328125 0.309421875 0.8695833328125 0.31446874999999996 0.8628541671875001 0.309421875 0.8247291671875001 0.27578125 0.8292291671875001 0.282515625 0.8651041671874999 0.235921875 0.8712291671875001 0.23178125 0.8712291671875001 0.23370312499999998 0.8640208328125001 0.220953125 0.8657083328124999 0.2203125 0.8466041671875001 0.22190625000000003 0.8376666671875 0.21776562500000002 0.8244999999999999 0.20660937499999998 0.8151666671875001 0.193875 0.8155833328125001 0.18462499999999998 0.8198333328125 0.181125 0.8266249999999999 0.181125 0.83725 0.188453125 0.8512708328124999 0.189734375 0.8610416671875001 0.1854296875 0.8905625
8 0.43248437500000003 0.8263958328125 0.4363125 0.8538958328125 0.431953125 0.8661458328125 0.42662500000000003 0.8622708328125 0.42662500000000003 0.8738958328124999 0.42856249999999996 0.8797083328124999 0.42807812500000003 0.8880833328125 0.4324375 0.881625 0.43679687500000003 0.8745416671875 0.44065624999999997 0.8777708328125 0.44018750000000006 0.8855000000000001 0.435828125 0.8964791671875 0.4363125 0.8990625 0.44210937499999997 0.8932499999999999 0.44646875 0.8706666671875001 0.44889062500000004 0.8603333328125 0.44990625 0.8402083328125001 0.44990625 0.8237500000000001 0.442546875 0.8166874999999999 0.43696875 0.8112083328124999 0.429625 0.8076874999999999 0.417578125 0.8119999999999999 0.41375 0.8233541671875001 0.4145625 0.8236458328125 0.431015625 0.8244374999999999 0.43248437500000003 0.8263958328125
8 0.358703125 0.8224583328125 0.358703125 0.8198333328125 0.36139062499999997 0.8164999999999999 0.36353125 0.8176875000000001 0.366015625 0.8210208328125 0.366734375 0.8267291671875 0.3678125 0.8307708328125001 0.371375 0.8343541671875 0.374046875 0.8400624999999999 0.3799375 0.8521875 0.38279687500000004 0.8576458328125 0.3836875 0.8619375 0.387609375 0.8562291671875 0.390109375 0.8431458328125 0.39028125 0.8317291671874999 0.386359375 0.8219791671875001 0.3799375 0.8157916671875001 0.36834375 0.81175 0.35924999999999996 0.8119791671875 0.35371874999999997 0.8150833328125 0.348890625 0.8248333328124999 0.35335937500000003 0.8272083328125 0.35745312500000004 0.8257916671875 0.358703125 0.8224583328125
8 0.5002187499999999 0.8468125000000001 0.49671875 0.8557708328125001 0.49645312500000005 0.8633124999999999 0.494828125 0.8694166671874999 0.49564062499999995 0.8740833328125 0.49806249999999996 0.8722916671875 0.49779687499999997 0.8672708328125 0.508015625 0.8399791671875001 0.508828125 0.8270625 0.5085625 0.8130625 0.49024999999999996 0.8141458328125 0.49456249999999996 0.8342499999999999 0.5018281250000001 0.837125 0.5002187499999999 0.8468125000000001
8 0.55265625 0.8777916671874999 0.55575 0.8744791671875 0.55575 0.8439166671875 0.566296875 0.8455625 0.56815625 0.8687083328125 0.5724843749999999 0.8769583328125 0.5724843749999999 0.8604375 0.5656718749999999 0.8414375 0.57125 0.8348333328124999 0.57559375 0.8100416671874999 0.558859375 0.8108541671875 0.550171875 0.8174791671875001 0.543984375 0.8356458328124999 0.539640625 0.8406041671875 0.55203125 0.8455625 0.55265625 0.8777916671874999
8 0.46634374999999995 0.806625 0.47426562499999997 0.809375 0.47573437500000004 0.8168124999999999 0.488375 0.8160416671874999 0.487796875 0.8074166671875 0.482203125 0.8023125 0.47632812500000005 0.7999791671875001 0.46810937499999994 0.7929166671875 0.45840625 0.7944791671875 0.4560625 0.7983958328125 0.4578125 0.8125 0.45899999999999996 0.8160416671874999 0.464875 0.8132916671875 0.46634374999999995 0.806625
8 0.29890625000000004 0.8298333328125 0.304984375 0.8302916671875 0.31071875000000004 0.8296041671875001 0.310890625 0.8279166671875 0.30790625 0.8241458328125001 0.30553125 0.8214166671875001 0.303640625 0.8176458328124999 0.298609375 0.8159583328125001 0.29325 0.8167916671875 0.29325 0.8290416671875 0.295453125 0.8288333328125 0.29890625000000004 0.8298333328125
8 0.3921875 0.8137916671875001 0.393046875 0.8007291671875001 0.393890625 0.7933333328125001 0.390484375 0.7910625 0.387921875 0.7848124999999999 0.384515625 0.791625 0.381109375 0.7865208328125 0.379828125 0.7950416671875 0.385359375 0.8001458328125001 0.385796875 0.8143541671875001 0.383234375 0.8189166671875 0.3875 0.8251666671875 0.39475 0.8228958328125 0.395171875 0.8183333328125 0.3921875 0.8137916671875001
9 0.159609375 0.7879791671875 0.154671875 0.7814166671875 0.155765625 0.7777708328124999 0.15631250000000002 0.7595208328124999 0.15084375 0.755875 0.149203125 0.7551458328125 0.14264062500000002 0.755875 0.139359375 0.7609791671874999 0.136078125 0.7726666671875 0.14154687500000002 0.7836041671875 0.13990625 0.78725 0.12896875000000002 0.7967291671875001 0.130609375 0.8149791671875001 0.144828125 0.8113125 0.16453125 0.8142291671875 0.174921875 0.827375 0.17710937499999999 0.8266458328124999 0.17054687500000001 0.7952708328125 0.159609375 0.7879791671875
2 0.8221093749999999 0.7517291671875 0.827984375 0.7756666671875 0.83346875 0.7882083328125 0.8344843750000001 0.8030208328124999 0.83671875 0.8210416671875 0.838078125 0.8324583328124999 0.83790625 0.8559374999999999 0.8391093749999999 0.8764791671875001 0.844578125 0.8760208328125 0.846640625 0.8726041671875 0.85690625 0.8735208328124999 0.860328125 0.8810416671875 0.8630625000000001 0.8862916671875001 0.8762343749999999 0.8858333328124999 0.8784531250000001 0.8817291671874999 0.879484375 0.8703125 0.8895781250000001 0.8691875 0.8960781250000001 0.8685 0.8988125 0.8755625 0.9123281249999999 0.8767083328125 0.915234375 0.8691875 0.916609375 0.85275 0.916953125 0.8459166671875 0.91540625 0.8374791671875 0.9188281249999999 0.8310833328125 0.9189999999999999 0.8208125000000001 0.9172812499999999 0.8126041671875001 0.9147187499999999 0.8027291671875 0.9131406249999999 0.7989791671875001 0.9075312500000001 0.7871041671875 0.8802031250000001 0.7492291671875 0.836328125 0.7505208328124999 0.82528125 0.750375 0.8221093749999999 0.7517291671875
8 0.14585937499999999 0.8689791671875 0.15517187500000001 0.8727916671875 0.1523020828125 0.8855486109375 0.1546927078125 0.8858541671875001 0.1542135421875 0.8989166671875 0.1515885421875 0.8987638890625 0.150875 0.9119791671874999 0.153734375 0.9119791671874999 0.16664062500000001 0.9186666671875001 0.169140625 0.9153125 0.1695 0.9186666671875001 0.1695 0.9124375 0.166853125 0.9080625 0.16976953125 0.9032500000000001 0.175234375 0.9041597234375001 0.18096874999999998 0.8958819437500001 0.18848437499999998 0.9172291671874999 0.19028125 0.9172291671874999 0.18740625 0.9119791671874999 0.1897421875 0.9033749999999999 0.18759375 0.8997916671875 0.18740625 0.8947708328124999 0.189203125 0.8895208328124999 0.186703125 0.8876041671875001 0.189203125 0.8804375 0.18884375 0.8718541671875 0.185984375 0.8718541671875 0.185984375 0.8608541671875001 0.17703125 0.8594375 0.175234375 0.8560833328124999 0.175234375 0.8374583328125 0.17271875 0.8264791671875 0.167359375 0.8164374999999999 0.156609375 0.8083125000000001 0.145140625 0.8092708328124999 0.137265625 0.8169166671875001 0.135109375 0.8274166671875 0.1440625 0.8646874999999999 0.129734375 0.9091041671875001 0.13189062499999998 0.9105416671875 0.14585937499999999 0.8689791671875
8 0.540578125 0.8874375000000001 0.540578125 0.8743958328125 0.5402812499999999 0.844875 0.540578125 0.8391249999999999 0.543734375 0.8276249999999999 0.543453125 0.8164999999999999 0.532515625 0.8138125 0.531953125 0.8149583328125001 0.5313749999999999 0.8801458328124999 0.540578125 0.8874375000000001
8 0.5743125 0.8446979171875 0.5704427078125 0.8519652765625001 0.5773906249999999 0.8772291671874999 0.5797656250000001 0.8797499999999999 0.585921875 0.8740625 0.592078125 0.8740625 0.5953906250000001 0.8709166671874999 0.591125 0.8658541671875 0.59365625 0.85849305625 0.5919218749999999 0.84606944375 0.5931953125 0.8424270828125 0.5901875000000001 0.8336458328124999 0.5935677078125 0.83188194375 0.594953125 0.8097291671875 0.586921875 0.805875 0.5954375 0.7910833328125 0.57503125 0.7921666671875001 0.574390625 0.805 0.5939401046875 0.82133680625 0.56696875 0.8393333328124999 0.5743125 0.8446979171875
8 0.45603125 0.7817291671875 0.44628125 0.7804375 0.44701562499999997 0.7882291671874999 0.44678125 0.7973125 0.44945312499999995 0.8089999999999999 0.44945312499999995 0.8206875 0.44945312499999995 0.8210208328125 0.458703125 0.8174583328124999 0.45725 0.81225 0.456265625 0.8002499999999999 0.45603125 0.7817291671875
8 0.33421875 0.8316874999999999 0.333734375 0.8742291671875 0.33909375 0.8791041671875 0.339578125 0.8690416671875001 0.34275 0.8693541671875 0.343484375 0.8722916671875 0.345421875 0.8745625 0.350046875 0.8738958328124999 0.352734375 0.8628750000000001 0.35103125 0.8589791671875 0.347609375 0.8557291671874999 0.34590624999999997 0.8488958328124999 0.35540625000000003 0.8271458328125 0.35053125 0.8235833328125001 0.34396875 0.82325 0.337640625 0.8229374999999999 0.33665625 0.8235833328125001 0.334703125 0.8226041671875001 0.33421875 0.8316874999999999
8 0.43382812499999995 0.8249791671875 0.43771875 0.853875 0.46621875 0.8551666671874999 0.47692187500000005 0.8713958328125001 0.474984375 0.8541874999999999 0.487890625 0.8541874999999999 0.49421875000000004 0.8593958328125 0.49640625 0.8535416671875 0.488859375 0.8171875 0.4296875 0.8132916671875 0.422875 0.8197708328125 0.422875 0.8230208328125 0.43382812499999995 0.8249791671875
8 0.581640625 0.8461874999999999 0.5813906249999999 0.8322291671875 0.59478125 0.8374166671875001 0.59478125 0.8169583328125001 0.5901562499999999 0.8075416671875001 0.573359375 0.804625 0.5514375 0.8059166671875 0.555828125 0.8166458328124999 0.5563125 0.8426041671875 0.56921875 0.8396874999999999 0.581640625 0.8461874999999999
8 0.38225 0.8627708328124999 0.400921875 0.8608750000000001 0.41168750000000004 0.8723541671874999 0.41025 0.8599166671875 0.415984375 0.8589583328125 0.421015625 0.8694791671875001 0.42532812499999995 0.8560833328124999 0.4310625 0.8637291671874999 0.43753125 0.8541666671874999 0.43178124999999995 0.8254374999999999 0.395171875 0.8206666671875 0.387265625 0.8244791671874999 0.38654687499999996 0.8263958328125 0.390140625 0.8398125000000001 0.38225 0.8627708328124999
8 0.25207812500000004 0.8506458328125 0.2551875 0.8562291671875 0.256828125 0.860125 0.25975000000000004 0.8657291671875 0.26340625 0.8637708328124999 0.2663125 0.8654791671875 0.27434375 0.8778958328125 0.285296875 0.8647500000000001 0.282015625 0.8545416671874999 0.27690625 0.8367708328125 0.278171875 0.8204791671875 0.27453125 0.8204791671875 0.240765625 0.8177916671875 0.23603125 0.8173125000000001 0.235109375 0.8197291671875 0.233109375 0.8228958328125 0.233109375 0.8253333328125001 0.23543750000000002 0.8317708328125001 0.23529687500000002 0.8442708328125 0.23898437499999997 0.8461666671874999 0.24525000000000002 0.8490208328125 0.24495312500000002 0.852625 0.24539062500000003 0.8585 0.247703125 0.860375 0.2528125 0.860375 0.25207812500000004 0.8506458328125
8 0.538828125 0.8367708328125 0.5451718750000001 0.8325416671875001 0.545703125 0.8149583328125001 0.543578125 0.8138958328125 0.53303125 0.8096666671875001 0.5314375 0.8571875 0.536453125 0.8469791671875001 0.538828125 0.8367708328125
8 0.39390625 0.82125 0.39390625 0.81925 0.39340625 0.8164166671875 0.39303125 0.8145833328125001 0.385640625 0.8149166671874999 0.385015625 0.8172499999999999 0.384390625 0.8200833328125 0.384390625 0.82225 0.387640625 0.8242499999999999 0.391015625 0.8247500000000001 0.39353125 0.8235833328125001 0.39390625 0.82125
8 0.40437500000000004 0.8087916671875 0.406640625 0.8090624999999999 0.4085 0.8090624999999999 0.40890624999999997 0.8076874999999999 0.408296875 0.8043958328124999 0.408703125 0.7994583328125 0.408296875 0.798625 0.404984375 0.7975208328125001 0.404171875 0.7977916671874999 0.40065625000000005 0.7980833328125 0.40004687499999997 0.8005416671875001 0.40065625000000005 0.806875 0.40437500000000004 0.8087916671875
8 0.4539375 0.820625 0.455578125 0.8203958328125 0.45629687499999994 0.8194166671875 0.45739062500000005 0.8182083328124999 0.45721875 0.8164999999999999 0.45684375 0.8150625 0.45629687499999994 0.8136041671875001 0.45575 0.8121458328125 0.455578125 0.8118958328125 0.45521874999999995 0.8114166671874999 0.451390625 0.8114166671874999 0.44920312500000004 0.8150625 0.44920312500000004 0.8196666671875 0.45229687500000004 0.820625 0.4539375 0.820625
8 0.475609375 0.7960833328125 0.47248437499999996 0.7960833328125 0.471578125 0.7966458328125 0.4691875 0.7987291671875 0.46910937500000005 0.8032291671875 0.47726562499999997 0.8038958328125 0.47784375 0.8037708328125 0.478078125 0.8009166671875001 0.475609375 0.7960833328125
8 0.50246875 0.8056041671875 0.50246875 0.8037083328125 0.4989375 0.8040833328125 0.498359375 0.8059791671875001 0.49709375 0.8086249999999999 0.49765625 0.8137291671875 0.503890625 0.8139166671875 0.50446875 0.8088124999999999 0.50246875 0.8056041671875
8 0.5683125 0.807625 0.566296875 0.8059375 0.567359375 0.8042291671875 0.57084375 0.8023958328124999 0.5705312499999999 0.7987291671875 0.5647031250000001 0.7984375 0.563953125 0.7998541671875 0.56353125 0.8084791671874999 0.56725 0.8104583328125001 0.570109375 0.8090416671874999 0.5683125 0.807625
8 0.47846875000000005 0.7936458328125 0.48115625 0.7900416671875 0.484 0.7815416671875 0.48371875 0.7760625 0.48101562500000006 0.7705625 0.477625 0.7739791671875 0.475203125 0.77 0.47009375000000003 0.76925 0.46840624999999997 0.7734166671875 0.466265625 0.7745416671875 0.46712499999999996 0.7892916671875 0.4686875 0.8025208328125 0.4698125 0.8030833328125 0.475203125 0.8028958328125 0.4771875 0.8013958328124999 0.47746875 0.799125 0.47846875000000005 0.7936458328125