8 0.356546875 0.707152940625 0.36396875 0.6803058828124999 0.35059375 0.6803058828124999 0.32534375 0.6780705874999999 0.295640625 0.6780705874999999 0.274828125 0.6825411765625 0.268890625 0.691482353125 0.274828125 0.7116235296875 0.276328125 0.707152940625 0.282265625 0.7250588234374999 0.32534375 0.7295294125 0.340203125 0.7295294125 0.356546875 0.707152940625
8 0.253125 0.643717646875 0.266515625 0.6392470593749999 0.287359375 0.6100941171875001 0.24715625000000002 0.6280235296875001 0.24715625000000002 0.6168235296875 0.253125 0.5944 0.31267187500000004 0.5719764703125 0.279921875 0.4083058828125 0.211421875 0.4127764703125 0.208453125 0.43296470625000005 0.259078125 0.464352940625 0.10571875 0.491247059375 0.077421875 0.397082353125 0.02084375 0.4105411765625 0.052109375 0.5921411765625 0.1593125 0.58543529375 0.18462499999999998 0.5831764703125 0.171234375 0.61456470625 0.1756875 0.6482117640625 0.211421875 0.652682353125 0.212921875 0.6683764703125 0.266515625 0.6952941171875 0.2605625 0.6908000000000001 0.259078125 0.6683764703125 0.253125 0.643717646875
9 0.44021875 0.9865176468750001 0.43276562500000004 0.95056470625 0.46559375000000003 0.8584235296875 0.45365625 0.7617882359375 0.462609375 0.5707764703125 0.44470312500000003 0.4382117640625 0.42978125 0.3910117640625 0.40440624999999997 0.3842588234375 0.3984375 0.3528 0.3865 0.30336470625 0.36859375 0.283152940625 0.314875 0.3280941171875 0.31189062500000003 0.34607058749999997 0.33576562499999996 0.3955058828125 0.36709375 0.4292235296875 0.346203125 0.48538823593749997 0.329796875 0.55056470625 0.24771875 0.5977411765625 0.24323437499999997 0.6247294125 0.255171875 0.633717646875 0.282046875 0.6044941171875 0.2895 0.6224705875 0.323828125 0.613482353125 0.36112500000000003 0.5955058828124999 0.371578125 0.6584235296875 0.38053125 0.8764 0.402921875 0.9707764703124999 0.410375 0.988752940625 0.44021875 0.9865176468750001
9 0.6465625 0.9892 0.64921875 0.983882353125 0.6498125 0.9719058828125 0.651578125 0.964352940625 0.65128125 0.9457176468749999 0.655109375 0.9355058828124999 0.661296875 0.9279529406249999 0.667203125 0.9168705875000001 0.672796875 0.9106588234374999 0.679578125 0.8955529406249999 0.68075 0.8857882359374999 0.6828125 0.8684941171875 0.699328125 0.8676 0.7223124999999999 0.8622588234374999 0.7544375 0.8493882359375 0.7833281249999999 0.84096470625 0.7948125 0.8400705875 0.79746875 0.8414117640625 0.803359375 0.8467294125 0.820171875 0.8533882359374999 0.83284375 0.8520705875000001 0.8369687499999999 0.8551764703125 0.8413906250000001 0.8551764703125 0.8434531249999999 0.8516235296874999 0.8487500000000001 0.8476235296875 0.850234375 0.840517646875 0.852 0.8374117640625001 0.855828125 0.8360705875000001 0.859359375 0.8272 0.8596562499999999 0.8218823531250001 0.864078125 0.8196705874999999 0.869390625 0.8156705875 0.874390625 0.8045647062500001 0.8746875 0.7992470593750001 0.8696875000000001 0.7881411765624999 0.8643750000000001 0.7828235296875 0.8570156250000001 0.7743764703125 0.857296875 0.7735058828125 0.864671875 0.775717646875 0.87115625 0.7770588234375 0.88765625 0.7828235296875 0.8944375000000001 0.7806117640625 0.8938437499999999 0.7690588234375 0.8897187499999999 0.7641882359375 0.8861874999999999 0.7561882359375 0.880296875 0.7539764703125 0.8661406250000001 0.7455294125 0.8661406250000001 0.7442117640625 0.864671875 0.738 0.8620156250000001 0.7331058828125 0.856421875 0.7251294125000001 0.8478749999999999 0.72023529375 0.8387343749999999 0.7095764703125 0.8248749999999999 0.7002588234375 0.808078125 0.6927294125000001 0.78184375 0.6825176468749999 0.75915625 0.6763058828124999 0.72378125 0.65943529375 0.7090468750000001 0.6492235296875 0.6892968749999999 0.6394588234375 0.6763281250000001 0.637247059375 0.672796875 0.63103529375 0.669546875 0.625247059375 0.66159375 0.6092705875 0.65540625 0.5919764703125 0.6480312500000001 0.564 0.644203125 0.539152940625 0.6418437499999999 0.5298352937499999 0.6383125 0.5112 0.628 0.48277647031250004 0.6129687500000001 0.45261176406250003 0.6100156250000001 0.44416470625000004 0.615328125 0.44016470625000004 0.6185625 0.4352941171875 0.6226875 0.434847059375 0.6288750000000001 0.42863529375000003 0.6350625 0.42463529375000003 0.636546875 0.4175294125 0.637421875 0.41665882343750005 0.6445000000000001 0.41576470624999995 0.646859375 0.41265882343750004 0.646859375 0.40421176406250003 0.647453125 0.402447059375 0.652453125 0.400682353125 0.6542343749999999 0.396682353125 0.6542343749999999 0.38823529375 0.653046875 0.378917646875 0.65953125 0.377152940625 0.6636562500000001 0.3758117640625 0.665125 0.3713882359375 0.664546875 0.36338823593749997 0.663953125 0.356282353125 0.6621875 0.34696470625 0.663359375 0.3283294125 0.6636562500000001 0.32432941249999997 0.66690625 0.32432941249999997 0.6713281249999999 0.3176705875 0.673390625 0.31145882343750003 0.676921875 0.31056470625 0.6763281250000001 0.289717646875 0.676921875 0.2786117640625 0.6778125 0.263082353125 0.67809375 0.2515294125 0.676625 0.235552940625 0.6760312500000001 0.21515294062499998 0.6636562500000001 0.1929411765625 0.65128125 0.17430588281249998 0.62740625 0.1592235296875 0.601171875 0.1539058828125 0.577 0.1640941171875 0.564625 0.17785882343749998 0.55578125 0.18541176406249998 0.544 0.2027058828125 0.53396875 0.2187058828125 0.531609375 0.23068235312500002 0.5295468750000001 0.267082353125 0.533390625 0.2826117640625 0.533671875 0.2945882359375 0.535734375 0.3065882359375 0.53721875 0.3203294125 0.534265625 0.337647059375 0.5325 0.3536235296875 0.523953125 0.35096470625 0.521296875 0.3536235296875 0.51275 0.36960000000000004 0.5092187499999999 0.38247058749999996 0.5092187499999999 0.386917646875 0.5080312499999999 0.3935764703125 0.50390625 0.402447059375 0.502140625 0.40776470624999994 0.49565625 0.42418823593750005 0.489171875 0.44505882343750003 0.486515625 0.4552705875 0.485046875 0.46503529375 0.482984375 0.475247059375 0.47945312500000004 0.484117646875 0.47443749999999996 0.50143529375 0.469125 0.5329411765625001 0.46559375000000003 0.5537882359374999 0.458515625 0.61903529375 0.455859375 0.637247059375 0.452625 0.7095764703125 0.453796875 0.738447059375 0.44996875000000003 0.7695058828125 0.455859375 0.798352940625 0.45940624999999996 0.8147764703125 0.464125 0.850282353125 0.45940624999999996 0.8835764703125 0.453515625 0.9066588234375 0.44703125000000005 0.923952940625 0.439953125 0.9395058828125 0.43200000000000005 0.957247059375 0.435828125 0.9754588234374999 0.44614062499999996 0.9958588234375 0.44584375 1 0.643328125 0.99896470625 0.644203125 0.9914352937500001 0.6465625 0.9892
8 0.8471249999999999 0.5814117640625 0.8457968749999999 0.5769176468749999 0.8418125 0.5754117640625 0.840484375 0.5759058828125 0.838484375 0.5784235296875 0.8358281249999999 0.5819294125 0.8265156250000001 0.608447059375 0.8358281249999999 0.6154588234375 0.844140625 0.59543529375 0.8471249999999999 0.5814117640625
8 0.80053125 0.8557411765625 0.796 0.8666588234375 0.7887500000000001 0.8680235296875001 0.78240625 0.843482353125 0.7724375 0.842117646875 0.7615624999999999 0.850282353125 0.7325781250000001 0.8639294124999999 0.708125 0.872117646875 0.7026875 0.86256470625 0.7063125 0.8912235296875 0.79146875 0.8994117640624999 0.80053125 0.8816705875 0.80053125 0.8557411765625
8 0.941734375 0.3136705875 0.95059375 0.3143764703125 0.9575781250000001 0.315082353125 0.9575781250000001 0.3122588234375 0.9571093749999999 0.3115764703125 0.9487187499999999 0.3080705875 0.946390625 0.3066588234375 0.945921875 0.3017411765625 0.93940625 0.3017411765625 0.93940625 0.2919294125 0.9468593750000001 0.2912235296875 0.947328125 0.2891294125 0.9491875000000001 0.2856235296875 0.9585000000000001 0.28421176406250004 1 0.2856235296875 0.999484375 0.2568705875 0.9408125 0.25336470625 0.8975 0.2708941171875 0.8993593750000001 0.284917646875 0.9063437499999999 0.2912235296875 0.9147187499999999 0.3164705875 0.941734375 0.3136705875
8 0.784484375 0.4685411765625 0.7850937499999999 0.5149411765624999 0.860703125 0.5143294125 0.8629374999999999 0.5097411765625 0.8645625000000001 0.48440000000000005 0.8657812500000001 0.48075294062499996 0.865984375 0.47037647031249996 0.87328125 0.46823529375 0.872671875 0.46303529374999997 0.81346875 0.4642588234375 0.779828125 0.4651764703125 0.7804375 0.46823529375 0.784484375 0.4685411765625
8 0.830890625 0.6139058828125 0.809953125 0.6089176468749999 0.800578125 0.6130588234375 0.803328125 0.62303529375 0.8060937499999999 0.6437882359375 0.8358593750000001 0.6471058828125 0.836953125 0.6188705875 0.830890625 0.6139058828125
8 0.860734375 0.68423529375 0.860734375 0.6740705874999999 0.8518593750000001 0.6719294125 0.83196875 0.66176470625 0.82734375 0.6655058828125 0.8323281250000001 0.6665882359374999 0.8380000000000001 0.6756705875 0.8419062500000001 0.6922588234375 0.858953125 0.6997411765625 0.858609375 0.6992 0.858609375 0.6970588234374999 0.860734375 0.68423529375
8 0.22137500000000002 1 0.2938125 0.977647059375 0.273109375 0.7984235296875 0.217921875 0.7646588234375 0.169625 0.8841411765625 0.16789062500000002 0.8789411765624999 0.17825 0.9802352937500001 0.22137500000000002 1