7 0.386255859375 0.6876463700234192 0.423972221875 0.7136117611241218 0.40931249999999997 0.7595550351288056 0.419796875 0.7775175644028104 0.47978125 0.7775175644028104 0.51875 0.7820140515222483 0.5277499999999999 0.8044964871194379 0.5562343750000001 0.8381967213114756 0.59521875 0.8359484777517565 0.61171875 0.8224824355971897 0.634203125 0.7528103044496487 0.6312031250000001 0.6921311475409837 0.641703125 0.7011241217798595 0.646203125 0.674168618266979 0.6506875 0.6561826697892272 0.644703125 0.6471896955503513 0.635703125 0.6247306791569087 0.635703125 0.5820140515222483 0.6012187499999999 0.5932552693208432 0.59971875 0.5842622950819673 0.574234375 0.5730444964871195 0.485765625 0.6067447306791569 0.4891628296875 0.5932626651053865 0.4762220390625 0.5483175152224825 0.47228125 0.5460655737704918 0.4729868421875 0.5370812271662764 0.47453124999999996 0.5348360655737705 0.47678125 0.5236065573770492 0.4697516453125 0.5258449391100702 0.47003125 0.5134894613583139 0.46651644687499993 0.5146086533957847 0.45878125000000003 0.5101170960187354 0.46328125 0.5033723653395785 0.45678385468749994 0.49700624590163933 0.45079166718749997 0.457673693208431 0.44529687500000004 0.45393442622950825 0.4497890625 0.44044496487119444 0.446796875 0.43145199063231854 0.4078125 0.44494145199063234 0.3918125 0.45393442622950825 0.38621875 0.4602295081967213 0.4018125 0.47192037470725995 0.3973177078125 0.49288056206089 0.382328125 0.48538641686182676 0.34634375 0.47192037470725995 0.350828125 0.5056206088992974 0.371828125 0.5191100702576112 0.359828125 0.5730444964871195 0.33584375 0.5730444964871195 0.32534375 0.5842622950819673 0.310359375 0.6067447306791569 0.29621651718750003 0.6741518899297425 0.293859375 0.6853864168618269 0.307359375 0.7595550351288056 0.33284375 0.7910070257611241 0.362828125 0.8000000000000002 0.386255859375 0.6876463700234192
9 0.382546875 0.45323185 0.389390625 0.4538173296875 0.395859375 0.4549414515625 0.39965625 0.448688525 0.40459375 0.442412178125 0.412578125 0.4429742390625 0.425875 0.44810304375000004 0.4255 0.440140515625 0.43385937500000005 0.437283371875 0.43309375 0.42189695625 0.431953125 0.4014051515625 0.428921875 0.3905854796875 0.4300625 0.386580796875 0.43271875 0.38032786875 0.43423437500000006 0.3746370015625 0.43765625 0.36836065625000003 0.43956249999999997 0.3569789234375 0.43423437500000006 0.35014051562500004 0.422453125 0.342716628125 0.41714062500000004 0.34843091406250004 0.4118125 0.362084309375 0.40725 0.36323184999999997 0.4023125 0.36836065625000003 0.4023125 0.376908665625 0.39775 0.3808899296875 0.39090625 0.3882903984375 0.38482812499999997 0.4002576109375 0.37951562499999997 0.410515221875 0.374953125 0.4515222484375 0.37570312499999997 0.4623419203125 0.38065625000000003 0.45608899375 0.382546875 0.45323185
9 0.39851562500000004 0.492388759375 0.411953125 0.5058079625 0.426875 0.5170023421875001 0.44479687500000004 0.523700234375 0.477625 0.49461358281249995 0.48060937499999995 0.5147540984375001 0.46120312500000005 0.5304215453125 0.450765625 0.5371194375 0.450765625 0.5483138171874999 0.44778124999999996 0.559508196875 0.43732812499999996 0.5729274 0.43284374999999997 0.5818735359375 0.423890625 0.5997658078125 0.40896875 0.6176580796875 0.403 0.6333255265625 0.40149999999999997 0.6735831375 0.386578125 0.698196721875 0.379125 0.734004684375 0.37015625 0.7742622953125 0.355234375 0.803348946875 0.341796875 0.8122950812499999 0.341796875 0.8212412171875 0.35375 0.8301873531249999 0.374640625 0.8279625296875001 0.39851562500000004 0.8257142859375 0.3910625 0.8055737703125001 0.39254687499999996 0.7765105390625 0.404484375 0.7765105390625 0.41046875 0.767564403125 0.411953125 0.731756440625 0.42985937500000004 0.6803044500000001 0.443296875 0.6534660421875 0.46120312500000005 0.6355737703125001 0.44778124999999996 0.5975409843749999 0.455234375 0.57067915625 0.462703125 0.54608899375 0.47614062500000004 0.5326463703125001 0.48509375 0.5304215453125 0.494046875 0.519227165625 0.507484375 0.5125292734375 0.511953125 0.5013348953125 0.5149375 0.4789695546875 0.519421875 0.4498829046875 0.52090625 0.4096018734375 0.526890625 0.3782903984375 0.526890625 0.3603981265625 0.526890625 0.3402576109375 0.519421875 0.3111709609375 0.5134531250000001 0.2955269328125 0.49254687500000005 0.2955269328125 0.482109375 0.3111709609375 0.47912499999999997 0.3268384078125 0.47614062500000004 0.3425058546875 0.474640625 0.351451990625 0.477625 0.36487119375 0.48509375 0.3805386421875 0.4895625 0.387236534375 0.46867187499999996 0.41632318437500004 0.45375 0.43199063281249994 0.44926562499999995 0.456580796875 0.431359375 0.47002341875000003 0.403 0.47224824375 0.39553125 0.467775175 0.379125 0.46107728281249993 0.37015625 0.467775175 0.37165625 0.4744964875 0.388078125 0.48566744687499996 0.39851562500000004 0.492388759375
9 0.054906250000000004 0.54969555 0.053078125 0.5671896953125 0.053078125 0.5731850109375001 0.05125 0.5824824359375 0.05745312500000001 0.5852224828125 0.06218749999999999 0.580843090625 0.06546874999999999 0.5693676812499999 0.06584375 0.5546135828125001 0.06475 0.532763465625 0.06803125 0.5163700234374999 0.071671875 0.50325526875 0.072765625 0.516908665625 0.072765625 0.52674473125 0.07203125 0.543676815625 0.07021875 0.5513348953125 0.0709375 0.5644496484375 0.076046875 0.5824824359375 0.08115625 0.5879391093749999 0.083703125 0.5885011703125 0.085890625 0.5770257609375 0.08479687500000001 0.5644496484375 0.08771875 0.5262060890625 0.0888125 0.5108899296875 0.09209375 0.497236534375 0.09281249999999999 0.4726463703125 0.0931875 0.42892271718749997 0.09390625 0.404332553125 0.08771875 0.3797423890625 0.080421875 0.37046838437499996 0.08553125 0.3546135828125 0.08225 0.3387587828125 0.0709375 0.332763465625 0.06218749999999999 0.33932084375 0.06146875 0.35243559687500003 0.06218749999999999 0.36882903906250003 0.054171875 0.37920374687499997 0.049062499999999995 0.3928571421875 0.045421875 0.40161592500000004 0.0450625 0.41637002343749996 0.047609374999999995 0.42948477812499997 0.051984375000000006 0.439859484375 0.05053125000000001 0.45297423906249995 0.051625 0.47538641718749997 0.05015625 0.49559718906250005 0.050890625 0.5403981265625 0.050890625 0.5344028109375001 0.053078125 0.5447775171875 0.054906250000000004 0.54969555
9 0.46753125000000006 0.6785948484375 0.464546875 0.6979625296874999 0.43174999999999997 0.7128571421875 0.45659375 0.733723653125 0.519203125 0.7500936765625 0.519203125 0.67709601875 0.50828125 0.6592271656250001 0.499328125 0.6428337234375 0.48442187499999995 0.59517564375 0.526171875 0.59517564375 0.554 0.5922014046874999 0.572875 0.5787822015625 0.587796875 0.5758079625 0.6046875 0.577283371875 0.61065625 0.562388759375 0.6136250000000001 0.5415456671875 0.61065625 0.44023419218750004 0.61065625 0.42384075 0.600703125 0.394051521875 0.5848125 0.37468384062500004 0.576859375 0.3657611234375 0.574875 0.343395784375 0.572875 0.32255269375 0.5629375 0.30765807968750003 0.54903125 0.2897658078125 0.532125 0.31063231875 0.526171875 0.3285011703125 0.530140625 0.343395784375 0.532125 0.3657611234375 0.531140625 0.38512880625 0.526171875 0.39555035156249996 0.5221875 0.41341920312499997 0.51125 0.5102576109375 0.49634375000000003 0.51770491875 0.474484375 0.53259953125 0.47050000000000003 0.5460187359375 0.45559374999999996 0.5534660421875001 0.45260937500000004 0.5877283375 0.46753125000000006 0.6785948484375
9 0.326796875 0.500163934375 0.33246875 0.4969789234375 0.333171875 0.4969789234375 0.33671875 0.4810304453125 0.33671875 0.471451990625 0.338140625 0.4629508203125 0.33884375 0.4438173296875 0.33671875 0.43744730625 0.3353125 0.4257611234375 0.331765625 0.414051521875 0.326078125 0.4076814984375 0.325375 0.4076814984375 0.322546875 0.4076814984375 0.32040625 0.4183138171875 0.31615625 0.43107728281249996 0.31615625 0.44489461406249997 0.319 0.48953161562499997 0.316859375 0.49058547968750005 0.31828124999999996 0.49484777500000005 0.326796875 0.500163934375
9 0.655234375 0.4700936765625 0.661265625 0.4688056203125 0.6522187500000001 0.44365339531250003 0.6500625 0.4275175640625 0.655671875 0.4384777515625 0.65653125 0.4462295078125 0.659546875 0.45461358281250003 0.65996875 0.4571896953125 0.6616875 0.46365339531250005 0.662984375 0.46751756406249995 0.6642812499999999 0.4688056203125 0.6664375 0.4720374703125 0.668578125 0.4733255265625 0.6720312500000001 0.4733255265625 0.672453125 0.4733255265625 0.67159375 0.4700936765625 0.668578125 0.4617096015625 0.665140625 0.4552693203125 0.659546875 0.4391334890625 0.65996875 0.43395784531250003 0.6604062500000001 0.4320374703125 0.65996875 0.42428571406250004 0.6470625 0.41072599531250004 0.6431875 0.40557377031249997 0.641453125 0.4049180328125 0.639734375 0.4049180328125 0.6384375 0.39330210781249997 0.635 0.3907259953125 0.629828125 0.3920140515625 0.62553125 0.3952459015625 0.6238125 0.3978220140625 0.62165625 0.40686182656250003 0.6203593749999999 0.4094379390625 0.6160625 0.4113817328125 0.61390625 0.41266978906249996 0.613046875 0.41653395781249997 0.6113125 0.41911007031249997 0.6095937499999999 0.42042154531250003 0.6083125 0.4320374703125 0.610890625 0.43976580781249996 0.614765625 0.4462295078125 0.612609375 0.4520374703125 0.61175 0.45847775156250004 0.61003125 0.4617096015625 0.6095937499999999 0.46365339531250005 0.610890625 0.4694613578125 0.61390625 0.4733255265625 0.6160625 0.47655737656249997 0.6268125 0.4849414515625 0.6151875 0.47655737656249997 0.626390625 0.4855971890625 0.6393125000000001 0.48365339531249996 0.6530781250000001 0.4733255265625 0.655234375 0.4700936765625
9 0.932703125 0.53709601875 0.932703125 0.531779859375 0.929859375 0.5147306796875 0.93484375 0.5083372359375 0.94053125 0.521124121875 0.9376875 0.5381733015625 0.94834375 0.542412178125 0.9419531250000001 0.5147306796875 0.9511875 0.496604215625 0.9497656250000001 0.4678454328125 0.9661093749999999 0.42203747031249994 0.955453125 0.397540984375 0.94053125 0.3858079625 0.91778125 0.391147540625 0.900015625 0.41032786874999994 0.8914843749999999 0.41456674531250004 0.8893437499999999 0.43374707187499995 0.9035624999999999 0.44974238906249997 0.9064062500000001 0.4635831375 0.9113749999999999 0.489156909375 0.9127968750000001 0.542412178125 0.9170624999999999 0.5413583140625 0.932703125 0.5392271656250001 0.932703125 0.53709601875
9 0.17490624999999999 0.48480093750000003 0.178015625 0.47548009375 0.175953125 0.466955503125 0.172328125 0.4646370015625 0.16904687499999999 0.46566744687500006 0.1668125 0.4697892265625 0.16664062500000001 0.47962529218750005 0.169390625 0.48531615937500006 0.16578125 0.49021077343749997 0.162328125 0.5129742390625001 0.18646875000000002 0.5129742390625001 0.183015625 0.4907259953125 0.17490624999999999 0.48480093750000003
9 0.30285937500000004 0.43976580781249996 0.301140625 0.43332552656249995 0.29553124999999997 0.41976580781250006 0.291234375 0.42042154531250003 0.287359375 0.43332552656249995 0.28304687500000003 0.4449414515625 0.27917187499999996 0.4668852453125 0.281765625 0.48430913281250004 0.285203125 0.4759016390625 0.291234375 0.5017330203125 0.297265625 0.5004449656250001 0.302421875 0.4804215453125 0.30285937500000004 0.43976580781249996
9 0.12875 0.537915690625 0.14021875 0.534707259375 0.14596875 0.5250351281250001 0.146671875 0.5110538640625 0.14525 0.49063231875 0.13090625 0.4637704921875 0.13234375 0.461615925 0.138078125 0.47344262343750004 0.177515625 0.4809601875 0.17178125 0.46700234218750003 0.161734375 0.4626932078125 0.147390625 0.45194379375000004 0.15815625 0.4508665109375 0.178234375 0.4508665109375 0.18682812499999998 0.43259953125 0.180375 0.42936768125 0.17178125 0.42615925 0.165328125 0.4250819671875 0.15959375 0.4250819671875 0.150984375 0.4229274 0.147390625 0.41002341875 0.153140625 0.4025058546875 0.160296875 0.3831615921875 0.15887500000000002 0.362740046875 0.151703125 0.362740046875 0.133765625 0.365971896875 0.13018749999999998 0.378852459375 0.12085937499999999 0.391756440625 0.10723437499999999 0.4025058546875 0.097203125 0.42615925 0.093609375 0.4476346609375 0.094328125 0.45730679218750003 0.10078125 0.46805620625 0.10221875 0.4927868859375 0.11440625 0.5078220140624999 0.115125 0.5250351281250001 0.10723437499999999 0.566932084375 0.109390625 0.586299765625 0.115125 0.5905854796875001 0.12875 0.589508196875 0.14309375 0.5841451984375 0.1409375 0.5658782203125 0.13664062500000002 0.557259953125 0.12875 0.537915690625
2 0.0311875 0.50648711875 0.01559375 0.4649414515625 0.0017343750000000002 0.472716628125 0.005203125 0.6883138171875001 0.06065625 0.6623419203124999 0.050249999999999996 0.55325526875 0.024265625 0.5610304453125 0.0311875 0.50648711875
9 0.8578281249999999 0.42866510468749996 0.84740625 0.39016393437499997 0.83978125 0.35583138124999997 0.82659375 0.3329508203125 0.8196406250000001 0.329836065625 0.7974375 0.35583138124999997 0.79465625 0.3755971890625 0.798828125 0.44946135781249996 0.80159375 0.4484309140625 0.842546875 0.45259953125 0.8661562500000001 0.44946135781249996 0.8668437499999999 0.4369789234375 0.8578281249999999 0.42866510468749996
8 0.688421875 0.5373536296875 0.6879375 0.5380796250000001 0.68696875 0.5383138171875 0.686171875 0.5371194375 0.685046875 0.53351288125 0.6832812500000001 0.5327868859375 0.6832812500000001 0.53351288125 0.6834374999999999 0.5363934421875001 0.685046875 0.5411943796875 0.685046875 0.5457611234375 0.68553125 0.5529742390625 0.686171875 0.5549180328125 0.688578125 0.5553864171875 0.694515625 0.5568384078124999 0.69659375 0.556604215625 0.696765625 0.5539578453125 0.6953125 0.5496252921875 0.690828125 0.5390398125 0.684890625 0.5250819671875 0.684890625 0.5260421546875 0.686484375 0.5313348953125 0.688421875 0.5373536296875