8 0.5888125 0.36676815 0.601671875 0.3771428578125 0.558140625 0.434964871875 0.53934375 0.44831381718749996 0.5413281249999999 0.458688525 0.5541875 0.47351288125 0.5650625 0.46611241249999996 0.5670468750000001 0.445339578125 0.6071093750000001 0.3860421546875 0.6125468749999999 0.3949414515625 0.661015625 0.3341451984375 0.6897031250000001 0.3178454328125 0.7371875 0.31932084375 0.76190625 0.3178454328125 0.79159375 0.29412177968750003 0.821265625 0.251124121875 0.8608281249999999 0.144379390625 0.8727031249999999 0.05245901562500001 0.8499531250000001 0.002060890625 0.7995 0.0005620609375 0.7717968749999999 0.019836065625 0.741140625 0.082107728125 0.7015781249999999 0.188852459375 0.653109375 0.28967213125 0.5888125 0.36676815
9 0.365375 0.9340749421875 0.357875 0.8936299765625 0.363875 0.8823887593749999 0.387875 0.9363231843750001 0.419359375 0.940819671875 0.42085937500000004 0.9318266984375001 0.4913125 0.7722716625 0.5138125 0.7228337234375 0.56928125 0.7003512875 0.57378125 0.682388759375 0.55878125 0.680140515625 0.5782812500000001 0.6666510531250001 0.57678125 0.6441920375 0.55878125 0.64194379375 0.557296875 0.6239578453125 0.57378125 0.614964871875 0.56928125 0.5970023421875 0.5063125 0.6217096015625 0.5018125 0.57901639375 0.485328125 0.5610304453125 0.477828125 0.567775175 0.485328125 0.6082201406250001 0.477828125 0.682388759375 0.41185937499999997 0.803723653125 0.386375 0.7228337234375 0.377375 0.6599063234375 0.335390625 0.5902576109375001 0.396859375 0.57676815 0.5243125 0.45765807968749994 0.56178125 0.4351990625 0.57078125 0.468899296875 0.597765625 0.43969555 0.620265625 0.38351288125 0.555796875 0.3542857140625 0.45234375 0.412716628125 0.401359375 0.44194379375 0.374375 0.47114754062499997 0.329390625 0.4846370015625 0.329390625 0.45990632343750004 0.344390625 0.36552693281250004 0.338390625 0.31833723593749996 0.341390625 0.277892271875 0.31290625 0.214964871875 0.267921875 0.2351990625 0.21545312499999997 0.26665105312500004 0.20045312499999998 0.31608899375 0.18846875000000002 0.340819671875 0.201953125 0.401475409375 0.22893750000000002 0.448688525 0.194453125 0.49362997656249996 0.16446875 0.6172131140625 0.156984375 0.6958782203125 0.141984375 0.812716628125 0.135984375 0.9902576109375 0.134484375 0.9902576109375 0.377375 0.9947540984375 0.365375 0.9340749421875
9 0.44128125 0.023395784375 0.43525 0.041451990625000004 0.42923437499999995 0.052740046875 0.42923437499999995 0.070796253125 0.43676562499999994 0.084355971875 0.44128125 0.10466042187499999 0.43525 0.118220140625 0.42170312499999996 0.14077283437500002 0.40512499999999996 0.165620609375 0.39609375 0.1859250578125 0.38856250000000003 0.199484778125 0.385546875 0.2107494140625 0.382546875 0.2400936765625 0.382546875 0.2626697890625 0.390078125 0.2852459015625 0.397609375 0.29428571406250004 0.400609375 0.3168618265625 0.400609375 0.3394379390625 0.408140625 0.35297423906250003 0.4186875 0.3777985953125 0.408140625 0.43199063281249994 0.41265625000000006 0.43199063281249994 0.43375 0.4207025765625 0.44278125 0.41843091406250005 0.463875 0.40714285781250004 0.465375 0.40037470781250006 0.46085937499999996 0.3845667453125 0.47592187499999994 0.38007025781250003 0.49098437500000003 0.3732786890625 0.497 0.3732786890625 0.5331406249999999 0.3665105390625 0.5406718749999999 0.3642622953125 0.55121875 0.3552224828125 0.56478125 0.35297423906250003 0.570796875 0.3462060890625 0.5798281249999999 0.3439344265625 0.588875 0.3462060890625 0.602421875 0.3462060890625 0.615984375 0.3416861828125 0.617484375 0.3394379390625 0.615984375 0.3191100703125 0.61146875 0.3010538640625 0.6039375 0.29428571406250004 0.5798281249999999 0.2852459015625 0.570796875 0.2784777515625 0.570796875 0.2739578453125 0.5662812500000001 0.2604215453125 0.56478125 0.2446135828125 0.5662812500000001 0.22655737656250002 0.569296875 0.2152693203125 0.570796875 0.194964871875 0.578328125 0.1814051515625 0.5798281249999999 0.154332553125 0.576828125 0.136276346875 0.570796875 0.120468384375 0.546703125 0.115948478125 0.5271250000000001 0.11370023437500001 0.5195937500000001 0.10693208437499999 0.5195937500000001 0.095644028125 0.51809375 0.084355971875 0.516578125 0.059508196874999995 0.5135625 0.036955503125 0.5135625 0.023395784375 0.5105625 0.007611240625 0.497 0.007611240625 0.47440625000000003 0.007611240625 0.45332812499999997 0.007611240625 0.43676562499999994 0.014379390624999999 0.42923437499999995 0.014379390624999999 0.43375 0.016627634375 0.44128125 0.023395784375
9 0.788625 0.4667213109375 0.811125 0.5184074937500001 0.829109375 0.552131146875 0.829109375 0.5925761125 0.805125 0.5925761125 0.803625 0.6105386421875 0.802125 0.6487587828125 0.802125 0.6577517562499999 0.87709375 0.6667213109375 0.9115781249999999 0.6757142859374999 0.9220625 0.7386416859375 0.9385625 0.815035128125 0.9460625 0.8779625296875 0.952046875 0.925152225 0.9610468750000001 0.9476346609374999 0.968546875 0.954379390625 0.982046875 0.9476346609374999 0.99553125 0.9363934421875 0.9925312500000001 0.8712177984375 0.983546875 0.8217798593750001 0.9700468750000001 0.761100703125 0.9700468750000001 0.72740046875 0.98653125 0.7498829046875 0.99553125 0.754379390625 0.99103125 0.7026932078125 0.9985312499999999 0.5588524593749999 1 0.4667213109375 0.9925312500000001 0.45775175625 0.965546875 0.39482435625 0.9340624999999999 0.38583138125 0.916078125 0.3655971890625 0.902578125 0.3341451984375 0.9115781249999999 0.25325526875 0.907078125 0.2060655734375 0.9055781250000001 0.18583138125 0.87709375 0.1768384078125 0.8471093749999999 0.1768384078125 0.833609375 0.21728337187500002 0.826109375 0.2442622953125 0.826109375 0.25997658125 0.8216093750000001 0.3116627640625 0.8216093750000001 0.33189695625 0.8096249999999999 0.36110070312500003 0.791625 0.3790866515625 0.776640625 0.3970726 0.764640625 0.4127868859375 0.7676406250000001 0.41953161562499997 0.772140625 0.4330210765625 0.788625 0.4667213109375
9 0.001028571875 0.3090806296875 0 0.3105573765625 0.0012000000000000001 0.3208946140625 0 0.32261748749999997 0.001371428125 0.332708596875 0 0.33467759531249996 0.0015428578125 0.3445225828125 0 0.3467377046875 0.0017142859375 0.3563365671875 0 0.358797815625 0.0018857140625 0.368150553125 0 0.3708579234375 0.0020571421875 0.3799645359375 0 0.38291803281250003 0.002228571875 0.391778521875 0 0.3949781421875 0.0024000000000000002 0.40359250625 0 0.40703825 0.0025714281249999997 0.41540648906250005 0 0.4190983609375 0.0027428578125 0.42722047500000004 0 0.4311584703125 0.0029142859375 0.439034459375 0 0.44321857812500004 0.0030857140625000002 0.4508484453125 0 0.45527868906249996 0.0032571421875 0.46266242812499997 0 0.46733879843750004 0.003428571875 0.47447641406249996 0 0.47939890625 0.0036 0.48629039843750005 0 0.491459015625 0.003771428125 0.49810438125 0 0.5035191265625001 0.003942857812500001 0.5099183671875 0 0.515579234375 0.0041142859375 0.5217323515625 0 0.52763934375 0.0042857140624999995 0.5335463375 0 0.5396994546875 0.004457142187500001 0.5453603203124999 0 0.5517595625 0.004628571875 0.5571743062500001 0 0.5638196718749999 0.0048000000000000004 0.568988290625 0 0.5758797828125 0.004971428125 0.5808022734375 0 0.587939890625 0.0051428578125 0.592616259375 0 0.6 0.0053142859375 0.60443024375 0.006 0.6516861828125 0.10954296875 0.6516861828125 0.13193749999999999 0.7123653390625 0.1349375 0.7235948484375 0.14168750000000002 0.8168501171875 0.1394375 0.8584309140625 0.1394375 0.8876346609375 0.006 0.8808899296874999 0.026984374999999998 0.898875878125 0.037484375 0.9146135828125 0.019484375 0.9955035125 0.1364375 0.9955035125 0.1424375 0.9528103046874999 0.1399375 0.8996252921875 0.1424375 0.8 0.1424375 0.7505620609375 0.1379375 0.7348243562500001 0.1349375 0.7011241218750001 0.1379375 0.6898829046875 0.1394375 0.67416861875 0.13343750000000001 0.6516861828125 0.1175078125 0.6516861828125 0.1229375 0.60224824375 0.11474166718750001 0.6020983609375 0.1184375 0.591007025 0.10345312499999999 0.5370726 0.091453125 0.46067915625 0.08545312499999999 0.431451990625 0.07046875 0.40674473125 0.032984374999999996 0.3842622953125 0.031484374999999995 0.35955503437499997 0.040484375 0.3236065578125 0.043484375 0.2808899296875 0.038984375 0.25843091406249996 0.013500000000000002 0.235948478125 0 0.238196721875 0.0008571421875000001 0.29726664375 0 0.2984972671875 0.001028571875 0.3090806296875
9 0.2051875 0.47922716562499995 0.21915625 0.4544964875 0.2010625 0.40915690937500004 0.18234375 0.35936768125 0.20392187499999997 0.3079859484375 0.22170312499999997 0.2528103046875 0.22804687499999998 0.21665105312500002 0.220421875 0.163372365625 0.191234375 0.1367213109375 0.1556875 0.1481498828125 0.13282812500000002 0.180491803125 0.140453125 0.21475409843749999 0.12775 0.2604215453125 0.142984375 0.27943793906250003 0.126484375 0.3251053859375 0.04396875 0.387892271875 0.088390625 0.43355971875000004 0.10870312499999998 0.5515456671875001 0.163578125 0.6073536296875 0.167109375 0.5972131140625 0.18234375 0.536323184375 0.2051875 0.47922716562499995
9 0.06146875 0.289508196875 0.06746875 0.32770491874999996 0.08545312499999999 0.35243559687500003 0.1184375 0.33220140468750003 0.1349375 0.287259953125 0.1394375 0.2131147546875 0.1364375 0.16142857187499998 0.21140625000000002 0.150187353125 0.22639062499999998 0.219859484375 0.232390625 0.24906323125 0.233890625 0.2468149890625 0.244390625 0.22435597187499998 0.24139062500000003 0.188384075 0.224890625 0.14119437968749998 0.21290625 0.125456675 0.172421875 0.1052459015625 0.160421875 0.0715456671875 0.158921875 0.0108665109375 0.08096875 0.0108665109375 0.08246875000000001 0.080515221875 0.10345312499999999 0.09400468437500001 0.07646875 0.12098360625 0.029984375 0.1838875875 0.06146875 0.289508196875
9 0.5743125 0.2748009375 0.581515625 0.28290398125 0.59653125 0.29639344218749997 0.609140625 0.2991100703125 0.610953125 0.2477985953125 0.616953125 0.2144964875 0.622359375 0.20550351249999999 0.641578125 0.199203746875 0.653578125 0.20009367656250002 0.664390625 0.19829039843750002 0.675203125 0.20189695625 0.683015625 0.2090866515625 0.686609375 0.216299765625 0.6908125 0.2153864171875 0.706421875 0.17850117031249998 0.7106250000000001 0.1722014046875 0.71784375 0.1487822015625 0.710946428125 0.12963755937500002 0.7188102671875 0.12860934375 0.73765625 0.15238875937500002 0.734046875 0.1676814984375 0.73165625 0.1722014046875 0.7262500000000001 0.19740046875 0.722640625 0.207283371875 0.7166406249999999 0.24149882968749997 0.71603125 0.2658079625 0.71784375 0.2729976578125 0.725640625 0.289203746875 0.73165625 0.2955035125 0.7442656249999999 0.2946135828125 0.75928125 0.289203746875 0.77909375 0.2729976578125 0.77909375 0.2622014046875 0.7736875000000001 0.23608899375 0.77428125 0.2307025765625 0.7796875 0.218992975 0.7826875 0.2045901640625 0.7815000000000001 0.19018735312499999 0.777296875 0.173091334375 0.76828125 0.1505854796875 0.76228125 0.13709601875 0.7460625000000001 0.1361826703125 0.750265625 0.1244964875 0.7266741078125001 0.12758113124999998 0.735859375 0.10648711875000001 0.731046875 0.10379391093749998 0.717234375 0.1073770484375 0.7052343750000001 0.1055971890625 0.7094375 0.020983606250000002 0.705828125 0.0011709609375000001 0.627765625 0.005667446875 0.622359375 0.014683840625 0.625953125 0.047985948437499995 0.63196875 0.0650819671875 0.6343593750000001 0.0893911 0.6235625 0.1073770484375 0.6115468749999999 0.11098360625 0.5926328125 0.13798009375 0.5929888390625 0.145060778125 0.585125 0.14608899375 0.5803125 0.16409836093750002 0.57971875 0.1829976578125 0.57190625 0.2307025765625 0.573109375 0.2711943796875 0.5743125 0.2748009375
9 0.897046875 0.179180328125 0.910484375 0.21946135781249998 0.916453125 0.2597189703125 0.9239062499999999 0.31564402812500003 0.929890625 0.349203746875 0.9448124999999999 0.351451990625 0.959734375 0.349203746875 0.9761562500000001 0.331311475 0.9672031249999999 0.2955269328125 0.96421875 0.2239344265625 0.9477968750000001 0.17248243593749998 0.92540625 0.0986416859375 0.91196875 0.0516627640625 0.908984375 0.006932084375 0.906 0.006932084375 0.82390625 0 0.82540625 0.0628571421875 0.8358437500000001 0.08969555 0.8194375 0.1277283375 0.777640625 0.15906323125 0.785109375 0.20156908593749998 0.776140625 0.23735362968749998 0.7836093749999999 0.279859484375 0.8074843749999999 0.31564402812500003 0.8358437500000001 0.3 0.8358437500000001 0.2172131140625 0.897046875 0.179180328125
9 0.278625 0.11046838437499999 0.309328125 0.0609133484375 0.311703125 0.0060187359375 0.15814062499999998 0 0.160515625 0.10517564374999999 0.21012499999999998 0.13702576093750002 0.2561875 0.168899296875 0.278625 0.11046838437499999
9 0.61446875 0.32592505781250003 0.6210625000000001 0.32592505781250003 0.6204743296874999 0.33774171875 0.6128218750000001 0.33777751718750004 0.599646875 0.43259718906250005 0.606234375 0.439508196875 0.5980000000000001 0.44444964843749996 0.571640625 0.47161592499999994 0.578234375 0.52098360625 0.5980000000000001 0.545667446875 0.60393125 0.56740046875 0.6092991078125001 0.56225828125 0.6087109374999999 0.5740749421875 0.606896875 0.5782669796875 0.6081227671875 0.5858916015625 0.6098625 0.5891334890625 0.6075345984375 0.5977082640625 0.612828125 0.6 0.606946428125 0.609524925 0.60459375 0.65679156875 0.5980000000000001 0.728384075 0.6029375 0.8098829046875 0.634234375 0.8098829046875 0.6671875 0.8222248249999999 0.675421875 0.8370257609375 0.8286250000000001 0.8888992968749999 0.845109375 0.9827166281249999 0.9900781249999999 0.977775175 0.9900781249999999 0.945667446875 0.9587656250000001 0.945667446875 0.948890625 0.903700234375 0.9077031249999999 0.6765339578125 0.836875 0.6592505859375 0.8105156250000001 0.6617330203125 0.7890937499999999 0.6296252921875001 0.8286250000000001 0.5802576109375 0.8206325234375 0.5809888109375 0.8258802078124999 0.5662607328125 0.8137968750000001 0.5086416859375 0.792390625 0.4641920375 0.744609375 0.3901170953125 0.7067187500000001 0.377775175 0.710015625 0.3135831375 0.675421875 0.328384075 0.65565625 0.328384075 0.63753125 0.307412178125 0.66225 0.2740749421875 0.688609375 0.21482435625 0.67871875 0.202459015625 0.66059375 0.202459015625 0.645765625 0.20740046875 0.6325937500000001 0.21728337187500002 0.61940625 0.2345667453125 0.61940625 0.2592505859375 0.6227031249999999 0.288899296875 0.612828125 0.2987587828125 0.61446875 0.32592505781250003
8 0.46269687499999995 0.64 0.45750195312499997 0.6428600703125 0.41417187499999997 0.6493442625 0.41417187499999997 0.6961124125 0.40659765625000005 0.782464871875 0.41331249999999997 0.7876580796875 0.40551562499999994 0.7948009375 0.436703125 0.7662295078125 0.46096875 0.719484778125 0.47621874999999997 0.6716908671875 0.48122363281249997 0.67500731875 0.471359375 0.8311709609375001 0.48003125 0.8649414515625 0.570140625 0.8493442625000001 0.570140625 0.8129976578125 0.601328125 0.8181733015624999 0.608265625 0.8493442625000001 0.6637187499999999 0.8337704921875 0.6567968750000001 0.8103981265625 0.49042544687499995 0.664342590625 0.481982421875 0.66299473125 0.48003125 0.6597423890624999 0.48349330312500005 0.6582569421875 0.4835 0.6389695546875 0.4804079859375 0.59740046875 0.4886875 0.59740046875 0.504296875 0.5870023421874999 0.504296875 0.5731537875 0.49909375 0.5662295078125 0.504296875 0.5593052296875001 0.504296875 0.545456675 0.467890625 0.5428571421874999 0.41764062500000004 0.5636299765625 0.4084010421875 0.5878766578125 0.41417187499999997 0.59740046875 0.40378125000000004 0.6 0.4211040171875 0.6034861140625 0.46269687499999995 0.64
9 0.313671875 0.20519906250000003 0.32059375 0.223372365625 0.3500625 0.280515221875 0.343125 0.327283371875 0.34659375 0.35325526875 0.33792187500000004 0.472716628125 0.3743125 0.472716628125 0.40378125000000004 0.43117096093749996 0.38471875 0.34805620625 0.386453125 0.277915690625 0.35871875000000003 0.2415690859375 0.33965625 0.22857142812500003 0.343125 0.1818266984375 0.348328125 0.1428571421875 0.36739062499999997 0.1038875875 0.33792187500000004 0.0623419203125 0.310203125 0.0623419203125 0.299796875 0.072716628125 0.26687500000000003 0.1610304453125 0.313671875 0.20519906250000003