4 0.3247083328125 0.5903906250000001 0.3164166671875 0.60596875 0.3219375 0.61946875 0.3191875 0.644390625 0.3261041671875 0.65996875 0.34047321406250003 0.6589553578125 0.33683829374999996 0.6746517859375001 0.3344166671875 0.676578125 0.328875 0.6724218750000001 0.3325625 0.6805625 0.3350208328125 0.6825 0.3124583328125 0.737375 0.3393958328125 0.7434375 0.35285416718749996 0.729296875 0.36902083281250003 0.688890625 0.3646083328125 0.67989375 0.3676354171875 0.67424609375 0.3752902765625 0.6796708328125 0.3787083328125 0.67346875 0.3884166671875 0.6745 0.3838333328125 0.6878828125 0.3966541671875 0.679225 0.4025416671875 0.7043437499999999 0.39056250000000003 0.761609375 0.39327083281249997 0.77575 0.42464583281249996 0.771921875 0.4444375 0.723234375 0.4494541671875 0.686121875 0.43938194375000006 0.6783333328125 0.4437986109375 0.6719088546875 0.4500638890625 0.6781104171875 0.45487500000000003 0.671390625 0.46074583281250003 0.6778875 0.4705208328125 0.6718437500000001 0.4714277765625 0.6776645828125 0.4812447921875 0.6714921875 0.4821097234375 0.6774416671875 0.49196875 0.6711406249999999 0.5037708328125 0.71521875 0.5109583328125 0.7164843750000001 0.5189791671874999 0.709515625 0.5223541671875 0.704453125 0.5206666671875 0.690203125 0.5135 0.6753125 0.5134166671875 0.6704375 0.5144166671875 0.65996875 0.5282708328125 0.6391875 0.5199583328124999 0.609078125 0.5116458328125 0.5955781250000001 0.5130208328125 0.56753125 0.508875 0.556109375 0.49087500000000006 0.5446875 0.4950208328125 0.532234375 0.4881041671875 0.51353125 0.472875 0.492765625 0.44379166718749996 0.4585 0.4327291671875 0.45329687500000004 0.418875 0.455375 0.3967291671875 0.461609375 0.3911875 0.4771875 0.3856458328125 0.48445312500000004 0.3634791671875 0.501078125 0.3731875 0.5062656249999999 0.3731875 0.5208125 0.3713700390625 0.5255357140625 0.36071875000000003 0.5208125 0.34825 0.5208125 0.3413333328125 0.50315625 0.3316458328125 0.499 0.3247083328125 0.5228906249999999 0.30533333281249997 0.563390625 0.310875 0.582078125 0.3247083328125 0.5903906250000001
4 0.2207916671875 0.7526875000000001 0.21218750000000003 0.711828125 0.2150625 0.690328125 0.24945833281250002 0.640859375 0.2580625 0.6387031249999999 0.26379166718749997 0.6688125 0.283875 0.69246875 0.30681250000000004 0.69246875 0.32687499999999997 0.711828125 0.3039375 0.688171875 0.29533333281249996 0.63440625 0.3010833328125 0.606453125 0.30681250000000004 0.595703125 0.2924791671875 0.57634375 0.30681250000000004 0.5785 0.3154166671875 0.5333281249999999 0.3211458328125 0.49246875 0.3182708328125 0.473125 0.3039375 0.45376562500000006 0.2924791671875 0.451609375 0.281 0.44515625 0.25233333281250003 0.44301562499999997 0.2035833328125 0.45590624999999996 0.2236458328125 0.4688125 0.2609375 0.490328125 0.24945833281250002 0.522578125 0.2551875 0.5419375 0.2437291671875 0.5569843750000001 0.2150625 0.5591406250000001 0.2150625 0.5634375 0.2035833328125 0.567734375 0.186375 0.56559375 0.1777708328125 0.5569843750000001 0.16343749999999999 0.5569843750000001 0.1347708328125 0.5634375 0.1204375 0.593546875 0.1232916671875 0.608609375 0.137625 0.617203125 0.16343749999999999 0.643015625 0.1462291671875 0.673125 0.143375 0.690328125 0.1663125 0.69246875 0.186375 0.70321875 0.192125 0.733328125 0.18925 0.7526875000000001 0.18925 0.7655937500000001 0.2035833328125 0.780640625 0.1806458328125 0.79784375 0.20645833281249998 0.8 0.2150625 0.7785 0.2207916671875 0.7526875000000001
4 0.1232916671875 0.795703125 0.1318958328125 0.791390625 0.15770833281250002 0.77634375 0.1548333328125 0.698921875 0.15770833281250002 0.698921875 0.143375 0.6795625000000001 0.16058333281249998 0.6580625 0.16058333281249998 0.6387031249999999 0.1204375 0.6 0.12904166718750001 0.569890625 0.11468750000000001 0.5741875000000001 0.0716875 0.5634375 0.0401458328125 0.569890625 0.0315416671875 0.58925 0.0057291671875 0.604296875 0.0057291671875 0.617203125 0.0057291671875 0.9139843750000001 0.002875 0.91828125 0.0344166671875 0.9204375 0.057354167187500006 0.9010781250000001 0.057354167187500006 0.8580625 0.0630833328125 0.8602187499999999 0.0602083328125 0.866671875 0.0630833328125 0.8774218749999999 0.0831458328125 0.8795624999999999 0.1232916671875 0.795703125
9 1 0.22075 0.99725 0.20396874999999998 0.9670833328124999 0.1966875 0.9505625 0.18939062499999998 0.938875 0.18939062499999998 0.9349999999999999 0.18428125 0.9447291671875 0.163859375 0.9447291671875 0.139046875 0.930125 0.1251875 0.9067916671875 0.12009375 0.8853958328125 0.123734375 0.8610833328125 0.136140625 0.8484375 0.171875 0.8114791671875 0.19521875 0.7696458328125 0.234609375 0.7394999999999999 0.2805625 0.7321083328125 0.2957375 0.7210208328125 0.3185 0.725875 0.35059375 0.7385208328124999 0.379046875 0.7404791671875001 0.400203125 0.757 0.39728125 0.7599166671875001 0.4096875 0.7696458328125 0.426453125 0.7891041671875 0.427921875 0.8046666671875 0.415515625 0.8282291671875001 0.41884375 0.8244374999999999 0.42737499999999995 0.8320208328125 0.47340625000000003 0.8153541671875001 0.501265625 0.818375 0.5058125 0.8926458328125 0.479671875 0.8949166671875 0.446125 0.8805208328124999 0.431921875 0.8775000000000001 0.422265625 0.8843125000000001 0.4216953125 0.9172812499999999 0.430220703125 0.9252291671874999 0.43021875 0.9282708328125 0.4330625 0.9270286453125 0.438388671875 0.9302416671874999 0.441928125 0.9288281250000001 0.44655859375 0.9322125 0.45079375 0.9306276046875 0.454728515625 0.9341833328125 0.45965937500000004 0.9324270828125 0.4628984375 0.9361541671875001 0.46852499999999997 0.9342265624999999 0.47106835937499997 0.938125 0.47739062499999996 0.9360260421875 0.47923828124999995 0.939625 0.49557812500000004 0.9418958328124999 0.5183125000000001 0.9456875 0.522296875 0.9555416671874999 0.53934375 0.9707083328125 0.541609375 0.9805624999999999 0.559796875 1 0.570609375 1 0.495015625 0.9964791671875 0.413171875 0.9669166671875 0.416578125 0.9593125 0.404578125 1 0.400203125 1 0.22075
9 0.1111041671875 0.32034375000000004 0.1042708328125 0.303484375 0.1120833328125 0.28590625 0.1120833328125 0.26978125 0.1032916671875 0.250734375 0.06225000000000001 0.242671875 0.047604167187500004 0.2734375 0.043687500000000004 0.306421875 0.0231666671875 0.311546875 0.050520832812500006 0.33865625 0.053458332812499995 0.339390625 0.0964583328125 0.336453125 0.1111041671875 0.32034375000000004
9 0.3526527765625 0.38153125 0.3609791671875 0.384859375 0.3626458328125 0.387359375 0.38097916718749997 0.3956927078125 0.3876458328125 0.394859375 0.3909791671875 0.401109375 0.38097916718749997 0.47484374999999995 0.43931250000000005 0.454859375 0.4559791671875 0.403609375 0.5009583328125 0.42485937500000004 0.4842916671875 0.45984375 0.49095833281249995 0.48109375 0.532625 0.49234375 0.5609583328125 0.5348437500000001 0.5959375 0.5348437500000001 0.5842708328125 0.47484374999999995 0.5742916671875 0.451109375 0.5592916671875 0.43360937499999996 0.5492916671875 0.377359375 0.5270694437500001 0.3740364578125 0.5271488109375 0.366125 0.5592916671875 0.366125 0.5809375 0.37487499999999996 0.5776145828125 0.367375 0.59149305625 0.3715416671875 0.6126041671875 0.364875 0.6426041671875 0.33987500000000004 0.6059375 0.254890625 0.5659583328125 0.258640625 0.5242916671875 0.24739062500000003 0.45931249999999996 0.258640625 0.43931250000000005 0.23739062500000002 0.4059791671875 0.20615624999999999 0.37764583281249997 0.20490624999999998 0.351 0.21240625 0.331 0.24489062499999997 0.3443333328125 0.276140625 0.286 0.32487499999999997 0.2926666671875 0.348625 0.3526527765625 0.38153125
8 0.30525 0.052609375 0.2473125 0.052609375 0.1861666671875 0.057437499999999996 0.11695833281250001 0.074328125 0.0429375 0.10571875 0.0010833328125 0.151578125 0.0332708328125 0.17089062500000002 0.0847708328125 0.17089062500000002 0.1765 0.17089062500000002 0.1765 0.163640625 0.0944375 0.15037499999999998 0.100875 0.14915625 0.1459375 0.132265625 0.22316666718749997 0.118984375 0.2698333328125 0.12260937499999999 0.34225 0.141921875 0.4339791671875 0.12020312500000001 0.39375 0.091234375 0.30525 0.052609375
8 0.5393541671875 0.187 0.49766666718749997 0.151765625 0.4597708328125 0.130734375 0.43174999999999997 0.12334375 0.3680833328125 0.138125 0.3461041671875 0.1438125 0.3286875 0.139828125 0.2491041671875 0.12334375 0.215 0.12334375 0.1808958328125 0.16995312499999998 0.1771041671875 0.17450000000000002 0.3862708328125 0.1978125 0.444625 0.19723437500000002 0.5105625 0.199515625 0.5219166671875 0.19268749999999998 0.5393541671875 0.187
8 0.6954166671875 0.214390625 0.7151041671875 0.21632812499999998 0.7331041671875 0.21503125 0.7365208328125 0.21953125 0.7562291671875 0.223390625 0.7776458328125 0.222109375 0.7862083328125 0.213109375 0.8067708328125001 0.20218750000000002 0.8144791671875 0.191265625 0.8418958328124999 0.18290625 0.8504583328124999 0.17134375 0.8324583328124999 0.166203125 0.8042083328125 0.166859375 0.7733541671874999 0.1655625 0.749375 0.164921875 0.7288125 0.168140625 0.7082708328125 0.17970312500000002 0.6799999999999999 0.191265625 0.662 0.20346875 0.650875 0.214390625 0.6491458328124999 0.21503125 0.6808541671875 0.214390625 0.6954166671875 0.214390625
8 0.56875 0.23985937499999999 0.57286805625 0.24122916718749998 0.5842708328125 0.24115625000000002 0.5963333328125 0.23985937499999999 0.6247916671875 0.212703125 0.5954791671875 0.20235937499999998 0.5696041671875001 0.20235937499999998 0.5644375 0.20946875 0.5497708328125 0.20235937499999998 0.52725694375 0.24152083281249997 0.4816458328125 0.24181249999999999 0.48422916718750003 0.23728125000000003 0.4876666671875 0.22240625 0.4575 0.23275 0.4523125 0.237921875 0.46008333281249997 0.242453125 0.5614652765625 0.2413020828125 0.56875 0.23985937499999999
9 0.52325 0.248 0.5362708328125 0.250734375 0.5503541671875001 0.256203125 0.5685833328125 0.2589375 0.5586875 0.253078125 0.5529583328125 0.247609375 0.5597291671875 0.2436875 0.5638958328125 0.23509375000000002 0.5665 0.22728125000000002 0.5659791671875001 0.21554687499999997 0.56025 0.205 0.5472291671875 0.199125 0.5268958328125 0.203046875 0.514375 0.220625 0.5122916671875 0.232359375 0.5096875 0.237828125 0.505 0.23821875 0.5008333328125001 0.244078125 0.495625 0.248 0.4846666671875 0.253078125 0.4851875 0.25425 0.4971875 0.2526875 0.52325 0.248
9 0.6808125 0.272328125 0.6797291671875 0.29396875 0.699875 0.3196875 0.6944166671875001 0.332359375 0.726 0.331125 0.7205625 0.30662500000000004 0.7162083328125 0.253546875 0.7249166671875 0.229875 0.7238125 0.22618749999999999 0.7292708328125 0.214765625 0.7292708328125 0.21150000000000002 0.7216458328125 0.208640625 0.69225 0.22334375 0.6818958328125 0.22742187500000002 0.683 0.246203125 0.6808125 0.272328125
9 0.1505625 0.24578125 0.1355208328125 0.2380625 0.1173125 0.23450000000000001 0.09910416718750001 0.232125 0.0903958328125 0.23271875 0.0816666671875 0.23509375000000002 0.0769166671875 0.23984375 0.07375000000000001 0.24281250000000001 0.1038541671875 0.25053125 0.10939583281250001 0.25884375 0.1109791671875 0.26954687499999996 0.1101875 0.282015625 0.1109791671875 0.293890625 0.10702083281250001 0.301609375 0.1078125 0.307546875 0.1117708328125 0.314671875 0.11414583281249999 0.32239062500000004 0.10702083281250001 0.329515625 0.0959375 0.33664062499999997 0.1735208328125 0.33664062499999997 0.17193750000000002 0.331296875 0.1616458328125 0.312890625 0.1505625 0.273703125 0.1481875 0.25646874999999997 0.1505625 0.24578125
9 0.2714375 0.26935937499999996 0.2454166671875 0.314171875 0.2383125 0.33103125 0.23181250000000003 0.339015625 0.21760416718750003 0.35943749999999997 0.21525 0.370515625 0.2655208328125 0.374953125 0.3075416671875 0.37629687500000003 0.2844583328125 0.351 0.2767708328125 0.33192187500000003 0.3365208328125 0.291984375 0.3365208328125 0.278234375 0.29925 0.240515625 0.29333333281249996 0.20990625000000002 0.2791458328125 0.196140625 0.26789583281249996 0.19524999999999998 0.2531041671875 0.19746875 0.2448333328125 0.20235937499999998 0.24364583281250002 0.20856249999999998 0.246 0.217 0.248375 0.23342187499999997 0.2501458328125 0.24717187499999999 0.2743958328125 0.25515625000000003 0.2714375 0.26935937499999996
9 0.6305833328125 0.34700000000000003 0.6204791671875001 0.356859375 0.5972083328125 0.367484375 0.5658333328125 0.370515625 0.5567291671875 0.40617187499999996 0.5708958328125 0.4403125 0.591125 0.471421875 0.6204791671875001 0.48432812500000005 0.6467708328125 0.50253125 0.6690208328125 0.5093593750000001 0.6811666671875 0.48584375 0.6862291671875 0.413765625 0.6902708328125 0.3970625 0.6801666671875 0.34471875 0.6457708328125 0.34395312499999997 0.6354118578125 0.330388221875 0.6373125 0.322171875 0.6492708328125001 0.3315 0.6717500000000001 0.3315 0.6727083328125001 0.2855625 0.6569166671875 0.2604375 0.6540416671875 0.234609375 0.6492708328125001 0.22240625 0.6306041671875 0.21521875000000001 0.6181666671875 0.217015625 0.6033333328125 0.223828125 0.5848958328125 0.24590625 0.5875416671875 0.256859375 0.5836169875 0.26256370156250003 0.5784374999999999 0.25578124999999996 0.5774791671874999 0.256140625 0.6250528859375 0.3168233171875 0.6335416671874999 0.314142578125 0.6302323703125 0.32360576874999997 0.6305833328125 0.34700000000000003
0 0.899 0.4323125 0.8967083328125 0.5248437499999999 0.8921458328125 0.5334218749999999 0.8624375000000001 0.559125 0.8578749999999999 0.59853125 0.8487291671875001 0.63965625 0.8510208328125 0.6756562500000001 0.8617916671874999 0.6754107140625 0.8532916671875 0.701359375 0.8637380953125 0.6974419640625 0.8650972234375001 0.7016432296875 0.8532916671875 0.7150624999999999 0.8555833328125001 0.74590625 0.8624375000000001 0.76646875 0.8898541671875 0.76646875 0.9172708328124999 0.749328125 0.9227541671875 0.712315625 0.9123194437500001 0.7027786453125 0.9241250000000001 0.7030624999999999 0.9309791671875001 0.6825 0.9159702375000001 0.6778549109374999 0.9156458328125 0.6741830359375001 0.9309791671875001 0.6727916671874999 0.9286875 0.5813906249999999 0.9172708328124999 0.54884375 0.9127083328125 0.5248437499999999 0.9218333328125 0.4443125 0.9264166671874999 0.435734375 0.9583958328125 0.42203125 0.9995208328125 0.41345312500000003 0.9995208328125 0.40146875 0.9629791671874999 0.39632812500000003 0.9355416671875 0.41174999999999995 0.9012708328124999 0.41174999999999995 0.8647291671874999 0.39975 0.8327291671875001 0.39632812500000003 0.8053125 0.39975 0.8167291671875001 0.41345312500000003 0.8418749999999999 0.41345312500000003 0.899 0.4323125
9 0.7232708328124999 0.31609375 0.7397708328125 0.28071875 0.7638333328125 0.238265625 0.7666666671875 0.2290625 0.7718541671875 0.227296875 0.7718541671875 0.2209375 0.7232708328124999 0.222703125 0.7171458328125 0.24640625 0.7232708328124999 0.31609375
9 0.2520208328125 0.302203125 0.24920833281250002 0.280328125 0.2557916671875 0.255625 0.2539166671875 0.24928124999999998 0.23885416718750002 0.24715625000000002 0.2360416671875 0.24010937499999999 0.2351041671875 0.22951562499999997 0.2397916671875 0.1970625 0.22004166718749998 0.17871874999999998 0.1758333328125 0.17378125 0.1560625 0.185078125 0.14666666718750002 0.216828125 0.1325416671875 0.23304687500000001 0.13914583281249998 0.23940625 0.15325 0.257046875 0.1570208328125 0.271859375 0.15137499999999998 0.28314062500000003 0.16170833281250002 0.31984375 0.1739375 0.33490625 0.20875 0.336765625 0.2332083328125 0.338890625 0.2520208328125 0.302203125