9 0.5149375 0.433125 0.495109375 0.42652083281250003 0.48321875 0.44370833281250005 0.475296875 0.48597916718749995 0.474296875 0.49127083281250006 0.44853125 0.5097708328125 0.42575 0.5282708328125 0.41385937500000003 0.5573333328125 0.43764062499999995 0.5982916671875 0.44556250000000003 0.6128333328125 0.44457812499999994 0.6709583328125001 0.43764062499999995 0.6973958328125 0.443578125 0.7404166671875 0.458453125 0.7417291671874999 0.468359375 0.7457083328125 0.467359375 0.7708125 0.5416875 0.7681666671875 0.54465625 0.6360416671875 0.5555625 0.6360416671875 0.548625 0.5184375 0.54465625 0.5203333328124999 0.536734375 0.5097708328125 0.5288125 0.4873125 0.521875 0.4450208328125 0.5149375 0.433125
8 0.2386875 0.32877083281249997 0.2386875 0.3502916671875 0.230625 0.3786458328125 0.24162499999999998 0.3835416671875 0.2504375 0.3493125 0.24676562500000002 0.323875 0.232828125 0.3111666671875 0.21375000000000002 0.318 0.20274999999999999 0.3473541671875 0.18 0.47450000000000003 0.17120312499999998 0.4813541671875 0.162390625 0.5107083328125 0.14553125 0.5107083328125 0.146984375 0.581125 0.11764062500000001 0.775625 0.1103125 0.8283333328125 0.113984375 0.8293125 0.10296875000000001 0.8948541671875001 0.108109375 0.8948541671875001 0.11984375 0.8312708328125 0.12571875 0.8302916671875 0.15359375 0.7060833328125 0.168265625 0.6180416671875 0.1998125 0.5583750000000001 0.19028125 0.5419583328125 0.193203125 0.47837500000000005 0.1888125 0.4735208328125 0.20860937499999999 0.368875 0.2166875 0.3307291671875 0.228421875 0.323875 0.2386875 0.32877083281249997
8 0.138953125 0.2985 0.1286875 0.39925 0.12354687499999999 0.46281249999999996 0.111078125 0.48825 0.1008125 0.5547708328125001 0.10375000000000001 0.5870416671875 0.09346875 0.8244374999999999 0.094203125 0.8322499999999999 0.09128125000000001 0.8938750000000001 0.0949375 0.8909375 0.10007812499999999 0.8293125 0.11034375 0.8205208328125 0.12209375 0.6865208328125 0.129421875 0.5818541671874999 0.135296875 0.569125 0.14556249999999998 0.5243333328124999 0.14115625 0.3766458328125 0.141890625 0.34925 0.152890625 0.3562083328125 0.15362499999999998 0.35425 0.157296875 0.3141458328125 0.15509375 0.2916458328125 0.14556249999999998 0.2896875 0.138953125 0.2985
8 0.345203125 0.4033333328125 0.337609375 0.33858333281249997 0.29815625 0.4073958328125 0.35734374999999996 0.6644166671875 0.37707812500000004 0.6745416671875 0.366453125 0.6482291671875 0.366453125 0.33858333281249997 0.345203125 0.4033333328125
8 0.38109375 0.6585208328125 0.393109375 0.3367291671875 0.38009375 0.37945833281249997 0.38309375 0.24460416718750003 0.37307812500000004 0.21522916718750001 0.3610625 0.21922916718750002 0.354046875 0.2432708328125 0.353046875 0.26595833281250003 0.3580625 0.2886666671875 0.3660625 0.286 0.36506249999999996 0.252625 0.37107812500000004 0.2432708328125 0.36907812500000003 0.47024999999999995 0.370078125 0.6505 0.372078125 0.6772083328125 0.38109375 0.6585208328125
8 0.8036406250000001 0.4545 0.8102031249999999 0.43962500000000004 0.78659375 0.43962500000000004 0.776765625 0.46672916718749996 0.7833125 0.5235416671875 0.780046875 0.5436458328125 0.7852812499999999 0.5812291671875001 0.79075 0.6560625 0.79075 0.6861875000000001 0.802796875 0.9090833328124999 0.8118281250000001 0.9090833328124999 0.8103281250000001 0.8548541671875001 0.81484375 0.7524583328125 0.80975 0.6912499999999999 0.79784375 0.6458958328125 0.8055 0.6311666671875 0.79784375 0.5495416671875 0.791890625 0.526875 0.78725 0.4649791671875 0.79578125 0.453625 0.8036406250000001 0.4545
8 0.83284375 0.7135625 0.8288437500000001 0.6588125 0.8258281249999999 0.636125 0.820828125 0.585375 0.815828125 0.5573333328125 0.8118124999999999 0.48925 0.8128125 0.4612083328125 0.8278437500000001 0.4612083328125 0.8358437500000001 0.463875 0.83184375 0.4465208328125 0.816828125 0.4425208328125 0.802796875 0.4531875 0.795796875 0.4692083328125 0.800796875 0.5106041671875 0.802796875 0.5626875 0.8048125 0.6214375000000001 0.801796875 0.6454583328125 0.8088124999999999 0.7028749999999999 0.8138125 0.7856666671875 0.8138125 0.8230416671875 0.824828125 0.8844583328125 0.8358437500000001 0.8964791671875 0.8348437499999999 0.820375 0.83284375 0.7135625
8 0.8864375000000001 0.5699791671875001 0.880984375 0.617875 0.8744531249999999 0.639625 0.8744531249999999 0.8950208328124999 0.880984375 0.8921041671875001 0.891875 0.7252500000000001 0.906015625 0.6497916671875 0.9027499999999999 0.6439791671874999 0.8940468750000001 0.5685416671875 0.8864375000000001 0.5699791671875001
8 0.9052109375 0.7475416671875 0.89003125 0.7890208328125 0.8854843750000001 0.8740208328125 0.899140625 0.8639166671874999 0.9056495531250001 0.7945238109375 0.8983828125000001 0.7859895828125001 0.9067343749999999 0.7829583328124999 0.9090058593749999 0.737171875 0.9203906249999999 0.7060625 0.924953125 0.6655833328125 0.9284947921875 0.65478819375 0.924953125 0.6545304484375001 0.924953125 0.6434775640625 0.9320364578125 0.64399305625 0.946203125 0.6008125 0.931015625 0.5745 0.924953125 0.57716025625 0.924953125 0.5550544875 0.9188750000000001 0.5502291671874999 0.924953125 0.5440016015625 0.931015625 0.5299791671875 0.924953125 0.5329487187499999 0.924953125 0.5218958328125 0.9302578125000001 0.5193541671874999 0.9295 0.5087291671874999 0.92465 0.5113708328125 0.924346875 0.5008458328125001 0.9287421874999999 0.49810416718750006 0.92404375 0.49032083281250005 0.927984375 0.4874791671875 0.923740625 0.47979583281249993 0.9272265624999999 0.4768541671875 0.9234375 0.4692708328125 0.9264687500000001 0.46622916718749996 0.924953125 0.4449791671875 0.9128125 0.4449791671875 0.903703125 0.45106250000000003 0.91128125 0.5623541671875001 0.899140625 0.6999791671875 0.909765625 0.7030208328125 0.9052109375 0.7475416671875
8 0.42362500000000003 0.2690416671875 0.43543750000000003 0.2710208328125 0.4439375 0.28381249999999997 0.442453125 0.3098958328125 0.43139062499999997 0.406625 0.43618750000000006 0.40710416718750003 0.43174999999999997 0.43860416718749995 0.42437500000000006 0.46125 0.427328125 0.43958333281249995 0.42917187500000004 0.414 0.42437500000000006 0.4110416671875 0.41957812499999997 0.4100625 0.418828125 0.41645833281250005 0.40481249999999996 0.43122916718750004 0.400015625 0.42779166718750006 0.397421875 0.42433333281249996 0.393734375 0.40710416718750003 0.384140625 0.42925 0.37048437500000003 0.4723541671875 0.34354687500000003 0.486625 0.34796875 0.518875 0.3738125 0.5983958328125001 0.38156249999999997 0.6789375 0.39631249999999996 0.7005833328125 0.40996875 0.7237291671875 0.404078125 0.7670833328125 0.393734375 0.7705416671875 0.385984375 0.7784166671875 0.392625 0.8054791671875 0.389671875 0.8345 0.39631249999999996 0.8345 0.399640625 0.8049791671875001 0.45131249999999995 0.5996458328125 0.454640625 0.4258125 0.45279687500000004 0.4100625 0.44909375 0.421875 0.44651562499999997 0.4095833328125 0.44209375 0.4346666671875 0.43765625 0.43614583281249997 0.440234375 0.40760416718750003 0.44356249999999997 0.40760416718750003 0.455375 0.3088541671875 0.455375 0.2960416671875 0.45499999999999996 0.28425 0.45242187500000003 0.27537500000000004 0.442828125 0.2591458328125 0.428796875 0.2532291671875 0.41478125 0.25716666718750003 0.40703125 0.268 0.401484375 0.2798125 0.401484375 0.29704166718749997 0.403328125 0.31475 0.416984375 0.3132708328125 0.41478125 0.311375 0.41256250000000005 0.2803541671875 0.42362500000000003 0.2690416671875
8 0.938328125 0.6345416671875 0.938328125 0.6524375 0.9405625000000001 0.7747708328125 0.9456093750000001 0.77925 0.9456093750000001 0.8210208328125 0.9500781249999999 0.7785 0.956234375 0.77925 0.95903125 0.7053958328125 0.9635 0.6300625 0.9551093749999999 0.618125 0.95790625 0.5935208328125 0.952875 0.5853125 0.9422499999999999 0.5838125 0.9411250000000001 0.5927708328125 0.943921875 0.6226041671875 0.938328125 0.6345416671875
8 0.7871406249999999 0.467375 0.792671875 0.5111666671874999 0.79340625 0.5303541671875001 0.802359375 0.5276562499999999 0.803375 0.5387291671875001 0.796546875 0.54315625 0.7996875 0.5559583328125 0.8026406250000001 0.5869583328125 0.8031914062500001 0.5507864578125 0.81665625 0.4811458328125 0.822203125 0.47868750000000004 0.8236718749999999 0.4609791671875 0.81703125 0.46243749999999995 0.81665625 0.4639166671875 0.800796875 0.4560416671875 0.79784375 0.4604791671875 0.79396875 0.4617083328125 0.7945156250000001 0.47081249999999997 0.7871406249999999 0.467375
8 0.33571875 0.3343541671875 0.33795312499999997 0.3105 0.32620312500000004 0.28439583281249997 0.333484375 0.26647916718750003 0.330125 0.2567916671875 0.31221875 0.2545416671875 0.31278125 0.26349999999999996 0.311109375 0.2925833328125 0.310546875 0.31197916718749996 0.310546875 0.3254166671875 0.3083125 0.379125 0.31334375 0.377625 0.326765625 0.356 0.33571875 0.3343541671875
8 0.2585625 0.3120625 0.28135937499999997 0.4220416671875 0.2705 0.413375 0.273765625 0.45968749999999997 0.278109375 0.4654583328125 0.26290625 0.4756041671875 0.249890625 0.4654583328125 0.249890625 0.42493749999999997 0.245546875 0.4191458328125 0.2346875 0.4654583328125 0.20646874999999998 0.4929583328125 0.20646874999999998 0.5146666671875 0.223828125 0.5494166671875 0.321515625 0.728875 0.3085 0.6926875 0.329125 0.6854583328125 0.335640625 0.6680833328125 0.350828125 0.6724166671875 0.353 0.6492708328125001 0.335640625 0.5696666671874999 0.33020312500000004 0.5465208328125 0.3030625 0.43072916718750004 0.29546875 0.40902083281249996 0.29112499999999997 0.41770833281249997 0.28678125 0.413375 0.285703125 0.396 0.27159374999999997 0.3120625 0.272671875 0.2975833328125 0.264 0.2975833328125 0.2585625 0.3120625
8 0.0125 0.65625 0.0015625 0.65625 0.012109375 0.6723958328124999 0.0015625 0.7020833328125 0.0015625 0.7645833328125 0.015625 0.8208333328125 0.025 0.8791666671874999 0.0375 0.8958333328125001 0.05 0.8958333328125001 0.0578125 0.8875 0.0734375 0.8895833328125 0.0796875 0.8833333328125 0.0828125 0.8729166671874999 0.096875 0.8708333328125001 0.1015625 0.8604166671875 0.0984375 0.85 0.1015625 0.8291666671875 0.144775390625 0.8384114578125 0.13623046875 0.88984375 0.1421875 0.89375 0.134521484375 0.9001302078125001 0.1359375 0.9041666671874999 0.1328125 0.9104166671874999 0.13642578125 0.9173177078125001 0.1328125 0.9270833328125001 0.1390625 0.9375 0.15 0.9375 0.15625 0.93125 0.159375 0.9208333328125 0.178125 0.9083333328125001 0.20625 0.9 0.2234375 0.9166666671874999 0.25 0.91875 0.2671875 0.93125 0.2875 0.9333333328125001 0.29375 0.9270833328125001 0.2953125 0.9208333328125 0.29375 0.90625 0.2890625 0.9 0.278125 0.8979166671875 0.2609375 0.8854166671874999 0.2390625 0.8833333328125 0.2390625 0.8791666671874999 0.246875 0.8666666671875 0.2609375 0.85625 0.2703125 0.8541666671874999 0.275 0.84375 0.2734375 0.8291666671875 0.2671875 0.8229166671874999 0.25 0.8229166671874999 0.2359375 0.8333333328125001 0.21875 0.76875 0.2265625 0.7604166671875 0.240625 0.7208333328125 0.2421875 0.6833333328125 0.25 0.6208333328125 0.25 0.5979166671875 0.2328125 0.5666666671875 0.2296875 0.5666666671875 0.228125 0.5583333328125 0.209375 0.5208333328125 0.19775390625 0.51953125 0.206298828125 0.4680989578125 0.20229779374999998 0.4621323515625 0.20942095625 0.45765931406249993 0.209716796875 0.44752604218750003 0.2165441171875 0.453186275 0.23791360312499998 0.43976715625 0.2421875 0.43541666718750005 0.24503676406250002 0.4352941171875 0.24479166718749998 0.4458333328125 0.25 0.46666666718750005 0.2609375 0.475 0.265625 0.475 0.2765625 0.46666666718750005 0.2734375 0.45625 0.271875 0.43333333281249997 0.26640625 0.421875 0.27352941249999996 0.4174019609375 0.2765625 0.41875 0.2806525734375 0.41292892031250006 0.29375 0.40625 0.29489889687500004 0.40398284375 0.3 0.40625 0.302022059375 0.39950980468749997 0.30914522031249997 0.3950367640625 0.38125 0.3770833328125 0.39375 0.40833333281249995 0.390625 0.4145833328125 0.3953125 0.4145833328125 0.3984375 0.4270833328125 0.403125 0.43125 0.40625 0.43125 0.41875 0.4166666671875 0.4270833328125 0.42268518593750004 0.428125 0.43125 0.43125 0.43541666718750005 0.4390625 0.4375 0.4421875 0.43541666718750005 0.446875 0.43854166718750004 0.4546875 0.43958333281249995 0.45824999999999994 0.42933333281249997 0.4625 0.425 0.464125 0.4363333328125 0.5875 0.5833333328125 0.5890625 0.6083333328125 0.596875 0.61875 0.5921875 0.6520833328125 0.5921875 0.6708333328125 0.596875 0.6833333328125 0.6046875 0.6916666671875 0.6171875 0.6916666671875 0.6234375 0.6854166671875 0.6296875 0.6895833328125 0.640625 0.6895833328125 0.6453125 0.6854166671875 0.653125 0.6979166671875 0.6609375 0.7333333328125 0.665625 0.7395833328125 0.678125 0.7395833328125 0.678125 0.7520833328125 0.6859375 0.7541666671875 0.678125 0.7645833328125 0.678125 0.7770833328125 0.6508928578125001 0.8050595234375001 0.619293478125 0.8276268124999999 0.6203125 0.8333333328125001 0.61875 0.8354166671875 0.615625 0.8354166671875 0.6078125 0.8270833328125 0.5890625 0.8291666671875 0.58125 0.8416666671874999 0.58828125 0.8537202374999999 0.58125 0.8583333328125 0.5828125 0.8625 0.5921875 0.8729166671874999 0.6078125 0.8729166671874999 0.615625 0.86875 0.6234375 0.8770833328125001 0.6359375 0.8770833328125001 0.64375 0.86875 0.646875 0.8604166671875 0.646875 0.8479166671874999 0.64375 0.8395833328125001 0.634375 0.83125 0.628125 0.83125 0.6269021734375 0.8248188390625 0.63046875 0.8260416671874999 0.6372767859375 0.81904761875 0.642119565625 0.8192028984374999 0.644084821875 0.8120535703125 0.6497282609374999 0.8163949265625 0.6515625 0.81220238125 0.65733695625 0.81358695625 0.65859375 0.8075892859374999 0.6649456515625001 0.8107789859375 0.68016304375 0.80516304375 0.6828125 0.7979166671875 0.6921875 0.80625 0.7140625 0.8145833328125001 0.7140625 0.8333333328125001 0.70625 0.8354166671875 0.6984375 0.8479166671874999 0.6984375 0.8645833328125001 0.709375 0.8791666671874999 0.725 0.8770833328125001 0.7328125 0.8625 0.74375 0.8666666671875 0.7546875 0.88125 0.7671875 0.88125 0.778125 0.86875 0.7890625 0.8666666671875 0.796875 0.8520833328125 0.796875 0.8395833328125001 0.79375 0.83125 0.7859375 0.8229166671874999 0.79296875 0.8125 0.7925 0.8045833328124999 0.796875 0.8020833328125001 0.7934375 0.7933333328125001 0.7953125 0.7708333328125 0.79375 0.75625 0.7796875 0.74375 0.7671875 0.74375 0.7578125 0.7541666671875 0.7484375 0.7708333328125 0.733159721875 0.7638888890625 0.7359375 0.75625 0.728125 0.7416666671875001 0.70625 0.7395833328125 0.70625 0.73125 0.7140625 0.7229166671875 0.7171875 0.70625 0.7125 0.6604166671875 0.721875 0.6416666671875 0.71875 0.6145833328125 0.6984375 0.6 0.6734375 0.5979166671875 0.66875 0.6041666671875 0.6640625 0.61875 0.6515625 0.6104166671875 0.65 0.6041666671875 0.64375 0.5979166671875 0.6140625 0.5979166671875 0.6109375 0.5791666671875 0.6046875 0.5729166671875 0.6078571421875 0.5669047625 0.7571428578125 0.44642857031250005 0.825 0.44166666718750003 0.8265625 0.4458333328125 0.83125 0.4479166671875 0.834375 0.4583333328125 0.83125 0.4625 0.8265625 0.4625 0.821875 0.4791666671875 0.8125 0.49375 0.815625 0.5541666671875001 0.821875 0.5979166671875 0.8234375 0.6020833328124999 0.828125 0.6020833328124999 0.834375 0.5958333328125 0.8390625 0.5729166671875 0.85 0.5604166671875 0.8515625 0.5541666671875001 0.8515625 0.5327380953125 0.871875 0.5395833328124999 0.8736328125 0.5426215265625001 0.8703125 0.5520833328125 0.8703125 0.575 0.8765625 0.5854166671875001 0.884375 0.5854166671875001 0.8875 0.5708333328124999 0.89375 0.56875 0.8953125 0.5729166671875 0.9015625 0.5375 0.9265625 0.54375 0.925 0.5625 0.9296875 0.5729166671875 0.94375 0.575 0.95 0.56875 0.9671875 0.6041666671875 0.9640625 0.625 0.9640625 0.7666666671875 0.9703125 0.7770833328125 0.98125 0.7770833328125 0.9890625 0.76875 0.9921875 0.75 0.9921875 0.60625 0.990625 0.6 0.984375 0.59375 0.964553571875 0.5941666671875 0.9513839281250001 0.5441666671875 0.946875 0.5458333328125 0.940625 0.5395833328124999 0.9487500000000001 0.5341666671875 0.9382142859375 0.49416666718749996 0.953125 0.49791666718750005 0.946875 0.42291666718750004 0.94375 0.41041666718750003 0.9453125 0.39791666718749996 0.941346153125 0.3934294875 0.946875 0.3854166671875 0.95 0.3729166671875 0.95 0.3369791671875 0.9466796875 0.33446180625 0.95 0.325 0.9390625 0.2416666671875 0.9328125 0.23541666718749998 0.925 0.23333333281250002 0.93125 0.1979166671875 0.93125 0.1875 0.9265625 0.1770833328125 0.9125 0.175 0.9078125 0.18125 0.896875 0.1729166671875 0.8859375 0.1729166671875 0.88125 0.17916666718750002 0.875 0.2541666671875 0.877633928125 0.2641666671875 0.871428571875 0.2639880953125 0.875 0.27569444375 0.8678571421875001 0.2738095234375 0.8357142859375 0.36220238125000004 0.8375 0.36875 0.8321428578125 0.3720238109375 0.825 0.3916666671875 0.8279513890624999 0.40138888906250003 0.8182142859375 0.39714285625 0.763928571875 0.44095238124999997 0.59375 0.5729166671875 0.4625 0.4125 0.45208333281249996 0.3916666671875 0.4453125 0.39375 0.446875 0.38125 0.4340625 0.3875 0.4359375 0.35625 0.425 0.34375 0.396875 0.3453125 0.393402778125 0.3527777765625 0.3875 0.35625 0.3875 0.3458333328125 0.3803768375 0.3503063734375 0.38125 0.3541666671875 0.37325367656249997 0.3547794125 0.3162683828125 0.390563725 0.309375 0.3895833328125 0.3140625 0.38125 0.3140625 0.3770833328125 0.3203125 0.3708333328125 0.3203125 0.36666666718749996 0.309375 0.3541666671875 0.3109375 0.3 0.303125 0.2995833328125 0.3109375 0.2833333328125 0.3046875 0.2708333328125 0.30625 0.20416666718749998 0.296875 0.1875 0.2890625 0.1833333328125 0.2640625 0.1854166671875 0.253125 0.19583333281249998 0.2484375 0.19583333281249998 0.240625 0.18125 0.225 0.17916666718750002 0.215625 0.1895833328125 0.2046875 0.25625 0.196875 0.2604166671875 0.190625 0.26875 0.1875 0.2875 0.1828125 0.2958333328125 0.1765625 0.34375 0.1671875 0.3729166671875 0.1625 0.40208333281249997 0.1546875 0.4770833328125 0.15 0.4875 0.1524356625 0.4934436265625 0.1453125 0.49791666718750005 0.105815971875 0.5123842578125 0.10625 0.4895833328125 0.1015625 0.45416666718750004 0.0984375 0.4458333328125 0.08125 0.425 0.0640625 0.4270833328125 0.0546875 0.44375 0.05 0.47291666718750003 0.050520832812500006 0.5326388890625 0.028125 0.5416666671875 0.01953125 0.540625 0.018923610937499998 0.5442129625 0.0109375 0.5395833328124999 0.011024306250000001 0.5471064812499999 0.003125 0.55 0 0.5916666671875 0.00625 0.6104166671875 0.00625 0.6354166671875 0.0125 0.65625