9 0.545875 0.6754374999999999 0.5280781250000001 0.596875 0.50584375 0.4767708328125 0.50028125 0.4100625 0.493609375 0.33147916718750003 0.46135937499999996 0.28108333281250003 0.419109375 0.3166666671875 0.42356249999999995 0.3655833328125 0.45246875 0.39375 0.4769375 0.43970833281250005 0.478046875 0.4990208328125 0.491390625 0.6013124999999999 0.518078125 0.6695208328125 0.52140625 0.6976875 0.5503125 0.7095416671875 0.545875 0.6754374999999999
9 0.839328125 0.7348333328125001 0.810671875 0.7662916671875 0.8072968749999999 0.8157291671875001 0.7971874999999999 0.8763958328125 0.7971874999999999 0.8898958328125 0.790453125 0.9460625 0.790453125 0.9865208328125 1 1 0.9977499999999999 0.7101041671874999 0.9606718750000001 0.6876458328124999 0.9 0.6808958328125 0.862921875 0.7101041671874999 0.839328125 0.7348333328125001
8 0.516890625 0.7342291671875001 0.46621875 0.43918749999999995 0.383453125 0.4346875 0.329390625 0.7027083328125 0.3175625 0.7004583328125 0.39865625 0.7725208328125001 0.516890625 0.7342291671875001
9 0.763484375 0.7803333328125001 0.765171875 0.7893333328125001 0.8005625000000001 0.8275208328125 0.8140468750000001 0.7601041671875 0.8983125 0.6814583328125 0.9539375 0.6859583328125 0.9977499999999999 0.7061875 1 0.41179166718750004 0.967421875 0.344375 0.9286562500000001 0.3308958328125 0.881453125 0.3780833328125 0.881453125 0.3825833328125 0.8528125 0.3780833328125 0.841015625 0.38708333281249996 0.817421875 0.3780833328125 0.8022500000000001 0.3960625 0.78034375 0.38933333281250004 0.717984375 0.4342708328125 0.7129218749999999 0.4589791671875 0.72809375 0.5016875 0.785390625 0.5151666671874999 0.798875 0.5084166671875 0.8190937500000001 0.4949375 0.82415625 0.5016875 0.8140468750000001 0.557875 0.798875 0.6926875 0.790453125 0.7129166671875 0.77190625 0.746625 0.763484375 0.7803333328125001
9 0.812171875 0.5687083328125 0.803125 0.5737291671875 0.79784375 0.57925 0.79634375 0.5893125 0.789546875 0.624 0.7789843750000001 0.6370833328125001 0.75296875 0.6632291671874999 0.777859375 0.6742916671875 0.8004843749999999 0.6813333328125 0.812171875 0.5687083328125
8 0.572265625 0.7748958328125 0.5743437499999999 0.8145208328125 0.56859375 0.8228125000000001 0.565828125 0.8267916671875 0.56490625 0.8307916671875001 0.56490625 0.8360208328125 0.56928125 0.8384791671875 0.582875 0.8363125 0.589546875 0.8353958328125 0.5911562499999999 0.8243333328125001 0.588171875 0.8178958328125001 0.57940625 0.8129791671875 0.57871875 0.7905625 0.5835625 0.7831875 0.588171875 0.7380416671875001 0.588171875 0.7208333328125 0.5856250000000001 0.7125416671875 0.575265625 0.711625 0.5674375 0.7137708328125 0.5646718749999999 0.7186874999999999 0.565125 0.7641458328125 0.572265625 0.7748958328125
8 0.581921875 0.8154166671875 0.5865 0.8194791671875 0.596140625 0.8201458328125 0.610875 0.8187916671875 0.6068125 0.8079583328125001 0.605796875 0.7984791671875 0.60478125 0.7883333328125001 0.60478125 0.7741041671875 0.60528125 0.7612291671875 0.611890625 0.7341458328125 0.61240625 0.7144999999999999 0.606296875 0.7023125 0.5991875 0.7009583328125 0.59259375 0.701625 0.5880156249999999 0.7104375 0.5865 0.7287291671875 0.587515625 0.7490416671875 0.5905625 0.77275 0.600203125 0.7896875 0.59665625 0.8079583328125001 0.581921875 0.8154166671875
8 0.641109375 0.7954375 0.66453125 0.7850208328125 0.6661406249999999 0.7821666671874999 0.6739531249999999 0.7584791671875 0.668828125 0.7491458328125 0.6424531250000001 0.7408750000000001 0.5974999999999999 0.7401666671875 0.5886250000000001 0.7498541671875001 0.59346875 0.7731874999999999 0.60503125 0.7929166671875 0.6123125 0.79975 0.6184999999999999 0.8008124999999999 0.641109375 0.7954375
8 0.26878125 0.9318541671875 0.27259375 0.9327708328125001 0.27571875 0.9313958328125 0.30278125 0.9212083328125 0.310765625 0.9138125 0.3100625 0.9050208328125 0.3100625 0.8966875 0.31528125 0.8878958328125 0.31875 0.8772500000000001 0.32048437500000004 0.8703125 0.321171875 0.8624583328125001 0.3225625 0.8508749999999999 0.31179687500000003 0.841625 0.30485937500000004 0.8379166671875 0.29340625 0.8337708328125 0.28265625 0.8314583328125 0.271203125 0.8314583328125 0.261484375 0.8328333328124999 0.24690625000000002 0.8337708328125 0.23581249999999998 0.8337708328125 0.22678125 0.8360833328125 0.220890625 0.837 0.21603124999999998 0.8374583328125 0.2094375 0.8402499999999999 0.20249999999999999 0.8425625 0.19693750000000002 0.8462500000000001 0.1938125 0.8494999999999999 0.193125 0.8550416671875001 0.19207812500000002 0.85875 0.19173437499999998 0.8638333328125001 0.19139062499999998 0.8689166671875 0.19278125 0.8763333328125 0.194515625 0.8809583328124999 0.195203125 0.8841875 0.19659374999999998 0.8902083328125 0.19659374999999998 0.8939166671875001 0.199015625 0.8985416671875001 0.20006249999999998 0.9017708328125 0.201109375 0.906875 0.20214062500000002 0.9101041671875001 0.20214062500000002 0.9165833328125 0.20909375 0.9239791671875001 0.2170625 0.9290833328125 0.228859375 0.9327708328125001 0.235109375 0.9350833328125001 0.251078125 0.9360208328124999 0.25906250000000003 0.9337083328125001 0.261140625 0.93 0.26878125 0.9318541671875
8 0.64621875 0.7119791671875 0.639703125 0.722 0.639703125 0.7353541671875 0.64921875 0.7366875 0.657234375 0.745375 0.66475 0.7433541671875 0.67475 0.7467083328124999 0.681265625 0.7487083328125 0.68678125 0.7587291671874999 0.7012968749999999 0.7567083328125 0.706796875 0.7507083328124999 0.7113125 0.7527083328125 0.73084375 0.753375 0.7343437500000001 0.7587291671874999 0.7343437500000001 0.7800833328125 0.73984375 0.7840833328125 0.743359375 0.7727291671875001 0.747859375 0.7747499999999999 0.755375 0.7820833328125001 0.7648906249999999 0.7727291671875001 0.7638906249999999 0.757375 0.769890625 0.7527083328125 0.77590625 0.7587291671874999 0.786921875 0.7273333328125 0.7944375 0.7139791671875 0.7999375 0.6812708328125 0.73184375 0.6585833328125 0.661234375 0.6812708328125 0.660734375 0.722 0.657234375 0.722 0.654734375 0.7133125 0.64621875 0.7119791671875
8 0.7967500000000001 0.9038958328125 0.8103906249999999 0.8519583328125 0.77921875 0.7584375 0.804546875 0.683125 0.746109375 0.6597500000000001 0.6681874999999999 0.6805208328125001 0.6565000000000001 0.716875 0.6311718749999999 0.7220833328125 0.598046875 0.7220833328125 0.584421875 0.7246666671875001 0.574671875 0.7480416671875 0.56103125 0.7636458328125 0.551296875 0.7558541671875 0.51428125 0.7324583328125 0.5084375 0.7038958328125 0.4948125 0.6727291671875 0.492859375 0.6493541671874999 0.4850625 0.6 0.483109375 0.5714375 0.48117187499999997 0.5324583328125 0.471421875 0.5194791671875 0.46753125000000006 0.4623333328125 0.46168750000000003 0.42337499999999995 0.436359375 0.3922083328125 0.407140625 0.4051875 0.38765625 0.4389583328125 0.38571875 0.5012916671875 0.379875 0.5324583328125 0.372078125 0.5818125000000001 0.36234375 0.6129791671875 0.3584375 0.670125 0.33896875 0.6883125 0.331171875 0.7038958328125 0.3116875 0.7272708328124999 0.303890625 0.7610416671875 0.29415625 0.8103958328124999 0.10518749999999999 0.8675416671875 0.10325 0.9870208328125001 0.7266250000000001 0.9844166671875 0.746109375 0.9428541671874999 0.7967500000000001 0.9038958328125
9 0.6155781250000001 0.74025 0.6525937500000001 0.716875 0.6292187499999999 0.6389583328125 0.607796875 0.5818125000000001 0.6448125 0.5740208328125 0.64090625 0.49870833281250004 0.623375 0.4623333328125 0.5961093749999999 0.4441458328125 0.609734375 0.3818125 0.5961093749999999 0.36364583281249996 0.57078125 0.3584375 0.551296875 0.3714375 0.54934375 0.376625 0.53571875 0.4363541671875 0.4948125 0.44675000000000004 0.545453125 0.7065 0.520125 0.7090833328125 0.51428125 0.7376666671875001 0.5396093750000001 0.7506458328125001 0.574671875 0.7454583328125 0.578578125 0.7090833328125 0.60584375 0.7065 0.6155781250000001 0.74025
9 0.691890625 0.52825 0.682578125 0.5411041671875 0.6839062499999999 0.5530833328125 0.686578125 0.5677083328125 0.684578125 0.5725833328125 0.6839062499999999 0.5801041671875 0.690890625 0.5858749999999999 0.686234375 0.5911875 0.6832499999999999 0.5982708328124999 0.6736093750000001 0.6036041671875 0.666296875 0.6093541671875 0.6613125 0.6288541671875 0.659984375 0.6408333328125 0.6573125 0.6523541671875 0.652671875 0.663875 0.65034375 0.67275 0.654984375 0.6793958328125 0.664296875 0.6847083328125 0.668625 0.6771666671875 0.6815781249999999 0.673625 0.7218125 0.6621041671875 0.733765625 0.6581041671875 0.743078125 0.663875 0.7477343750000001 0.6545625 0.745734375 0.6363958328125 0.738765625 0.611125 0.733765625 0.6044791671875 0.725796875 0.5982708328124999 0.72346875 0.5947291671875 0.72546875 0.5836458328125 0.729125 0.581 0.729125 0.5734583328125 0.724796875 0.5677083328125 0.729125 0.5615 0.724125 0.5459791671875001 0.714828125 0.5286875 0.7038593750000001 0.5238125 0.691890625 0.52825
8 0.032625 0.991875 0.02653125 0.9600208328125 0.032625 0.9581666671875 0.096765625 0.9550416671875 0.097234375 0.8813541671875 0.10098437499999999 0.867 0.11971875000000001 0.8526458328125001 0.21617187499999999 0.8345416671875 0.29671875000000003 0.8120625 0.29578125 0.7621041671875 0.3 0.749625 0.31451562499999997 0.75275 0.305625 0.739 0.3046875 0.7290208328125 0.314046875 0.7277708328125 0.32246874999999997 0.7134166671875 0.33325 0.6971666671875 0.344484375 0.6828125 0.3580625 0.6703333328125 0.35853125 0.6578333328125 0.34964062500000004 0.6453541671874999 0.34354687500000003 0.6391041671875 0.351515625 0.6353541671875 0.34635937499999997 0.624125 0.339796875 0.6103958328125 0.348703125 0.6078958328125 0.3580625 0.631625 0.360875 0.614125 0.36321875000000003 0.6060208328125001 0.360875 0.6016458328125001 0.359 0.5891666671875 0.3655625 0.5866666671874999 0.35946875 0.5772916671874999 0.3543125 0.5847916671875 0.348234375 0.5779166671875 0.33559375 0.5779166671875 0.30515625 0.5841666671875 0.28923437500000004 0.5872916671875 0.282203125 0.5673125 0.27331249999999996 0.5953958328125 0.26815625 0.6097708328125 0.25973437499999996 0.61475 0.24707812499999998 0.6409791671875 0.23912499999999998 0.6422291671875 0.2363125 0.63225 0.2030625 0.6060208328125001 0.19229687499999998 0.6128958328125 0.14921875 0.6453541671874999 0.138453125 0.6578333328125 0.104265625 0.6522291671875 0.091625 0.6559583328125 0.08225 0.6590833328125 0.077578125 0.6509791671875 0.0003125 0.6085208328125 0.00125 0.7571041671875001 0 0.999375 0.03075 0.9999791671875 0.032625 0.991875