8 0.60890625 0.47693925156250006 0.609890625 0.477313084375 0.610375 0.47742990625 0.611765625 0.47742990625 0.61234375 0.477313084375 0.614234375 0.47707943906250005 0.6152968750000001 0.4767056078125 0.615703125 0.47560747656249996 0.6158750000000001 0.474369159375 0.616203125 0.4722897203125 0.6157812500000001 0.4705841125 0.615625 0.469602803125 0.615046875 0.468855140625 0.614234375 0.468855140625 0.613078125 0.468855140625 0.6116875 0.46911215000000006 0.61103125 0.46922897187499996 0.609796875 0.46983644843750005 0.6088281249999999 0.47070093437500005 0.60825 0.47266355156250006 0.608 0.47462616874999997 0.608328125 0.47609813125 0.60890625 0.47693925156250006
8 0.60228125 0.0674766359375 0.603078125 0.047827103125 0.60021875 0.046869159375000004 0.595 0.045443925 0.58865625 0.044976635937499995 0.5859687499999999 0.0480607484375 0.5859687499999999 0.0582476640625 0.586453125 0.0776635515625 0.591515625 0.0776635515625 0.603234375 0.0790654203125 0.60228125 0.0674766359375
8 0.580171875 0.079158878125 0.5805 0.0675467296875 0.580171875 0.0511915890625 0.575609375 0.0440186921875 0.566484375 0.045046729687499995 0.566359375 0.048457943749999996 0.5647656249999999 0.069602803125 0.5627187499999999 0.0713084109375 0.562265625 0.07880841093749999 0.580171875 0.079158878125
8 0.55628125 0.0394158875 0.559078125 0.046331775 0.563421875 0.0438084109375 0.5631406250000001 0.0320794390625 0.56090625 0.029369159375 0.55740625 0.0209813078125 0.555296875 0.019299065625 0.5461875 0.0176401875 0.547453125 0.0255841125 0.55334375 0.0287383171875 0.55628125 0.0394158875
8 0.170234375 0.32654205625 0.174625 0.32654205625 0.18001562499999998 0.3272663546875 0.18146875 0.328714953125 0.188328125 0.328714953125 0.195171875 0.3279906546875 0.19859374999999999 0.32287383125 0.1995625 0.3163084109375 0.197609375 0.31116822499999996 0.196140625 0.30679906562500003 0.195171875 0.30679906562500003 0.192234375 0.30679906562500003 0.1888125 0.30679906562500003 0.18440625 0.310443925 0.17903125 0.3170327109375 0.174140625 0.3199532703125 0.16143749999999998 0.3279906546875 0.163875 0.331658878125 0.16534374999999998 0.328714953125 0.170234375 0.32654205625
9 0.07965625 0.68315420625 0.08415625 0.6494392515625 0.093171875 0.6337149531249999 0.07814062499999999 0.6179672890625 0.060109375 0.597757009375 0.054093749999999996 0.5932476640625 0.064625 0.5730373828124999 0.057109375 0.5505607484375 0.043578125 0.5505607484375 0.0345625 0.56404205625 0.025546875000000004 0.5842757015625 0.010515625 0.5820327109375001 0.012015625 0.6202336453124999 0.006015625 0.6719158875 0.01503125 0.685397196875 0.022546875 0.7056074765625 0.024046875000000002 0.725841121875 0.039078125000000005 0.71684579375 0.0360625 0.7033644859375 0.052593749999999995 0.68315420625 0.069125 0.674158878125 0.054093749999999996 0.71684579375 0.061609375 0.7235981312499999 0.08415625 0.7280841125 0.091671875 0.7235981312499999 0.09618750000000001 0.7078738312499999 0.07965625 0.68315420625
9 0.175890625 0.346728971875 0.173671875 0.3375934578125 0.1725625 0.3334345796875 0.171453125 0.32432242968749997 0.17089062500000002 0.31684579375 0.172 0.31352803749999997 0.17478125 0.31352803749999997 0.175890625 0.31766355156250003 0.177 0.3185046734375 0.1775625 0.30771027968750003 0.177 0.30023364531249996 0.1764375 0.28612149531250003 0.1764375 0.280327103125 0.17478125 0.27698598125 0.173109375 0.27119158906249996 0.16978125 0.264556075 0.16534374999999998 0.26287383124999997 0.162015625 0.2695327109375 0.161453125 0.27532710312500003 0.16090625 0.281144859375 0.1586875 0.28612149531250003 0.15090625 0.2902803734375 0.14146875 0.31021027968750003 0.15090625 0.3185046734375 0.14646874999999998 0.3276401875 0.14590625 0.3334345796875 0.147578125 0.3475467296875 0.15035937500000002 0.3542056078125 0.1486875 0.364158878125 0.143140625 0.38242990625 0.14203125 0.39154205625 0.14146875 0.40233644843749994 0.140359375 0.40565420625000004 0.140921875 0.41065420625 0.14425 0.41397196249999996 0.148140625 0.41644859843750004 0.1486875 0.41644859843750004 0.148140625 0.4089953265625 0.14646874999999998 0.40317757031249996 0.14646874999999998 0.3973598125 0.1486875 0.392383178125 0.153125 0.381588784375 0.154796875 0.37742990625 0.15534375 0.365 0.15534375 0.36 0.1575625 0.34588785 0.16034375 0.34588785 0.16978125 0.3550233640625 0.16978125 0.36581775625 0.16978125 0.381588784375 0.17089062500000002 0.3849065421875 0.172 0.39820093437500004 0.173671875 0.40565420625000004 0.177 0.40981308437499997 0.18365625000000002 0.412313084375 0.184765625 0.412313084375 0.18421875000000001 0.40981308437499997 0.18643749999999998 0.40815420625 0.17921875 0.3973598125 0.17867187499999998 0.37908878437500004 0.177 0.35586448593750003 0.175890625 0.346728971875
9 0.8929375 0.24719626093749997 0.897640625 0.257172896875 0.8972187500000001 0.259742990625 0.9045156249999999 0.27901869218750003 0.9070937499999999 0.2809345796875 0.9027968749999999 0.2687383171875 0.9019375000000001 0.26037383125 0.913546875 0.26294392499999997 0.913109375 0.24946261718749999 0.9165468750000001 0.23918224375000002 0.8989375000000001 0.24946261718749999 0.8985 0.24560747656249998 0.896109375 0.24357476562499997 0.8964375 0.235630840625 0.9019375000000001 0.232757009375 0.9118281250000001 0.2173364484375 0.90365625 0.21348130781250002 0.905375 0.2019158875 0.8993593750000001 0.1980607484375 0.8946406250000001 0.2 0.89378125 0.2154205609375 0.8899062499999999 0.22441588750000002 0.8881875000000001 0.23404205625 0.890765625 0.235327103125 0.894203125 0.24625 0.8929375 0.24719626093749997
9 0.8901406250000001 0.2205373828125 0.886328125 0.21369158906250002 0.880984375 0.21198598125 0.8771875 0.2188084109375 0.8752812499999999 0.2290654203125 0.8748906249999999 0.23647196250000002 0.8699375 0.2438785046875 0.8680468749999999 0.26039719687499996 0.8771875 0.2632476640625 0.8855625 0.267242990625 0.8920312499999999 0.271799065625 0.8927968749999999 0.26609813125000004 0.8927968749999999 0.2541355140625 0.8939375 0.23990654218750002 0.888234375 0.23420560781250002 0.888234375 0.23306074843750002 0.888984375 0.22735981249999998 0.8901406250000001 0.2205373828125
9 0.8661562500000001 0.26661215 0.86775 0.254742990625 0.8621874999999999 0.2482242984375 0.8621874999999999 0.2369392515625 0.87053125 0.24287383125 0.8740937499999999 0.23633177500000002 0.866953125 0.229813084375 0.8594062499999999 0.2214953265625 0.8621874999999999 0.21140186875000003 0.8578125 0.20189252343750003 0.849484375 0.20189252343750003 0.84590625 0.2090186921875 0.8455 0.21911215 0.8399531250000001 0.22327102812500002 0.832796875 0.23929906562499997 0.8391562499999999 0.2488084109375 0.8391562499999999 0.263644859375 0.8399531250000001 0.2648364484375 0.84590625 0.27373831718749997 0.8661562500000001 0.26661215
9 0.826796875 0.232242990625 0.8297968750000001 0.232242990625 0.8302343750000001 0.22455607500000002 0.8328125 0.225841121875 0.8328125 0.229672896875 0.8353906249999999 0.2335280375 0.83753125 0.23095794375 0.8396874999999999 0.220700934375 0.8340937500000001 0.21105140156250002 0.82421875 0.19948598125 0.824640625 0.1898598125 0.821203125 0.17892523437500002 0.81175 0.18343457968750002 0.8104687500000001 0.198200934375 0.804453125 0.20462616875 0.800578125 0.22455607500000002 0.802296875 0.232897196875 0.815625 0.23418224375 0.81734375 0.22710280312500003 0.8233593750000001 0.22261682187499998 0.826796875 0.232242990625
9 0.73209375 0.20612149531249999 0.724234375 0.1953504671875 0.723578125 0.18165887812499998 0.7203125 0.1806775703125 0.713125 0.18654205625 0.713765625 0.197313084375 0.707890625 0.2021962609375 0.705921875 0.21394859843749997 0.708546875 0.2217757015625 0.6993750000000001 0.2305607484375 0.7006875 0.2452336453125 0.707234375 0.24621495312500002 0.708546875 0.23252336406250002 0.7190000000000001 0.22764018749999998 0.72096875 0.22764018749999998 0.7288125 0.23154205625 0.73209375 0.20612149531249999
9 0.788359375 0.2553504671875 0.78653125 0.24168224375 0.7806875 0.2345794390625 0.77959375 0.22803738281250002 0.775203125 0.21764018749999997 0.769734375 0.21656542031249998 0.7664375 0.23240654218749998 0.7569375 0.248785046875 0.75840625 0.2624532703125 0.75475 0.2679205609375 0.754375 0.28212616874999996 0.7858125 0.29306074843749996 0.788 0.28212616874999996 0.7872656250000001 0.2646495328125 0.788359375 0.2553504671875
9 0.8261875 0.2335280375 0.8261875 0.227827103125 0.8249375000000001 0.22542056093750001 0.821828125 0.22502336406249998 0.8202343750000001 0.22516355156249998 0.818546875 0.2271495328125 0.81703125 0.2294158875 0.8169531250000001 0.231285046875 0.81703125 0.235116821875 0.8161406250000001 0.23817757031250003 0.8163281250000001 0.23978972031249998 0.8125937499999999 0.24271027968749997 0.8108124999999999 0.250397196875 0.8110781250000001 0.264088784375 0.81134375 0.2675467296875 0.814640625 0.2694158875 0.8219218749999999 0.2684813078125 0.833921875 0.268341121875 0.83534375 0.26462616875 0.835984375 0.26537383124999997 0.8371562499999999 0.24609813125 0.83378125 0.23908878437499997 0.8288125000000001 0.2347196265625 0.8261875 0.2335280375
8 0.7690625 0.5494392515625 0.770859375 0.553411215625 0.769140625 0.5539252343750001 0.76828125 0.5577803734375 0.771296875 0.5589485984375 0.7725 0.5570093453125 0.77171875 0.5538084109375 0.773875 0.549299065625 0.774125 0.5391355140625 0.7833281249999999 0.530257009375 0.7854062500000001 0.5220327109375 0.7808437500000001 0.5156074765625001 0.776109375 0.5149532703124999 0.76621875 0.5193224296875 0.76278125 0.525116821875 0.7622656250000001 0.528341121875 0.7635468750000001 0.533855140625 0.769234375 0.5404205609375 0.7690625 0.5494392515625
8 0.46834375 0.034883178125 0.471265625 0.033130840625000005 0.47609375 0.036425234375 0.47609375 0.043200934375 0.48064062500000004 0.043644859375 0.48415625 0.0449532703125 0.48546875 0.0478037390625 0.48765625 0.049556075 0.48707812500000003 0.023504673437500002 0.486640625 0.01934579375 0.46878125 0.0180373828125 0.46834375 0.034883178125
8 0.60228125 0.020186915625 0.59434375 0.0213785046875 0.58759375 0.02434579375 0.587203125 0.0350233640625 0.587203125 0.043925234375 0.590375 0.0457242984375 0.596734375 0.043341121875 0.605859375 0.051658878124999995 0.60546875 0.041565420312500004 0.6050625000000001 0.02551401875 0.60228125 0.020186915625
8 0.232125 0.084299065625 0.231875 0.06313084062499999 0.20812499999999998 0.06313084062499999 0.20571875 0.0642056078125 0.20571875 0.08537383125 0.232125 0.084299065625
8 0.745953125 0.3192523359375 0.74428125 0.33434579375 0.7425937499999999 0.342383178125 0.739578125 0.3494392515625 0.737890625 0.3604906546875 0.748984375 0.3625 0.751 0.29815420625 0.750671875 0.29210280312500003 0.737890625 0.28960280312500003 0.74125 0.2966355140625 0.7473124999999999 0.301658878125 0.745953125 0.3192523359375
9 1 0.24614485937500002 0.9988906249999999 0.24399532656249998 0.997875 0.24278037343749997 0.9954062499999999 0.2430841125 0.9927343750000001 0.2452336453125 0.9917031250000001 0.247383178125 0.9919062500000001 0.250771028125 0.9919062500000001 0.2541355140625 0.9925312500000001 0.257827103125 0.9925312500000001 0.26182242968749997 0.9921093750000001 0.2642757015625 0.989859375 0.2661214953125 0.98821875 0.268271028125 0.990671875 0.269813084375 0.9941718749999999 0.271331775 0.99621875 0.2747196265625 0.99725 0.2820794390625 0.99684375 0.28822429843749997 1 0.29161215 1 0.24614485937500002
9 0.7953281249999999 0.199672896875 0.791375 0.1974065421875 0.792296875 0.1869626171875 0.792296875 0.1810514015625 0.788640625 0.17742990625 0.782265625 0.1806074765625 0.7810625 0.19331775625 0.7810625 0.1974065421875 0.7765 0.2037616828125 0.775890625 0.21829439218750002 0.7795468750000001 0.227827103125 0.782265625 0.23689252343749997 0.7831875 0.23918224375000002 0.786828125 0.23280373906250001 0.79503125 0.2323598125 0.7959375 0.22418224375 0.7962343749999999 0.2200934578125 0.79715625 0.2132943921875 0.7953281249999999 0.199672896875
9 0.8257656250000001 0.31301401875 0.819953125 0.3072196265625 0.8203437499999999 0.2927336453125 0.8125937499999999 0.2898364484375 0.8098750000000001 0.2938785046875 0.8102656250000001 0.3078037390625 0.802125 0.310700934375 0.8005625000000001 0.324602803125 0.8311875000000001 0.33214953281250004 0.83003125 0.32404205625000004 0.8257656250000001 0.31301401875
9 0.7640625 0.5636915890624999 0.7566875 0.5652803734375 0.75353125 0.577897196875 0.7714531250000001 0.5826168218750001 0.7830468749999999 0.585771028125 0.778828125 0.6078504671875 0.770390625 0.6220327109375 0.77671875 0.6267757015625001 0.7661718750000001 0.688271028125 0.754578125 0.7324299062499999 0.765125 0.74345794375 0.77671875 0.7040420562499999 0.7893749999999999 0.656728971875 0.7978125 0.6425467296875 0.808359375 0.6520093453125 0.8357812499999999 0.7308411218749999 0.8400000000000001 0.7497663546875 0.846328125 0.7576635515625 0.854765625 0.7450467296875 0.849484375 0.7261214953125 0.82734375 0.6630373828125 0.821015625 0.6157242984375 0.824171875 0.577897196875 0.8305 0.5589719625 0.8357812499999999 0.53845794375 0.8400000000000001 0.52742990625 0.832609375 0.514813084375 0.8189062500000001 0.48642523437499996 0.80940625 0.491168225 0.80625 0.5179672890625 0.792546875 0.5195327109375001 0.7883281249999999 0.522686915625 0.78621875 0.551074765625 0.778828125 0.557383178125 0.76828125 0.5400467296875 0.7640625 0.5636915890624999
8 0.464046875 0.0529672890625 0.46503125 0.0480373828125 0.463046875 0.01654205625 0.445609375 0.01948598125 0.4459375 0.04359813125 0.44692187499999997 0.042616821875 0.46042187500000004 0.0455841125 0.464046875 0.0529672890625
9 0.0015625 0 0.009578804687500001 0.0185900046875 0.0015625 0.0186915890625 0.0015625 0.077102803125 0.0125 0.08411215 0.028125 0.08411215 0.04375 0.09345794375000001 0.1421875 0.09345794375000001 0.1515625 0.0817757015625 0.159375 0.0607476640625 0.1619157609375 0.059731815625 0.1924592390625 0.07110930625 0.2078125 0.09345794375000001 0.2265625 0.09813084062500001 0.234375 0.10514018750000001 0.2390625 0.10514018750000001 0.23805147031249999 0.10926333125000001 0.25 0.10747663593750001 0.24963235312499998 0.125755909375 0.284375 0.17523364531250002 0.279637096875 0.190759721875 0.28125 0.19859813125 0.278125 0.203271028125 0.27646169375 0.2016129046875 0.275 0.21261682187500003 0.273286290625 0.212466084375 0.187550403125 0.5055019609375 0.1828125 0.516355140625 0.1578125 0.516355140625 0.1484375 0.53037383125 0.1421875 0.5771028031250001 0.14375 0.6378504671874999 0.15 0.661214953125 0.159375 0.6752336453125001 0.18125 0.67757009375 0.1875 0.6705607484375 0.190625 0.661214953125 0.190625 0.6214953265625 0.184375 0.5654205609375 0.19375 0.546728971875 0.19375 0.5327102796875 0.1875 0.5186915890625 0.6203125 0.2359813078125 0.6265625 0.2476635515625 0.6390625 0.2476635515625 0.6506114125 0.2417716375 0.6671875 0.24299065468749997 0.6658831515625 0.24746038124999997 0.7116983703125 0.2645266140625 0.715625 0.2710280375 0.7078125 0.2827102796875 0.70625 0.2897196265625 0.70625 0.317757009375 0.7015625 0.3294392515625 0.7015625 0.3574766359375 0.7140625 0.37616822499999997 0.7296875 0.37616822499999997 0.746875 0.3528037390625 0.7515625 0.33177570156249997 0.7515625 0.30841121562499996 0.74375 0.28037383125000004 0.7498777171875 0.2787484765625 0.8796875 0.327102803125 0.8828125 0.33644859843749997 0.89375 0.3504672890625 0.90625 0.3504672890625 0.9125 0.3574766359375 0.928125 0.3574766359375 0.934375 0.3504672890625 0.9453125 0.3504672890625 0.9625 0.3668224296875 0.978125 0.3668224296875 0.9875 0.3551401875 0.990625 0.3457943921875 0.9984375 0.3411214953125 0.9984375 0.29205607499999997 0.9953125 0.2733644859375 0.990625 0.2710280375 0.9921875 0.2570093453125 0.975 0.24065420624999997 0.978125 0.109813084375 0.9875 0.109813084375 0.9984375 0.088785046875 0.9984375 0.0210280375 0.9953125 0 0.6671875 0 0.6578125 0.016355140625 0.6515625 0.0443925234375 0.65 0.07943925156250001 0.625 0.088785046875 0.625 0.07242990625 0.6171875 0.053738317187499995 0.6171875 0.0397196265625 0.621875 0.0210280375 0.6203125 0 0.5828125 0.004672896875000001 0.503125 0 0.4171875 0 0.4140625 0.009345793750000001 0.4078125 0.014018692187500001 0.4015625 0 0.19375 0 0.1859375 0.016355140625 0.1538722828125 0.0167614796875 0.1484375 0 0.0015625 0