8 0.0606133328125 0.51192 0.07344 0.56166 0.0755733328125 0.51354 0.0926933328125 0.51032 0.09696 0.55524 0.11408 0.55202 0.1033866671875 0.4991 0.16541333281249998 0.49588 0.1675466671875 0.4991 0.1739733328125 0.5231600000000001 0.1846666671875 0.51354 0.1718133328125 0.44938 0.1589866671875 0.45258000000000004 0.16111999999999999 0.47504 0.14829333281249998 0.47182 0.1312 0.47504 0.11408 0.47504 0.0862666671875 0.47984 0.0328 0.4991 0.023866667187500003 0.47447999999999996 0.00896 0.47672 0.00896 0.48792 0.020880000000000003 0.5863400000000001 0.039226667187499994 0.56806 0.0285333328125 0.51192 0.0606133328125 0.51192
9 0.42624000000000006 0.44960000000000006 0.42850666718749997 0.5339 0.43688000000000005 0.53902 0.47029333281249996 0.50826 0.46344 0.457 0.4626933328125 0.41369999999999996 0.53104 0.40743999999999997 0.528 0.3949 0.48090666718749997 0.3801 0.4596533328125 0.39434 0.45205333281250004 0.42568 0.41181333281250004 0.4194 0.3890133328125 0.40972 0.37762666718750004 0.42454000000000003 0.3806666671875 0.41597999999999996 0.37232 0.4325 0.42624000000000006 0.44960000000000006
8 0.37912 0.65294 0.3608 0.61492 0.33384 0.6133200000000001 0.3176533328125 0.61654 0.3004 0.6311 0.29176 0.65618 0.2971466671875 0.6723600000000001 0.3284266671875 0.6861200000000001 0.35432 0.68692 0.37266666718749997 0.6772199999999999 0.37912 0.65294
8 0.51488 0.6812 0.5367466671875001 0.67506 0.5654133328125 0.67198 0.5790666671875 0.67608 0.5872533328125 0.6771 0.6009066671875 0.67608 0.61184 0.67198 0.6063733328125 0.6392 0.5872533328125 0.61462 0.5599466671875 0.60848 0.5462933328124999 0.60746 0.534 0.61462 0.5271733328125 0.6187199999999999 0.5421866671875 0.61668 0.5189866671875001 0.6279399999999999 0.5094133328125 0.6556 0.5080533328125 0.673 0.51488 0.6812
8 0.35672000000000004 0.5833 0.37216 0.5806199999999999 0.37632 0.5726 0.37872 0.56502 0.37872 0.5628 0.3709866671875 0.54764 0.3620533328125 0.53828 0.33592 0.52624 0.3228266671875 0.52624 0.3050133328125 0.52758 0.2871733328125 0.5320400000000001 0.2734933328125 0.53872 0.26576 0.54586 0.2693333328125 0.56102 0.2937066671875 0.56324 0.3079733328125 0.56636 0.3174933328125 0.57928 0.31808000000000003 0.5855400000000001 0.3252 0.5841999999999999 0.35672000000000004 0.5833
8 0.47768 0.5074799999999999 0.4838666671875 0.51212 0.49648000000000003 0.51674 0.5049066671875 0.51632 0.5293066671875 0.5175799999999999 0.5326666671875 0.5138 0.5382666671874999 0.50602 0.5427733328125 0.49802 0.5466933328125 0.48498 0.5503466671874999 0.47298 0.5539733328125 0.457 0.54024 0.45426 0.5206133328125 0.45742000000000005 0.5068533328125 0.4631 0.4855466671875 0.47298 0.47712000000000004 0.48075999999999997 0.46871999999999997 0.49108 0.4717866671875 0.49779999999999996 0.4723466671875 0.49992000000000003 0.47768 0.5074799999999999
8 0.030613332812499998 0.65244 0.030613332812499998 0.65684 0.0575466671875 0.65742 0.07978666718750001 0.64806 0.10088 0.64044 0.10437333281250001 0.6354599999999999 0.09890666718749999 0.61878 0.09424 0.61878 0.0735466671875 0.62112 0.046613332812500005 0.6343 0.034906667187500004 0.64308 0.030613332812499998 0.65244
8 0.30247999999999997 0.68892 0.284 0.6993199999999999 0.2439466671875 0.73166 0.22085333281250003 0.75822 0.18544 0.8055999999999999 0.21469333281249997 0.82524 0.24087999999999998 0.80906 0.2670666671875 0.78826 0.3471466671875 0.70278 0.34869333281250003 0.68892 0.3302133328125 0.6831400000000001 0.30247999999999997 0.68892
8 0.58528 0.76058 0.5907466671875 0.77422 0.6053066671875 0.8137800000000001 0.6253066671874999 0.8492599999999999 0.6471199999999999 0.84788 0.6616799999999999 0.82606 0.6380266671875 0.74966 0.6307733328125 0.74012 0.5889333328124999 0.7414799999999999 0.58528 0.76058
8 0.7723466671875 0.8188599999999999 0.7744266671875 0.8034399999999999 0.74768 0.76952 0.7003999999999999 0.7448400000000001 0.6407733328125 0.74176 0.6325333328125 0.75718 0.6613333328125 0.78186 0.7332799999999999 0.83274 0.7764800000000001 0.85434 0.7929066671875 0.8450799999999999 0.7723466671875 0.8188599999999999
8 0.10895999999999999 0.64144 0.1155733328125 0.6638 0.12552000000000002 0.6671199999999999 0.12664 0.6638 0.2083466671875 0.63316 0.1961866671875 0.605 0.13877333281249998 0.6199 0.10895999999999999 0.64144
8 0.1404 0.7630600000000001 0.1362666671875 0.7759199999999999 0.1439466671875 0.78124 0.1575466671875 0.78036 0.2084266671875 0.7541800000000001 0.24749333281250002 0.732 0.3226133328125 0.6863 0.32026666718749996 0.67432 0.29541333281250004 0.66544 0.28357333281249997 0.66632 0.2563466671875 0.67698 0.21080000000000002 0.68896 0.2113866671875 0.69428 0.17352 0.732 0.1404 0.7630600000000001
8 0.43290666718750004 0.7109 0.42869333281250005 0.7204200000000001 0.42869333281250005 0.72782 0.41597333281250004 0.74158 0.41879999999999995 0.75322 0.41738666718750006 0.75746 0.4258666671875 0.76064 0.4484266671875 0.749 0.4597333328125 0.74052 0.4822933328125 0.72148 0.5020533328125001 0.69926 0.5077066671875 0.68232 0.50912 0.67068 0.50488 0.64952 0.5041066671875 0.65122 0.4667733328125 0.6664399999999999 0.45690666718750006 0.67808 0.44704 0.69184 0.43290666718750004 0.7109
8 0.49063999999999997 0.86396 0.5687733328125 0.9071400000000001 0.58728 0.90406 0.5687733328125 0.8485400000000001 0.5502666671875 0.80228 0.5605333328125 0.7621800000000001 0.5153066671875 0.7390399999999999 0.49063999999999997 0.79764 0.49063999999999997 0.86396
8 0.7827466671875001 0.8125 0.8309066671875 0.8593400000000001 0.8946666671875001 0.8788600000000001 0.8959733328124999 0.8495799999999999 0.8894666671874999 0.83788 0.8686400000000001 0.81348 0.8699466671874999 0.80762 0.8816533328125 0.79298 0.8608266671875 0.7559 0.8126933328125 0.71392 0.7736533328124999 0.71392 0.7294133328125 0.7110000000000001 0.7177066671875 0.7110000000000001 0.6812533328125 0.7393 0.68776 0.7383200000000001 0.74112 0.76664 0.7827466671875001 0.8125
8 0.6931466671875001 0.86958 0.7103733328125 0.8683 0.7146666671874999 0.8566800000000001 0.7163733328124999 0.8128 0.6897066671875 0.7915 0.6690666671875001 0.77666 0.6673333328125 0.77602 0.65184 0.76956 0.6441066671875 0.7715 0.64584 0.8082800000000001 0.6501333328125 0.83862 0.6750933328125 0.85732 0.6931466671875001 0.86958
8 0.64192 0.89388 0.6128 0.8420400000000001 0.6018933328125 0.77382 0.5546133328125 0.80112 0.5673333328125 0.8556800000000001 0.6018933328125 0.9007 0.6128 0.9075200000000001 0.64192 0.89388
8 0.5066933328125 0.69792 0.49896 0.70308 0.47400000000000003 0.7289 0.45336 0.75794 0.44216 0.79084 0.44560000000000005 0.79988 0.4645333328125 0.79988 0.49808 0.77406 0.5006666671875 0.75536 0.49808 0.7263200000000001 0.5066933328125 0.69792
8 0.23570666718750002 0.6048 0.24749333281250002 0.60022 0.26256 0.59688 0.2698933328125 0.5932000000000001 0.2650133328125 0.59168 0.2552266671875 0.58404 0.2503466671875 0.57824 0.2450666671875 0.57794 0.23650666718750002 0.5788599999999999 0.22877333281249998 0.57948 0.2141333328125 0.58344 0.2051733328125 0.58772 0.19744 0.59718 0.19663999999999998 0.60512 0.1998933328125 0.61122 0.20192000000000002 0.61824 0.2084266671875 0.62252 0.21576 0.61794 0.2226666671875 0.61274 0.23570666718750002 0.6048
8 0.9103199999999999 1 0.9079733328125 0.96782 0.9430666671875001 0.9292199999999999 0.9641333328125 0.9029 0.9641333328125 0.8993800000000001 0.8752266671875001 0.8643000000000001 0.0633066671875 0.58352 0.0835733328125 0.567133334375 0.08032 0.5596914281250001 0.013386667187500001 0.563448571875 0 0.5642 0 0.95204 0.0118133328125 1 0.5220266671875 1 0.5289333328125 0.9959 0.5354533328125 1 0.5445333328124999 0.997266665625 0.54888 1 0.5601333328125 0.9986333343749999 0.5623066671875 1 0.76992 1 0.77696 0.9924 0.78396 1 0.9103199999999999 1
9 0.8365866671875001 0.72824 0.8583466671875 0.74306 0.8781066671875 0.7653 0.8840266671875 0.7905 0.8761333328124999 0.8246 0.8978666671875001 0.8423999999999999 0.9117066671874999 0.7994 0.93544 0.7771600000000001 0.9393866671875 0.76234 0.9433333328125 0.74158 0.9809066671875 0.69562 1 0.68968 0.9986933328125 0.43023999999999996 0.9729866671874999 0.40948 0.9374133328124999 0.3902 0.9393866671875 0.38428 0.9393866671875 0.35166 0.9216 0.31608 0.8919466671875 0.30569999999999997 0.8523999999999999 0.2968 0.8365866671875001 0.2968 0.8267200000000001 0.30124 0.8089066671875 0.31608 0.79112 0.33832 0.7891466671875 0.37242000000000003 0.77928 0.37982 0.74368 0.41391999999999995 0.72392 0.44358000000000003 0.6824 0.47026 0.6665866671875 0.48954000000000003 0.6586933328125 0.51326 0.6665866671875 0.52364 0.67648 0.54142 0.6942666671875 0.5503199999999999 0.7258933328125 0.54884 0.7397333328125 0.5266 0.76544 0.49546 0.7760266671875 0.49438000000000004 0.7640533328125 0.6426999999999999 0.7820266671875 0.65394 0.7820266671875 0.7056199999999999 0.7852 0.70006 0.81288 0.71192 0.8365866671875001 0.72824
9 0.5317066671874999 0.35938 0.52208 0.36970000000000003 0.5468266671875 0.37794 0.5536800000000001 0.40990000000000004 0.57568 0.42948000000000003 0.5681333328125 0.45114 0.55232 0.44702000000000003 0.55232 0.459386665625 0.5646933328125 0.46247999999999995 0.55232 0.47175333437500006 0.564 0.47382 0.5715600000000001 0.48258 0.5633066671875 0.48516000000000004 0.55232 0.48412 0.5509333328125 0.48928000000000005 0.5536800000000001 0.50062 0.5646933328125 0.49546 0.5676 0.4998475 0.6650400000000001 0.49444 0.7090133328125 0.45114 0.6980266671875001 0.42225999999999997 0.6842933328125 0.41506 0.6526666671875 0.40679999999999994 0.6485333328125 0.37794 0.6457866671875 0.37072 0.6636533328125 0.35731999999999997 0.65816 0.34493999999999997 0.64304 0.3532 0.6237866671875001 0.33258 0.6169333328125 0.3068 0.6004266671875 0.3068 0.5646933328125 0.31711999999999996 0.5591999999999999 0.3336 0.5564266671875 0.35216 0.54408 0.35216 0.5317066671874999 0.35938
8 0.8703733328125001 0.96502 0.89808 0.96946 0.9121600000000001 0.95242 0.92032 0.93574 0.9416800000000001 0.91326 0.9439466671875 0.9095000000000001 0.9312266671874999 0.8948600000000001 0.9126133328125 0.8894 0.8898933328125 0.8877 0.8703733328125001 0.8877 0.8581066671875 0.8904400000000001 0.85176 0.89724 0.8449333328125 0.9136 0.8494933328125001 0.9217599999999999 0.85312 0.9367599999999999 0.8576533328125 0.95992 0.8703733328125001 0.96502
8 0.44848 0.67292 0.49664 0.65452 0.51152 0.6426999999999999 0.5202933328125 0.623 0.5377866671875 0.61184 0.5369066671875 0.6079 0.5229066671875 0.59804 0.4984 0.6013200000000001 0.40381333281250004 0.6578 0.40381333281250004 0.65978 0.43007999999999996 0.67686 0.44848 0.67292
8 0.08258666718749999 0.61302 0.0958133328125 0.6229199999999999 0.0981333328125 0.6206 0.13232 0.59846 0.1362133328125 0.58738 0.12688 0.58448 0.08258666718749999 0.61302
8 0.41202666718750003 0.75546 0.44978666718750004 0.6941200000000001 0.45186666718749996 0.67682 0.41832 0.66738 0.3931733328125 0.6532199999999999 0.3512266671875 0.7003999999999999 0.3428266671875 0.74288 0.3470133328125 0.77276 0.41202666718750003 0.75546
8 0.41528 0.6509199999999999 0.43632 0.6426999999999999 0.45064000000000004 0.62818 0.45570666718749997 0.61554 0.454 0.60228 0.44728 0.59534 0.4321066671875 0.5846 0.40938666718750005 0.57448 0.39170666718749997 0.58332 0.38242666718749996 0.58648 0.38242666718749996 0.58712 0.3664266671875 0.60734 0.36474666718750004 0.6325999999999999 0.39338666718750004 0.64838 0.41528 0.6509199999999999