9 0.897757009375 0.539046875 0.8869392515625 0.571546875 0.9067523359375 0.589609375 0.9769626171875 0.589609375 0.94095794375 0.46681249999999996 0.9625467296875 0.43671875 0.9607476640625 0.37170312499999997 0.877943925 0.30067187500000003 0.8077336453124999 0.275390625 0.7933411218749999 0.23446875 0.726728971875 0.22362500000000002 0.67992990625 0.238078125 0.6709345796874999 0.2645625 0.688925234375 0.298265625 0.7195327109375 0.35726562500000003 0.786144859375 0.36328125 0.8617523359374999 0.374109375 0.9049532703125 0.42467187500000003 0.8725467296874999 0.452359375 0.85815420625 0.484875 0.897757009375 0.539046875
9 0.0641355140625 0.45334375 0.087757009375 0.46464062500000003 0.087757009375 0.516546875 0.091144859375 0.561703125 0.0742523359375 0.5797656250000001 0.13502336406249998 0.5797656250000001 0.13502336406249998 0.554921875 0.15189252343749998 0.4804375 0.13502336406249998 0.43303125 0.1012616828125 0.410453125 0.087757009375 0.369828125 0.091144859375 0.35628125 0.091144859375 0.275015625 0.091144859375 0.272765625 0.199158878125 0.26146875 0.20927570156250003 0.232125 0.158644859375 0.21181250000000001 0.13163551406250001 0.20278125 0.16876168281249998 0.22760937499999997 0.1417757015625 0.22535937499999997 0.0742523359375 0.22084375 0.0742523359375 0.21181250000000001 0.054018692187499995 0.18246875 0.03037383125 0.177953125 0 0.18471875 0.0067523359374999994 0.39240624999999996 0.0067523359374999994 0.419484375 0.0270093453125 0.43078125 0.0641355140625 0.45334375
9 0.6702102796875 1 0.589369159375 0.994375 0.7139953265625001 0.920046875 0.774602803125 0.8637343749999999 0.8049065421874999 0.8051875000000001 0.7914485984375 0.7015781249999999 0.7409345796875 0.483109375 0.8284813078125 0.46734375000000006 0.8992056078124999 0.43131250000000004 0.855443925 0.36825 0.7847196265624999 0.365984375 0.5792757015625 0.34346875 0.5455841125 0.390765625 0.5287616828124999 0.386265625 0.5287616828124999 0.354734375 0.5287616828124999 0.323203125 0.5119158875 0.266890625 0.45803738281250006 0.22184374999999998 0.32668224375 0.233109375 0.313200934375 0.28715625 0.2660514015625 0.31643750000000004 0.31658878437500004 0.323203125 0.3401635515625 0.365984375 0.3637383171875 0.40428125000000004 0.3300467296875 0.41779687499999996 0.2795327109375 0.5236562499999999 0.25595794375 0.5664374999999999 0.32668224375 0.61825 0.3771962609375 0.606984375 0.4041355140625 0.577703125 0.42098130781250004 0.625 0.45803738281250006 0.6948125 0.45803738281250006 0.72184375 0.48161215 0.739859375 0.3906775703125 0.8119375 0.276168225 0.96284375 0.2795327109375 1 0.6702102796875 1
9 0.16880841093750001 0.061 0.1640186921875 0.07696875 0.1385280375 0.0844375 0.1225934578125 0.09082812500000001 0.11144859843749999 0.09934375 0.11144859843749999 0.10040625 0.1225934578125 0.10787500000000001 0.14011682187500002 0.10893749999999999 0.17198598125 0.115328125 0.1879205609375 0.115328125 0.18950934531250002 0.104671875 0.192686915625 0.094015625 0.1974766359375 0.094015625 0.202242990625 0.10787500000000001 0.2102102796875 0.104671875 0.2197663546875 0.09615625 0.2277336453125 0.094015625 0.269158878125 0.09721874999999999 0.278714953125 0.0865625 0.2611915890625 0.07696875 0.23252336406250002 0.07271875 0.216588784375 0.06739062500000001 0.2070327109375 0.06739062500000001 0.2070327109375 0.056734375000000004 0.2070327109375 0.045015625 0.20544392500000003 0.045015625 0.194299065625 0.038625 0.1783644859375 0.0396875 0.1656074765625 0.04928125 0.16880841093750001 0.061
9 0.7722663546875 0.1013125 0.7857943921875 0.10482812500000001 0.7963084109375 0.10584374999999999 0.8030841125 0.1018125 0.8248831781250001 0.1023125 0.8399299062500001 0.10382812500000001 0.851214953125 0.10534375 0.85948598125 0.09628125 0.8707476640625 0.082203125 0.8677570093750001 0.07365625 0.8609813078125 0.067625 0.851214953125 0.063609375 0.85345794375 0.055046874999999995 0.8527102796875001 0.043484375 0.838411215625 0.04046875 0.828644859375 0.03846875 0.8226401875 0.047015625 0.8248831781250001 0.06259375 0.8143691593750001 0.069640625 0.7888084109375 0.087234375 0.7767757015625001 0.08975 0.7692523359375001 0.097296875 0.7722663546875 0.1013125
9 0.9075233640624999 0.106328125 0.9674766359375001 0.103390625 0.971869159375 0.099484375 0.970397196875 0.089703125 0.98065420625 0.08284375000000001 0.98065420625 0.07893750000000001 0.9674766359375001 0.067203125 0.9587149531250001 0.061328125 0.9455373828125 0.048609374999999996 0.930911215625 0.03590625 0.9045794390624999 0.040796874999999996 0.9060514015625 0.056437499999999995 0.8987383171875001 0.06915625 0.8885046734375001 0.0955625 0.8885046734375001 0.0985 0.8885046734375001 0.10240625 0.9075233640624999 0.106328125
8 0.754369159375 0.076234375 0.7141355140625001 0.058296875000000005 0.6839719625 0.105375 0.6269626171875 0.1973125 0.529742990625 0.372203125 0.6705607484375 0.228703125 0.7510046734375 0.11882812499999999 0.754369159375 0.076234375
9 0.0721495328125 0.047671875 0.0702102796875 0.051546875000000006 0.067897196875 0.054390625000000005 0.068271028125 0.054906250000000004 0.0744626171875 0.057499999999999996 0.08065420625 0.061375 0.0864485984375 0.06576562500000001 0.089158878125 0.07015625 0.089158878125 0.075328125 0.090257009375 0.086703125 0.09838785 0.088 0.1080373828125 0.0861875 0.1088084109375 0.081796875 0.1084345796875 0.07765625000000001 0.10609813125 0.069125 0.103411215625 0.065515625 0.10378504687500001 0.062671875 0.1057242984375 0.05671875 0.105327103125 0.046640625000000005 0.0987616828125 0.037859375 0.087943925 0.039140625 0.0775 0.04146875 0.077172896875 0.040703125 0.0725233640625 0.043796875 0.0721495328125 0.047671875
9 0.5181074765625 0.058671875 0.505841121875 0.06521875 0.46661215 0.08053125 0.46172897187500006 0.088171875 0.4690654203125 0.09473437500000001 0.490327103125 0.09746875 0.50911215 0.085984375 0.5148364484375 0.093640625 0.5189252343749999 0.09418750000000001 0.558130840625 0.09418750000000001 0.5605841125000001 0.09418750000000001 0.5875467296875 0.095828125 0.5875467296875 0.08871875 0.5720327109375 0.06740625 0.5622196265625 0.0663125 0.5597663546875 0.062484375 0.5573130843749999 0.051015624999999995 0.5532242984375 0.04609375 0.5311682249999999 0.0411875 0.5181074765625 0.058671875
9 0.24595794375 0.0465 0.263714953125 0.054421874999999995 0.27406542031250003 0.05639062500000001 0.3021495328125 0.062328125 0.30955607500000004 0.080125 0.3228504671875 0.081109375 0.3332242984375 0.06628125 0.343574765625 0.05639062500000001 0.3642757015625 0.055406250000000004 0.36721962656249996 0.047484375 0.3406074765625 0.0465 0.3272897203125 0.036609375 0.30364485937499996 0.033640625 0.2977102796875 0.036609375 0.290327103125 0.04453125 0.28588785 0.0465 0.266658878125 0.038593749999999996 0.248925234375 0.036609375 0.24595794375 0.0465
9 0.06292056093750001 0.0381875 0.053504673437500004 0.03678125 0.0409813078125 0.0381875 0.037149532812500004 0.0398125 0.032616821875 0.044234375 0.037149532812500004 0.055640625 0.026004673437499997 0.059140625 0.014883178124999999 0.06403125 0.0013084109375 0.07659375 0.0006074765624999999 0.083109375 0.0023364484375000003 0.086140625 0.0200934578125 0.08707812499999999 0.09007009375 0.08985937499999999 0.0907476640625 0.070546875 0.07787383125 0.058671875 0.06640186875000001 0.048890625 0.06640186875000001 0.042140625 0.06292056093750001 0.0381875
9 0.647897196875 0.102515625 0.6412616828125 0.106453125 0.65081775625 0.110390625 0.6861448593749999 0.11089062499999999 0.6942523359375 0.09365625 0.71411215 0.06659375 0.7060280375 0.060687500000000005 0.7030841125 0.047890625 0.6876168218750001 0.04346875 0.6728971968749999 0.048875 0.6640654203125 0.060687500000000005 0.6522897203125 0.0843125 0.6581775703125 0.094640625 0.6822274140625 0.093984375 0.6753582546875 0.102515625 0.647897196875 0.102515625