8 0.5946875 0.21833333281249998 0.6193125 0.2321875 0.63228125 0.2200625 0.65171875 0.2304583328125 0.6595156249999999 0.214875 0.6841406250000001 0.24254166718749998 0.676359375 0.20452083281250003 0.6361718749999999 0.10943750000000001 0.6050625000000001 0.0679583328125 0.5817187500000001 0.04375 0.5155937500000001 0.0022708328125 0.34965625 0 0.271875 0.0506666671875 0.282234375 0.0506666671875 0.321140625 0.08349999999999999 0.31074999999999997 0.0921666671875 0.3315 0.0973541671875 0.422265625 0.1491875 0.45726562499999995 0.18031250000000001 0.47021875 0.18204166718749998 0.42095312500000004 0.3635416671875 0.42095312500000004 0.3739166671875 0.481890625 0.18204166718749998 0.5946875 0.21833333281249998
8 0.54978125 0.49089583281250004 0.553203125 0.4906041671875 0.556640625 0.49272916718750004 0.55915625 0.49791666718750005 0.5644218750000001 0.49945833281249996 0.569015625 0.5006666671875 0.575421875 0.5000625000000001 0.575421875 0.4960833328125 0.5745 0.48295833281249995 0.5726718749999999 0.47289583281249997 0.567640625 0.47289583281249997 0.55984375 0.47868750000000004 0.5564218750000001 0.4793125 0.553671875 0.4793125 0.55115625 0.47868750000000004 0.5488593749999999 0.4777708328125 0.545421875 0.47502083281249996 0.5397031250000001 0.4716666671875 0.5344375 0.4643541671875 0.532140625 0.4649583328125 0.531234375 0.471375 0.531921875 0.48204166718749997 0.533984375 0.48724999999999996 0.5397031250000001 0.4954791671875 0.543359375 0.49487500000000006 0.545421875 0.49427083281249995 0.54978125 0.49089583281250004
9 0.6110625 1 0.608953125 0.9949166671875 0.61609375 0.9652708328124999 0.62196875 0.9098958328125001 0.6253124999999999 0.8626458328125001 0.63203125 0.8603958328125 0.645875 0.8489375000000001 0.6602187500000001 0.8385 0.6386093749999999 0.7380416671875001 0.616296875 0.7348333328125001 0.6131562500000001 0.7376458328125 0.6074843750000001 0.7396041671875 0.60309375 0.7384791671875 0.600359375 0.7286875 0.594703125 0.7267291671875 0.585890625 0.7258958328125 0.56240625 0.7149791671875 0.555484375 0.7088333328124999 0.555484375 0.713875 0.5556875 0.7208541671875001 0.5548437500000001 0.7275625 0.552125 0.7326041671875 0.547296875 0.7379166671874999 0.5433125000000001 0.7443541671875 0.536390625 0.746875 0.5250625 0.7435208328125 0.512484375 0.7334375 0.502 0.713875 0.5022031250000001 0.708 0.49906249999999996 0.701 0.49884375 0.6909375 0.50996875 0.6601874999999999 0.516046875 0.6543125 0.530734375 0.6512291671875 0.5439375 0.6587708328125 0.5523281250000001 0.6671666671875001 0.559046875 0.6761250000000001 0.574140625 0.675 0.578125 0.6803125 0.583375 0.6777916671875001 0.58925 0.6763958328124999 0.59134375 0.6825416671875 0.6001562500000001 0.6985 0.61525 0.6987708328125 0.620921875 0.6881458328125001 0.621546875 0.669125 0.628671875 0.6660416671875 0.627828125 0.6545833328125 0.641890625 0.6531875 0.6540468749999999 0.6523541671875 0.674609375 0.6470416671875 0.68740625 0.63725 0.6895 0.631375 0.694328125 0.6162708328125001 0.68740625 0.5857916671875001 0.677546875 0.5676249999999999 0.6695781249999999 0.5393749999999999 0.65740625 0.5128125 0.656359375 0.49574999999999997 0.651328125 0.4823333328125 0.62321875 0.46722916718749996 0.6058125000000001 0.4577083328125 0.58903125 0.4420625 0.58903125 0.4303125 0.5921875 0.4266875 0.598265625 0.4210833328125 0.5993125 0.40793749999999995 0.60203125 0.3970416671875 0.5993125 0.38947916718750003 0.59428125 0.38947916718750003 0.597640625 0.37466666718749997 0.596578125 0.35872916718750003 0.5915468749999999 0.3427916671875 0.5814843749999999 0.3324375 0.566171875 0.3254375 0.5506562500000001 0.32795833281250003 0.538703125 0.3332708328125 0.526328125 0.3481041671875 0.523390625 0.3788541671875 0.5210781250000001 0.3836041671875 0.5215 0.3900416671875 0.5215 0.3964791671875 0.5210781250000001 0.40010416718749997 0.520453125 0.4059791671875 0.521921875 0.4168958328125 0.524640625 0.4219166671875 0.52528125 0.43004166718750003 0.532203125 0.4496041671875 0.53325 0.4526875 0.525484375 0.4560416671875 0.5177343750000001 0.4602291671875 0.489 0.47029166718750004 0.48479687499999996 0.47533333281249995 0.481859375 0.4867916671875 0.475984375 0.506375 0.46571875 0.5354583328125 0.462359375 0.5444166671875 0.45899999999999996 0.5611875000000001 0.44557812500000005 0.5827083328125 0.440328125 0.5930625 0.43698437500000004 0.6115208328125 0.433203125 0.6238333328125 0.43404687500000005 0.6386458328125 0.43215624999999996 0.6579375 0.43425 0.6789166671875 0.43509374999999995 0.6985 0.43634375 0.7043541671875 0.4378125 0.7186250000000001 0.44221875 0.7334375 0.445375 0.7379166671874999 0.45165625 0.7365208328125 0.455234375 0.7345625 0.45775 0.7284166671875 0.460046875 0.7264583328125 0.46089062500000005 0.7177916671875 0.46467187499999996 0.7177916671875 0.46948437500000006 0.7155416671875 0.47053124999999996 0.7004374999999999 0.47703125 0.7018541671875 0.482484375 0.702125 0.48459375 0.6987708328125 0.48354687500000004 0.6934583328125 0.479140625 0.6912291671874999 0.47535937500000003 0.6853541671875 0.471578125 0.6761250000000001 0.46759375 0.6598958328125 0.47053124999999996 0.6498333328125 0.47682812500000005 0.6408750000000001 0.48060937499999995 0.6213124999999999 0.48290625 0.616 0.48920312499999996 0.6078958328125 0.496125 0.5950208328125 0.49779687499999997 0.5981041671875 0.501375 0.6252291671875 0.49948437500000004 0.6484375 0.493609375 0.6842291671875 0.49087500000000006 0.7236666671875 0.48773437499999994 0.7661666671875 0.48773437499999994 0.7857291671875 0.486890625 0.807 0.48773437499999994 0.81175 0.498015625 0.8257291671875 0.507453125 0.8352291671875 0.5091249999999999 0.8458541671875001 0.508921875 0.8841666671875 0.515625 0.9166041671875 0.51878125 0.9437291671875 0.52528125 0.9770208328125 0.528 1 0.6110625 1
9 0.449 0.5693125 0.45015625000000004 0.5338541671875 0.4559375 0.5523541671875 0.467515625 0.5369375 0.467515625 0.5215208328125 0.45824999999999994 0.49375 0.45131249999999995 0.47062499999999996 0.43512500000000004 0.46291666718749996 0.43512500000000004 0.433625 0.4328125 0.42281250000000004 0.4189375 0.43054166718750003 0.41315625 0.4490416671875 0.41431250000000003 0.45675 0.40621875 0.45675 0.395796875 0.45983333281250005 0.392328125 0.4721666671875 0.388859375 0.4922083328125 0.38654687499999996 0.5184375 0.39464062499999997 0.5199791671875 0.396953125 0.5338541671875 0.396953125 0.5600625 0.401578125 0.5878333328124999 0.403890625 0.6109583328125 0.403890625 0.6495 0.40504687500000003 0.6788125 0.40504687500000003 0.6988541671874999 0.42125 0.6957708328125001 0.4189375 0.6957708328125001 0.41315625 0.6587708328125 0.41662499999999997 0.6340833328125 0.42009375000000004 0.6017083328124999 0.42240625 0.5816458328125 0.42703125000000003 0.5940000000000001 0.42934374999999997 0.6294583328125001 0.425875 0.6741875 0.425875 0.6926875 0.43396875 0.6973125 0.43165624999999996 0.6340833328125 0.43859375 0.5955416671875 0.449 0.5693125
9 0.316859375 1 0.316859375 0.951125 0.32528125 0.8320208328125 0.316859375 0.7870833328125 0.3 0.7174166671875 0.29493749999999996 0.65675 0.291578125 0.6073125 0.27471875 0.542125 0.257859375 0.4612291671875 0.27134375 0.45225 0.291578125 0.47920833281249997 0.31179687500000003 0.5129166671875 0.37921875 0.4859583328125 0.40112500000000006 0.45 0.434828125 0.3825833328125 0.434828125 0.35562499999999997 0.41460937500000006 0.346625 0.40954687500000003 0.3713541671875 0.40954687500000003 0.38933333281250004 0.39775 0.4028125 0.36909375 0.4410208328125 0.32190625 0.4455 0.2528125 0.4455 0.2528125 0.351125 0.2460625 0.3241666671875 0.22753125000000002 0.31066666718749997 0.20393750000000002 0.3129166671875 0.182015625 0.3263958328125 0.17359375 0.36685416718749997 0.17359375 0.40056250000000004 0.188765625 0.42752083281250003 0.198875 0.45225 0.168546875 0.4679791671875 0.1449375 0.4971875 0.13314062499999998 0.5713541671875 0.139890625 0.64775 0.136515625 0.7084166671875 0.143265625 0.8185416671875 0.1483125 0.8545 0.166859375 0.8612291671875001 0.17190624999999998 0.8432499999999999 0.161796875 0.7893333328125001 0.161796875 0.7241666671875 0.182015625 0.5915833328125 0.190453125 0.6724791671875 0.17865625000000002 0.7758333328125 0.185390625 0.8410208328125 0.192140625 1 0.23932812499999997 1 0.257859375 0.8747291671875 0.26965625000000004 1 0.316859375 1
9 0.94890625 0.764 0.951921875 0.7715625 0.961 0.7881875 0.97309375 0.7977708328124999 0.976875 0.8012916671875001 0.976875 0.8063333328125 0.979890625 0.8174166671875 0.98140625 0.8320416671875 0.98971875 0.843125 0.9999218750000001 0.8451458328125 0.9996562499999999 0.837875 0.999109375 0.7228333328125001 0.9985468750000001 0.5799583328125 0.9870156250000001 0.5865416671875 0.9661250000000001 0.6077916671875 0.9661250000000001 0.6319791671874999 0.9699687499999999 0.6400416671875 0.9721718750000001 0.6495625 0.9584374999999999 0.6664166671875 0.9584374999999999 0.6744791671875 0.9600781250000001 0.6935208328125 0.9611875 0.7045208328125 0.9611875 0.7169791671875 0.9578906249999999 0.7272291671875 0.9545781249999999 0.7408125 0.951546875 0.7498958328125 0.94890625 0.764
9 0.9864375000000001 0.4760416671875 0.98171875 0.4681875 0.975234375 0.4689791671875 0.969640625 0.4725 0.9684687500000001 0.4791875 0.9690625 0.4846875 0.970828125 0.4893958328125 0.9737656250000001 0.49370833281250004 0.9775937499999999 0.49410416718750005 0.977890625 0.49725 0.975234375 0.5035208328125 0.97346875 0.5125625 0.972890625 0.5160833328125001 0.97259375 0.5215833328125 0.972296875 0.5259166671875 0.9720000000000001 0.5314166671875 0.9699375 0.5368958328125 0.9608125 0.5510416671875 0.9566874999999999 0.5565416671875 0.95609375 0.5604583328125 0.957859375 0.564 0.962578125 0.5624374999999999 0.9637499999999999 0.5596875 0.965234375 0.5588958328125 0.9655156249999999 0.5549583328125001 0.9672968750000001 0.5490833328125 0.9720000000000001 0.5439791671875 0.972296875 0.5620416671874999 0.97053125 0.5734166671875001 0.972296875 0.5871666671875 0.971125 0.5997291671875 0.971125 0.6032708328124999 0.9870156250000001 0.5871666671875 0.9867343749999999 0.5659583328125 0.989078125 0.5616458328125 0.9884999999999999 0.5423958328125 0.9884999999999999 0.5321875 0.992328125 0.5294375 0.99409375 0.5298333328125 0.9946718750000001 0.5310208328125 0.9937968749999999 0.5074583328125 0.9917343750000001 0.49410416718750005 0.98790625 0.4846875 0.9864375000000001 0.4760416671875
8 0.319390625 0.1461666671875 0.331015625 0.1493958328125 0.3334375 0.17520833281249998 0.32810937500000004 0.1790833328125 0.321328125 0.1816666671875 0.321328125 0.1868125 0.3218125 0.1971458328125 0.33392187500000003 0.20231249999999998 0.33440625 0.22360416718749998 0.35617187499999997 0.2223125 0.36150000000000004 0.22425 0.36053125 0.1765 0.372640625 0.17520833281249998 0.368765625 0.1158333328125 0.331984375 0.0990625 0.33246875 0.12422916718749999 0.32278125 0.1222916671875 0.3179375 0.1268125 0.319390625 0.1461666671875
8 0.52059375 0.4250625 0.522390625 0.4142291671875 0.526015625 0.3805208328125 0.526015625 0.3564166671875 0.522390625 0.3564166671875 0.48898437499999997 0.3564166671875 0.44381250000000005 0.384125 0.478140625 0.41302083281249996 0.498015625 0.42385416718749996 0.52059375 0.4250625
8 0.265921875 0.4425 0.26187499999999997 0.4487916671875 0.27875 0.5243958328125 0.29495312500000004 0.6188958328124999 0.325328125 0.8097291671875 0.335453125 0.8673333328125 0.3604375 0.8673333328125 0.390140625 0.8502291671875 0.38879687500000004 0.7782291671875 0.37934375 0.7224166671875001 0.340859375 0.5973124999999999 0.3266875 0.5631041671875 0.3131875 0.5522916671875 0.27673437500000003 0.4667916671875 0.27335937499999996 0.4487916671875 0.268625 0.4406875 0.265921875 0.4425
8 0.4025625 0.6018541671875 0.3994375 0.573625 0.393890625 0.5690000000000001 0.39632812500000003 0.5491041671875 0.39146875 0.5467916671874999 0.393890625 0.5213541671875 0.386265625 0.5130208328125 0.38140625 0.5505 0.37584375 0.59075 0.39459374999999997 0.6013958328125 0.4025625 0.6018541671875
8 0.99765625 0.5541041671875 0.9959843749999999 0.5318541671875 0.9845937499999999 0.49775 0.9886250000000001 0.5229583328125 0.9882031250000001 0.5476041671874999 0.98959375 0.5583541671875001 0.99765625 0.5541041671875
9 0.5168125 0.46039583281249996 0.5254531250000001 0.4565 0.531578125 0.4524166671875 0.53296875 0.4520416671875 0.5310312500000001 0.44758333281249996 0.5290781250000001 0.4414583328125 0.527828125 0.4381041671875 0.5267031249999999 0.4342083328125 0.5267031249999999 0.42827083281249995 0.526421875 0.42400000000000004 0.52615625 0.4223333328125 0.5254531250000001 0.4223333328125 0.5229375 0.4225 0.5212656250000001 0.4226875 0.518765625 0.42381250000000004 0.5158437499999999 0.42604166718750003 0.514859375 0.42808333281250005 0.51278125 0.43235416718749997 0.5123593750000001 0.437375 0.5123593750000001 0.44331250000000005 0.513046875 0.4481458328125 0.51278125 0.45056250000000003 0.5116562499999999 0.4531666671875 0.512078125 0.45464583281250004 0.514171875 0.45539583281249996 0.516390625 0.45575 0.515703125 0.45910416718749997 0.5155624999999999 0.4615208328125 0.515421875 0.4618958328125 0.5168125 0.46039583281249996
9 0.936359375 0.5849583328125 0.93503125 0.5720625 0.9323593750000001 0.5631666671875 0.9286875 0.5533750000000001 0.9226875 0.5502708328125 0.9223437499999999 0.5364791671875 0.919671875 0.5222291671875 0.9176718749999999 0.5195624999999999 0.9096718750000001 0.5182291671875 0.9039999999999999 0.5240208328125 0.9063281249999999 0.5440416671875 0.9063281249999999 0.54625 0.895328125 0.5542708328125 0.891984375 0.5702708328125 0.893328125 0.587625 0.89665625 0.59875 0.904671875 0.6223333328125 0.9417031250000001 0.6183333328125 0.94203125 0.6014166671875001 0.9336874999999999 0.5934166671875001 0.936359375 0.5849583328125
9 0.9960625000000001 0.8898958328125 0.9960625000000001 0.8719166671874999 0.9690937500000001 0.8247291671875001 0.9387656249999999 0.7258333328125001 0.87978125 0.5685416671875 0.8325781250000001 0.4426875 0.792140625 0.3730416671875 0.756734375 0.36854166718750003 0.753375 0.36854166718750003 0.71965625 0.3865208328125 0.694375 0.4112291671875 0.692703125 0.4337083328125 0.692703125 0.45168749999999996 0.69775 0.48989583281250004 0.701125 0.5123541671875 0.711234375 0.5303333328125001 0.731453125 0.5303333328125001 0.7398906249999999 0.5348333328125 0.7398906249999999 0.5505625000000001 0.733140625 0.5730416671875 0.7213437500000001 0.59775 0.707859375 0.6337083328124999 0.691015625 0.6651666671875 0.6623593750000001 0.6719166671875 0.637078125 0.6719166671875 0.62190625 0.6741666671875 0.5983125 0.6831458328125 0.57978125 0.6831458328125 0.566296875 0.6831458328125 0.567984375 0.7056250000000001 0.5780937500000001 0.7236041671875 0.596625 0.7348333328125001 0.6455 0.7393333328125 0.7061875 0.7393333328125 0.717984375 0.7191041671875 0.734828125 0.701125 0.7550625 0.6988749999999999 0.758421875 0.7101041671874999 0.765171875 0.7483125 0.77190625 0.7775208328125001 0.77696875 0.8157291671875001 0.77696875 0.8382083328125001 0.785390625 0.9011250000000001 0.785390625 0.9280833328125 0.785390625 0.9797708328124999 0.788765625 0.9865208328125 0.9960625000000001 0.9865208328125 0.9960625000000001 0.8898958328125