9 0.3237411765625 0.777453125 0.3475764703125 0.759859375 0.3475764703125 0.74228125 0.35552941250000003 0.7282031250000001 0.3846588234375 0.74403125 0.3952705875 0.726453125 0.3952705875 0.721171875 0.3952705875 0.703578125 0.3952705875 0.671921875 0.389952940625 0.6490625 0.389952940625 0.633234375 0.40056470624999996 0.6244375 0.42703529375000004 0.6244375 0.45618823593749996 0.6156406249999999 0.4800235296875 0.613875 0.4906117640625 0.60684375 0.509152940625 0.596296875 0.5197411765625 0.576953125 0.5224 0.56815625 0.48795294062499994 0.56815625 0.4535294125 0.56815625 0.4217411765625 0.56815625 0.4032 0.56815625 0.389952940625 0.56815625 0.38731764687500003 0.56815625 0.3740705875 0.562875 0.35552941250000003 0.5488125 0.3740705875 0.53296875 0.38731764687500003 0.517140625 0.4032 0.513625 0.416447059375 0.5065937500000001 0.4032 0.49251562499999996 0.3979058828125 0.489 0.389952940625 0.48196874999999995 0.389952940625 0.466140625 0.3846588234375 0.4520625 0.3740705875 0.436234375 0.36082352968750003 0.427453125 0.3369882359375 0.4256875 0.310517646875 0.427453125 0.28136470625 0.427453125 0.265482353125 0.429203125 0.23898823593750002 0.44503125 0.2257411765625 0.46262499999999995 0.2178117640625 0.478453125 0.22310588281250002 0.48724999999999996 0.22310588281250002 0.490765625 0.1966117640625 0.504828125 0.1860235296875 0.5101093750000001 0.1489411765625 0.5241875 0.13040000000000002 0.53296875 0.10390588281249999 0.540015625 0.0986117640625 0.5699062500000001 0.122447059375 0.59278125 0.12510588281249999 0.613875 0.138352940625 0.62971875 0.1489411765625 0.6508125 0.1568941171875 0.66840625 0.143647059375 0.682484375 0.13040000000000002 0.6983125 0.1330588234375 0.7246875 0.1648235296875 0.74403125 0.20456470625 0.75634375 0.22310588281250002 0.777453125 0.2284 0.78625 0.23898823593750002 0.788 0.24164705937500003 0.782734375 0.2628235296875 0.77921875 0.30785882343750004 0.77921875 0.3237411765625 0.777453125
9 0.380117646875 0.39665625000000004 0.4220235296875 0.392359375 0.4220235296875 0.3838125 0.48004705937500003 0.37309375 0.5025882359375 0.39451562500000004 0.5896235296875 0.420203125 0.5670588234375 0.39021875 0.5283764703125 0.32175 0.5509411765625 0.22970312499999998 0.5251529406250001 0.186921875 0.5573882359375 0.163375 0.5735294125 0.129125 0.5735294125 0.1034375 0.5412705875 0.073484375 0.49616470625 0.06921875 0.46395294062500003 0.090609375 0.4123764703125 0.090609375 0.43169411718750006 0.13768750000000002 0.43816470625 0.15267187499999998 0.312447059375 0.176203125 0.257647059375 0.251125 0.22543529375000002 0.29178125 0.2383294125 0.34957812499999996 0.22543529375000002 0.43729687500000003 0.26091764687499996 0.43303125 0.3575764703125 0.42234375 0.380117646875 0.39665625000000004
9 0.126682353125 0.17903125 0.11639999999999999 0.200859375 0.14722352968750002 0.23904687500000002 0.16160000000000002 0.29362499999999997 0.1575058828125 0.31818749999999996 0.171882353125 0.33728125000000003 0.17597647031250002 0.370015625 0.15543529375 0.36729687499999997 0.13284705937500002 0.42595312500000004 0.1492705875 0.43823437500000006 0.159552940625 0.46415625 0.1390117640625 0.514640625 0.1533882359375 0.5255468750000001 0.2211764703125 0.48871875 0.21296470625000002 0.47378125000000004 0.22734117656250002 0.46287500000000004 0.22529411718749998 0.44923437499999996 0.2211764703125 0.4055625 0.202682353125 0.34554687500000003 0.2068 0.319625 0.20884705937499998 0.30476562500000004 0.217082353125 0.2993125 0.2150117640625 0.27884375 0.21296470625000002 0.27218749999999997 0.2068 0.23670312500000001 0.204752940625 0.20806249999999998 0.171882353125 0.19032812500000001 0.17597647031250002 0.16985937499999998 0.1862588234375 0.15084375 0.204752940625 0.14810937500000002 0.2068 0.14265624999999998 0.204752940625 0.1385625 0.204752940625 0.115359375 0.1698117640625 0.083984375 0.11435294062500001 0.0744375 0.1410588234375 0.10171875 0.1431058828125 0.11081250000000001 0.1492705875 0.134 0.126682353125 0.17903125
9 1 0.22776562500000003 0.983882353125 0.20020312499999998 0.9404941171875001 0.19043749999999998 0.9404941171875001 0.17915625 0.9423999999999999 0.161625 0.9348470593749999 0.141578125 0.9122117640624999 0.1328125 0.8726117640625001 0.1343125 0.8443058828125001 0.141578125 0.8329882359375 0.162875 0.8311058828125001 0.17515624999999999 0.8235529406250001 0.18642187500000001 0.8160235296874999 0.20646874999999998 0.8216705875000001 0.22275 0.8650588234375001 0.24529687500000003 0.8726117640625001 0.2515625 0.8424235296875 0.26534375 0.8348705875 0.291640625 0.8329882359375 0.317953125 0.8329882359375 0.335484375 0.8329882359375 0.36178125 0.8518588234375001 0.36178125 0.8914588234374999 0.3718125 0.9046588234374999 0.38934375 0.9046588234374999 0.415640625 0.908447059375 0.4319375 0.9272941171875001 0.44070312500000003 0.9423999999999999 0.44821875 0.9631294125000001 0.454484375 1 0.44696875 1 0.42315625 1 0.378078125 1 0.3129375 1 0.261578125 1 0.22776562500000003
9 0.7584235296874999 0.183953125 0.7584235296874999 0.196359375 0.7694117640625 0.22115625 0.7935764703125 0.22771875000000003 0.8089411765625 0.233546875 0.8364 0.23646875 0.8342117640625 0.23209375 0.826517646875 0.224078125 0.8133411765625 0.20656249999999998 0.8232235296875 0.17884375 0.8364 0.15696875 0.8309176468749999 0.15478125 0.826517646875 0.147484375 0.8188235296874999 0.137265625 0.8243294125 0.124859375 0.8254117640624999 0.11684375 0.8309176468749999 0.10153125 0.8408 0.07453125000000001 0.8243294125 0.065046875 0.7968705875000001 0.058484375 0.7650117640625 0.067234375 0.7496235296875 0.088390625 0.7496235296875 0.105171875 0.74303529375 0.11392187499999999 0.7452235296875 0.127046875 0.73096470625 0.13434375 0.7144705874999999 0.151859375 0.707882353125 0.15331250000000002 0.7089882359375 0.15478125 0.7441411765625 0.16864062500000002 0.7584235296874999 0.183953125
9 0.5847058828125 0.20189062500000002 0.5964941171875 0.22790625000000003 0.6213411765625 0.218953125 0.6790352937499999 0.21364062499999997 0.6824 0.20525000000000002 0.6874588234375001 0.20217187499999997 0.7005176468750001 0.20021874999999997 0.7000941171874999 0.21756250000000002 0.7320941171875 0.22146875000000002 0.7767294125 0.224265625 0.7556941171875 0.191546875 0.7527294125 0.180078125 0.695882353125 0.142046875 0.7000941171874999 0.131421875 0.6975764703125 0.12415625 0.7005176468750001 0.116046875 0.6937882359375 0.095359375 0.6697882359375 0.08584375 0.6440941171875 0.08753125 0.6327294125 0.09059375 0.6272470593749999 0.09618750000000001 0.6226117640625 0.10598437499999999 0.619247059375 0.1233125 0.6129176468749999 0.12528125 0.6133411765625 0.13673437500000002 0.6226117640625 0.15323437499999998 0.6171294125 0.153515625 0.6133411765625 0.159109375 0.612517646875 0.166109375 0.601552940625 0.15882812500000001 0.5889176468749999 0.16023437499999998 0.5674588234375 0.171703125 0.56576470625 0.178125 0.58303529375 0.189875 0.593552940625 0.19015625 0.5847058828125 0.20189062500000002
9 0.2441882359375 0.8108124999999999 0.2136705875 0.765765625 0.1899294125 0.75 0.11192941249999999 0.71621875 0.1017411765625 0.6846875 0.1017411765625 0.6734218750000001 0.1017411765625 0.632890625 0.098352940625 0.610359375 0.0915764703125 0.5900937500000001 0.078 0.5630625 0.06783529375 0.53378125 0.06783529375 0.50675 0.0881882359375 0.47296875 0.1051294125 0.4414375 0.1220941171875 0.40765624999999994 0.142447059375 0.373875 0.1492235296875 0.34459375 0.1390588234375 0.3063125 0.1288705875 0.28603125 0.098352940625 0.2545 0.033905882812499996 0.21621875 0.0033882359375 0.20270312499999998 0.0033882359375 0.99325 0.25776470625000003 1 0.2441882359375 0.8108124999999999
9 0.1816941171875 0.20125 0.20672941250000001 0.278859375 0.20672941250000001 0.3343125 0.215082353125 0.386984375 0.22759999999999997 0.411921875 0.24014117656249998 0.33985937499999996 0.24014117656249998 0.292734375 0.2693411765625 0.24006249999999998 0.3277882359375 0.17075 0.373717646875 0.16798437500000002 0.3820705875 0.165203125 0.31943529375 0.12362500000000001 0.3319764703125 0.051546875000000006 0.306917646875 0.0210625 0.2651764703125 0.01828125 0.22759999999999997 0.034921875000000005 0.219247059375 0.051546875000000006 0.235952940625 0.09867187499999999 0.219247059375 0.11807812499999999 0.235952940625 0.109765625 0.20672941250000001 0.12640625 0.20672941250000001 0.14303125 0.169152940625 0.165203125 0.1816941171875 0.20125
9 0.2858588234375 0.9907343750000001 0.2858588234375 0.9983437500000001 0.42628235312499996 0.9945468749999999 0.8503529406249999 0.9983437500000001 0.7443294125000001 0.9317500000000001 0.770117646875 0.9184374999999999 0.8388941171875001 0.937453125 0.8876 0.96409375 0.9133882359375001 0.96409375 0.9305882359375 0.9469687499999999 0.910517646875 0.893703125 0.8044941171875 0.770015625 0.7357411765624999 0.6900937500000001 0.6956235296875 0.7167343749999999 0.6956235296875 0.77571875 0.689882353125 0.8137812500000001 0.6956235296875 0.8442187499999999 0.7185411765625 0.8423281250000001 0.7443294125000001 0.870859375 0.7328705875 0.874671875 0.675552940625 0.8518281249999999 0.6096470593750001 0.8270937500000001 0.5408941171875 0.83090625 0.5007764703124999 0.846125 0.5236941171875 0.8537343749999999 0.5580705874999999 0.84803125 0.552352940625 0.8879843749999999 0.566682353125 0.893703125 0.595317646875 0.89940625 0.6068 0.8898906249999999 0.6698352937500001 0.9089218750000001 0.6068 0.9279531249999999 0.5408941171875 0.96409375 0.5007764703124999 0.9850312499999999 0.47498823593750006 0.9869375 0.4520705875 0.9488749999999999 0.42628235312499996 0.91653125 0.41479999999999995 0.905109375 0.41767058749999997 0.891796875 0.43200000000000005 0.874671875 0.43200000000000005 0.821390625 0.394752940625 0.8347031250000001 0.38616470625 0.8232968749999999 0.3488941171875 0.8366093749999999 0.346047059375 0.9013125000000001 0.3231058828125 0.924140625 0.3030588234375 0.9279531249999999 0.2858588234375 0.9907343750000001
9 0.1417882359375 0.332328125 0.149717646875 0.342859375 0.14929411718750002 0.35135937500000003 0.14531764687499998 0.37682812499999996 0.14663529375 0.3835625 0.170447059375 0.368921875 0.17705882343749998 0.362765625 0.1775058828125 0.35750000000000004 0.1726588234375 0.34375 0.15414117656249998 0.334953125 0.1585411765625 0.326171875 0.16338823593750001 0.313 0.15456470625000002 0.300421875 0.1510588234375 0.28578125 0.143552940625 0.24743750000000003 0.12458823593749999 0.2149375 0.10256470625 0.2 0.1140235296875 0.19503125 0.12018823593750001 0.191515625 0.1400235296875 0.16664062500000001 0.1444235296875 0.1566875 0.149717646875 0.1370625 0.14929411718750002 0.115984375 0.1224 0.08642187500000001 0.0932941171875 0.071203125 0.0672941171875 0.067984375 0.0514117640625 0.070609375 0.057152940625 0.08584375 0.0642117640625 0.111890625 0.0567058828125 0.12476562499999999 0.0487764703125 0.13970312499999998 0.040400000000000005 0.164296875 0.0439294125 0.170734375 0.0443764703125 0.176296875 0.0351058828125 0.18390625 0.023647059375 0.19532812500000002 0.028941176562499997 0.214640625 0.04656470625 0.224296875 0.080517646875 0.243921875 0.1135764703125 0.27934375 0.13164705937500001 0.29778125 0.1417882359375 0.332328125
9 1 0.12478125 0.9683764703125 0.144359375 0.9428235296875 0.158703125 0.9428235296875 0.190671875 0.9536235296875001 0.1939375 0.9831058828125 0.201125 1 0.233734375 1 0.12478125
9 0.677082353125 0.348578125 0.681952940625 0.3333125 0.677082353125 0.32682812499999997 0.6853882359375 0.30896875 0.6795294125 0.28300000000000003 0.690282353125 0.27 0.6932 0.26189062500000004 0.6917411765625 0.24143750000000003 0.721082353125 0.225203125 0.7283999999999999 0.222921875 0.729882353125 0.22032812499999999 0.6785411765625 0.21384375000000003 0.690282353125 0.20409375000000002 0.7293882359375 0.190453125 0.685882353125 0.181375 0.6809882359375 0.156375 0.6477411765625 0.15053125 0.6355058828125 0.15053125 0.6208470593750001 0.156046875 0.615952940625 0.159296875 0.612047059375 0.17553125 0.6061882359374999 0.18721875 0.5670588234375 0.195 0.5670588234375 0.20020312499999998 0.585152940625 0.20246875000000003 0.6110588234375001 0.20084375 0.6208470593750001 0.22195312500000003 0.6003058828125 0.225203125 0.5660941171875 0.2381875 0.5524 0.25182812499999996 0.5524 0.257671875 0.5312941171875 0.311046875 0.5420705875 0.323390625 0.5552705875 0.31429687500000003 0.5723764703125 0.31429687500000003 0.589482353125 0.31365625 0.5968235296875 0.315921875 0.610517646875 0.321765625 0.6227294125 0.33378125000000003 0.6444705875000001 0.34975 0.6493176468749999 0.356609375 0.649647059375 0.372671875 0.64383529375 0.3748125 0.64383529375 0.376171875 0.6462823531249999 0.377796875 0.6756 0.36253125 0.659952940625 0.3566875 0.677082353125 0.348578125
9 0.7263058828125 0.34975 0.75103529375 0.35828125 0.7559764703125 0.370109375 0.757952940625 0.385859375 0.7599294125 0.389796875 0.7599294125 0.401625 0.7628941171875 0.40753125 0.77576470625 0.419359375 0.7945411765625 0.4055625 0.7994823531249999 0.3976875 0.8084 0.382578125 0.8281647062499999 0.3668125 0.832117646875 0.3615625 0.8380470593749999 0.34778125000000004 0.8390588234375 0.32084375 0.8410352937500001 0.298515625 0.8449882359374999 0.27553125 0.8538823531249999 0.2604375 0.85783529375 0.247953125 0.8340941171875 0.2348125 0.796517646875 0.23548437500000002 0.7915764703125 0.23021875 0.7332235296875 0.21971875000000002 0.7184 0.22825 0.692682353125 0.240734375 0.692682353125 0.26765625000000004 0.686752940625 0.2788125 0.6818117640625 0.293921875 0.6847764703125 0.30640625 0.6808235296875 0.318875 0.6818117640625 0.32742187500000003 0.6808235296875 0.33792187500000004 0.6748941171875 0.3510625 0.6630117640625001 0.36025 0.6808235296875 0.35828125 0.6936705875 0.3484375 0.7263058828125 0.34975
9 0.6058823531249999 0.1396484375 0.57176470625 0.134375 0.557647059375 0.1640625 0.5270588234375 0.1859375 0.5294117640625 0.1953125 0.552352940625 0.23486328125 0.5647058828125 0.240625 0.5529411765625001 0.2515625 0.545882353125 0.2515625 0.5435294125000001 0.265625 0.54823529375 0.2671875 0.5388235296875 0.2796875 0.5435294125000001 0.28125 0.5411764703124999 0.2875 0.5364705875 0.2890625 0.5388235296875 0.2921875 0.5317647062499999 0.309375 0.534117646875 0.315625 0.5254117640625 0.319375 0.49364705937500003 0.35375 0.49425605624999996 0.3625 0.48729411718750004 0.36062500000000003 0.48479815468750004 0.3671875 0.48094117656249996 0.3675 0.4745882359375 0.374375 0.46588235312500004 0.3765625 0.4988235296875 0.4203125 0.5247058828125 0.46875 0.5435294125000001 0.4859375 0.5529411765625001 0.503125 0.57176470625 0.5203125 0.5905882359375 0.53125 0.61176470625 0.5390625 0.642352940625 0.54375 0.66823529375 0.5625 0.6847058828125 0.5625 0.6917647062500001 0.55625 0.6964705875 0.54375 0.7176470593750001 0.540625 0.7364705875 0.534375 0.77176470625 0.5109375 0.825882353125 0.5109375 0.8400000000000001 0.5078125 0.922352940625 0.5078125 0.962352940625 0.496875 0.997647059375 0.4734375 0.997647059375 0.45677083281249997 0.9905882359374999 0.45 0.997647059375 0.4484375 0.9388235296874999 0.446875 0.9105882359375 0.434375 0.9058823531250001 0.421875 0.9035294125 0.3890625 0.8894117640625 0.371875 0.854117646875 0.3625 0.8329411765625 0.3609375 0.8094117640625 0.3828125 0.7929411765625 0.4078125 0.774117646875 0.41875 0.76 0.403125 0.7552941171875001 0.36875 0.7505882359375 0.359375 0.7247058828124999 0.35 0.6917647062500001 0.35 0.6885214640624999 0.3434543921875 0.9435294125 0.1484375 0.9293194921874999 0.146875 0.934117646875 0.1421875 0.94823529375 0.1375 0.9717647062499999 0.1171875 0.9670588234374999 0.075 0.962352940625 0.071875 0.9058823531250001 0.071875 0.8894117640625 0.0796875 0.8894117640625 0.0953125 0.9035294125 0.121875 0.9129411765625 0.128125 0.917647059375 0.1359375 0.919861590625 0.1515625 0.78745098125 0.2171875 0.73176470625 0.1640625 0.7129411765625 0.153125 0.7270588234375001 0.1390625 0.7270588234375001 0.13125 0.705882353125 0.10625 0.705882353125 0.103125 0.7129411765625 0.1015625 0.72 0.09375 0.72 0.0859375 0.7011764703125001 0.06875 0.62823529375 0.0671875 0.6211764703125 0.06875 0.6094117640625 0.078125 0.58823529375 0.078125 0.57176470625 0.08203125 0.5635294125 0.09453125 0.5552941171875 0.0859375 0.5062538703125 0.0905427625 0.57176470625 0.103125 0.6105882359375 0.104296875 0.6211764703125 0.1140625 0.6188235296875 0.125 0.614117646875 0.125 0.6058823531249999 0.1396484375