1 1 0.130339425 0.49623437499999995 0.31686684062500003 0.497578125 0.47864229687500004 0.47068750000000004 0.501122715625 0.47068750000000004 0.58201044375 0.46529687500000005 0.6089817234375 0.497578125 0.6269712796875 0.52715625 0.5910182765625 0.71275 0.6269712796875 0.740984375 0.6876501312500001 0.82975 0.7101044390625 0.820328125 0.631462140625 1 0.6854047 1 0.130339425
2 0.05265625 0.5950130546875 0.11187499999999999 0.5885378593749999 0.124265625 0.5975979109375 0.128515625 0.5885378593749999 0.128515625 0.56201044375 0.12348437500000001 0.534856396875 0.119234375 0.5186945171875 0.11265624999999999 0.49668407343750004 0.107625 0.49023498749999994 0.10684374999999999 0.49023498749999994 0.0658125 0.4940992171875 0.054203125 0.49668407343750004 0.051500000000000004 0.49864229687500006 0.04259375 0.5303133156250001 0.03871875 0.578825065625 0.041046875 0.600835509375 0.05265625 0.5950130546875
2 0.3098125 0.5587728453125 0.325171875 0.5579373375000001 0.325671875 0.57120104375 0.33459374999999997 0.5695300265625 0.33459374999999997 0.5596083546874999 0.34945312500000003 0.5604438640625 0.3519375 0.5736814625 0.360359375 0.5703655359375001 0.36334374999999997 0.5438642296875 0.360359375 0.49749347187500004 0.34550000000000003 0.47678851250000004 0.31228125 0.4709921671875 0.289984375 0.48174934687500004 0.28304687500000003 0.5099216703125 0.27065625 0.5297911234375 0.271140625 0.5471801562499999 0.274125 0.5670496078125 0.282046875 0.5612532640625 0.292453125 0.5587728453125 0.296421875 0.572036553125 0.303359375 0.5695300265625 0.3098125 0.5587728453125
2 0.24401562499999999 0.4869973890625 0.242671875 0.4895300265625 0.24115625000000002 0.49120104375 0.23946874999999998 0.49402088749999995 0.23778125 0.49825065312500005 0.236265625 0.5030287203125 0.23390624999999998 0.5097911234375 0.23137500000000003 0.512323759375 0.22935937499999998 0.5173890343750001 0.225828125 0.5213315921875 0.227 0.5246997390625 0.22749999999999998 0.5309138375 0.226328125 0.5399216703125 0.227 0.5463968671874999 0.228015625 0.551462140625 0.23204687499999999 0.550339425 0.23390624999999998 0.5475195828125 0.234578125 0.5418798953125 0.237453125 0.5401827671875 0.24300000000000002 0.5432898171875 0.242 0.5492167109375 0.24300000000000002 0.554281984375 0.24451562500000001 0.5545430812500001 0.248234375 0.553133159375 0.25159375 0.553133159375 0.252265625 0.54947780625 0.251421875 0.5438642296875 0.25598437500000004 0.5407571796874999 0.259515625 0.5404699734375 0.2669375 0.5415926890625 0.270296875 0.5415926890625 0.270640625 0.5399216703125 0.270640625 0.5337075718750001 0.272484375 0.5280939953125 0.27551562500000004 0.5238642296875 0.2795625 0.51569190625 0.281921875 0.512036553125 0.2834375 0.5058485640625 0.2834375 0.5027415140625 0.28512499999999996 0.492898171875 0.28815625 0.4861357703125 0.28596875 0.48052219375 0.283109375 0.478825065625 0.280578125 0.48107049531249996 0.27821875 0.48331592656250005 0.27434375 0.48331592656250005 0.268453125 0.4830548296875 0.26306250000000003 0.4819060046875 0.25934375 0.48052219375 0.258171875 0.4771279375 0.25210937499999997 0.47966057500000003 0.24923437499999998 0.4821932109375 0.24704687500000003 0.4841775453125 0.246875 0.48446475156249996 0.244359375 0.4864229765625 0.24401562499999999 0.4869973890625
2 0.146046875 0.5278851171875 0.15184375 0.5272323765625 0.158796875 0.5272323765625 0.16999999999999998 0.5317493468750001 0.17578125 0.5259530031249999 0.17578125 0.5253002609374999 0.17578125 0.5201305484375001 0.17578125 0.5072323765625 0.185828125 0.4904438640625 0.185828125 0.48657963437499996 0.185828125 0.4807571796875 0.182359375 0.47624020937499995 0.159953125 0.47689295 0.158015625 0.47689295 0.15609375 0.47947780624999997 0.14953125 0.491749346875 0.149140625 0.48723237656249996 0.147203125 0.49689295 0.146046875 0.5278851171875
2 0.148984375 0.492793734375 0.15687500000000001 0.475770234375 0.152546875 0.47109660625 0.13546875 0.4744908609375 0.12884374999999998 0.49663185312499997 0.1270625 0.510261096875 0.130625 0.514516971875 0.1331875 0.517493471875 0.13470312499999998 0.517493471875 0.137515625 0.5123759796875 0.145671875 0.5132375984374999 0.14745312500000002 0.495770234375 0.149234375 0.4881201046875 0.148984375 0.492793734375
2 0.147625 0.4670234984375 0.14315625 0.46289817187500004 0.13028125 0.4662140984375 0.1253125 0.48028720625 0.12234375 0.49603133125000004 0.127796875 0.505143603125 0.13374999999999998 0.473655353125 0.148125 0.47201044375 0.147625 0.4670234984375
10 0.527234375 0.44182767656250005 0.52471875 0.45093994843749996 0.524296875 0.47127937343750004 0.53184375 0.4930287203125 0.54359375 0.48250652812499994 0.54821875 0.4761879890625 0.541921875 0.436919059375 0.540234375 0.42710182812499997 0.532265625 0.43483028749999997 0.527234375 0.44182767656250005
2 0.207359375 0.5392950390625 0.21228125000000003 0.53765013125 0.21325 0.5430026109375 0.219140625 0.5430026109375 0.221109375 0.5372584859375 0.22578125 0.53603133125 0.22871875 0.517154046875 0.234375 0.5081201046875 0.24590625 0.48514360312499993 0.24565625 0.48268929531250004 0.218171875 0.48268929531250004 0.20589062500000002 0.508537859375 0.20442187500000003 0.54052219375 0.207359375 0.5392950390625
2 0.175359375 0.5300783296875 0.179 0.535483028125 0.182234375 0.529399478125 0.182640625 0.534804178125 0.1875 0.5361618796875 0.189921875 0.5300783296875 0.204484375 0.529399478125 0.204890625 0.5104699734375 0.21378124999999998 0.485483028125 0.1883125 0.48276762343749996 0.18103125 0.49898172343749997 0.175359375 0.5077806781249999 0.175359375 0.5300783296875
2 0.130296875 0.4607310703125 0.126734375 0.4607310703125 0.11846874999999998 0.4607310703125 0.1111875 0.46234986874999995 0.1111875 0.4818276765625 0.113125 0.4926631859375 0.117015625 0.4948302875 0.12171875000000001 0.489399478125 0.13192187500000002 0.4655874671875 0.13434375 0.4615404703125 0.13321875 0.4609921671875 0.130296875 0.4607310703125
2 0.0973125 0.47767624062499997 0.093625 0.4747780671875 0.09146875 0.46537859062500003 0.085828125 0.46028720625 0.07976562499999999 0.4610182765625 0.072609375 0.4624804171875 0.07196875 0.46681462187499995 0.07175000000000001 0.47624020937499995 0.07065625 0.478041775 0.07065625 0.48167101875 0.070234375 0.4932375984375 0.09601562500000001 0.49180156718749996 0.095578125 0.48853785937499994 0.0973125 0.47767624062499997
2 0.098328125 0.478590078125 0.10795312500000001 0.47950391718749996 0.107515625 0.4827154046875 0.10965625000000001 0.4830548296875 0.10965625000000001 0.4798433421875 0.11128125 0.4796344640625 0.11128125 0.46036553593749996 0.0960625 0.46201044375 0.095078125 0.46446475156249994 0.094828125 0.4726631859375 0.097046875 0.481697128125 0.096625 0.48430809375 0.098015625 0.48396866875000005 0.098328125 0.478590078125
2 0.08451562500000001 0.42028720625 0.08451562500000001 0.4383812015625 0.09128125000000001 0.4383812015625 0.09601562500000001 0.42595300312499995 0.09128125000000001 0.418041775 0.08451562500000001 0.42028720625
2 0.080328125 0.4195300265625 0.082375 0.4201566578125 0.082765625 0.4195300265625 0.082890625 0.4098694515625 0.08134375 0.4081723234375 0.0796875 0.40624020937500005 0.07698437500000001 0.40710182812499995 0.07520312500000001 0.40879895624999996 0.0745625 0.414804178125 0.0749375 0.41524804218750005 0.076734375 0.4167362921875 0.080328125 0.4195300265625
1 0.076890625 0.43958224531249995 0.076890625 0.442219321875 0.082265625 0.4416187984375 0.08284375000000001 0.4204438640625 0.0791875 0.419738903125 0.0791875 0.41744125312499997 0.07009375 0.4161357703125 0.070671875 0.41947780625000003 0.066734375 0.41947780625000003 0.066734375 0.4392428203125 0.067734375 0.44281984375 0.073890625 0.44258485625 0.0738125 0.4398433421875 0.076890625 0.43958224531249995