8 0.8829062499999999 0.41644341875 0.88534375 0.4297228640625 0.895046875 0.4297228640625 0.9018437499999999 0.426859121875 0.909140625 0.420392609375 0.9118124999999999 0.4157274828125 0.912046875 0.4085681296875 0.9064687499999999 0.3988683609375 0.900390625 0.39921478125 0.8945624999999999 0.4024480375 0.8885 0.40748267968749996 0.8885 0.4081986140625 0.88753125 0.40891455 0.8829062499999999 0.41644341875
2 0.00546875 0.3625635109375 0.014812500000000001 0.37 0.017687500000000002 0.37 0.017687500000000002 0.363625865625 0.019125 0.34448036875 0.034953125 0.3306697453125 0.035671875 0.3274826796875 0.036390624999999996 0.317921478125 0.036390624999999996 0.3136720546875 0.037828125000000004 0.30090069218750004 0.042859375 0.288152425 0.043578125 0.28921478125 0.063 0.2913394921875 0.063 0.3030254046875 0.060843749999999995 0.32217090000000004 0.06587499999999999 0.328545034375 0.07234375 0.328545034375 0.080984375 0.33491916875 0.086734375 0.353002309375 0.09032812500000001 0.3625635109375 0.093203125 0.374249421875 0.096078125 0.40189376406250005 0.100390625 0.4199538109375 0.092484375 0.4316628171875 0.09032812500000001 0.4539722859375 0.097515625 0.4486605078125 0.098953125 0.44228637343750005 0.10614062500000002 0.433787528125 0.11981250000000002 0.43272517343750005 0.12196875 0.3572517328125 0.13274999999999998 0.36043879843750004 0.13348437500000002 0.364688221875 0.18453124999999998 0.37 0.188140625 0.37 0.203234375 0.3816859125 0.203234375 0.3965819859375 0.20251562500000003 0.4497228640625 0.208984375 0.4497228640625 0.21546875000000001 0.4401616625 0.21403124999999998 0.42953810625 0.21978124999999998 0.42207852187499995 0.240640625 0.4135796765625 0.25573437499999996 0.39339491875 0.24351562499999999 0.38062355625 0.22696875 0.3370438796875 0.152171875 0.3264203234375 0.13274999999999998 0.29877598125 0.096078125 0.2754041578125 0.047171875 0.2743418015625 0.00403125 0.282840646875 0.001140625 0.3381062359375 0.0025937499999999997 0.3572517328125 0.00546875 0.3625635109375
2 0.357828125 0.36692840625 0.360484375 0.36986143125000004 0.36512500000000003 0.3727944578125 0.37109375 0.37771362656249996 0.37706249999999997 0.3875057734375 0.38503125 0.40221709062500005 0.390328125 0.41004618906249996 0.398953125 0.41004618906249996 0.407578125 0.4081062359375 0.415546875 0.405150115625 0.419515625 0.3992840640625 0.42151562499999995 0.3875057734375 0.42151562499999995 0.375750578125 0.43478125 0.36986143125000004 0.451359375 0.3678983828125 0.466609375 0.3678983828125 0.49115624999999996 0.3718244796875 0.50575 0.375750578125 0.5249843750000001 0.3767205546875 0.529625 0.375750578125 0.529625 0.3767205546875 0.531609375 0.3826097 0.534265625 0.39143187031250004 0.542890625 0.40418013906250005 0.5501875 0.41004618906249996 0.560125 0.4081062359375 0.567421875 0.40318706718749997 0.5760468750000001 0.3953579671875 0.5826875 0.3835796765625 0.589984375 0.381616628125 0.5959531250000001 0.379676675 0.6012500000000001 0.3688914546875 0.60059375 0.355150115625 0.60059375 0.3443648953125 0.6012500000000001 0.3375057734375 0.602578125 0.323787528125 0.60721875 0.3071131640625 0.610546875 0.2963279453125 0.617171875 0.286535796875 0.6238125 0.275750578125 0.6184999999999999 0.273787528125 0.604578125 0.26986143125 0.5959531250000001 0.2649653578125 0.587328125 0.2590762125 0.581359375 0.2512471125 0.575390625 0.2424249421875 0.56809375 0.2306466515625 0.55615625 0.22478060000000002 0.542890625 0.220854503125 0.5289531249999999 0.21986143125000002 0.514359375 0.21986143125000002 0.50309375 0.2228175515625 0.4885 0.2228175515625 0.469921875 0.22478060000000002 0.45334375 0.22478060000000002 0.43609375000000006 0.22478060000000002 0.42415624999999996 0.2267436484375 0.41354687500000004 0.228683603125 0.40028125000000003 0.23457274843749998 0.387015625 0.239468821875 0.37706249999999997 0.247321015625 0.36910937499999996 0.2561431875 0.36446875 0.2678983828125 0.359828125 0.2806466515625 0.354515625 0.2914318703125 0.35053125 0.297321015625 0.34390624999999997 0.3110392609375 0.3445625 0.3178983828125 0.348546875 0.336535796875 0.35053125 0.347321015625 0.351859375 0.34829099375 0.35253125 0.35318706718750004 0.3531875 0.363002309375 0.354515625 0.35614318749999996 0.356515625 0.3620092375 0.357828125 0.36692840625
9 0.7229687499999999 0.51152425 0.720421875 0.48766743593750006 0.726359375 0.48515011562500004 0.75609375 0.46757505781250003 0.7722187500000001 0.47009237812500004 0.7832656250000001 0.47009237812500004 0.7858125 0.46508083125 0.782421875 0.4550346421875 0.788359375 0.446235565625 0.7815624999999999 0.4361893765625 0.779875 0.4236489609375 0.777328125 0.4211316390625 0.7637343750000001 0.40607390312499997 0.73909375 0.375935334375 0.7153125 0.359630484375 0.70428125 0.347066975 0.6906875 0.3420554265625 0.679640625 0.335773671875 0.67540625 0.32572748281249997 0.6660625 0.3144341796875 0.6618125 0.3093995375 0.6490781250000001 0.2905773671875 0.64228125 0.2830484984375 0.61509375 0.2792840640625 0.60575 0.2993533484375 0.598953125 0.32572748281249997 0.60065625 0.34831408750000004 0.613390625 0.37969976875 0.621046875 0.3884988453125 0.6227343750000001 0.4286605078125 0.62784375 0.44750577343750003 0.6371875 0.4575519625 0.64396875 0.47762124687499996 0.64621875 0.47773672031250003 0.647921875 0.48729792187500004 0.650984375 0.48981524218750006 0.650984375 0.4993533484375 0.65234375 0.5109237875 0.654390625 0.5149422625 0.65540625 0.51847575 0.650296875 0.541293303125 0.65303125 0.565612009375 0.659484375 0.5932794453125 0.665265625 0.6025173203125 0.66696875 0.628152425 0.672078125 0.6548036953125 0.672078125 0.66736720625 0.666625 0.6744110859375 0.647234375 0.699237875 0.63396875 0.7067898390625 0.621046875 0.7143418015624999 0.603703125 0.7269053125 0.59859375 0.7193533484375 0.587703125 0.7203695156250001 0.585328125 0.726397228125 0.584640625 0.7592840640625 0.5764843749999999 0.780092378125 0.5740937500000001 0.7951732109375 0.57784375 0.8147806 0.585328125 0.8243418015625 0.59315625 0.8253348734375001 0.600640625 0.8162817546875001 0.60403125 0.80170900625 0.6111875 0.7846189375 0.61390625 0.7700230953125 0.6196875000000001 0.7700230953125 0.639421875 0.7549422625 0.7003125 0.7137182453124999 0.715625 0.6590300234375001 0.719359375 0.630854503125 0.7350156250000001 0.6489607390625001 0.74146875 0.6610392609375 0.7418125 0.7137182453124999 0.74521875 0.73584295625 0.746578125 0.7514318703125 0.7455625 0.7665127015625 0.746578125 0.7700230953125 0.746578125 0.777066975 0.7455625 0.7906466515624999 0.7421562500000001 0.8137644343750001 0.741140625 0.826836028125 0.748953125 0.8308775984375 0.797953125 0.8389145499999999 0.8016875000000001 0.8243418015625 0.7955625000000001 0.815288684375 0.7857031250000001 0.804226328125 0.776859375 0.793163971875 0.776171875 0.7730484984375 0.775828125 0.7720323328124999 0.78025 0.6665588921875 0.775828125 0.6328637406250001 0.775625 0.62953810625 0.767125 0.598152425 0.7526875000000001 0.5642494218749999 0.72890625 0.52785219375 0.7229687499999999 0.51152425
9 0.9062187500000001 0.48113163906249995 0.9256875000000001 0.482678984375 0.9194375000000001 0.46108545 0.9162968749999999 0.41173210156250006 0.9096875000000001 0.368060046875 0.9086562499999999 0.328706696875 0.9110781250000001 0.29427251718749997 0.9110781250000001 0.2829561203125 0.910734375 0.27988452656249996 0.899265625 0.2716628171875 0.901703125 0.25108545000000004 0.90134375 0.2397921484375 0.8909218750000001 0.2310392609375 0.87978125 0.23720554218749998 0.8773593749999999 0.25108545000000004 0.881875 0.26806004687499996 0.8728281250000001 0.275773671875 0.8620468750000001 0.293764434375 0.861703125 0.30122401875000004 0.86796875 0.30584295625 0.8672656249999999 0.31355658124999997 0.8603125 0.3212702078125 0.8620468750000001 0.34131639687500004 0.864484375 0.3618706703125 0.872484375 0.3670207859375 0.872484375 0.39785219375 0.877 0.41406466562500005 0.8832656249999999 0.465473440625 0.8846562499999999 0.4847344109375 0.896484375 0.4847344109375 0.8968281250000001 0.43487297968750005 0.902734375 0.4328175515625 0.9062187500000001 0.48113163906249995
9 0.8510937500000001 0.281293303125 0.8516718750000001 0.295981525 0.8574296875 0.2959699765625 0.851953125 0.3104387984375 0.8508125 0.3466512703125 0.8565625000000001 0.3500461890625 0.8594531249999999 0.3594226328125 0.8652031250000001 0.3628175515625 0.86175 0.34152425000000003 0.8522500000000001 0.3342956125 0.860890625 0.3181062359375 0.866359375 0.3142725171875 0.8680937500000001 0.3070438796875 0.859734375 0.3023556578125 0.86146875 0.281916859375 0.8715468749999999 0.276397228125 0.8735625 0.26106235624999996 0.8801875000000001 0.2606466515625 0.875578125 0.2402078515625 0.870390625 0.2338106234375 0.8551249999999999 0.23424942187500003 0.8490781249999999 0.24785219375 0.8505156250000001 0.26660508125 0.856859375 0.27725173281250004 0.8510937500000001 0.281293303125
9 0.949796875 0.48443417968749997 0.9440468750000001 0.47591224062500004 0.9440468750000001 0.47060046250000004 0.945484375 0.3855658203125 0.9526718750000001 0.3653810625 0.954828125 0.34942263281249997 0.9577031249999999 0.3334872984375 0.9685 0.3611085453125 0.97065625 0.3387990765625 0.9613125 0.30371824531249997 0.95915625 0.276073903125 0.951953125 0.26969976875 0.946203125 0.2548267890625 0.940453125 0.25163972343749996 0.9483593750000001 0.23461893749999999 0.9447656249999999 0.230369515625 0.938296875 0.22080831406249998 0.9318125 0.22187067031250002 0.9289375 0.2378060046875 0.9282187499999999 0.2569515015625 0.91959375 0.26013856875 0.9145625000000001 0.2781986140625 0.913125 0.30903002343749997 0.9152812499999999 0.3249653578125 0.91671875 0.346235565625 0.9210312500000001 0.369630484375 0.92678125 0.40043879843749997 0.9289375 0.473787528125 0.9418906249999999 0.48230946875 0.9418906249999999 0.48443417968749997 0.949796875 0.48443417968749997
9 0.070453125 0.33191685937500004 0.06534375 0.324387990625 0.062796875 0.2895150109375 0.040484375 0.2857274828125 0.037296875 0.3253348734375 0.01625 0.35736720625 0.01625 0.369630484375 0.031546875 0.391293303125 0.04303125 0.40545034687500003 0.051312500000000004 0.421454965625 0.054515625 0.43937644374999996 0.06343750000000001 0.46198614375 0.073640625 0.4836720546875 0.081296875 0.46859122343750004 0.07618749999999999 0.45445727500000005 0.074921875 0.4506697453125 0.07171875 0.42053117812499996 0.09276562499999999 0.3809237875 0.08703125 0.354549653125 0.070453125 0.33191685937500004
9 0.9467968750000001 0.22999999999999998 0.9525781249999999 0.240554271875 0.9546250000000001 0.24157043906250003 0.9546250000000001 0.24658198593749997 0.9495156250000001 0.257159353125 0.9515625 0.26771362656250003 0.9613531249999999 0.262683603125 0.9681197921875 0.2650269453125 0.9597187500000001 0.2762586609375 0.968234375 0.27877598125 0.9699375 0.3325635109375 0.9678906250000001 0.42157043906249997 0.9733281249999999 0.44270207812500006 0.976734375 0.4698383375 0.976046875 0.4773903 0.9784375000000001 0.48290993125000004 0.998171875 0.4793995375 0.9991875 0.44369515000000004 0.998171875 0.42759815312500005 0.988640625 0.401454965625 0.99 0.393926096875 0.9876250000000001 0.319006928125 0.98728125 0.2566512703125 0.9991875 0.240554271875 0.998171875 0.2139030015625 0.9842187499999999 0.22295612031249998 0.9706093750000001 0.2284988453125 0.96625625 0.2219584296875 0.969078125 0.21617782968750002 0.967546875 0.20385681249999998 0.961765625 0.1993302546875 0.9495156250000001 0.1993302546875 0.9454375 0.2139030015625 0.940328125 0.22043879843749997 0.940328125 0.22295612031249998 0.9467968750000001 0.22999999999999998
9 0.7975156250000001 0.339907621875 0.809609375 0.3888221703125 0.8134218750000001 0.3972748265625 0.80896875 0.4048036953125 0.7945781249999999 0.44563510468749995 0.7933749999999999 0.45096997656250004 0.793671875 0.458083140625 0.797578125 0.46030023125 0.803296875 0.466535796875 0.8093281250000001 0.46831408750000003 0.8120312500000001 0.4687528875 0.8132343750000001 0.46341801406250005 0.8108281249999999 0.45674364843750004 0.8186562500000001 0.4362817546875 0.8225625000000001 0.4158198609375 0.8237656250000001 0.4425173203125 0.8237656250000001 0.4576443421875 0.82346875 0.4678752890625 0.8240624999999999 0.47454965312499997 0.827375 0.47676674375 0.8442343749999999 0.47498845312500004 0.84603125 0.462078521875 0.843328125 0.46030023125 0.842421875 0.3566512703125 0.84121875 0.34376443437500004 0.84121875 0.32508083125 0.8401406250000001 0.2627944578125 0.8197812499999999 0.2881986140625 0.812140625 0.3088914546875 0.8057812500000001 0.3211085453125 0.7975156250000001 0.339907621875
8 0.397765625 0.6373903000000001 0.39859374999999997 0.63339491875 0.397359375 0.6263279453124999 0.389453125 0.6198845265624999 0.381984375 0.6162124718750001 0.372421875 0.6146651265624999 0.362234375 0.6254041578125 0.353515625 0.64508083125 0.34728125 0.6662586609375001 0.34790625 0.6739491921874999 0.3495625 0.682240184375 0.36120312499999996 0.6963510390625001 0.37428125 0.7061893765625 0.389671875 0.7141801390625 0.3969375 0.7132563515625 0.40275 0.7083371828125 0.400890625 0.6942032328125001 0.389046875 0.6665588921875 0.38093750000000004 0.65122401875 0.389453125 0.6426097000000001 0.397765625 0.6373903000000001
8 0.847421875 0.5063279453125 0.7834218749999999 0.4509237875 0.781140625 0.4542956125 0.8177031250000001 0.531316396875 0.847421875 0.5063279453125
8 0.8920781249999999 0.300762125 0.8942656250000001 0.29986143125 0.89565625 0.29928406406249997 0.8960625 0.29399538125 0.8950625000000001 0.2878060046875 0.8922812499999999 0.28369515 0.8920781249999999 0.28046189374999997 0.8924687499999999 0.2792840640625 0.8926718749999999 0.27692840625000004 0.8926718749999999 0.2728175515625 0.8924687499999999 0.26750577343750004 0.891875 0.2651732109375 0.88690625 0.2642725171875 0.8853125000000001 0.26692840625 0.8851093750000001 0.2701616625 0.884125 0.2728175515625 0.884125 0.278983834375 0.8843125000000001 0.2963279453125 0.8851093750000001 0.298983834375 0.8896875 0.3030946875 0.8920781249999999 0.300762125
8 0.12448437500000001 0.3977136265625 0.12778125 0.3892840640625 0.125375 0.4900461890625 0.12987500000000002 0.4909237875 0.130484375 0.4722863734375 0.1638125 0.450092378125 0.189640625 0.47316397187500003 0.18843749999999998 0.4904849890625 0.192046875 0.49182447968750004 0.19384375 0.4900461890625 0.193546875 0.4745034640625 0.19624999999999998 0.47584295625 0.198953125 0.4784988453125 0.198046875 0.489145496875 0.20104687499999999 0.49136258593750004 0.20074999999999998 0.39683602812499996 0.20074999999999998 0.3946189375 0.19924999999999998 0.3915011546875 0.197453125 0.388845265625 0.19624999999999998 0.3884064671875 0.19534374999999998 0.38528868437499997 0.19534374999999998 0.3799769046875 0.195046875 0.3746420328125 0.19475 0.3724249421875 0.194140625 0.36752886875 0.192640625 0.3586605078125 0.127171875 0.3568822171875 0.126578125 0.36709006875 0.124171875 0.36709006875 0.12448437500000001 0.3977136265625
8 0.0781875 0.40976905312499995 0.075609375 0.4168822171875 0.072640625 0.429445728125 0.07228124999999999 0.435450346875 0.06746875 0.45568129375 0.0696875 0.4606004625 0.090390625 0.47152425 0.090390625 0.48900692812499996 0.09371874999999999 0.48845265624999995 0.0915 0.387921478125 0.084109375 0.383002309375 0.083375 0.3851963046875 0.079671875 0.393926096875 0.0781875 0.40976905312499995
9 0.16924999999999998 0.7771131640625 0.174125 0.8479907624999999 0.16924999999999998 0.8816397234375 0.174125 0.9044572750000001 0.20420312499999999 0.9032563515625001 0.20420312499999999 0.8888452656249999 0.199328125 0.8551963046875001 0.20826562499999998 0.8047344109375001 0.22696875 0.8047344109375001 0.23753125000000003 0.815542725 0.23184375 0.8239722859375 0.22615625 0.8515935328124999 0.23753125000000003 0.863625865625 0.24240625 0.8551963046875001 0.24890625000000002 0.8479907624999999 0.257046875 0.863625865625 0.266796875 0.8720323328124999 0.2879375 0.876836028125 0.3139375 0.876836028125 0.327765625 0.8479907624999999 0.325328125 0.82877598125 0.313125 0.80953810625 0.30175 0.790323325 0.2879375 0.755473440625 0.3123125 0.7254272515625 0.325328125 0.7074133953125 0.326953125 0.6665588921875 0.322078125 0.6569515015625 0.315578125 0.6593533484375 0.3090625 0.699006928125 0.28875 0.7134180140625 0.2976875 0.6785681296875 0.318015625 0.648545034375 0.33182812500000003 0.648545034375 0.34728125 0.6341108546875 0.35703125 0.6413394921875 0.35053125 0.6533487296875 0.34890625000000003 0.6785681296875 0.36190625 0.69660508125 0.381421875 0.70861431875 0.400109375 0.70861431875 0.400109375 0.6942032328125001 0.386296875 0.667759815625 0.383859375 0.6413394921875 0.396859375 0.6293071593749999 0.387921875 0.617297921875 0.36921875000000004 0.617297921875 0.35459375 0.5992840640625 0.338328125 0.5932794453125 0.319640625 0.5932794453125 0.2993125 0.59448036875 0.2976875 0.5836489609375 0.29281250000000003 0.5680369515625 0.279796875 0.5524249421875 0.26192187499999997 0.5367898390625 0.24728124999999998 0.5355889140625 0.23103125000000002 0.5500230953125 0.222890625 0.5716397234375 0.22453125 0.6148960734375 0.215578125 0.6269053125 0.200953125 0.6593533484375 0.195265625 0.6857967671874999 0.1781875 0.6954041578125 0.1700625 0.7278291 0.16924999999999998 0.7771131640625
9 0.032609375 0.48900692812499996 0.037359375 0.47824480312500006 0.024703125 0.4684295609375 0.029125 0.4372748265625 0.032921875 0.40967667499999993 0.044953125 0.4139030015625 0.047484375 0.42512702031250005 0.0531875 0.42138568125000003 0.0538125 0.40593533437499996 0.012984375000000001 0.3774133953125 0.002234375 0.35775981562500003 0 0.47122401875 0.008875 0.49133949218749995 0.032609375 0.48900692812499996
2 0.56221875 0.22427251718750002 0.575796875 0.24323325625 0.584609375 0.24287143906250003 0.5841093749999999 0.256628175 0.5992031250000001 0.267782909375 0.6072552078125 0.27076212499999996 0.60976171875 0.256535796875 0.6165546875000001 0.2638799078125 0.6153072921875 0.2737413390625 0.62334765625 0.27122401875 0.6233593749999999 0.2767205546875 0.6335468750000001 0.2795034640625 0.63693359375 0.285912240625 0.643734375 0.28228637343749996 0.6437265625 0.2932563515625 0.668640625 0.3224480375 0.722234375 0.3681986140625 0.7365781250000001 0.358152425 0.801484375 0.333602771875 0.806765625 0.3190993078125 0.800734375 0.26108545 0.7539374999999999 0.2577367203125 0.694296875 0.21757505781250003 0.6520312500000001 0.21646651249999999 0.639953125 0.214226328125 0.585609375 0.21535796718750003 0.58258984375 0.22715935312500002 0.579234375 0.22995381093749998 0.575796875 0.2198152421875 0.56221875 0.22427251718750002
13 0.28084375 0.2816397234375 0.28465625 0.30290993125 0.27745312499999997 0.3104157046875 0.262203125 0.317297921875 0.26178124999999997 0.354226328125 0.298203125 0.3523556578125 0.299890625 0.37551963125 0.319796875 0.37489607343750003 0.32360937500000003 0.373002309375 0.327 0.363625865625 0.3351988640625 0.35184757499999997 0.33546875 0.363625865625 0.355375 0.363625865625 0.35071875 0.33046189375 0.355375 0.2797459578125 0.34478125 0.23969976875 0.3325 0.234064665625 0.3297875 0.2395658203125 0.3244548609375 0.23476007187499998 0.321996875 0.2431963046875 0.316409721875 0.235455478125 0.26009375 0.240323325 0.2598828125 0.2562817546875 0.2674625 0.2686097 0.26559374999999996 0.27475750625 0.259671875 0.272240184375 0.28084375 0.2816397234375
2 0.23135937499999998 0.24715935312499998 0.172671875 0.23969976875 0.126125 0.23969976875 0.09829687499999999 0.2351963046875 0.08665625 0.271847575 0.09373437500000001 0.27558891406249997 0.130671875 0.29877598125 0.147875 0.31448036875 0.16053125 0.311478059375 0.165578125 0.3294226328125 0.19037500000000002 0.3271824484375 0.2166875 0.3436489609375 0.23034374999999999 0.3571131640625 0.2379375 0.36309468749999996 0.25159375 0.36533487343750004 0.25007812500000004 0.2815704390625 0.24401562499999999 0.26138568125 0.23135937499999998 0.24715935312499998
2 0.8573437500000001 0.224688221875 0.8721875000000001 0.2273441109375 0.8946093749999999 0.2273441109375 0.9116250000000001 0.22254041562500002 0.9137968750000001 0.2209468828125 0.9170468749999999 0.2171824484375 0.9170468749999999 0.21023094687500002 0.8960625 0.20757505781250002 0.8786875000000001 0.18884526562499998 0.8537343749999999 0.18616628125 0.8501093750000001 0.18937644375 0.851921875 0.224688221875 0.8573437500000001 0.224688221875