8 0.7315 0.22858333281249998 0.52634375 0.2128958328125 0.5179375 0.40347916718750004 0.719734375 0.42814583281249996 0.7315 0.22858333281249998
8 0.9 0.7329791671875 0.8741875 0.7329791671875 0.843546875 0.735125 0.822578125 0.7136250000000001 0.822578125 0.6878124999999999 0.8290312500000001 0.6555625 0.8403281249999999 0.5996458328125 0.556453125 0.6103958328125 0.5419375 0.619 0.5419375 0.6555625 0.535484375 0.9781458328125 0.8854843750000001 0.9888958328124999 0.9145156249999999 0.7394166671875 0.9 0.7329791671875
9 0.27809375 0.6853958328124999 0.33201562500000004 0.6808958328125 0.32190625 0.6629166671875 0.316859375 0.6112291671875 0.333703125 0.6089791671875 0.33201562500000004 0.707875 0.338765625 0.7438125 0.384265625 0.7348333328125001 0.39437500000000003 0.7033750000000001 0.38090625 0.7033750000000001 0.36067187500000003 0.7033750000000001 0.37246875 0.5955 0.382578125 0.5573125 0.36909375 0.5393333328125001 0.36909375 0.5191041671875001 0.391015625 0.5078750000000001 0.39775 0.49887499999999996 0.39270312500000004 0.4763958328125 0.37753125 0.46966666718749994 0.34045312499999997 0.4763958328125 0.32190625 0.40675 0.33201562500000004 0.40225 0.338765625 0.36854166718750003 0.33034375 0.34381249999999997 0.32528125 0.3146041671875 0.293265625 0.3101041671875 0.266296875 0.3348333328125 0.262921875 0.3797708328125 0.190453125 0.5505625000000001 0.187078125 0.59775 0.208984375 0.6202291671875 0.22078125 0.6157291671875 0.288203125 0.6314583328125 0.27809375 0.6853958328124999
8 0.2290625 0.44291666718749995 0.23650000000000002 0.42766666718749996 0.230203125 0.42004166718749997 0.22164062499999998 0.3674583328125 0.15990625 0.378125 0.173046875 0.440625 0.193625 0.449 0.2290625 0.44291666718749995
8 0.361828125 0.47202083281249996 0.38342187499999997 0.4711041671875 0.39153125 0.47831250000000003 0.395578125 0.49812500000000004 0.463765625 0.5035208328125 0.463078125 0.41891666718750004 0.356421875 0.40449999999999997 0.34696875 0.3991041671875 0.34696875 0.47741666718750003 0.361828125 0.47202083281249996
8 0.843953125 0.494625 0.8070468749999999 0.494625 0.8053750000000001 0.5259375000000001 0.79865625 0.5259375000000001 0.791953125 0.5035624999999999 0.770140625 0.494625 0.768453125 0.5662083328125 0.83725 0.5751666671875 0.843953125 0.494625
8 0.14540625000000001 0.8370416671875001 0.256578125 0.7790416671875 0.255359375 0.6807708328125 0.23723437500000003 0.6582083328125 0.127265625 0.7049375 0.128484375 0.7097708328125 0.12364062499999999 0.8145 0.14540625000000001 0.8370416671875001
8 0.10723437499999999 0.47054166718749996 0.11778124999999999 0.47018750000000004 0.12075 0.43233333281249997 0.12075 0.4290833328125 0.120484375 0.4262083328125 0.11615625 0.4254791671875 0.1066875 0.4258541671875 0.10020312499999999 0.42800000000000005 0.10020312499999999 0.46693749999999995 0.09965625 0.46910416718750003 0.10723437499999999 0.47054166718749996
8 0.91190625 0.7421249999999999 0.89 0.739875 0.8293125 0.7106666671874999 0.8192031249999999 0.6657291671875 0.8411093749999999 0.6275208328125 0.8461718749999999 0.5758333328125 0.6287499999999999 0.5870625 0.544484375 0.6207708328125 0.541109375 0.6769583328125 0.520890625 0.8567291671874999 0.5326875 0.9421250000000001 0.5394375 0.9983124999999999 0.88325 1 0.8883125 0.9825833328125 0.91190625 0.7421249999999999
8 0.20224999999999999 0.5146041671875 0.183703125 0.4494375 0.0471875 0.47416666718749995 0.091015625 0.5707916671875 0.183703125 0.5505625000000001 0.20224999999999999 0.5146041671875
8 0.382484375 0.4841458328125 0.385640625 0.48645833281249995 0.39271875 0.48624999999999996 0.39225 0.4837291671875 0.389109375 0.4776458328125 0.38296874999999997 0.47385416718749995 0.384375 0.4761666671875 0.385640625 0.4791041671875 0.382484375 0.4841458328125
8 0.9362343750000001 0.0623541671875 0.9387656249999999 0.07725 0.963828125 0.07725 0.9678437499999999 0.019375 0.9585625 0.021625 0.9507656250000001 0.0278125 0.94065625 0.0426875 0.9362343750000001 0.0623541671875
8 0.102390625 0.8180208328124999 0.091 0.8386250000000001 0.10482812500000001 0.8527291671875 0.106453125 0.8852708328125001 0.181296875 0.8581666671875 0.23253125 0.8061041671875 0.261 0.78225 0.28784375 0.7681458328125 0.274828125 0.7594583328125 0.2569375 0.7670625 0.256125 0.7399375 0.25206249999999997 0.6933125 0.22603125 0.6586041671875 0.17071875 0.6792083328125 0.125171875 0.7008958328125 0.11865624999999999 0.7540416671875 0.12273437499999999 0.8028541671875 0.125171875 0.8093541671875 0.11053125 0.7963333328125 0.102390625 0.8180208328124999
8 0.27946875000000004 0.6238958328125 0.2165 0.6185416671875 0.19775 0.5917291671875 0.19239062499999998 0.5720833328125 0.183015625 0.5488541671875 0.1763125 0.5524375 0.105296875 0.5702916671875 0.0905625 0.5649375 0.026250000000000002 0.44525 0.012859375000000001 0.43454166718750004 0 0.4184583328125 0.002140625 0.6631875 0.01821875 0.6703333328125 0.016875 0.6810625 0.023578125 0.6900000000000001 0.042328125 0.7203541671875 0.03696875 0.7346458328125001 0.022234375 0.7400208328125 0.022234375 0.7489375 0.020890625 0.7686041671875 0.030265625 0.7686041671875 0.03696875 0.7560833328125 0.045015625 0.7435833328125 0.0570625 0.7346458328125001 0.0905625 0.7364375 0.0999375 0.7257291671874999 0.11334375000000001 0.7221458328125 0.11870312499999999 0.7096458328125 0.129421875 0.6882083328124999 0.2098125 0.6560416671875 0.233921875 0.6560416671875 0.274109375 0.6757083328125 0.2808125 0.6792708328125 0.28215625 0.6381875 0.27946875000000004 0.6238958328125