1 0.39039999999999997 0.5097066671875 0.3923 0.51032 0.39482 0.5115999999999999 0.39624000000000004 0.5124266671875 0.39686 0.5111733328125 0.39702000000000004 0.5090666671874999 0.39733999999999997 0.5069600000000001 0.39956 0.5069600000000001 0.3997 0.5061066671875001 0.3997 0.5042133328125 0.39733999999999997 0.5035999999999999 0.3975 0.5012800000000001 0.39892 0.49874666718749994 0.40049999999999997 0.49664 0.40112 0.49474666718750004 0.4024 0.4943466671875 0.40618 0.49264 0.40650000000000003 0.4903466671875 0.40602 0.48717333281249997 0.40553999999999996 0.48592 0.40412 0.48528000000000004 0.40002000000000004 0.48192 0.39608 0.48128000000000004 0.3934 0.4814933328125 0.39056 0.4814933328125 0.37934 0.48928000000000005 0.37746 0.49264 0.37808 0.5059199999999999 0.3855 0.5075999999999999 0.3874 0.5082133328125 0.39039999999999997 0.5097066671875
2 0.1972 0.5745866671875001 0.20729999999999998 0.5701066671875 0.20224000000000003 0.5453866671875 0.19214 0.5139199999999999 0.1736 0.5139199999999999 0.15506 0.5251466671875 0.14832 0.5476266671875 0.14662 0.5588533328125 0.14662 0.5723466671875 0.15338000000000002 0.59032 0.17528 0.59256 0.1972 0.5745866671875001
2 0.3103 0.52168 0.31304 0.5293333328125 0.33204 0.5274933328125 0.33204 0.5213866671875 0.32517999999999997 0.50888 0.3222 0.5045866671875 0.31168 0.5052 0.31122 0.5110133328125 0.30984 0.5155733328125 0.3103 0.52168
2 0.35828000000000004 0.5256266671875001 0.36385999999999996 0.5248266671875 0.36474 0.5314933328125 0.37004000000000004 0.5365866671874999 0.37356 0.5318933328125001 0.37414000000000003 0.526 0.3809 0.526 0.38414000000000004 0.53776 0.38883999999999996 0.5369866671875 0.39208 0.5322666671875 0.39178 0.5197333328125 0.39411999999999997 0.5189600000000001 0.39411999999999997 0.5060266671875 0.38502000000000003 0.5060266671875 0.36886 0.5064266671875 0.36738 0.51544 0.35798 0.5177866671875 0.35828000000000004 0.5256266671875001
2 0.029599999999999998 0.6217866671875 0.025042500000000002 0.60298 0.04908 0.6068800000000001 0.058660000000000004 0.5906933328124999 0.06183999999999999 0.6056 0.07174 0.5774933328125 0.07206 0.5631644453125 0.08516 0.5664266671875 0.08993999999999999 0.5757866671875 0.09696 0.6149600000000001 0.09984 0.6149600000000001 0.10303999999999999 0.6026133328125 0.11277999999999999 0.5994266671874999 0.1238 0.6000533328125 0.12762 0.6107199999999999 0.13242 0.60944 0.12252 0.59624 0.13624 0.58856 0.13816 0.5813333328125 0.13242 0.5660000000000001 0.11932000000000001 0.5596266671875 0.10496000000000001 0.54088 0.08259999999999999 0.53704 0.0743775 0.54646 0.0727 0.5345066671875001 0.0711 0.53408 0.03822 0.5366133328125 0.029920000000000002 0.5468533328125 0.01586 0.5587733328125 0.01076 0.5791999999999999 0.01266 0.6068800000000001 0.02034 0.6192266671875 0.029599999999999998 0.6217866671875
2 0.34242 0.4932 0.33654 0.49698666718749995 0.33276 0.49901333281250004 0.3282 0.49951999999999996 0.32554 0.50408 0.32574000000000003 0.5078666671875001 0.33161999999999997 0.50888 0.33864 0.50912 0.3411 0.50736 0.3411 0.5007733328125 0.34944000000000003 0.4992533328125 0.35818 0.4985066671875 0.35894 0.5050933328125 0.35932 0.5083733328125 0.36558 0.5035733328124999 0.36084 0.4959733328125 0.35476 0.4939466671875 0.34242 0.4932
2 0.43234000000000006 0.5314666671875 0.43314 0.5266666671875 0.43513999999999997 0.5234933328125 0.43554000000000004 0.5192266671875 0.43554000000000004 0.51656 0.43513999999999997 0.5160266671875 0.43116000000000004 0.51232 0.42756 0.51232 0.42435999999999996 0.51232 0.42238 0.5128533328125 0.41678 0.5133866671875 0.41597999999999996 0.5154933328125 0.4152 0.51976 0.4124 0.5224266671875 0.41200000000000003 0.5250933328125 0.41200000000000003 0.5293333328125 0.41200000000000003 0.5325333328124999 0.4144 0.5399733328125 0.42835999999999996 0.53944 0.42916 0.53944 0.43156 0.5362666671875 0.43234000000000006 0.5314666671875
2 0.361 0.50888 0.36192 0.5002933328125 0.361 0.49783999999999995 0.34256000000000003 0.5039733328125 0.33796 0.5052 0.33796 0.51136 0.33704 0.5199466671875 0.3398 0.5297866671875 0.34072 0.5273333328125 0.35453999999999997 0.5273333328125 0.35638000000000003 0.5236266671875 0.35916000000000003 0.5125866671875 0.361 0.50888
2 0.52492 0.54472 0.52996 0.52992 0.52916 0.5217866671875 0.50826 0.5228533328125 0.5011 0.5355466671875 0.5011 0.5553066671875 0.50746 0.5574399999999999 0.5252 0.5574399999999999 0.52492 0.54472
2 0.4664 0.5082666671875 0.46891999999999995 0.5049066671875 0.46556 0.5034133328125 0.4627 0.50248 0.46312 0.49623999999999996 0.44962 0.4959466671875 0.4492 0.4959466671875 0.44905999999999996 0.5017333328125 0.44424 0.5028533328125 0.44424 0.5075999999999999 0.4664 0.5082666671875
2 0.5248999999999999 0.5204266671875 0.5271600000000001 0.5192533328125 0.5280400000000001 0.5050666671874999 0.5280400000000001 0.4994666671875 0.5284 0.4959733328125 0.52664 0.49506666718750003 0.5264800000000001 0.4917866671875 0.5215799999999999 0.4890133328125 0.50936 0.4897066671875 0.50902 0.4925066671875 0.50656 0.5020266671875 0.50464 0.50368 0.5057 0.51136 0.50518 0.5164799999999999 0.50656 0.5220533328125 0.5064 0.5209066671875 0.51006 0.5213599999999999 0.51058 0.516 0.52264 0.5174133328125 0.5248999999999999 0.5204266671875
2 0.11742 0.5594666671875 0.13398000000000002 0.5692 0.14628000000000002 0.5681866671875 0.14514 0.5522666671875001 0.15167999999999998 0.53688 0.14244 0.5209866671875 0.13398000000000002 0.51328 0.09587999999999999 0.5101333328125001 0.08588 0.5184266671875 0.08434 0.5373866671875 0.10588 0.5414933328125 0.11742 0.5594666671875
2 0.22210000000000002 0.5519999999999999 0.22357999999999997 0.5726666671875 0.23279999999999998 0.57464 0.24904 0.5672533328125 0.25162 0.5500266671875 0.25126 0.53232 0.24498000000000003 0.5318133328125 0.23834 0.52 0.20695999999999998 0.5180266671875 0.20844000000000001 0.51952 0.21766000000000002 0.5431466671875 0.22210000000000002 0.5519999999999999
2 0.29738000000000003 0.5597866671875 0.31322 0.5587733328125 0.32036 0.55808 0.32317999999999997 0.5492266671875 0.32266 0.5352533328125 0.31602 0.5226666671875 0.3076 0.51824 0.30376 0.5189066671875 0.28256000000000003 0.5243733328125 0.28102 0.52744 0.27976 0.5342399999999999 0.27949999999999997 0.5386666671875 0.28128000000000003 0.5448000000000001 0.28128000000000003 0.5584266671875 0.29738000000000003 0.5597866671875
2 0.154 0.528 0.16799999999999998 0.5173333328124999 0.198 0.512 0.194 0.5253333328124999 0.202 0.5519999999999999 0.2 0.5786666671875 0.20600000000000002 0.5653333328125 0.21400000000000002 0.5813333328125 0.22200000000000003 0.5706666671875 0.27 0.5706666671875 0.27799999999999997 0.5599999999999999 0.27999999999999997 0.544 0.274 0.5333333328125 0.266 0.5333333328125 0.266 0.516 0.29975 0.49416666718749996 0.392 0.49866666718749997 0.392 0.5253333328124999 0.398 0.5306666671875 0.41 0.5306666671875 0.418 0.5146666671875 0.426 0.5146666671875 0.426 0.5066666671875 0.43360000000000004 0.5029333328125001 0.44400000000000006 0.504 0.442 0.5253333328124999 0.45 0.5413333328125 0.44800000000000006 0.568 0.45599999999999996 0.5813333328125 0.47000000000000003 0.5813333328125 0.47800000000000004 0.5733333328125 0.48 0.5653333328125 0.49000000000000005 0.5573333328125 0.49400000000000005 0.5306666671875 0.49800000000000005 0.5306666671875 0.504 0.5226666671875 0.49775 0.5073333328125 0.5085 0.508 0.508 0.494222221875 0.51 0.48 0.502 0.46666666718750005 0.49000000000000005 0.46666666718750005 0.48 0.4773333328125 0.47000000000000003 0.48 0.46399999999999997 0.4933333328125 0.454 0.4933333328125 0.454 0.49866666718749997 0.4232 0.5018666671875 0.418 0.4933333328125 0.4128 0.5008 0.40800000000000003 0.4933333328125 0.4024 0.49973333281250004 0.398 0.4933333328125 0.269 0.4926666671875 0.266 0.49866666718749997 0.258 0.49066666718749996 0.22799999999999998 0.49066666718749996 0.18444444375 0.4930370375 0.19 0.512 0.18 0.5066666671875 0.17355555625000002 0.49362962968749996 0.16299999999999998 0.496 0.1626666671875 0.494222221875 0.13 0.496 0.124 0.504 0.11950000000000001 0.49733333281250003 0.067 0.504 0.124 0.5146666671875 0.134 0.5146666671875 0.146 0.528 0.154 0.528
2 0.522 0.568 0.53 0.5786666671875 0.542 0.5786666671875 0.55 0.5653333328125 0.55 0.5226666671875 0.542 0.5093333328125 0.5808333328125 0.506 0.6515 0.5153333328125 0.65 0.5573333328125 0.654 0.5653333328125 0.6940000000000001 0.568 0.708 0.5573333328125 0.714 0.5466666671875 0.718 0.5333333328125 0.718 0.512 0.71 0.49066666718749996 0.7 0.48 0.6719999999999999 0.4773333328125 0.662 0.4853333328125 0.6519999999999999 0.5013333328125 0.5085 0.508 0.51925 0.5086666671875 0.522 0.52 0.526 0.52 0.528 0.5226666671875 0.522 0.568