9 0.24117187499999998 0.5013541671875 0.232375 0.5409166671875 0.23346874999999997 0.5423958328125 0.23512499999999997 0.5658333328125 0.236765625 0.5973541671875 0.237875 0.628125 0.24281250000000001 0.638375 0.2483125 0.6478958328125 0.251609375 0.6464375 0.2538125 0.6413125 0.253265625 0.6354375 0.25710937500000003 0.6420416671875 0.25710937500000003 0.6457083328125 0.260953125 0.6632916671875 0.26975 0.6574375 0.271390625 0.6588958328125 0.275796875 0.6640208328125 0.28128125000000004 0.6742916671875 0.300515625 0.7263124999999999 0.30546875 0.7387708328125 0.303265625 0.7409583328125 0.30271875000000004 0.7482916671875001 0.299421875 0.7526875000000001 0.273046875 0.7680625 0.279640625 0.7790625 0.286234375 0.7863958328125 0.29503124999999997 0.7863958328125 0.299421875 0.7841875 0.302171875 0.776875 0.30271875000000004 0.7585416671874999 0.304359375 0.7482916671875001 0.3093125 0.7541458328124999 0.32029687500000004 0.7570833328125001 0.329640625 0.7578125 0.33020312500000004 0.7490208328125 0.32415625000000003 0.7438958328124999 0.323046875 0.7351041671874999 0.3225 0.7277708328125 0.32029687500000004 0.7204375 0.320859375 0.6926041671875 0.32029687500000004 0.6537708328125 0.31865625 0.5988125 0.31975 0.5988125 0.3225 0.60175 0.324703125 0.6046666671875001 0.32525 0.6076041671875 0.33404687499999997 0.6163958328125 0.327453125 0.5526458328125 0.332390625 0.5563125 0.3384375 0.5738958328125 0.3439375 0.5848958328125 0.351078125 0.5885416671875 0.349984375 0.5834166671875 0.35162499999999997 0.5848958328125 0.35162499999999997 0.5863541671875 0.357671875 0.5914791671875 0.361515625 0.5746249999999999 0.35053125 0.5724375 0.344484375 0.5570416671875 0.3356875 0.5292083328125 0.32415625000000003 0.4881666671875 0.31315624999999997 0.469125 0.301625 0.46618750000000003 0.29667187500000003 0.46179166718750003 0.298875 0.44420833281250005 0.29503124999999997 0.436875 0.29228125 0.42222916718750003 0.275796875 0.42074999999999996 0.266453125 0.42808333281250005 0.262046875 0.45079166718749997 0.271390625 0.46691666718749997 0.26809375 0.47058333281250003 0.24940625 0.4845 0.24117187499999998 0.5013541671875
9 0.5261250000000001 0.4569583328125 0.5310625 0.4955 0.5134375 0.5049166671875 0.49226562500000004 0.5105625 0.487328125 0.5161875 0.490859375 0.5265416671875001 0.52965625 0.5190208328125 0.516953125 0.5547500000000001 0.5472812499999999 0.5820208328125 0.5515156250000001 0.572625 0.55575 0.5745 0.559984375 0.5848541671875 0.562796875 0.5716875 0.586078125 0.5857916671875001 0.5874843750000001 0.5349999999999999 0.6051249999999999 0.5124375 0.618515625 0.4672916671875 0.6199375 0.4644791671875 0.598765625 0.4475416671875 0.5797343749999999 0.4334375 0.5740937500000001 0.40052083281249995 0.5578593749999999 0.38829166718749997 0.556453125 0.3610208328125 0.5472812499999999 0.3488125 0.535296875 0.3459791671875 0.528234375 0.3459791671875 0.5197812500000001 0.36291666718750004 0.51765625 0.37512500000000004 0.51765625 0.3854791671875 0.5197812500000001 0.393 0.528234375 0.3986458328125 0.5324687499999999 0.4249791671875 0.5254218749999999 0.44002083281250004 0.5261250000000001 0.4569583328125
9 0.9848750000000001 0.6635208328125 0.9756875 0.6285000000000001 0.941546875 0.5882291671875 0.931046875 0.5829791671875 0.929734375 0.5392083328124999 0.9139687500000001 0.5216875 0.882453125 0.5164375 0.882453125 0.5497083328125 0.8811406249999999 0.5917291671875 0.8522500000000001 0.5934791671874999 0.865375 0.618 0.860125 0.6565208328125001 0.874578125 0.6862916671875 0.8627499999999999 0.7440625 0.8627499999999999 0.7703333328124999 0.8627499999999999 0.7773333328125 0.9481093749999999 0.8158541671874999 0.952046875 0.7685833328125 0.9664999999999999 0.6950416671874999 0.9848750000000001 0.6635208328125
8 0.786875 0.8542083328125001 0.790546875 0.8425 0.7912656250000001 0.8376041671875001 0.786875 0.8073541671875001 0.783953125 0.7634375 0.77296875 0.7448958328125 0.7085625 0.6707291671875 0.58265625 0.7097708328125 0.583390625 0.7224583328125 0.59071875 0.7819791671874999 0.595109375 0.7995625000000001 0.6075468749999999 0.8298125000000001 0.6536562499999999 0.9088541671874999 0.655125 0.9088541671874999 0.7898125 0.8688541671875001 0.786875 0.8542083328125001
8 1 0.9193749999999999 0.999640625 0.8847708328125 0.973015625 0.860375 0.9460625 0.8333125000000001 0.93440625 0.8257708328125 0.870515625 0.8559374999999999 0.815609375 0.8719166671874999 0.791984375 0.8856666671875001 0.7869843750000001 0.8998541671875 0.7869843750000001 0.9287083328125 0.7869843750000001 0.9473333328125 0.785328125 0.9779583328125 0.79996875 0.9996875 0.8102812500000001 1 0.929078125 1 1 1 1 0.9193749999999999
8 0.49254687500000005 0.5192083328125 0.48864062500000005 0.5087708328125 0.50153125 0.5066875 0.526171875 0.49783333281250003 0.53046875 0.48270833281250003 0.521875 0.44675000000000004 0.5265625 0.42954166718750003 0.531640625 0.4170416671875 0.528125 0.3909791671875 0.502328125 0.3815833328125 0.48317187500000003 0.38106249999999997 0.463609375 0.48166666718749995 0.462828125 0.49574999999999997 0.47729687500000006 0.5249375 0.49254687500000005 0.5192083328125
8 0.39878125 0.4092916671875 0.39878125 0.3634791671875 0.3600625 0.31314583281249997 0.312640625 0.3318541671875 0.30924999999999997 0.3408958328125 0.30634375 0.3705833328125 0.33587500000000003 0.4105833328125 0.337796875 0.41510416718750004 0.39878125 0.4092916671875
8 0.395453125 0.4832083328125 0.41401562500000005 0.46706250000000005 0.41281249999999997 0.44606250000000003 0.364375 0.45843749999999994 0.35953124999999997 0.47406249999999994 0.38415625000000003 0.47835416718749996 0.395453125 0.4832083328125
8 0.33268749999999997 0.5133541671875 0.33478125 0.5221875 0.344546875 0.5547291671875 0.38603125 0.5458958328125 0.391609375 0.5384583328125 0.4006875 0.5314791671875 0.4006875 0.5226458328125 0.397546875 0.5166041671875 0.397546875 0.5040416671875 0.399984375 0.499875 0.39684375 0.4910416671875 0.36929687499999997 0.4687083328125 0.36267187500000003 0.4687083328125 0.32048437500000004 0.4812708328125 0.322578125 0.4877708328125 0.32815625000000004 0.5068333328125 0.33268749999999997 0.5133541671875
8 0.401203125 0.3828333328125 0.403765625 0.4091041671875 0.40676562499999996 0.42452083281249997 0.41662499999999997 0.41881250000000003 0.48042187500000005 0.3971041671875 0.474421875 0.36970833281250004 0.444015625 0.3634166671875 0.401203125 0.3828333328125
8 0.20207812500000003 0.4070625 0.207375 0.4453541671875 0.22551562500000003 0.43224999999999997 0.21795312500000003 0.4035208328125 0.20207812500000003 0.4070625
8 0.4376875 0.4795416671875 0.428640625 0.47602083281249996 0.411671875 0.4926041671875 0.40978125 0.5102083328125 0.41732812499999994 0.5217708328125 0.427890625 0.5232708328125 0.44523437499999996 0.5197499999999999 0.4595625 0.5157291671875 0.47201562499999994 0.5117083328125 0.462578125 0.495625 0.465984375 0.4770208328125 0.45014062499999996 0.4835625 0.43920312499999997 0.4885833328125 0.435046875 0.48254166718749997 0.4376875 0.4795416671875
9 0.154859375 0.9702291671875001 0.16596875 0.9939583328125 0.194890625 0.9983958328125 0.207125 0.9939583328125 0.196 0.9672708328124999 0.189328125 0.9302083328125 0.1693125 0.8886875 0.168203125 0.8619999999999999 0.162640625 0.8160416671874999 0.175984375 0.8056666671875 0.19043749999999998 0.7923333328125 0.226015625 0.75675 0.2549375 0.7181875 0.25715625000000003 0.693 0.24714062499999997 0.6974375 0.22935937499999998 0.7092916671875 0.21490625 0.7315416671875 0.181546875 0.7641458328125 0.142625 0.7478541671875 0.1315 0.7315416671875 0.10370312500000001 0.71375 0.11815625 0.7048541671875 0.120390625 0.6826041671875 0.117046875 0.6618541671875 0.10593749999999999 0.6366458328125 0.088140625 0.6233125 0.06478125 0.6262708328125 0.053671875 0.6737083328125 0.061453125 0.7063333328125 0.050328125 0.7508125 0.053671875 0.7938125 0.060343749999999995 0.8249375000000001 0.07590625 0.8975833328125 0.101484375 0.9420624999999999 0.0948125 0.9998958328124999 0.10037499999999999 0.9969166671874999 0.14484375 0.9998958328124999 0.154859375 0.9702291671875001
13 0.9995625 1 0.9978281250000001 0.8844583328125 0.9365625 0.8258958328125001 0.9232812499999999 0.8310416671875 0.7670625 0.7220833328125 0.7115 0.671375 0.647921875 0.6297708328125 0.6496562499999999 0.61975 0.62596875 0.5943125 0.608046875 0.5989375 0.567015625 0.5704374999999999 0.563546875 0.5989375 0.476859375 0.5272708328125 0.35665625 0.5696666671874999 0.3578125 0.578125 0.354921875 0.5866041671875 0.352609375 0.5927708328125 0.34567187499999996 0.5881458328125 0.34509375000000003 0.6058749999999999 0.375140625 0.6490208328125 0.39075000000000004 0.6752291671874999 0.337578125 0.6937291671875 0.34278125 0.8085416671875001 0.3745625 0.8647916671875 0.375140625 0.8285625 0.386125 0.8201041671875 0.4 0.8416666671874999 0.39042187500000003 0.8956875 0.402375 0.9664999999999999 0.42493749999999997 0.9983541671875 0.67071875 1 0.9995625 1
8 0.23453125 0.46460416718750003 0.26221875 0.46460416718750003 0.262578125 0.43949999999999995 0.2640625 0.41539583281250003 0.24671875000000001 0.3681458328125 0.212390625 0.3725625 0.21423437500000003 0.3775 0.22531249999999997 0.4114583328125 0.22567187500000002 0.4286666671875 0.228625 0.4690208328125 0.23453125 0.46460416718750003
8 0.411546875 0.4770416671875 0.413296875 0.48285416718749996 0.422875 0.47064583281249994 0.44075 0.475875 0.435953125 0.4787916671875 0.438578125 0.4869166671875 0.463859375 0.475875 0.48128125 0.398 0.413296875 0.42416666718749996 0.41590625000000003 0.4247291671875 0.41678125 0.4613541671875 0.411546875 0.4770416671875
8 0.337375 0.41702083281249996 0.3336875 0.41060416718750004 0.334796875 0.45835416718750005 0.33959375 0.45983333281250005 0.40639062499999995 0.4396458328125 0.40307812500000006 0.41060416718750004 0.337375 0.41702083281249996
8 0.262984375 0.42077083281250005 0.290265625 0.42077083281250005 0.303890625 0.45975 0.3350625 0.4389583328125 0.3350625 0.4051875 0.3 0.3688333328125 0.25325000000000003 0.3792291671875 0.262984375 0.42077083281250005
13 0.23332812500000003 0.5061666671875 0.25740625 0.4444375 0.2648125 0.4321041671875 0.331484375 0.4888958328125 0.353703125 0.5678958328125 0.383328125 0.5605 0.47037500000000004 0.5234583328125 0.4944375 0.49877083281249995 0.5351874999999999 0.4716041671875 0.5333281249999999 0.4345625 0.52778125 0.3629583328125 0.5648125 0.370375 0.5759218749999999 0.409875 0.5814843749999999 0.45679166718750003 0.609265625 0.4345625 0.601859375 0.3481458328125 0.616671875 0.2246875 0.5703750000000001 0.1827083328125 0.4944375 0.1605 0.111109375 0.2543125 0.133328125 0.429625 0.1351875 0.5358125 0.140734375 0.5555625 0.170375 0.61975 0.183328125 0.6518541671875 0.2055625 0.6864166671875 0.21667187499999999 0.7086458328125 0.23889062499999997 0.6790208328125 0.25740625 0.6666666671875 0.23889062499999997 0.6123541671875 0.23332812500000003 0.5061666671875
13 0.618515625 0.4172916671875 0.648140625 0.4172916671875 0.670375 0.4518541671875 0.616671875 0.4691458328125 0.609265625 0.49877083281249995 0.6740781250000001 0.47902083281249996 0.7055625 0.47902083281249996 0.733328125 0.4691458328125 0.7444375 0.4962916671875 0.76296875 0.5111041671875001 0.801859375 0.49135416718749997 0.801859375 0.45925000000000005 0.79259375 0.4444375 0.8907343750000001 0.3753125 0.9 0.3950625 0.909265625 0.41235416718750006 0.9222187500000001 0.3950625 0.9185156250000001 0.37283333281250003 0.9203749999999999 0.3481458328125 0.95 0.32345833281249997 0.953703125 0.0913541671875 0.801859375 0.08641666718749999 0.603703125 0.1530833328125 0.620375 0.23704166718750003 0.618515625 0.4172916671875