8 0.389453125 0.6942622953125 0.394046875 0.690819671875 0.400953125 0.6847775171875 0.3975 0.6184543328125 0.393484375 0.6150117093749999 0.377390625 0.6089929749999999 0.367609375 0.6081264640625 0.360140625 0.6081264640625 0.36475 0.597775175 0.37106249999999996 0.5865807968750001 0.371640625 0.5710772828125 0.37048437500000003 0.5633255265625 0.36589062499999997 0.5667681499999999 0.35726562500000003 0.584004684375 0.350375 0.5986416859375 0.345203125 0.6150117093749999 0.34118750000000003 0.6262060890625001 0.34003125 0.6288056203125 0.34175 0.6925292734374999 0.35209375 0.6968384078125001 0.350375 0.6959718968749999 0.356703125 0.6959718968749999 0.367046875 0.698571428125 0.3796875 0.6968384078125001 0.389453125 0.6942622953125
8 0.45525000000000004 1 0.45682812500000003 0.9955503515625 0.5321875 0.8755503515624999 0.543171875 0.6002576109375 0.310828125 0.5626229515625 0.0062812499999999995 0.72967213125 0.0015625 1 0.45525000000000004 1
9 0.6700781250000001 0.1898829046875 0.67125 0.23170960156249998 0.67821875 0.2613583140625 0.653796875 0.2787822015625 0.610765625 0.345011709375 0.6084375 0.39035128750000003 0.61309375 0.41648711875 0.620078125 0.43740046875000005 0.637515625 0.426955503125 0.60728125 0.7738173296874999 0.621234375 0.8069320843750001 0.6351875 0.79648711875 0.6770625 0.5855737703125 0.68984375 0.599508196875 0.7038125 0.7581264640625001 0.711953125 0.8034660421875 0.732875 0.81391100625 0.74334375 0.789508196875 0.735203125 0.474004684375 0.741015625 0.4426463703125 0.75846875 0.444379390625 0.778234375 0.426955503125 0.77590625 0.407775175 0.772421875 0.3694145203125 0.757296875 0.31887587812499996 0.74334375 0.2962060890625 0.7224062499999999 0.2613583140625 0.739859375 0.22997658125 0.739859375 0.20730679218749998 0.736375 0.184660421875 0.728234375 0.1707025765625 0.697984375 0.16548009375 0.69334375 0.16374707187499998 0.68984375 0.1707025765625 0.6700781250000001 0.1898829046875
8 0.22145312499999997 0.5917330203125 0.216640625 0.58487119375 0.21423437500000003 0.5841451984375 0.21182812499999998 0.5841451984375 0.21278125 0.5928103046875 0.21278125 0.5935363 0.240453125 0.6494145203125 0.24670312499999997 0.6515690859375 0.23707812499999997 0.6313817328125 0.22145312499999997 0.5917330203125
8 0.08359375 0.9012412171875 0.1085625 0.8941217796875 0.132328125 0.8905386421875001 0.150953125 0.8691803281249999 0.154515625 0.8418501171875 0.15531250000000002 0.816323184375 0.151734375 0.8097892265625 0.138671875 0.8056206093749999 0.12998437499999999 0.8110538640625 0.09734374999999999 0.8095784546875 0.062734375 0.8258782203124999 0.048875 0.8436768156250001 0.058765625 0.8940749421874999 0.05903125 0.8935128812500001 0.068140625 0.898852459375 0.08359375 0.9012412171875
8 0.18651562500000002 0.67679156875 0.170109375 0.6729742390625 0.147140625 0.676252928125 0.12051562499999999 0.6828103046875 0.100828125 0.69810304375 0.093171875 0.7112177984375 0.09426562499999999 0.7139578453125 0.11796875 0.727611240625 0.13218749999999999 0.7407259953125 0.132921875 0.7664168625000001 0.14932812499999998 0.76969555 0.17120312499999998 0.7631381734375 0.18796875 0.751100703125 0.20910937500000001 0.7123185015625 0.21203124999999998 0.6953864171874999 0.210203125 0.68936768125 0.204734375 0.68391100625 0.18651562500000002 0.67679156875
8 0.213390625 0.384847775 0.0034375000000000005 0.44365339531250003 0.002125 0.5387587828125 0.00278125 0.6152224828125 0.303 0.4799297421875 0.260484375 0.4544496484375 0.222546875 0.42894613593750003 0.213390625 0.384847775
9 0.060953125 0.6941451984375 0.075140625 0.6814051515624999 0.06804687499999999 0.6718266984375 0.09712499999999999 0.68351288125 0.095703125 0.6718266984375 0.058828124999999995 0.653747071875 0.028328125 0.638875878125 0 0.61548009375 0.000671875 0.70159250625 0.003515625 0.70159250625 0.014140625 0.6739578453124999 0.05103124999999999 0.7005386421875001 0.060953125 0.6941451984375
8 0.2055625 0.6840983609375 0.2094375 0.6899297421874999 0.210984375 0.699227165625 0.20982812499999998 0.705035128125 0.20750000000000002 0.7137470718750001 0.20750000000000002 0.71840749375 0.210984375 0.717236534375 0.21875 0.714332553125 0.224953125 0.7090866515625 0.22534375 0.7061826703125 0.22223437499999998 0.7015456671875 0.21951562500000002 0.69224824375 0.21642187499999999 0.6550585484375 0.21370312500000002 0.6416861828125 0.205171875 0.638196721875 0.199359375 0.6399297421875 0.1978125 0.6416861828125 0.191984375 0.648079625 0.190828125 0.6538875875 0.18928125 0.65679156875 0.186953125 0.6591100703125 0.18656250000000002 0.6631850109374999 0.18656250000000002 0.6724824359375 0.188890625 0.6782903984375 0.190828125 0.67770491875 0.197421875 0.678875878125 0.2055625 0.6840983609375
8 0.270734375 0.6959718968749999 0.27134375 0.68871194375 0.2683125 0.637868853125 0.26770312500000004 0.6337704921875 0.265890625 0.6292271656249999 0.26225 0.6278688531250001 0.25801562499999997 0.6274238875 0.250734375 0.6287822015625 0.24104687500000002 0.6306089 0.231046875 0.6319672125 0.224078125 0.6414988296875 0.22196875 0.652388759375 0.221046875 0.661920375 0.221046875 0.6732786890625 0.224078125 0.6805386421875 0.228328125 0.6914285718750001 0.230140625 0.7023419203125 0.24346874999999998 0.7114051515625001 0.265890625 0.7041451984375 0.270734375 0.6959718968749999
8 0.28259375000000003 0.41653395781249997 0.284375 0.4063700234375 0.284375 0.3999531609375 0.27723437500000003 0.402084309375 0.27475 0.40262295156250005 0.274390625 0.40103044531250004 0.2783125 0.395667446875 0.26582812499999997 0.395667446875 0.249765625 0.3978220140625 0.24476562500000001 0.40103044531250004 0.243703125 0.40744730625000003 0.247984375 0.422412178125 0.251546875 0.425620609375 0.252625 0.42936768125 0.253328125 0.43257611249999994 0.2536875 0.43578454375 0.26475 0.43578454375 0.27653125 0.43365339531249997 0.279390625 0.42990632343749996 0.279734375 0.42829039843750005 0.28259375000000003 0.41653395781249997
8 0.27353125 0.2673302109375 0.24562499999999998 0.268524590625 0.25021875 0.30437939062499997 0.267953125 0.3019906328125 0.27154687499999997 0.2757142859375 0.2729375 0.2733255265625 0.27353125 0.2673302109375
8 0.160453125 0.7210772828125 0.16412500000000002 0.7197423890625 0.16875 0.7193911 0.171140625 0.7177283375 0.16978125 0.7138875875 0.16603125000000002 0.7137704921875 0.1633125 0.7138875875 0.158296875 0.7150819671875001 0.1555 0.71615925 0.154296875 0.7189227171875 0.154296875 0.7243091328125 0.156609375 0.7268149890625 0.1586875 0.7256206093750001 0.15925 0.7233489468750001 0.160453125 0.7210772828125
8 0.2666875 0.6438875875 0.273203125 0.6003747078125 0.26378124999999997 0.6003747078125 0.259421875 0.6438875875 0.2666875 0.6438875875
8 0.16468750000000001 0.7088056203125 0.172453125 0.703419203125 0.17134375 0.6959250578125 0.16468750000000001 0.7013348953125 0.16190625 0.704660421875 0.152484375 0.7025761125 0.15525 0.69093676875 0.14859375 0.6884543328125 0.13584374999999999 0.69676815 0.13640625 0.7038173296875 0.135015625 0.701756440625 0.143328125 0.7146370015625 0.1494375 0.7146370015625 0.15359375 0.7129742390625 0.16468750000000001 0.7088056203125
8 0.11492187499999999 0.696627634375 0.10959375 0.7018501171875 0.11070312499999999 0.7043091328125 0.11290625000000001 0.7043091328125 0.11674999999999999 0.7026697890625 0.12409375 0.700187353125 0.12371875000000002 0.696627634375 0.12096875 0.6935831375 0.11492187499999999 0.696627634375
8 0.045453125 0.6389695546875 0.066484375 0.657892271875 0.092796875 0.673676815625 0.0906875 0.6862763468749999 0.06543750000000001 0.672084309375 0.04965625 0.6973302109375 0.01178125 0.6815456671875 0 0.7257142859375 0.07175000000000001 0.7130913343749999 0.237984375 0.6121779859375 0.29900000000000004 0.572740046875 0.29900000000000004 0.49391100625 0.007578125 0.6232084312499999 0.026515624999999998 0.63740046875 0.045453125 0.6389695546875
8 0.163328125 0.7006089 0.162453125 0.6976346609374999 0.16059375 0.6958548015625 0.15865625 0.6957611234375001 0.1546875 0.6974473062500001 0.15231250000000002 0.69967213125 0.151078125 0.7031147546875001 0.151640625 0.704707259375 0.1529375 0.706955503125 0.15517187500000001 0.7071428578125001 0.1534375 0.7062997656250001 0.156984375 0.70676815 0.15996875 0.7044262296875 0.162578125 0.7022014046875 0.163328125 0.7006089
8 0.951875 0.493091334375 0.791453125 0.4763466046875 0.776953125 0.521615925 0.96759375 0.543348946875 0.951875 0.493091334375