8 0.272609375 1 0.27404687499999997 0.8860187359375 0.238171875 0.7333255265624999 0.238171875 0.73548009375 0.160703125 0.6537704921875 0.14921875 0.6688056203125 0.156390625 0.6924824359375 0.167875 0.71613583125 0.1664375 0.73548009375 0.167875 0.7720374703124999 0.190828125 0.7978454328125 0.17934375 0.8795784546875 0.172171875 0.9354800937500001 0.16499999999999998 0.9827868859375 0.173609375 0.9806557375 0.18939062499999998 0.9161358312500001 0.223828125 0.9419437937499999 0.21521875000000001 0.98709601875 0.210921875 1 0.22814062499999999 0.9978454328125 0.22956249999999997 0.9440749421874999 0.25109375 0.9720374703125 0.24965625 1 0.272609375 1
8 0.13274999999999998 0.6261826703125 0.120875 0.62421545625 0.11954687500000001 0.6103512875 0.120875 0.6063934421875 0.114265625 0.5114051515625 0.142 0.5173536296875 0.21065625 0.5094379390625 0.23309375000000002 0.4955737703125 0.23309375000000002 0.4797423890625 0.2370625 0.41840749375 0.234421875 0.4065339578125 0.2265 0.4065339578125 0.155203125 0.41641686250000004 0.142 0.41641686250000004 0.13671875 0.43028102968750004 0.139359375 0.497564403125 0.134078125 0.50744730625 0.108984375 0.4955737703125 0.1103125 0.5411007031249999 0.11295312500000002 0.5588992968750001 0.11559375000000001 0.6202576109375 0.118234375 0.632131146875 0.134078125 0.632131146875 0.13274999999999998 0.6261826703125
8 0.8790625000000001 0.364051521875 0.8790625000000001 0.3787031609375 0.8830781249999999 0.3873067921875 0.8807812500000001 0.38903981249999997 0.8807812500000001 0.39161592500000003 0.8790625000000001 0.3916217796875 0.8790625000000001 0.46913348906249996 0.885953125 0.47000000000000003 0.894578125 0.46569086718749997 0.8985937500000001 0.451920375 0.8999812500000001 0.3995363 0.894578125 0.3881733015625 0.900328125 0.38644028124999996 0.89975 0.3631850109375 0.8939999999999999 0.35285714218750003 0.8813593750000001 0.358875878125 0.8767517359375001 0.3537158484375 0.85261631875 0.345964090625 0.8508906250000001 0.3218501171875 0.84859375 0.3218501171875 0.8520468749999999 0.3425292734375 0.8445711812500001 0.3433801703125 0.8441927078125 0.341373928125 0.8284809031249999 0.338212334375 0.835375 0.3218501171875 0.8204375 0.3192740046875 0.810671875 0.31236533906249997 0.8095156250000001 0.3218501171875 0.8118124999999999 0.33391100625000003 0.828484375 0.33906323125000004 0.8790625000000001 0.364051521875
8 1 0.6635363 0.9387656249999999 0.64 0.86184375 0.6164637 0.80846875 0.5858782203125 0.764515625 0.5811709609375 0.7613749999999999 0.5670491796875 0.68603125 0.5388290390625 0.6797500000000001 0.6094145203125 0.68759375 0.6094145203125 0.6970156249999999 0.6258782203125001 0.693875 0.6635363 0.770796875 0.6776580796875 0.78178125 0.7223419203125 0.863421875 0.7623419203124999 0.8602812500000001 0.9788290390625001 0.875984375 0.9858782203124999 0.883828125 0.795292740625 1 0.7623419203124999 1 0.7341217796875 1 0.6635363
9 0.2801875 0.23194379375000002 0.26459375 0.24576112343749998 0.26459375 0.27128805625 0.26671875 0.29255269375 0.24401562499999999 0.29255269375 0.24046875 0.3159250578125 0.23479687500000002 0.3371896953125 0.22912499999999997 0.3552693203125 0.24543750000000003 0.3605854796875 0.270265625 0.3531381734375 0.27096875 0.3499531609375 0.28090625 0.327611240625 0.28515625 0.2776580796875 0.28445312500000003 0.26489461406250003 0.295796875 0.26489461406250003 0.29934375 0.25107728281249997 0.29367187499999997 0.240444965625 0.287984375 0.22983606562499997 0.2801875 0.23194379375000002
9 0.5847187500000001 0.768548009375 0.60721875 0.7528103046875 0.6057187500000001 0.7370726000000001 0.583234375 0.7146135828125 0.569734375 0.7011241218750001 0.54425 0.694379390625 0.53075 0.705620609375 0.5277499999999999 0.7168618265625 0.51725 0.7213583140625001 0.48278125000000005 0.7236065578125 0.449796875 0.72583138125 0.427296875 0.728079625 0.4033125 0.728079625 0.40031249999999996 0.692131146875 0.424296875 0.67416861875 0.446796875 0.6808899296875001 0.45728125000000003 0.6876346609375 0.47828125000000005 0.692131146875 0.48726562500000004 0.6898829046875 0.49926562499999994 0.6831381734375 0.490265625 0.671920375 0.48426562500000003 0.6674238875 0.493265625 0.6584309140625 0.5022656249999999 0.6584309140625 0.508265625 0.6494379390625 0.493265625 0.638196721875 0.47528125 0.635948478125 0.46028125 0.6471896953125 0.431796875 0.6471896953125 0.3958125 0.6449414515624999 0.38082812499999996 0.640444965625 0.376328125 0.633700234375 0.358328125 0.5797658078125 0.355328125 0.5415690859375 0.355328125 0.5101170953125 0.34934375 0.501124121875 0.362828125 0.4876346609375 0.367328125 0.4629274 0.38082812499999996 0.44044496562499996 0.377828125 0.391007025 0.376328125 0.37079625312500003 0.376328125 0.3438173296875 0.350828125 0.296627634375 0.314859375 0.2763934421875 0.289359375 0.29437939062499996 0.268375 0.3168618265625 0.254875 0.3483138171875 0.250375 0.373044496875 0.250375 0.3842622953125 0.25187499999999996 0.40224824375 0.25787499999999997 0.4224824359375 0.268375 0.4426932078125 0.274375 0.4516861828125 0.274375 0.4629274 0.26237499999999997 0.471920375 0.238390625 0.49662763437499996 0.224890625 0.5325761124999999 0.22189062499999998 0.561803278125 0.218890625 0.59325526875 0.20990625000000002 0.638196721875 0.20990625000000002 0.6494379390625 0.20990625000000002 0.6763934421875 0.20390625 0.7011241218750001 0.20840625 0.7168618265625 0.24139062500000003 0.7348243562500001 0.244390625 0.7528103046875 0.254875 0.7797658078125 0.260875 0.80674473125 0.265375 0.8224824359375 0.274375 0.8539344265625 0.281875 0.8831381734375 0.278875 0.9258313812500001 0.278875 0.9415690859374999 0.278875 0.964051521875 0.29235937500000003 1 0.356828125 0.9977517562499999 0.3958125 0.9887587828125 0.439296875 0.964051521875 0.45878125000000003 0.9505620609375001 0.46928125 0.907868853125 0.46928125 0.8449414515625 0.46928125 0.8404449656249999 0.45728125000000003 0.833700234375 0.43029687499999997 0.8247306796875 0.424296875 0.8157377046875001 0.449796875 0.8 0.48726562500000004 0.7865105390625 0.49176562500000004 0.7842622953125 0.488765625 0.7865105390625 0.51725 0.773044496875 0.553234375 0.7550585484375001 0.565234375 0.7528103046875 0.5847187500000001 0.768548009375
9 0.8850468749999999 0.35611241250000003 0.9004843749999999 0.3607494140625 0.8943125000000001 0.46559718906249997 0.91078125 0.4702341921875 0.9108750000000001 0.4502341921875 0.91915625 0.40648711875 0.9318125 0.371475409375 0.928890625 0.3583372359375 0.9065 0.357611240625 0.920125 0.351779859375 0.9215937500000001 0.35030445 0.9284062499999999 0.3430210765625 0.9361875 0.3298829046875 0.941046875 0.32259953124999996 0.9425156250000001 0.3160187359375 0.93959375 0.312388759375 0.9337500000000001 0.31384075 0.928890625 0.3145667453125 0.920125 0.321124121875 0.910390625 0.32770491874999996 0.910390625 0.3255035125 0.9040625 0.3087353625 0.9021250000000001 0.298524590625 0.901140625 0.2853864171875 0.901140625 0.276627634375 0.9006562499999999 0.270796253125 0.901140625 0.26351288125 0.901140625 0.251100703125 0.9026093749999999 0.241615925 0.9001718750000001 0.22264637031249998 0.8904375 0.22264637031249998 0.87778125 0.23578454375 0.876328125 0.2467213109375 0.874859375 0.25255269375 0.8724375 0.25620608906250003 0.8675625 0.259859484375 0.8583125 0.26641686249999996 0.853453125 0.276627634375 0.8485781250000001 0.2970491796875 0.8456718750000001 0.3094613578125 0.8456718750000001 0.3131147546875 0.850046875 0.318220140625 0.8515 0.3430210765625 0.849046875 0.34840749375 0.8696249999999999 0.35302107656250004 0.8850468749999999 0.35611241250000003
8 0.09403125 0.46107728281249993 0.11492187499999999 0.452107728125 0.20746875 0.41632318437500004 0.262703125 0.4118501171875 0.2641875 0.36487119375 0.185078125 0.36934426249999996 0.11940625 0.3917096015625 0.04328125 0.3961826703125 0 0.40290398125 0.014921875000000001 0.456580796875 0.03134375 0.6556908671875 0.10149999999999999 0.6713583140625 0.09403125 0.46107728281249993
8 0.636296875 0.741428571875 0.642875 0.7508899296875 0.647609375 0.7579859484375 0.650765625 0.76194379375 0.651296875 0.76744730625 0.651546875 0.7725761125 0.657875 0.7773302109375 0.6681250000000001 0.7773302109375 0.67496875 0.776932084375 0.6781406249999999 0.77613583125 0.6805 0.7749414515625 0.681546875 0.7702107734375 0.690234375 0.6988290390625 0.68996875 0.69093676875 0.683140625 0.685011709375 0.67734375 0.6822482437499999 0.66971875 0.6822482437499999 0.65865625 0.6826463703125001 0.65471875 0.6834426234375 0.649703125 0.685011709375 0.64365625 0.6881733015625 0.64496875 0.70159250625 0.645765625 0.7039578453125 0.6341875 0.709484778125 0.632609375 0.7205152218750001 0.632609375 0.7347306796875 0.636296875 0.741428571875
8 0.512765625 0.4589461359375 0.531328125 0.4744028109375 0.531328125 0.386299765625 0.557109375 0.3878454328125 0.557109375 0.36620608906249996 0.547828125 0.36002341875 0.5251406249999999 0.341475409375 0.495234375 0.33220140468750003 0.483890625 0.3368384078125 0.46429687499999994 0.3461124125 0.46429687499999994 0.3692974234375 0.507609375 0.38320843125000004 0.512765625 0.4589461359375
8 0.490765625 0.6429274 0.5018125 0.6445901640625 0.516734375 0.646252928125 0.532765625 0.630515221875 0.546015625 0.6089695546875 0.5603906249999999 0.4955035125 0.46203125 0.47810304375 0.449875 0.59159250625 0.39460937500000004 0.630515221875 0.396828125 0.640444965625 0.4006875 0.6429274 0.41007812499999996 0.646252928125 0.46092187500000004 0.646252928125 0.47307812499999996 0.6379625296875 0.485234375 0.6421077281249999 0.490765625 0.6429274
8 0.508734375 0.6549414515625 0.5056093749999999 0.6634660421875 0.49793750000000003 0.65836065625 0.4791875 0.6647306796875 0.47181249999999997 0.6711241218749999 0.4729375 0.674964871875 0.49651562499999996 0.6800702578125 0.49567187500000004 0.6873067921875 0.49935937499999994 0.693700234375 0.513 0.7064637 0.5215156249999999 0.7107259953125 0.53175 0.7154098359375001 0.553625 0.6945433249999999 0.574640625 0.7022014046875 0.5860000000000001 0.71583138125 0.59140625 0.72391100625 0.6146874999999999 0.712412178125 0.613265625 0.70391100625 0.614125 0.6975175640625 0.5862812500000001 0.6800702578125 0.5760625 0.6800702578125 0.5058906249999999 0.639203746875 0.497375 0.6430210765625 0.4968125 0.6430210765625 0.5022031250000001 0.651124121875 0.508734375 0.6549414515625
8 0.8133125 0.585316159375 0.8977812500000001 0.6193442625000001 0.9023125000000001 0.5948477750000001 0.9005000000000001 0.5744262296875 0.864171875 0.560819671875 0.819671875 0.5472131140625 0.8124062500000001 0.55128805625 0.8124062500000001 0.554004684375 0.8133125 0.585316159375
8 0.7441875 0.40871194375000003 0.754078125 0.42224824375000003 0.7601093750000001 0.43580796250000003 0.765703125 0.44355971875 0.772171875 0.45580796250000005 0.774328125 0.46098360625 0.77690625 0.49323185 0.761828125 0.557775175 0.8061875000000001 0.55002341875 0.804453125 0.461615925 0.789828125 0.45451990625 0.789390625 0.44548009375 0.7949843750000001 0.42613583125 0.804890625 0.40030445 0.799296875 0.3712646375 0.80015625 0.35836065625 0.804453125 0.3428805625 0.80015625 0.325456675 0.770875 0.30416861875 0.7441875 0.28351288124999996 0.730828125 0.2751053859375 0.719640625 0.2873770484375 0.7205 0.31255269375 0.725671875 0.34932084375 0.732125 0.36030445 0.72996875 0.3744964875 0.72265625 0.39709601875 0.726953125 0.40548009374999994 0.7364375 0.40482435624999996 0.7441875 0.40871194375000003
8 0.57684375 0.758243559375 0.56946875 0.7552693203125 0.565203125 0.754847775 0.5598124999999999 0.7556908671875 0.5529843750000001 0.7599531609375 0.546171875 0.7646370015625 0.585375 0.763348946875 0.583375 0.7612412171875 0.5822499999999999 0.760796253125 0.57684375 0.758243559375
8 0.6756875 0.6844262296875 0.68025 0.6844262296875 0.68434375 0.6844262296875 0.686265625 0.6815456671875 0.6881875 0.6772131140625001 0.69203125 0.6660421546874999 0.6944375 0.661007025 0.69684375 0.6599063234375 0.6992499999999999 0.655948478125 0.701171875 0.6480093671875 0.702625 0.6397189703125 0.70575 0.6386416859375 0.704296875 0.63323185 0.6975625 0.6289227171875 0.6934843749999999 0.6292740046875 0.692515625 0.625316159375 0.687703125 0.619180328125 0.683140625 0.616651053125 0.679765625 0.6181030437499999 0.67784375 0.6227868859375 0.6776093750000001 0.6303512875 0.677359375 0.6382903984375 0.6788125 0.644051521875 0.678328125 0.6631615921875 0.6754374999999999 0.6736065578125 0.674953125 0.6786651046875 0.6756875 0.6844262296875
9 0.51759375 0.3515222484375 0.518515625 0.3494379390625 0.520359375 0.3425058546875 0.5249843750000001 0.3445901640625 0.5270625 0.327611240625 0.52753125 0.3074941453125 0.527765625 0.23437939062500002 0.549734375 0.234707259375 0.549734375 0.22812646406249998 0.54071875 0.22189695625 0.535625 0.222224825 0.5335468750000001 0.2236299765625 0.52590625 0.22569086718750003 0.5215156249999999 0.2305620609375 0.520125 0.234028103125 0.520125 0.23644028125 0.5215156249999999 0.243044496875 0.526140625 0.25967213125 0.5249843750000001 0.270772834375 0.5247499999999999 0.27456674531249997 0.5224375 0.2770023421875 0.520359375 0.2770023421875 0.518046875 0.276299765625 0.5152812499999999 0.2735363 0.5120312499999999 0.2728337234375 0.510875 0.27943793906250003 0.507640625 0.28323185 0.50278125 0.28810304375 0.498859375 0.29953161562499997 0.49607812500000004 0.30922716562499997 0.49260937499999996 0.32276346562499997 0.48775 0.3303747078125 0.48637499999999995 0.34215456718750004 0.48845312500000004 0.346323184375 0.491 0.3473536296875 0.49678125 0.3473536296875 0.503015625 0.346323184375 0.5071875 0.3494379390625 0.51134375 0.3515222484375 0.5134218749999999 0.3518735359375 0.51759375 0.3515222484375
9 0.0187604171875 0.3358469953125 0.0115 0.34355971875 0.0115 0.3844028109375 0.019671875 0.3816861828125 0.04146875 0.3816861828125 0.054171875 0.37079625312500003 0.039640625 0.346299765625 0.038734375 0.3381264640625 0.0260208328125 0.32813426875 0.03328125 0.3204215453125 0.039640625 0.31770491875 0.036921875 0.3136299765625 0.035401042187499995 0.30772053125 0.052359375 0.268688525 0.050546875000000005 0.2550819671875 0.04509375 0.25644028125 0.0375208328125 0.295019515625 0.028749999999999998 0.32179156875000003 0.020578125 0.3299531609375 0.0187604171875 0.3358469953125
8 0.1905 0.3654098359375 0.18326562500000002 0.36 0.179984375 0.3437704921875 0.17703125 0.337868853125 0.171453125 0.3368852453125 0.164234375 0.331451990625 0.16653125 0.3427868859375 0.162265625 0.350163934375 0.165546875 0.35901639375 0.159953125 0.3634426234375 0.161921875 0.39002341875 0.168171875 0.3914988296875 0.19115625 0.3846135828125 0.1905 0.3654098359375
8 0.3726875 0.2629742390625 0.37340625 0.2771194375 0.375265625 0.2773302109375 0.37482812499999996 0.265339578125 0.3746875 0.25482435625 0.375265625 0.2479859484375 0.37482812499999996 0.24325526874999998 0.37482812499999996 0.24283372343749998 0.3726875 0.23576112343750003 0.369828125 0.232763465625 0.368109375 0.22613583125 0.364109375 0.22185011718749997 0.361109375 0.22206089062499998 0.3586875 0.23042154531249998 0.35753124999999997 0.23234192031249998 0.35796875 0.237915690625 0.360109375 0.238548009375 0.36096875 0.2501170953125 0.356109375 0.25119437968749997 0.35596875 0.258899296875 0.35625 0.263395784375 0.370546875 0.26234192031250003 0.3726875 0.2629742390625
8 0.69325 0.42838407500000003 0.582046875 0.410163934375 0.543828125 0.608079625 0.6671875 0.6731850109375 0.69325 0.42838407500000003
8 0.37629687500000003 0.32613583125 0.372515625 0.2605620609375 0.285015625 0.2673302109375 0.28653125 0.31482435625 0.303125 0.293348946875 0.3355625 0.2865573765625 0.37629687500000003 0.32613583125
8 0.10001562500000001 0.3963934421875 0.125234375 0.396955503125 0.12871875 0.39231850156250003 0.127171875 0.375456675 0.158578125 0.37255269375 0.155078125 0.25107728281249997 0.15353125 0.250515221875 0.051171875 0.2539812640625 0.05271875 0.2760655734375 0.054265625 0.276651053125 0.06085937500000001 0.280140515625 0.064734375 0.28245901562500003 0.06590625 0.2865339578125 0.06784375000000001 0.29351288124999997 0.06784375000000001 0.31093676875 0.051546875000000006 0.3086182671875 0.051937500000000004 0.37487119375 0.055437499999999994 0.3812646375 0.10001562500000001 0.376627634375 0.10001562500000001 0.3963934421875
8 0.943421875 0.3137939109375 0.944328125 0.300163934375 0.943875 0.2790398125 0.94728125 0.2780093671875 0.9675 0.27871194374999997 0.9686406249999999 0.2650819671875 0.9675 0.239180328125 0.965234375 0.2374941453125 0.9215937500000001 0.23681498906249998 0.916375 0.2385011703125 0.916828125 0.2613348953125 0.9143281249999999 0.3103747078125 0.916140625 0.3137939109375 0.943421875 0.3137939109375
8 0.5017968749999999 0.2926229515625 0.49859375000000006 0.2925058546875 0.4988125 0.300444965625 0.502984375 0.29374707187500004 0.5017968749999999 0.2926229515625