8 0.27978125 0.4310833328125 0.27303125 0.4378333328125 0.27134375 0.46929166718750004 0.28145312499999997 0.5142291671875 0.310109375 0.5636666671875 0.32021875 0.5793958328125 0.32190625 0.6131041671874999 0.335390625 0.6310833328125 0.3471875 0.6468125 0.36067187500000003 0.7142291671875001 0.42303125 0.9209791671875 0.42809375000000005 0.9232291671875 0.42809375000000005 0.8985 0.384265625 0.7456875000000001 0.385953125 0.7434375 0.43820312499999997 0.8445625 0.439890625 0.8400833328124999 0.42134375 0.7591666671875 0.384265625 0.6760208328124999 0.35225 0.5838958328125 0.35562499999999997 0.5704166671875 0.35562499999999997 0.5479375 0.32865625 0.4265833328125 0.3050625 0.44008333281249995 0.284828125 0.4310833328125 0.27978125 0.4310833328125
9 0.10112499999999999 0.2859583328125 0.09775 0.2589791671875 0.08932812500000001 0.22304166718750001 0.09775 0.2028125 0.1028125 0.1960625 0.09775 0.17135416718750002 0.084265625 0.17135416718750002 0.07921875 0.151125 0.10785937500000001 0.10618749999999999 0.0960625 0.0792083328125 0.08932812500000001 0.0679791671875 0.060671875 0.0747291671875 0.055625 0.09718750000000001 0.057296875000000004 0.1353958328125 0.062359374999999995 0.151125 0.033703125 0.16685416718749999 0.02021875 0.21179166718750003 0.016859375 0.2634791671875 0.032015625 0.344375 0.037078125 0.357875 0.064046875 0.3960625 0.07246875 0.4185416671875 0.07584375 0.4207916671875 0.065734375 0.3960625 0.07078124999999999 0.3331458328125 0.07921875 0.31066666718749997 0.091015625 0.2971875 0.10112499999999999 0.2859583328125
9 0.4061796875 0.6483229171875 0.42640625 0.7775208328125001 0.4343515625 0.77736011875 0.4306197921875 0.7866970484375 0.44156770781250004 0.8131041671875 0.40954687500000003 0.8179791671875 0.4175546875 0.8235989578125 0.4117375 0.8283166671875 0.4205 0.8696666671875001 0.411234375 0.8719166671874999 0.41527812500000005 0.8818041671874999 0.40870703124999996 0.8842760421875001 0.40112500000000006 0.9213541671875 0.42471875 0.9505625 0.45337500000000003 0.907875 0.47696875 1 0.52753125 0.9977499999999999 0.5233177078125 0.9885737859375 0.526688615625 0.98715625 0.5191041671875001 0.97939756875 0.5258459828125 0.9765625 0.515734375 0.8494375 0.5296328124999999 0.8190937500000001 0.5258385421875 0.8093541671875 0.534265625 0.8089791671875 0.5296953125 0.7754315484375 0.537640625 0.7752708328125 0.532578125 0.7056250000000001 0.5174218749999999 0.6898958328125 0.5511250000000001 0.6224791671875 0.52584375 0.5550625 0.49381250000000004 0.5325833328125 0.45168749999999996 0.5393333328125001 0.43820312499999997 0.5955 0.42809375000000005 0.6449374999999999 0.412921875 0.6561874999999999 0.377190625 0.6058458328125 0.364046875 0.5775208328125 0.3539375 0.5775208328125 0.35225 0.60675 0.381571875 0.6152875 0.385953125 0.6247291671874999 0.4061796875 0.6483229171875
9 0.14563125 0.7438416671875 0.14509375 0.7804583328125 0.1532232140625 0.7771904765625 0.1535260421875 0.7796527765625 0.161352678125 0.77392261875 0.1619583328125 0.7788472234375 0.1694821421875 0.7706547625 0.172421875 0.8006197921875 0.161359375 0.8117708328125 0.16926171875 0.81222265625 0.1646666671875 0.8226041671875001 0.1679739578125 0.8334374999999999 0.17546875 0.8344869796875001 0.17128125 0.8442708328125 0.176484375 0.8457760421874999 0.1748984375 0.8563124999999999 0.1775 0.8570651046875 0.178515625 0.8683541671875 0.21150000000000002 0.8630477937500001 0.22185937500000003 0.9984166671875 0.252578125 0.999625 0.258 0.9803541671874999 0.258 0.940625 0.253484375 0.8876250000000001 0.287796875 0.8695625 0.2841875 0.8599375 0.297734375 0.8418749999999999 0.287796875 0.819 0.20877343750000002 0.8144817703125 0.20831249999999998 0.8213958328125001 0.20087109375 0.8140299484375 0.20470312499999999 0.7732291671875 0.286 0.7756458328125 0.289609375 0.7672083328125 0.297734375 0.7587708328125 0.297734375 0.7455416671874999 0.29231250000000003 0.729875 0.280578125 0.7130208328125 0.26703125 0.6829166671875 0.249859375 0.6275208328125 0.243546875 0.6166875 0.241734375 0.60825 0.243546875 0.5925833328125 0.241734375 0.5420208328125 0.232703125 0.5107083328125 0.222765625 0.5095 0.166765625 0.5383958328125 0.16225 0.5468333328125 0.1640625 0.5733333328125 0.16315625 0.5829583328125 0.17128125 0.6022291671875 0.17128125 0.617875 0.168578125 0.6371458328124999 0.1640625 0.654 0.16225 0.6564166671875 0.16315625 0.6732708328125 0.1559375 0.670875 0.149609375 0.654 0.131546875 0.6612291671875 0.126125 0.6889375 0.126125 0.7033750000000001 0.120703125 0.729875 0.120703125 0.7467291671875 0.14563125 0.7438416671875
9 0.077703125 0.5281458328124999 0.08445312499999999 0.7128333328124999 0.1233125 0.7781458328124999 0.15371875 0.9786041671874999 0.21959374999999998 0.9876041671875001 0.21453125 0.8051875000000001 0.135140625 0.751125 0.133453125 0.6858125 0.145265625 0.6520208328125 0.15878125 0.6362708328125 0.15878125 0.62725 0.15371875 0.5551875 0.128375 0.5236458328125 0.138515625 0.4876041671875 0.179046875 0.4831041671875 0.207765625 0.4853541671875 0.23142187500000003 0.4786041671875 0.22465625 0.4538333328125 0.20607812499999997 0.4110416671875 0.1925625 0.3479791671875 0.1875 0.3051875 0.184125 0.27589583281249996 0.173984375 0.244375 0.15878125 0.2286041671875 0.14865625 0.2128333328125 0.1300625 0.1993333328125 0.111484375 0.1993333328125 0.09628125 0.20608333281250002 0.10304687500000001 0.2646458328125 0.10304687500000001 0.30293749999999997 0.12162500000000001 0.3232083328125 0.0675625 0.3502291671875 0.0641875 0.40427083281250004 0.077703125 0.5281458328124999
9 0.1995625 0.2431666671875 0.186296875 0.31804166718750004 0.21590625000000002 0.43645833281249996 0.24142187499999998 0.5086041671875 0.25060937499999997 0.5616875 0.265921875 0.5576041671875 0.26184375000000004 0.5344583328125 0.282265625 0.5154166671875 0.294515625 0.5086041671875 0.293484375 0.4527916671875 0.293484375 0.4214791671875 0.273078125 0.3727916671875 0.260828125 0.3346666671875 0.268984375 0.2924791671875 0.27715625 0.22985416718749999 0.275109375 0.209125 0.253671875 0.1696666671875 0.23325 0.1710208328125 0.21385937500000002 0.1873541671875 0.1995625 0.2431666671875
9 0.21170312500000002 0.1664583328125 0.20392187499999997 0.16793750000000002 0.176125 0.16793750000000002 0.165015625 0.1664583328125 0.148328125 0.1427291671875 0.123859375 0.12493749999999999 0.10718749999999999 0.12197916718749999 0.079390625 0.1427291671875 0.087171875 0.1797916671875 0.100515625 0.18425 0.10496875000000001 0.1931458328125 0.106078125 0.19908333281249999 0.12164062499999999 0.19908333281249999 0.1494375 0.2198333328125 0.166125 0.248 0.177234375 0.26579166718749997 0.18390625 0.280625 0.185015625 0.28210416718750003 0.18725 0.28210416718750003 0.1916875 0.2969166671875 0.193921875 0.2672708328125 0.2028125 0.22872916718749997 0.21059375 0.1901875 0.21170312500000002 0.1664583328125
9 0.29496875 0.16152083281250001 0.29790625 0.1732916671875 0.27534375 0.1994583328125 0.28025 0.22170833281250002 0.27534375 0.2570208328125 0.27140624999999996 0.2949583328125 0.27534375 0.304125 0.2959375 0.343375 0.313609375 0.3682291671875 0.323421875 0.3865416671875 0.33715625 0.3839375 0.3489375 0.3695416671875 0.3744375 0.3446875 0.373453125 0.32243750000000004 0.380328125 0.30804166718750003 0.393078125 0.26749999999999996 0.380328125 0.2661875 0.372484375 0.24787499999999998 0.368546875 0.208625 0.36659375 0.189 0.36953125 0.16412500000000002 0.385234375 0.14450000000000002 0.377390625 0.1366666671875 0.35971875 0.1418958328125 0.34990625 0.1366666671875 0.35678125 0.1261875 0.3489375 0.1105 0.34304687500000003 0.10264583281249999 0.34500000000000003 0.0974166671875 0.336171875 0.0777916671875 0.3155625 0.0647083328125 0.28907812499999996 0.0738541671875 0.26945312499999996 0.10264583281249999 0.267484375 0.10787500000000001 0.274359375 0.1340416671875 0.29496875 0.16152083281250001
9 0.47834374999999996 0.20329166718749997 0.480625 0.2177291671875 0.48690625 0.245875 0.493171875 0.25652083281250004 0.49887499999999996 0.2663958328125 0.508 0.2800833328125 0.50971875 0.2861666671875 0.519984375 0.2778125 0.531390625 0.2755208328125 0.553625 0.2762916671875 0.55534375 0.27325 0.553625 0.255 0.550203125 0.2222916671875 0.525109375 0.2055625 0.51484375 0.1941666671875 0.51484375 0.1835208328125 0.5194062500000001 0.17135416718750002 0.513140625 0.12420833281250002 0.508 0.1105208328125 0.49203125 0.1044375 0.4800625 0.11356250000000001 0.46693749999999995 0.12725 0.46409374999999997 0.15462499999999998 0.468078125 0.182 0.465234375 0.1903541671875 0.468078125 0.1903541671875 0.47378125000000004 0.1956875 0.47834374999999996 0.20329166718749997
9 0.4145625 0.2290833328125 0.41382812500000005 0.2515208328125 0.41603124999999996 0.26325 0.4145625 0.273 0.4145625 0.2837291671875 0.41823437500000005 0.2905625 0.41676562500000003 0.2954583328125 0.399921875 0.3100833328125 0.3896875 0.3354583328125 0.3743125 0.3852291671875 0.356734375 0.430125 0.335515625 0.460375 0.330390625 0.491625 0.33478125 0.5121041671875 0.342828125 0.5150416671875 0.381625 0.47404166718749996 0.415296875 0.4018333328125 0.42115625 0.4057291671875 0.418953125 0.42818750000000005 0.418953125 0.4721041671875 0.429203125 0.5452916671875 0.439453125 0.5862916671875 0.44018750000000006 0.5765208328125 0.45043749999999994 0.5384583328125 0.45921874999999995 0.531625 0.47459375000000004 0.5287083328125 0.491421875 0.5296875 0.5060625 0.5345625 0.511921875 0.5394375 0.5163125 0.5228541671875 0.51484375 0.5072291671875 0.508265625 0.5072291671875 0.5060625 0.4955208328125 0.508984375 0.4886875 0.514109375 0.4877083328125 0.51484375 0.501375 0.523625 0.4877083328125 0.51996875 0.4838125 0.5111875 0.4721041671875 0.503140625 0.4545208328125 0.49507812500000004 0.4418333328125 0.486296875 0.430125 0.4855625 0.41060416718750004 0.482640625 0.38914583281250004 0.47385937499999997 0.3588958328125 0.4855625 0.3159375 0.49874999999999997 0.2954583328125 0.511921875 0.2847083328125 0.5009375 0.26910416718749997 0.489953125 0.25445833281249997 0.458484375 0.1861458328125 0.44749999999999995 0.1841875 0.43432812500000006 0.187125 0.41823437500000005 0.20664583281249999 0.4145625 0.2290833328125
9 0.583140625 0.6966249999999999 0.6016874999999999 0.7662916671875 0.5984015625 0.7983135421875 0.6 0.8067500000000001 0.59730625 0.8089875 0.5990368296875 0.8178244046875 0.5962109375 0.8196614578125001 0.5980736609374999 0.8288988109375 0.595115625 0.8303354171875 0.597110490625 0.8399732140625 0.5940203125 0.841009375 0.596147321875 0.85104761875 0.5929249999999999 0.8516833328125 0.5951841515625 0.8621220234375 0.5918296875 0.8623572921875 0.590734375 0.87303125 0.5942209828125 0.8731964296875001 0.5932578125 0.8842708328125 0.5896390625000001 0.8837052078125 0.58854375 0.8943791671874999 0.5922946421875 0.8953452375 0.5874484375 0.905053125 0.5913314734374999 0.90641964375 0.586353125 0.9157270828125 0.590368303125 0.9174940484375 0.5852578125 0.9264010421875 0.589405134375 0.9285684515625 0.5841624999999999 0.9370749999999999 0.5884419640624999 0.9396428562500001 0.5830671875 0.9477489578125 0.5874787953125 0.9507172625000001 0.581971875 0.9584229171875001 0.586515625 0.9617916671875 0.5808765625000001 0.969096875 0.57978125 0.9797708328124999 0.682578125 0.9662916671874999 0.7061875 0.8067500000000001 0.7280885421875001 0.75355555625 0.7320208328125 0.7640416671875 0.77696875 0.7640416671875 0.782015625 0.7438125 0.783703125 0.694375 0.783703125 0.6494375 0.8022500000000001 0.6089791671875 0.8039375 0.5483125 0.8039375 0.4808958328125 0.808984375 0.41572916718749997 0.7938125 0.3505625 0.7449375 0.3123541671875 0.72978125 0.2786458328125 0.72978125 0.24943749999999998 0.7129218749999999 0.20224999999999999 0.6539375 0.19102083281249999 0.6438125 0.2112291671875 0.637078125 0.2404583328125 0.633703125 0.2786458328125 0.616859375 0.294375 0.6050625000000001 0.3258333328125 0.608421875 0.36404166718750003 0.6 0.3910208328125 0.57303125 0.4539375 0.567984375 0.49437499999999995 0.5646093750000001 0.5640416671875 0.5545 0.6247291671874999 0.5646093750000001 0.6763958328124999 0.583140625 0.6966249999999999
9 0.7265625 0.23108333281250001 0.730609375 0.2517916671875 0.7299375 0.2761041671875 0.738703125 0.3012916671875 0.773140625 0.3346041671875 0.775828125 0.3012916671875 0.7873125 0.27879166718750004 0.790015625 0.2130833328125 0.75490625 0.1662916671875 0.771109375 0.13118749999999998 0.7677343750000001 0.1077708328125 0.769078125 0.0852708328125 0.739375 0.0897708328125 0.727234375 0.11047916718749999 0.7224999999999999 0.13029166718750002 0.71440625 0.1662916671875 0.684703125 0.1752916671875 0.679296875 0.1941875 0.713734375 0.2004791671875 0.7164375 0.20768749999999997 0.7265625 0.23108333281250001
9 0.733140625 0.1146041671875 0.733140625 0.0696666671875 0.72303125 0.05841666718750001 0.701125 0.0471875 0.6893281250000001 0.05841666718750001 0.687640625 0.096625 0.687640625 0.10787500000000001 0.6893281250000001 0.1438125 0.69775 0.1640416671875 0.6758437500000001 0.1640416671875 0.664046875 0.1955 0.69775 0.1730416671875 0.72303125 0.1550625 0.733140625 0.1146041671875
8 0.836765625 0.6793333328125 0.862484375 0.7028749999999999 0.9062187500000001 0.7238541671875 0.9276249999999999 0.6769583328125 0.9291562499999999 0.66575 0.914640625 0.6382291671875 0.8733437500000001 0.5729791671875 0.8539218749999999 0.6134375000000001 0.83878125 0.663875 0.836765625 0.6793333328125
0 0.80684375 0.5128958328125 0.8075625000000001 0.51875 0.814890625 0.5353333328125001 0.8229218749999999 0.53825 0.8382968749999999 0.5372708328125 0.84634375 0.5304583328125 0.852921875 0.5148333328125 0.852921875 0.5041041671875 0.8492656249999999 0.47191666718749997 0.843421875 0.46020833281250006 0.839015625 0.444625 0.83025 0.4280416671875 0.8178124999999999 0.3958333328125 0.8112187499999999 0.3763333328125 0.809765625 0.36072916718750003 0.79878125 0.3363333328125 0.7826875 0.3314583328125 0.78196875 0.3431666671875 0.7892812499999999 0.36462500000000003 0.79953125 0.38997916718750003 0.8082968749999999 0.41925 0.8082968749999999 0.4309583328125 0.8134218750000001 0.45729166718750003 0.809765625 0.46606249999999994 0.8061093749999999 0.48656249999999995 0.80684375 0.5128958328125
9 0.372578125 0.22402083281250001 0.38046875 0.2575208328125 0.3869375 0.266125 0.39123437499999997 0.26995833281250003 0.38406250000000003 0.2852916671875 0.374734375 0.3187916671875 0.37615625 0.3465416671875 0.366828125 0.350375 0.338109375 0.383875 0.333078125 0.3848333328125 0.3251875 0.3848333328125 0.340984375 0.43079166718749995 0.341703125 0.4375 0.354625 0.4269583328125 0.37975 0.3580416671875 0.394109375 0.32547916718750003 0.395546875 0.3072916671875 0.41637500000000005 0.2967708328125 0.4149375 0.2852916671875 0.4149375 0.26968749999999997 0.4149375 0.23333333281250002 0.416890625 0.2151458328125 0.42467187500000003 0.1891875 0.46485937499999996 0.1741666671875 0.4380625 0.1455833328125 0.423328125 0.1366458328125 0.41662499999999997 0.1348541671875 0.39921875 0.1277083328125 0.380453125 0.1491458328125 0.369734375 0.1831041671875 0.36898437500000003 0.1847708328125 0.366109375 0.199125 0.372578125 0.22402083281250001
8 0.731796875 0.8008749999999999 0.726140625 0.7671666671875 0.7243906250000001 0.7386874999999999 0.726140625 0.6991666671875 0.72090625 0.6968541671875 0.71828125 0.7015 0.716984375 0.7125416671875 0.71 0.7044166671875 0.7043437499999999 0.7044166671875 0.70478125 0.7096458328125 0.7091406250000001 0.7212708328125 0.713921875 0.7386874999999999 0.715234375 0.7555416671875 0.71959375 0.7706666671875 0.7265625 0.8177291671875 0.7304999999999999 0.8130833328125 0.734421875 0.8130833328125 0.731796875 0.8008749999999999
9 0.8484375 0.15 0.8421875 0.15 0.828125 0.1583333328125 0.81875 0.1729166671875 0.8171875 0.1833333328125 0.8228794640625001 0.19464285625 0.8171875 0.20208333281250002 0.8171875 0.23333333281250002 0.821875 0.2541666671875 0.8265625 0.3 0.834375 0.3229166671875 0.878125 0.334375 0.8828125 0.3458333328125 0.8546875 0.3958333328125 0.85625 0.41041666718750003 0.834375 0.4 0.8376953125 0.41041666718750003 0.8359375 0.4145833328125 0.841015625 0.42083333281249996 0.8375 0.4270833328125 0.840625 0.4479166671875 0.84765625 0.44166666718750003 0.85078125 0.4447916671875 0.8509765625 0.45208333281249996 0.8609375 0.48333333281249996 0.8625 0.5125 0.8421875 0.51875 0.859765625 0.5673611109375 0.86875 0.56875 0.86328125 0.5770833328125 0.865625 0.58125 0.8625 0.5854166671875001 0.8509375 0.5825 0.8375 0.59375 0.83125 0.6145833328125 0.83125 0.6395833328125 0.8375 0.6479166671875001 0.8484375 0.65 0.853125 0.65625 0.8734375 0.65625 0.88125 0.6458333328125 0.884375 0.6354166671875 0.8769345234375001 0.6169642859375 0.8854166671874999 0.5875 0.9078125 0.5729166671875 0.9203125 0.5520833328125 0.91875 0.5270833328125 0.9140625 0.5020833328125 0.9108630953124999 0.49910714375 0.915625 0.4916666671875 0.9136904765624999 0.4892857140625 0.9171875 0.48333333281249996 0.9359375 0.4604166671875 0.9421875 0.4458333328125 0.9421875 0.4270833328125 0.9363095234375001 0.41071428593750003 0.9390625 0.40833333281249995 0.9375 0.40416666718750005 0.958928571875 0.33214285625 0.9625 0.3270833328125 0.965625 0.33125 0.978125 0.3291666671875 0.984375 0.32083333281250004 0.990625 0.30416666718749996 0.9984375 0.2645833328125 0.990625 0.25625 0.9796875 0.2520833328125 0.9859375 0.2375 0.9859375 0.2125 0.9796875 0.17916666718750002 0.9984375 0.175 0.9953125 0.1625 0.978125 0.1291666671875 0.95625 0.1 0.9296875 0.0875 0.9234375 0.08125 0.9171875 0.08125 0.8984375 0.0666666671875 0.8890625 0.0666666671875 0.871875 0.058333332812500006 0.846875 0.058333332812500006 0.8375 0.054166667187499996 0.825 0.0645833328125 0.821875 0.075 0.821875 0.09375 0.828125 0.11041666718750001 0.85 0.14375 0.8484375 0.15