8 0.715796875 0.760875 0.7185312500000001 0.7697916671875 0.722984375 0.7882916671875 0.725953125 0.8041458328125 0.725953125 0.8140625 0.72546875 0.8206666671875 0.7276875 0.8477291671874999 0.733140625 0.8543541671874999 0.7410625 0.8510416671875 0.747265625 0.842125 0.74553125 0.8246249999999999 0.743546875 0.81175 0.737359375 0.8028333328124999 0.73215625 0.81075 0.7299218749999999 0.8041458328125 0.723984375 0.7773958328125 0.7153125 0.7559375 0.713828125 0.7542708328125001 0.713328125 0.7556041671875 0.715796875 0.760875
8 0.39859374999999997 0.7791875 0.39518749999999997 0.7862291671875 0.3940625 0.7992916671875 0.40084375000000005 0.8033125 0.41065625 0.8048333328125 0.418953125 0.7852291671875 0.424609375 0.7731458328125 0.419703125 0.7691250000000001 0.4166875 0.7806875 0.408390625 0.7741666671874999 0.40084375000000005 0.7706458328125 0.39859374999999997 0.7791875
8 0.63003125 0.7686041671875 0.62340625 0.805 0.6019062500000001 0.7950833328125 0.601078125 0.8182291671874999 0.60065625 0.8347708328125 0.6143125 0.8436041671875 0.6325000000000001 0.8425 0.63209375 0.8105208328125 0.6358125 0.7509583328125 0.631671875 0.7520625 0.63003125 0.7686041671875
8 0.358234375 0.8390208328125001 0.34704687500000003 0.8531041671875 0.33896875 0.8696666671875001 0.346421875 0.890375 0.356984375 0.8912083328125 0.368796875 0.8887291671875 0.38679687500000004 0.8522708328125 0.38990625 0.837375 0.3843125 0.8282708328125 0.373140625 0.8249583328125001 0.3656875 0.8290833328125 0.358234375 0.8390208328125001
9 0.630015625 0.9337291671875001 0.6358125 0.96 0.64740625 0.9615416671875 0.64971875 0.9507291671875 0.641609375 0.9414583328124999 0.64509375 0.8657083328124999 0.653203125 0.8440833328125 0.659 0.8348125 0.66246875 0.8378958328125 0.6647968750000001 0.8208958328125 0.659 0.7977083328125001 0.652046875 0.7637083328125 0.64971875 0.7513541671875 0.639296875 0.7467083328124999 0.6369687500000001 0.743625 0.64740625 0.7219791671875 0.64740625 0.69725 0.6358125 0.6895208328125 0.618421875 0.69725 0.61378125 0.7049791671875 0.61146875 0.7219791671875 0.6103125 0.7358958328125 0.60103125 0.7544375 0.592921875 0.7838125 0.5917656250000001 0.8085416671875001 0.5917656250000001 0.8348125 0.599875 0.8487083328124999 0.6033593749999999 0.9028124999999999 0.6033593749999999 0.9491875000000001 0.606828125 0.9553541671874999 0.6103125 0.9522708328125 0.614953125 0.943 0.62190625 0.9368124999999999 0.6207499999999999 0.8873541671874999 0.6265468750000001 0.8873541671874999 0.630015625 0.9337291671875001
9 0.54734375 0.8642708328125 0.54734375 0.8494791671874999 0.550671875 0.8184166671875 0.550671875 0.7962291671874999 0.554 0.7725625 0.55621875 0.7370625000000001 0.54734375 0.7207916671875 0.53846875 0.7015625 0.52846875 0.6956458328124999 0.520703125 0.7015625 0.511828125 0.7148749999999999 0.520703125 0.7193125 0.5218125 0.7311458328125 0.5218125 0.7548125 0.51515625 0.7799583328125 0.51515625 0.79475 0.5195937500000001 0.8065833328125 0.5162656250000001 0.8169375000000001 0.5129374999999999 0.8332083328125 0.520703125 0.8465208328125 0.5218125 0.8701874999999999 0.527359375 0.8864791671875001 0.5251406249999999 0.9145833328125 0.514046875 0.9219791671875001 0.511828125 0.929375 0.541796875 0.9264166671874999 0.5429062499999999 0.9057083328125 0.54734375 0.885 0.54734375 0.8642708328125
9 0.40275 0.8983125 0.410125 0.8991875 0.41390625 0.8980833328125 0.4145625 0.8943749999999999 0.41259375 0.8945833328124999 0.40815625000000005 0.8934791671875001 0.40660937500000005 0.889 0.40443749999999995 0.8832291671875 0.40201562500000004 0.8698958328125 0.40390625 0.8587083328125 0.408234375 0.8428541671875 0.411203125 0.8305833328125001 0.416609375 0.8287916671875 0.418765625 0.8215833328125 0.42201562499999995 0.8295208328125 0.41606249999999995 0.84825 0.414453125 0.8583541671875 0.412546875 0.8742083328125 0.40984375 0.8810625 0.408765625 0.8846666671875001 0.4085 0.891875 0.41364062500000004 0.8915208328125 0.419046875 0.8926041671875 0.4225625 0.8972916671875 0.42579687499999996 0.8965624999999999 0.43093750000000003 0.8943958328124999 0.432296875 0.889 0.428234375 0.8915208328125 0.42471875 0.8879166671875 0.42228125 0.882875 0.419859375 0.8742083328125 0.42689062499999997 0.8424791671875 0.432828125 0.8284375 0.432828125 0.8143750000000001 0.43851562499999996 0.811125 0.44148437500000004 0.8067916671875001 0.44067187499999994 0.7974166671875 0.43634375 0.77975 0.432296875 0.7725416671875001 0.432296875 0.7667916671875 0.43174999999999997 0.7577708328125 0.43174999999999997 0.7318125 0.42796874999999995 0.7235208328125 0.4293125 0.7152291671875 0.43634375 0.7155833328125001 0.440125 0.7105416671875 0.44148437500000004 0.6990000000000001 0.440125 0.6881875 0.435265625 0.6820625 0.4285 0.6831458328125 0.42390625000000004 0.6917916671875 0.42337499999999995 0.7072916671875 0.41606249999999995 0.7062083328125001 0.41039062499999995 0.7159583328125 0.40660937500000005 0.7325416671875 0.40525 0.7660625 0.4028125 0.7776041671875 0.39714062499999997 0.7952708328125 0.40146875 0.8006666671874999 0.40065625000000005 0.8266249999999999 0.39714062499999997 0.8331250000000001 0.39470312500000004 0.8540208328125001 0.39525 0.8825 0.39387500000000003 0.8919583328125 0.3978125 0.8948124999999999 0.40275 0.8983125
9 0.24401562499999999 0.7225208328125 0.237734375 0.7399166671875 0.2379375 0.7500208328125 0.24221875 0.7569375 0.244421875 0.7614583328125 0.24312499999999998 0.7675625 0.248296875 0.770625 0.24900000000000003 0.7738333328125 0.24740625 0.7855416671875 0.2511875 0.7818125 0.256375 0.7796875 0.261859375 0.7779583328124999 0.26953125 0.7815416671875 0.27690625 0.7860625 0.279 0.7795625 0.28009375 0.7719583328125 0.281890625 0.770625 0.28846875 0.762375 0.295734375 0.751625 0.29234375 0.724875 0.282875 0.7089375 0.27521874999999996 0.7054166671875 0.27531249999999996 0.6965208328125 0.27678125 0.6929166671875 0.27790625 0.6840208328124999 0.27321875 0.6761874999999999 0.263453125 0.6769791671875 0.260328125 0.6855625 0.26053125 0.6971875 0.263046875 0.7057083328125 0.26315625 0.70575 0.254671875 0.7062708328125 0.24401562499999999 0.7225208328125
9 0.30690625 0.7322291671875 0.30484374999999997 0.741625 0.3085734375 0.7426916671875 0.3085453125 0.7653833328124999 0.30553125 0.7767291671875001 0.300875 0.7860625 0.30553125 0.8215625 0.301875 0.8304375 0.31153125 0.8286666671875 0.314859375 0.8251041671875001 0.314359375 0.8104583328125001 0.304203125 0.8073541671875001 0.313859375 0.7958125 0.31251562499999996 0.7833958328125 0.30853125000000003 0.7767291671875001 0.316015625 0.7408333328125 0.31659375 0.7283125 0.311015625 0.7259583328125 0.3086015625 0.72 0.311609375 0.712625 0.321 0.7138125 0.32042187499999997 0.7012708328125 0.3113125 0.7024583328125 0.30484374999999997 0.6934375 0.30864375 0.6859625 0.311609375 0.6887291671875 0.315421875 0.6824583328125 0.31425000000000003 0.67425 0.3086578125 0.6746166671875 0.30867187500000004 0.6632708328125 0.30278125 0.6621041671875 0.29690625000000004 0.6667916671875 0.297796875 0.6903125 0.3085875 0.7313458328125 0.30690625 0.7322291671875
9 0.3855625 0.6999166671875 0.39001562500000003 0.6931458328125 0.388421875 0.6867708328125001 0.387796875 0.6774583328125 0.38396875 0.6711041671875 0.376671875 0.6672708328125 0.370625 0.6664375 0.3703125 0.6766041671874999 0.371578125 0.6859375 0.36871875 0.697375 0.36490625 0.7028749999999999 0.36521875000000004 0.7062708328125 0.37126562500000004 0.7143333328125 0.37317187500000004 0.7232291671875 0.37698437500000004 0.7194166671875 0.37984375 0.7100833328125 0.3855625 0.6999166671875
9 0.411890625 0.7137083328125 0.41398437499999996 0.7088541671875 0.419953125 0.7078125 0.42281250000000004 0.7074791671875 0.42281250000000004 0.7043541671875 0.42281250000000004 0.6967291671875 0.42307812499999997 0.6950000000000001 0.42515625 0.6897916671875 0.4326875 0.6800833328125 0.43060937499999996 0.6790416671874999 0.427234375 0.6717708328125 0.42515625 0.6634583328125 0.42437500000000006 0.656875 0.42359375000000005 0.6558333328125 0.42334375 0.6558333328125 0.41553125 0.6575624999999999 0.413203125 0.6645 0.413203125 0.6724583328125 0.4145 0.678 0.415015625 0.685625 0.4163125 0.6880625 0.41423437500000004 0.6891041671875 0.41085937499999997 0.6929166671875 0.40903124999999996 0.6981041671875 0.408515625 0.704 0.409296875 0.7060833328125 0.411890625 0.7137083328125
8 0.0459375 0.7492083328125 0.05328125 0.7377083328125 0.052640624999999996 0.729625 0.059984375 0.7151458328125 0.055203125 0.7121666671875 0.0459375 0.7262083328125 0.036359375 0.7108749999999999 0.02996875 0.7155625 0.041140625 0.7283333328125 0.037640625 0.733875 0.0459375 0.7492083328125
9 0.175671875 0.8152083328125 0.1744375 0.8482083328125001 0.170734375 0.8605625 0.179390625 0.85975 0.181859375 0.8572708328124999 0.18062499999999998 0.8498541671875 0.184953125 0.8251041671875001 0.18556250000000002 0.8111041671875 0.18865625 0.792125 0.19175 0.7929583328125 0.19051562500000002 0.8193333328125 0.19051562500000002 0.8498541671875 0.18928125 0.8613958328125 0.19175 0.8688125 0.199171875 0.8679791671875 0.20040624999999998 0.85975 0.1973125 0.8358333328124999 0.202890625 0.7937708328124999 0.20659375 0.788 0.20782812499999997 0.7682083328125 0.20968749999999997 0.7500833328125001 0.21154687499999997 0.7146250000000001 0.20659375 0.7088541671875 0.199171875 0.70225 0.20103125 0.6964791671875 0.20164062500000002 0.684125 0.1985625 0.6717500000000001 0.18928125 0.6775208328125 0.1861875 0.7006041671875 0.18309375 0.7055625 0.17320312499999999 0.7137916671875 0.167015625 0.7401875 0.170109375 0.7459583328125 0.17690625 0.7467708328125 0.17381249999999998 0.7673958328125 0.178140625 0.7913125 0.175671875 0.8152083328125
9 0.7073437499999999 0.7652083328125 0.7020625 0.7773333328125 0.700015625 0.784375 0.698265625 0.7992291671875 0.694453125 0.8289375 0.694453125 0.8390833328125 0.690921875 0.8465208328125 0.68946875 0.8566874999999999 0.68975 0.861375 0.69590625 0.8629374999999999 0.69884375 0.8602083328125 0.69884375 0.8691875 0.700015625 0.8750625 0.70265625 0.8902916671875 0.699140625 0.8973333328124999 0.69209375 0.9071041671875 0.69121875 0.9199999999999999 0.687109375 0.9438541671875 0.687109375 0.9516666671875 0.686828125 0.9567500000000001 0.689171875 0.9653541671875001 0.695328125 0.9708333328125001 0.7052968749999999 0.9727708328125001 0.70940625 0.9700416671875001 0.706171875 0.9622291671875001 0.704125 0.9505000000000001 0.705875 0.9380000000000001 0.706765625 0.9282083328124999 0.7088125 0.9129791671874999 0.7132031249999999 0.8988958328125 0.71584375 0.8809166671875 0.7205468749999999 0.8742708328125 0.7240624999999999 0.8852083328125 0.7264062499999999 0.8949999999999999 0.7264062499999999 0.9000625 0.725515625 0.9309583328125 0.7246406249999999 0.9485416671875001 0.723765625 0.9567500000000001 0.723171875 0.9645625000000001 0.7302187499999999 0.9669166671875 0.7428281250000001 0.9653541671875001 0.75278125 0.9626250000000001 0.755140625 0.9595 0.746046875 0.9547916671875001 0.7410625 0.9489375000000001 0.7398906249999999 0.9211874999999999 0.740765625 0.9129791671874999 0.744 0.8926458328125 0.7416406249999999 0.8734999999999999 0.734609375 0.8570833328124999 0.735203125 0.8543333328125 0.740765625 0.8504375 0.7463437500000001 0.8406458328124999 0.7486875000000001 0.8351875 0.7501562500000001 0.8324374999999999 0.7448750000000001 0.8105625 0.7360781249999999 0.803125 0.7366718750000001 0.7953125 0.735203125 0.7835833328125 0.732859375 0.7718541671875 0.730796875 0.7675625 0.726703125 0.7609166671875001 0.727578125 0.7577916671875 0.7334375 0.7515208328125 0.7343124999999999 0.7495833328125 0.73490625 0.7468333328125001 0.735484375 0.7433125 0.7381249999999999 0.741375 0.7375468749999999 0.7382291671875 0.7360781249999999 0.7358958328125 0.7357812499999999 0.732375 0.736375 0.7230000000000001 0.734609375 0.717125 0.730796875 0.7143958328125 0.71584375 0.7175208328125 0.711453125 0.7214375000000001 0.710578125 0.7315833328125 0.711453125 0.7421458328125 0.7167343749999999 0.7503541671875 0.71203125 0.7542708328125001 0.711453125 0.757 0.7073437499999999 0.7652083328125
9 0.12209375 0.7089791671875 0.11104687499999999 0.7012708328125 0.10946875 0.681625 0.105265625 0.6739166671875 0.088953125 0.6837291671875 0.088953125 0.6977708328125 0.08317187499999999 0.7131875 0.08053125 0.7216041671875 0.07421875 0.7496666671875001 0.07528125 0.7721041671875 0.076859375 0.7777083328125001 0.1368125 0.7854166671875 0.138921875 0.7854166671875 0.135234375 0.7384375000000001 0.132609375 0.7293125 0.12840625 0.7188125000000001 0.12209375 0.7089791671875
13 0.048140625 0.9827083328124999 0.181484375 0.9827083328124999 0.1851875 0.9728333328125001 0.18703125 0.9580208328125 0.18703125 0.9407500000000001 0.18703125 0.9259166671875001 0.17962499999999998 0.8962916671875 0.151859375 0.790125 0.0037031250000000003 0.7629583328125 0.0037031250000000003 0.7827083328125 0.011109375000000001 0.8271666671875 0.048140625 0.9827083328124999
8 0.2205625 0.7549375 0.22371875000000002 0.7442083328125 0.224453125 0.7338333328125 0.226640625 0.7299375 0.22567187500000002 0.7263541671875 0.228109375 0.727 0.228109375 0.7231041671875 0.22567187500000002 0.7227916671875 0.22884375 0.7123958328125 0.226890625 0.7146666671874999 0.224453125 0.713375 0.227140625 0.6974583328125 0.2249375 0.6984375 0.2237239578125 0.71780555625 0.218859375 0.7331666671875 0.21617187499999999 0.7377291671874999 0.215203125 0.74325 0.21325 0.7445416671875 0.21301562500000001 0.7477916671875 0.215203125 0.7555833328125 0.217390625 0.7572083328125 0.2205625 0.7549375
9 0.22976562500000003 0.6954583328124999 0.230875 0.6895416671875 0.228671875 0.6821666671875 0.22534375 0.6742916671875 0.220921875 0.6580625 0.21981250000000002 0.6556041671874999 0.21242187499999998 0.6556041671874999 0.205046875 0.6600208328125 0.20393750000000002 0.6723333328125001 0.200984375 0.6831458328125 0.199515625 0.6969375 0.20024999999999998 0.7043125 0.20984375000000002 0.7121875 0.21021874999999998 0.7136666671875 0.210578125 0.715625 0.210578125 0.7185833328125 0.210953125 0.7279375 0.210953125 0.7289166671875 0.210578125 0.7318749999999999 0.210953125 0.7294166671875 0.21575000000000003 0.7151458328125 0.220921875 0.7023541671875 0.22423437499999999 0.6974166671875001 0.22976562500000003 0.6954583328124999
9 0.22271875 0.7421249999999999 0.22271875 0.7500208328125 0.219328125 0.7556666671875 0.21764062499999998 0.7782083328125 0.218484375 0.79625 0.220171875 0.8052708328125 0.21960937500000002 0.84211805625 0.210875 0.8616666671875001 0.21595312500000002 0.8571458328125001 0.216796875 0.8616666671875001 0.21595312500000002 0.8639166671874999 0.21764062499999998 0.8639166671874999 0.21764062499999998 0.8548958328125 0.219328125 0.8537708328125 0.22778125 0.8323541671875001 0.21989062499999998 0.8304652765625 0.220171875 0.8188124999999999 0.23539062500000002 0.8143125 0.24167187499999998 0.8045208328125 0.24278125 0.7836875 0.24501562500000001 0.7799583328125 0.24740625 0.7690416671875 0.243359375 0.7660833328125001 0.24446875 0.7621666671875 0.24078125 0.7562708328125 0.23746874999999998 0.7454791671875001 0.238578125 0.7351666671875 0.25329687500000003 0.7081666671875 0.256984375 0.7076875 0.256609375 0.7047291671875 0.251453125 0.696875 0.244828125 0.6944166671875001 0.24446875 0.6914791671875 0.247796875 0.6862291671875 0.24892187500000001 0.6795208328125 0.248359375 0.6743333328125 0.24278125 0.6661458328125 0.23496875 0.6653958328125 0.23162500000000003 0.6758124999999999 0.2310625 0.6817708328125 0.23162500000000003 0.6899375 0.23329687500000001 0.6951458328125 0.22440625 0.6992916671875 0.220171875 0.7060416671875 0.21340625000000002 0.7274791671874999 0.21425 0.7297291671874999 0.22356250000000003 0.7297291671874999 0.22440625 0.7365 0.22271875 0.7421249999999999
9 0.30015625 0.7877500000000001 0.306171875 0.7711666671875 0.31059375 0.7476458328125 0.303765625 0.7283958328125 0.30096875 0.7150208328125001 0.29695312500000004 0.7074583328124999 0.28893749999999996 0.6978333328125 0.28893749999999996 0.6855416671875 0.281703125 0.679125 0.27609374999999997 0.6801875 0.275296875 0.6967708328125 0.2765 0.7069166671875 0.28853125 0.7170833328125 0.291734375 0.72725 0.29575 0.7513124999999999 0.28290625 0.7700416671875 0.287328125 0.8101458328125 0.28853125 0.8416874999999999 0.286125 0.8540625000000001 0.287734375 0.8626250000000001 0.29534375 0.8508541671875 0.29534375 0.8353541671875 0.30015625 0.7877500000000001
8 0.758734375 0.7591666671875 0.757515625 0.7588333328125 0.7569140625 0.7469895828124999 0.7585 0.7341666671875 0.757515625 0.7176041671875 0.75484375 0.7169583328125 0.755328125 0.7598125 0.757765625 0.763375 0.758734375 0.7591666671875
8 0.385703125 0.754 0.392234375 0.7691250000000001 0.39878125 0.7708541671875 0.40182812500000004 0.7662083328125 0.40182812500000004 0.7644583328125 0.391375 0.7545833328125 0.38351562499999997 0.7365625 0.383078125 0.7173958328125 0.385265625 0.7121666671875 0.37959375 0.7156458328124999 0.38003125 0.7290208328125 0.385703125 0.754
8 0.151953125 0.7244375 0.144953125 0.7166458328124999 0.13559375 0.6971666671875 0.13034375 0.6847083328125 0.12625 0.6847083328125 0.137359375 0.7088541671875 0.146703125 0.7314375 0.150796875 0.7337708328125 0.151953125 0.7244375
8 0.6524062500000001 0.782375 0.652625 0.7920416671875 0.660296875 0.790625 0.6624218749999999 0.7985625 0.6558125 0.8028333328124999 0.66625 0.8090833328124999 0.659859375 0.8153333328124999 0.66540625 0.8235625000000001 0.66859375 0.8190208328124999 0.671375 0.7960208328125 0.6724375 0.7951666671875001 0.669453125 0.7894791671875 0.672640625 0.7801041671875 0.6748828125 0.7806770828125 0.674453125 0.7681770828125 0.6773281250000001 0.7661875 0.676265625 0.75625 0.67903125 0.7534166671875 0.6760625 0.7480208328125 0.6758437500000001 0.74375 0.67434375 0.7446041671875 0.66178125 0.7752916671875 0.660078125 0.784375 0.6568906250000001 0.7778333328125 0.6524062500000001 0.782375
8 0.29693749999999997 0.7660416671875 0.30225 0.7746041671875 0.310890625 0.779625 0.3173125 0.7760833328125 0.317984375 0.7722291671875 0.317765625 0.763375 0.31620312500000003 0.7580625000000001 0.31265624999999997 0.750375 0.30867187500000004 0.7459583328125 0.303578125 0.7418125 0.30003125 0.7450625 0.298046875 0.7512708328125 0.297828125 0.7574791671875001 0.29693749999999997 0.7660416671875
8 0.6697031250000001 0.8961041671875 0.67353125 0.906125 0.684875 0.9093333328125001 0.6917500000000001 0.9071875 0.69975 0.9010208328125 0.703578125 0.8931250000000001 0.7010156249999999 0.8760833328125001 0.697828125 0.8652083328125 0.69303125 0.8601041671875 0.6885625 0.8601041671875 0.688390625 0.8605208328125 0.686640625 0.8656458328125 0.68071875 0.8716041671875001 0.6705 0.8869583328124999 0.66953125 0.8895 0.6697031250000001 0.8961041671875
9 0 0.7270833328124999 0.003125 0.7708333328125 0.021875 0.7729166671875001 0.03125 0.7666666671875 0.04375 0.76875 0.0546875 0.7604166671875 0.0625 0.7416666671875001 0.075 0.7333333328125 0.0796875 0.725 0.0828125 0.7125 0.08125 0.6916666671875 0.109375 0.6833333328125 0.1125 0.7041666671875 0.1203125 0.7083333328125 0.128125 0.71875 0.1375 0.75 0.1453125 0.75 0.15625 0.7416666671875001 0.165625 0.7166666671875 0.1703125 0.7104166671875001 0.1765625 0.7125 0.1859375 0.7020833328125 0.20078125 0.6927083328125 0.2 0.7041666671875 0.20989583281250002 0.684722221875 0.2234375 0.7020833328125 0.2328125 0.6958333328124999 0.2515625 0.6958333328124999 0.25546875 0.6854166671875 0.253125 0.67496890625 0.2609375 0.6751865671874999 0.26625 0.6804166671874999 0.26875 0.675404228125 0.275 0.6729166671875 0.2765625 0.675621890625 0.275 0.6791666671875001 0.284375 0.6758395515625 0.2921875 0.6760572140625001 0.2875 0.6854166671875 0.2890625 0.7 0.2953125 0.70625 0.2875 0.7166666671875 0.272265625 0.7776041671875 0.25859375 0.7979166671875 0.25 0.7979166671875 0.2421875 0.8020833328125001 0.228125 0.8333333328125001 0.228125 0.8791666671874999 0.234375 0.8895833328125 0.2484375 0.8875 0.25625 0.86875 0.265625 0.86875 0.2765625 0.8604166671875 0.2828125 0.8479166671874999 0.284375 0.8270833328125 0.28125 0.8145833328125001 0.2703125 0.8 0.2671875 0.7979166671875 0.2697265625 0.7877604171875 0.27758680625 0.7928703703125 0.3139583328125 0.757222221875 0.3234375 0.7604166671875 0.3234375 0.7708333328125 0.328125 0.7833333328125 0.334375 0.7916666671875 0.34375 0.7958333328125 0.353125 0.83125 0.3625 0.8416666671874999 0.3953125 0.8416666671874999 0.4 0.8291666671875 0.4 0.8145833328125001 0.434375 0.8145833328125001 0.434375 0.8229166671874999 0.4453125 0.85 0.45625 0.8916666671875 0.4484375 0.9041666671874999 0.4484375 0.9166666671874999 0.4578125 0.93125 0.478125 0.93125 0.4875 0.925 0.4953125 0.9083333328125001 0.5234375 0.9083333328125001 0.5265625 0.8979166671875 0.5265625 0.8854166671874999 0.521875 0.8708333328125001 0.5203125 0.8479166671874999 0.55 0.8354166671875 0.559375 0.8520833328125 0.5671875 0.85625 0.5828125 0.85625 0.59375 0.8479166671874999 0.59375 0.78125 0.6 0.7583333328124999 0.609375 0.7395833328125 0.6140625 0.70625 0.6203125 0.6979166671875 0.6438858703125 0.6886775359375 0.6453125 0.6979166671875 0.655709134375 0.708834134375 0.6546875 0.7213541671875 0.6453125 0.7270833328124999 0.64140625 0.7364583328125 0.65 0.7541666671875 0.6640625 0.81875 0.6640625 0.8270833328125 0.653125 0.8458333328125001 0.653125 0.8520833328125 0.659375 0.8604166671875 0.6671875 0.8645833328125001 0.684375 0.8645833328125001 0.6890625 0.8604166671875 0.69375 0.8416666671874999 0.7 0.7854166671875 0.7125 0.7541666671875 0.715625 0.7520833328125 0.7296875 0.75625 0.7296875 0.7666666671875 0.7328125 0.7729166671875001 0.7375 0.80625 0.7453125 0.8125 0.7484375 0.8270833328125 0.746875 0.84375 0.765625 0.8458333328125001 0.7765625 0.8375 0.78125 0.8291666671875 0.784375 0.8166666671874999 0.7837500000000001 0.7945833328125 0.8052083328125 0.79351851875 0.8020833328125001 0.8261574078124999 0.8078125 0.83125 0.8010416671874999 0.8370370375 0.803125 0.8395833328125001 0.8 0.8479166671874999 0.80234375 0.8578125 0.8 0.86875 0.8046875 0.88125 0.81875 0.9 0.8296875 0.9083333328125001 0.8671875 0.9104166671874999 0.8828125 0.8979166671875 0.8890625 0.8854166671874999 0.89375 0.8645833328125001 0.894866071875 0.809523809375 0.90625 0.8104166671874999 0.90625 0.8604166671875 0.9203125 0.9020833328125001 0.921875 0.9291666671875 0.9265625 0.9416666671874999 0.9328125 0.95 0.940625 0.9541666671875 0.95625 0.9541666671875 0.9671875 0.9458333328125 0.96875 0.9416666671874999 0.9796875 0.9416666671874999 0.9859375 0.9375 0.996875 0.9208333328125 0.996875 0.7604166671875 0.99375 0.7479166671875 0.984375 0.7354166671875 0.978125 0.73125 0.959375 0.7291666671875 0.934375 0.73125 0.925 0.7416666671875001 0.9203125 0.7541666671875 0.9044642859375 0.74970238125 0.9 0.7458333328125 0.8984375 0.7229166671875 0.8890625 0.70625 0.878125 0.6979166671875 0.828125 0.6979166671875 0.8203125 0.7020833328125 0.81484375 0.7125 0.8172991078124999 0.725148809375 0.7778532609375 0.7163949281249999 0.78125 0.70625 0.7734375 0.6854166671875 0.7625 0.6770833328125 0.7421875 0.6791666671875001 0.7328125 0.6895833328125 0.728125 0.6989583328125 0.7305706515625 0.70661231875 0.7234375 0.7083333328125 0.7201923078125 0.7014423078124999 0.7148097828125 0.70335145 0.709375 0.69375 0.7069293484375 0.7017210140625 0.7015625 0.69375 0.6990489125 0.7000905796875 0.69375 0.69375 0.691168478125 0.6984601453125 0.6828125 0.7020833328125 0.68328804375 0.696829709375 0.6765625 0.7020833328125 0.672596153125 0.697596153125 0.675407609375 0.695199275 0.66875 0.68125 0.6675271734375 0.693568840625 0.6596467390625 0.69193840625 0.6567307687499999 0.696314103125 0.6517663046875 0.6903079703125 0.6578125 0.6729166671875 0.6421875 0.6729166671875 0.634375 0.6770833328125 0.636005434375 0.6870471015625 0.61953125 0.684375 0.6125 0.68498134375 0.61875 0.6708333328125 0.6078125 0.6541666671875 0.6015625 0.65 0.5515625 0.65 0.5515625 0.63125 0.5625 0.5770833328125 0.5625 0.56875 0.5578125 0.5604166671875 0.5484375 0.5604166671875 0.54375 0.5666666671875 0.5328125 0.6291666671875 0.528125 0.6375 0.5203125 0.6333333328124999 0.45625 0.6354166671875 0.440625 0.6395833328125 0.434375 0.6458333328125 0.3953125 0.6479166671875001 0.3875 0.6520833328125 0.3796875 0.6625 0.3775219296875 0.6609283625 0.3696820171875 0.661330409375 0.3625 0.6666666671875 0.3618421046875 0.66173245625 0.3546875 0.6666666671875 0.353125 0.6666666671875 0.35400219375 0.662134503125 0.346875 0.6666666671875 0.34616228125 0.66253655 0.3421875 0.66875 0.3390625 0.66875 0.33832236875 0.662938596875 0.32264254375 0.663742690625 0.315625 0.66875 0.31480263124999996 0.6641447375 0.30625 0.6645833328124999 0.3046875 0.6604166671875 0.2890625 0.6604166671875 0.278125 0.66875 0.2756030703125 0.6661549703125 0.2599232453125 0.6669590640624999 0.25625 0.65 0.246875 0.6375 0.240625 0.6333333328124999 0.2234375 0.6333333328124999 0.215625 0.6375 0.20625 0.6541666671875 0.2015625 0.65 0.184375 0.65 0.190625 0.6732276125000001 0.1671875 0.6725746265625 0.171875 0.6604166671875 0.1671875 0.6604166671875 0.1578125 0.6520833328125 0.1390625 0.6520833328125 0.1140625 0.6604166671875 0.1203125 0.67126865625 0.1046875 0.6708333328125 0.07295673124999999 0.66826923125 0.0671875 0.6708333328125 0.06502403906250001 0.6676282046875001 0.0609375 0.6666666671875 0.0359375 0.6666666671875 0.0296875 0.6625 0.025360576562499997 0.6644230765625 0.0203125 0.6625 0.017427884375 0.6637820515625 0.0015625 0.6625 0.003125 0.6895833328125 0 0.70625 0 0.7270833328124999