2 0.6275326796875 0.204852940625 0.6343137249999999 0.2138888890625 0.6546241828125 0.28160130781250003 0.661405228125 0.29289215625 0.6659150328125001 0.30418300625 0.6839705875 0.29514705937499996 0.71331699375 0.29289215625 0.7110620921875 0.30418300625 0.7178267968750001 0.3064379078125 0.72460784375 0.29289215625 0.729117646875 0.315457515625 0.7426633984375 0.2996568625 0.7449182999999999 0.283856209375 0.7449182999999999 0.26129085 0.740408496875 0.2454901953125 0.722352940625 0.23870914999999998 0.71331699375 0.2206535953125 0.7110620921875 0.204852940625 0.668169934375 0.18228758125 0.6388235296875 0.18228758125 0.6072222218750001 0.1867973859375 0.6275326796875 0.204852940625
2 0.9253758171875001 0.2158496734375 0.9136111109374999 0.220751634375 0.9077287578125001 0.2266339875 0.9047875812499999 0.2364379078125 0.9028267968750001 0.24624182968750002 0.90870915 0.2619281046875 0.9136111109374999 0.2717156859375 0.9136111109374999 0.292303921875 0.92831699375 0.30210784375 0.9400817 0.3011274515625 0.9459640515625001 0.2874019609375 1 0.288382353125 0.9985620921875 0.19232026093750001 0.97831699375 0.19232026093750001 0.956748365625 0.19428104531249998 0.9351797390625001 0.20702614375 0.9253758171875001 0.2158496734375
2 0.7396241828125001 0.2906372546875 0.7684967312500001 0.2843627453125 0.7898366015625 0.2994281046875 0.8111764703125001 0.300686275 0.8174509796875 0.2793464046875 0.832516340625 0.2542320265625 0.7873202609375001 0.2366666671875 0.7747712421874999 0.217826796875 0.7483986921875 0.2102941171875 0.7145098046875 0.21656862812500002 0.734591503125 0.2341503265625 0.7496568625 0.25047385625 0.7396241828125001 0.2906372546875
9 0.31513071875 0.2483496734375 0.3222385625 0.2774509796875 0.3274183 0.311094771875 0.3325817 0.3052614375 0.33323529375 0.2923366015625 0.33129084999999997 0.2716339875 0.33452614375 0.259983659375 0.33387254843749997 0.2858660125 0.3377614375 0.280686275 0.34228758125000003 0.24382352968749998 0.34810457499999997 0.206960784375 0.3461764703125 0.1972549015625 0.3384150328125 0.185604575 0.3390522875 0.1739705875 0.32870915 0.17073529375000002 0.31900326875 0.1778431375 0.3235294125 0.1894934640625 0.3144771234375 0.19596405156250002 0.3080065359375 0.214068628125 0.31513071875 0.2483496734375
1 0.7914542484375 0.235065359375 0.8022875812500001 0.2382843140625 0.8101960781249999 0.24238562031250002 0.817222221875 0.249117646875 0.822777778125 0.25467320312499997 0.8254248359374999 0.279852940625 0.8359640515625 0.28160130781250003 0.85849673125 0.28160130781250003 0.8936274515625 0.2786764703125 0.9012418296875 0.2391503265625 0.907091503125 0.159248365625 0.8538071890625 0.159248365625 0.85176470625 0.1583660125 0.8457692296875001 0.161972096875 0.8456209156250001 0.16772875781250002 0.837731271875 0.16469582656249998 0.7814655609375001 0.183761940625 0.7807298484375 0.19202614375 0.7734276015625 0.186485671875 0.7717538125 0.193341503125 0.7653896437500001 0.1892094015625 0.762777778125 0.1946568625 0.757351684375 0.1919331328125 0.7390522875000001 0.1967156859375 0.73789215625 0.2022712421875 0.7402287578125 0.21369281093749998 0.7706699343750001 0.2163235296875 0.7914542484375 0.235065359375
9 0.2889542484375 0.270800653125 0.2889542484375 0.280326796875 0.3 0.279330065625 0.30099673125000004 0.268300653125 0.3030065359375 0.2607679734375 0.3030065359375 0.256748365625 0.30400326875 0.2497385625 0.2994934640625 0.24421568593749998 0.2994934640625 0.24271241875 0.2939705875 0.2396895421875 0.2899673203125 0.241699346875 0.290457515625 0.2467156859375 0.286960784375 0.254248365625 0.2899673203125 0.26176470625000003 0.2889542484375 0.270800653125
9 0.7823366015625 0.23650326875 0.7895751640625 0.2375490203125 0.796486928125 0.23478758125 0.796143790625 0.23132352968749997 0.7895751640625 0.2268464046875 0.7909640515625 0.2237418296875 0.7909640515625 0.219248365625 0.7871732031249999 0.21614379062500003 0.7830228765625 0.21787581718750001 0.7830228765625 0.2237418296875 0.7792320265625 0.22616013124999998 0.7795751640625 0.22995097968749997 0.7823366015625 0.23650326875
8 0.40153594843749996 0.0159803921875 0.36666666718749996 0.0208986921875 0.36743464062500003 0.0644934640625 0.40305555625 0.061078431249999995 0.40153594843749996 0.0159803921875
8 0.44060457499999994 0.0336274515625 0.44091503281250005 0.0222058828125 0.42671568593750003 0.0197385625 0.4152941171875 0.0237418296875 0.4196241828125 0.0623366015625 0.42547385625 0.0595588234375 0.426094771875 0.0447385625 0.44060457499999994 0.0336274515625
1 0.9351797390625001 0.21359477187499998 0.9444771234375 0.20313725468750002 0.9611328968749999 0.19926470624999998 0.9642320265625001 0.1944117640625 0.9697549015625 0.197908496875 0.9758660125 0.19325163437499998 0.97837690625 0.1965522875 0.9857434640625 0.1935457515625 0.986998909375 0.195196078125 0.9956209156250001 0.19383986875 0.9985294124999999 0.1886111109375 0.9973692812499999 0.1531535953125 0.9601633984375001 0.152565359375 0.9634183000000001 0.18604248437499998 0.94418300625 0.19180555625 0.9444771234375 0.1723366015625 0.940408496875 0.16013071875 0.9084477124999999 0.1636111109375 0.9107679734374999 0.1926797390625 0.9078594765625001 0.21534313749999998 0.9096078437499999 0.2176633984375 0.9351797390625001 0.21359477187499998
8 0.62857843125 0.9272712421874999 0.6649346406250001 0.9090849671875001 0.6701307187500001 0.8831209156250001 0.6727287578125 0.8311764703125 0.6649346406250001 0.781813725 0.6493464046875 0.7584477125 0.6415522874999999 0.7142810453124999 0.6467483656249999 0.6649346406250001 0.6597385625000001 0.6077941171875 0.6701307187500001 0.5610457515625 0.685686275 0.4960294125 0.716143790625 0.5035130718749999 0.748431371875 0.5153758171875 0.7870098046875 0.5272712421875 0.823382353125 0.52986928125 0.8571405234375 0.506486928125 0.8727287578125 0.475326796875 0.8701307187499999 0.446748365625 0.8571405234375 0.40259803906249997 0.836356209375 0.3740196078125 0.8129901953124999 0.35844771249999996 0.7688235296875 0.35325163437499996 0.7428594765625001 0.3506535953125 0.716879084375 0.32727124218750003 0.6779248359375 0.30129085 0.6623366015625 0.275326796875 0.6493464046875 0.24674836562500002 0.62857843125 0.20519607812500001 0.6077941171875 0.17661764687499998 0.5662418296875 0.18181372499999998 0.5428594765625 0.1688235296875 0.535065359375 0.1428594765625 0.5194771234375 0.08831699374999999 0.518169934375 0.07643790781250001 0.4552287578125 0.0788235296875 0.4546895421875 0.10094771250000001 0.45284313750000005 0.12714052343749999 0.4465359484375 0.157957515625 0.43635620937499997 0.17142156875 0.40259803906249997 0.18441176406249998 0.3688235296875 0.2025980390625 0.34805555625 0.2155882359375 0.34285947656250004 0.24674836562500002 0.33766339843750004 0.2623366015625 0.33246732031250004 0.306486928125 0.3142810453125 0.34026143750000004 0.3038888890625 0.35584967343749996 0.2675326796875 0.3792156859375 0.22598039218750002 0.376617646875 0.2 0.3974019609375 0.2025980390625 0.4389542484375 0.20519607812500001 0.4675326796875 0.21299019531250002 0.493513071875 0.22078431406250001 0.506486928125 0.2337581703125 0.524673203125 0.27013071875 0.52986928125 0.29870915 0.52986928125 0.306486928125 0.5272712421875 0.3308660125 0.507303921875 0.34027777812500004 0.5280882359375 0.351960784375 0.5902614374999999 0.35844771249999996 0.6337581703125 0.36104575156249996 0.6727287578125 0.36624182968749996 0.70129085 0.37142156875 0.7402614375 0.36364379062499996 0.763643790625 0.35844771249999996 0.7688235296875 0.34026143750000004 0.78960784375 0.34026143750000004 0.81039215625 0.34026143750000004 0.854542484375 0.34026143750000004 0.8857189546875001 0.34805555625 0.9064869281249999 0.36104575156249996 0.9168790843749999 0.38960784375 0.9272712421874999 0.40779411718749997 0.9272712421874999 0.4207843140625 0.9480555562499999 0.4259803921875 0.9610457515625 0.4259803921875 0.9740196078125001 0.4259803921875 0.9844117640625001 0.6077941171875 0.9844117640625001 0.61039215625 0.9428594765625 0.62857843125 0.9272712421874999