2 0.47353125 0.57516431875 0.5494687500000001 0.53713615 0.620953125 0.548309859375 0.7385937499999999 0.5975352109375 0.7430625 0.46553990624999997 0.9976875 0.45882629062499997 1 0.40960093906250006 0.975359375 0.38053990625 0.9649374999999999 0.056150234375 0.9440781250000001 0.0158685453125 0.906859375 0.06286385 0.65371875 0.09640845 0.49289062499999997 0.31788732343750004 0.393125 0.3268309859375 0.45565625 0.43197183125 0.47353125 0.57516431875
2 0 0.4158685453125 0.026921875 0.42262910781249996 0.0688125 0.4203755875 0.07928125 0.413638496875 0.085265625 0.3731924875 0.10021875 0.32375586875 0.10918749999999999 0.28105633750000003 0.1121875 0.21363849687499997 0.148078125 0.22037558750000003 0.1540625 0.245093896875 0.1570625 0.32375586875 0.2856875 0.2788028171875 0.36198437499999997 0.28553990625000003 0.36198437499999997 0.2900469484375 0.3754375 0.321502346875 0.40984375 0.3304929578125 0.462203125 0.325985915625 0.50109375 0.2877934265625 0.5863437499999999 0.1889201875 0.575875 0.1844131453125 0.3799375 0.1844131453125 0.282875 0.1924047984375 0.27971875 0.1889201875 0.2747864578125 0.1930707703125 0.2717395828125 0.187417840625 0.2666979171875 0.1937367421875 0.2637604171875 0.1859154921875 0.258609375 0.1944027140625 0.25578124999999996 0.1844131453125 0.25052083281250004 0.1950686828125 0.2475546875 0.18486385 0.2424322921875 0.1957346546875 0.23932812499999997 0.1853145546875 0.23434375 0.19640062656249999 0.2311015625 0.1857652578125 0.22625520781250003 0.197066596875 0.222875 0.1862159625 0.2181666671875 0.19773256875 0.21007812499999998 0.198398540625 0.2146484375 0.1866666671875 0.18996875 0.1880187796875 0.19390104218749998 0.19973048124999998 0.1696354171875 0.20172839374999998 0.173515625 0.1889201875 0.11667187500000001 0.187417840625 0.11068750000000001 0.19340375625 0.1085513390625 0.18720321874999998 0.100430803125 0.1869885984375 0.09946875 0.19340375625 0.09231026718749999 0.1867739765625 0.08825 0.19340375625 0.0841897328125 0.18655935625 0.0796484375 0.1917194828125 0.076069196875 0.18634473437500002 0.071046875 0.1900352109375 0.0679486609375 0.18613011562499998 0.0624453125 0.1883509390625 0.059828124999999996 0.1859154921875 0.002984375 0.1844131453125 0 0.21363849687499997 0 0.4158685453125
8 0.126953125 0.4168075125 0.127296875 0.4223474171875 0.124953125 0.465093896875 0.12428125000000001 0.560610328125 0.12562500000000001 0.5731924875 0.129640625 0.575704225 0.132640625 0.5656572765625001 0.13565624999999998 0.5380046953125001 0.13465625 0.47112676093749994 0.137671875 0.47363849687500004 0.13799999999999998 0.50983568125 0.14134375 0.5540845078125 0.14503125 0.5782159625000001 0.14971874999999998 0.5862676062500001 0.15340625000000002 0.5933098593749999 0.156078125 0.6008450703125 0.15875 0.6033568078125 0.160421875 0.6058685453125 0.165453125 0.6023474171875 0.165109375 0.5832394359374999 0.170140625 0.5832394359374999 0.169125 0.56161971875 0.168796875 0.5475352109375 0.168796875 0.5254225359375 0.16478125 0.49626760625 0.16478125 0.46408450781250005 0.166125 0.440446009375 0.17046875 0.4369248828125 0.17146875 0.5133568078125 0.17146875 0.5229107984375 0.17146875 0.5802347421875 0.17481249999999998 0.6033568078125 0.180171875 0.6254929578125 0.1841875 0.6264788734375 0.184859375 0.6169248828125 0.181171875 0.57873239375 0.182859375 0.526431925 0.18351562500000002 0.5138497656250001 0.18251562500000001 0.46558685468750005 0.17776562499999998 0.39018779375 0.1705625 0.34805164375 0.16575 0.33359155 0.15131250000000002 0.33840375625 0.13128125 0.345633803125 0.12662500000000002 0.3489201875 0.12562500000000001 0.3514553984375 0.126953125 0.4168075125
8 0.185109375 0.6812441312499999 0.222859375 0.6794366203125 0.24203125 0.6434272296875 0.216265625 0.648826290625 0.16593750000000002 0.6578403749999999 0.13478125000000002 0.6560328640625 0.13478125000000002 0.667746478125 0.15875 0.68302816875 0.185109375 0.6812441312499999
8 0.00009375 0.7440375593749999 0.004109375 0.7490610328125 0.0211875 0.7571126765625 0.03490625 0.7555868546875 0.062343749999999996 0.7576056343750001 0.10184375000000001 0.7515727703125 0.125609375 0.7420187796875 0.13396875 0.7178873234375 0.105515625 0.7219014078125 0.07573437499999999 0.7354929578125 0.0429375 0.7374882625 0.00478125 0.7410093890625 0.007796875 0.74051643125 0.0014375 0.739014084375 0.00009375 0.7440375593749999
8 0 0.671361503125 0.0089375 0.9867840375 0.022343750000000002 0.9867840375 0.49140625 0.9711267609374999 0.48395312500000004 0.9398122062500001 0.5018281250000001 0.8861267609375 0.479484375 0.8682159625000001 0.454171875 0.8480985921874999 0.40503125000000006 0.810070421875 0.36929687499999997 0.740704225 0.34695312500000003 0.675821596875 0.3335625 0.6512206578125 0.314203125 0.5997652578125 0.282921875 0.586338028125 0.262078125 0.6042488265625 0.25017187500000004 0.62213615 0.218890625 0.671361503125 0.09232812500000001 0.6624178406250001 0.050624999999999996 0.6780751171875 0 0.671361503125
8 0.40481249999999996 0.6179812203124999 0.418453125 0.61640845 0.409015625 0.6384976531250001 0.41426562499999997 0.6558450703125 0.41740625 0.657417840625 0.42790625000000004 0.6432159625 0.44154687499999995 0.6306103281250001 0.45729687500000005 0.6258685453124999 0.46884375 0.6085211265625 0.4761875 0.5990610328125 0.45834374999999994 0.591173709375 0.44259375 0.581713615625 0.42895312499999994 0.583309859375 0.41426562499999997 0.58802816875 0.3995625 0.5943427234375 0.39642187500000003 0.592769953125 0.38801562500000003 0.602230046875 0.391171875 0.621150234375 0.40481249999999996 0.6179812203124999
8 0.85584375 0.7454929578125 0.8666562499999999 0.7313849765625 0.8682968750000001 0.7207981218749999 0.8640625 0.7126760562500001 0.860546875 0.71373239375 0.8570156250000001 0.7169014078125 0.8603125 0.7292723 0.84903125 0.727840375 0.843875 0.7560798125 0.847859375 0.7581924875 0.84996875 0.7507746484375 0.85584375 0.7454929578125
8 0.9307968750000001 0.8551877937500001 0.9411093749999999 0.8469248828125 0.9452343750000001 0.8324882625000001 0.943171875 0.8175117375 0.935609375 0.8118309859374999 0.9263281250000001 0.8138967140625001 0.9201406249999999 0.8185446015625001 0.916015625 0.8365962437500001 0.9170468749999999 0.8443427234374999 0.922890625 0.8531220656249999 0.9307968750000001 0.8551877937500001
8 0.9275781249999999 0.6944366203125 0.93625 0.7105868546874999 0.937296875 0.7102112671875 0.9365 0.6950234734375 0.9421406250000001 0.6954225359375 0.9363671874999999 0.6848708921875 0.928890625 0.688122065625 0.9305937500000001 0.6743192484375 0.9186562500000001 0.659741784375 0.914203125 0.6581690140625 0.9115781249999999 0.6603286390625 0.9106562500000001 0.66624413125 0.9144687499999999 0.6759154921875 0.926671875 0.6952112671874999 0.9275781249999999 0.6944366203125
9 0.797765625 0.2488732390625 0.80096875 0.260633803125 0.8055937500000001 0.27028169062499996 0.8066718749999999 0.278826290625 0.8059531249999999 0.2889906109375 0.8059531249999999 0.30877934218749997 0.8073750000000001 0.32267605625 0.8038281250000001 0.32643192499999996 0.7984843749999999 0.32375586875 0.793859375 0.3232159625 0.79278125 0.3392723 0.791 0.3456807515625 0.791 0.3504929578125 0.8016875000000001 0.3520892015625 0.8198437500000001 0.3467370890625 0.8280312500000001 0.3435446015625 0.8319375000000001 0.3392723 0.8337187500000001 0.3339201875 0.836921875 0.31732394375 0.8362187499999999 0.3039671359375 0.8337187500000001 0.2852347421875 0.8298125000000001 0.27028169062499996 0.825171875 0.2515492953125 0.8202031249999999 0.2446009390625 0.8202031249999999 0.2392488265625 0.8202031249999999 0.22694835625 0.8198437500000001 0.21732394375 0.8148593749999999 0.207159625 0.8038281250000001 0.207159625 0.800265625 0.2109154921875 0.7970625 0.2312206578125 0.79740625 0.2376525828125 0.797765625 0.2488732390625
9 0.105203125 0.2443192484375 0.107625 0.248849765625 0.11004687500000002 0.26293427187499996 0.11004687500000002 0.27427229999999997 0.09346875 0.3304929578125 0.08735937499999999 0.360093896875 0.08753125 0.36546948281249997 0.07278124999999999 0.385093896875 0.070671875 0.4097887328125 0.06392187499999999 0.42816901406249996 0.073625 0.4477934265625 0.08542187500000001 0.460446009375 0.09275 0.474037559375 0.09684374999999999 0.4744366203125 0.11195312500000001 0.485962440625 0.1224375 0.4894131453125 0.16565625 0.4894131453125 0.16698437500000002 0.5042488265625 0.17098437500000002 0.5026525828125 0.1703203125 0.485821596875 0.16565625 0.4846244125 0.16565625 0.47147887343750006 0.16965625 0.46899061093750005 0.16565625 0.4583333328125 0.1692578125 0.45174882656250004 0.16565625 0.44518779375 0.16885937499999998 0.43450704218749997 0.181640625 0.432065728125 0.183253125 0.4830892015625 0.189328125 0.49098591562499994 0.18365625000000002 0.4958450703125 0.19498437500000002 0.49828638437499995 0.187703125 0.5189436625 0.18528125 0.5389671359375 0.188921875 0.6185446015625 0.18365625000000002 0.6288732390625 0.18365625000000002 0.6489201875 0.188 0.6528638499999999 0.1990546875 0.6525704218749999 0.20971875 0.647605634375 0.210109375 0.6522769953124999 0.2124375 0.638286384375 0.22018749999999998 0.6400469484375 0.22290625 0.63305164375 0.22057812499999999 0.62373239375 0.22834374999999998 0.623145540625 0.23493750000000002 0.6184741781249999 0.23959375 0.6225586859375001 0.2426875 0.6277934265625 0.24928124999999998 0.6155633796875 0.24656250000000002 0.6004225359375 0.25121875 0.5945774640625 0.257421875 0.59983568125 0.25859375 0.592253521875 0.25471875 0.5852582156249999 0.268296875 0.576525821875 0.2690625 0.5683568078125 0.283421875 0.5724413140625 0.298546875 0.5695305171875 0.305140625 0.563122065625 0.30862500000000004 0.5549530515625001 0.30009375 0.54448356875 0.315609375 0.5345774640625 0.320359375 0.5237969484375 0.32646875 0.5194131453125 0.325109375 0.51301643125 0.331125 0.5170892015625 0.331890625 0.5229107984375 0.322984375 0.54448356875 0.3253125 0.5468075125 0.3338359375 0.5296126765625 0.33771874999999996 0.5363145546875 0.338484375 0.54448356875 0.342765625 0.561361503125 0.359046875 0.5660328640625 0.36796875 0.5776995312500001 0.371453125 0.5794366203125 0.390078125 0.60448356875 0.40675 0.592253521875 0.42653125000000003 0.5870187796875 0.450203125 0.5881690140625 0.45562500000000006 0.594014084375 0.4614375 0.592253521875 0.471140625 0.5672065734375 0.461828125 0.54448356875 0.46299999999999997 0.5182629109375 0.45329687500000004 0.45882629062499997 0.451359375 0.43143192499999994 0.44321875000000005 0.4052112671875 0.42809375000000005 0.37549295781250003 0.41606249999999995 0.3580046953125 0.40248437499999995 0.34694835625 0.384265625 0.3253755875 0.37534375 0.32305164375 0.365703125 0.29516431875000004 0.3590625 0.280633803125 0.35421874999999997 0.27927230000000003 0.35935937500000004 0.26338028125 0.364203125 0.264741784375 0.37084375 0.252934271875 0.3771875 0.23340375624999998 0.380515625 0.210258215625 0.373859375 0.20345070468749998 0.37840625 0.1816431921875 0.37960937499999997 0.15260563437500002 0.37446875 0.137605634375 0.362078125 0.1235446015625 0.35090625000000003 0.115821596875 0.349390625 0.10946009375000001 0.34395312499999997 0.10173708906250001 0.32823437499999997 0.0967605640625 0.316140625 0.1012910796875 0.31403125 0.10856807500000001 0.307078125 0.10765258281250001 0.292578125 0.114906103125 0.28714062500000004 0.1280751171875 0.2801875 0.1548591546875 0.2801875 0.185281690625 0.27475 0.1907277 0.277765625 0.2147887328125 0.277765625 0.2424882625 0.281390625 0.2443192484375 0.283203125 0.2670187796875 0.286828125 0.2779107984375 0.28290625 0.280633803125 0.27715625 0.291525821875 0.27407499999999996 0.3014225359375 0.266578125 0.2924413140625 0.2660864578125 0.30099921875 0.2580979171875 0.3005758984375 0.25207812500000004 0.307417840625 0.25010937499999997 0.3001525828125 0.23413229218749998 0.2993059453125 0.22940624999999998 0.307417840625 0.22614375 0.2988826296875 0.22034375 0.3051408453125 0.21815520781250003 0.2984593125 0.13028125 0.2938028171875 0.133015625 0.2774413140625 0.138140625 0.27018779375 0.15415625 0.26157277031250004 0.154765625 0.248849765625 0.1535625 0.247934271875 0.1550625 0.2443192484375 0.15325 0.23568075156249998 0.15657812499999998 0.2306807515625 0.15415625 0.21751173750000002 0.1514375 0.217065728125 0.152046875 0.21161971875000002 0.160515625 0.1934507046875 0.14751562499999998 0.1916431921875 0.14328125 0.20117370937499998 0.13118749999999998 0.19664319218749998 0.1224375 0.1980046953125 0.110640625 0.20845070468750002 0.107328125 0.2143427234375 0.1055 0.22659624374999998 0.107625 0.22978873281249998 0.10610937499999999 0.23340375624999998 0.105203125 0.2443192484375