2 0.68121875 0.8960625 0.68875 0.9048541671875 0.69815625 0.8835208328125 0.749953125 0.88225 0.752765625 0.8998333328125 0.766890625 0.8998333328125 0.77065625 0.8383125 0.75653125 0.7881041671875 0.69721875 0.7793125 0.6953437499999999 0.7780625 0.670859375 0.8433333328125 0.68121875 0.8960625
8 0.4640625 0.42439583281250004 0.42921875 0.43472916718750004 0.405015625 0.44312500000000005 0.356625 0.43537499999999996 0.326125 0.3805208328125 0.307734375 0.3856875 0.317890625 0.42697916718749995 0.2214375 0.4095625 0.21853125 0.4108541671875 0.219015625 0.41925 0.268390625 0.43150000000000005 0.295015625 0.43925000000000003 0.290171875 0.4540833328125 0.303234375 0.4489166671875 0.316796875 0.4540833328125 0.3105 0.4644166671875 0.325015625 0.45989583281249996 0.328890625 0.47602083281249996 0.26984375 0.4637708328125 0.248546875 0.46764583281250005 0.26596875 0.4721666671875 0.316796875 0.4889375 0.31728125 0.49474999999999997 0.321140625 0.4960416671875 0.36228125 0.5044166671875 0.40923437500000004 0.5044166671875 0.40923437500000004 0.5128125 0.42665625 0.5160416671875 0.45667187499999995 0.518625 0.450375 0.5102291671875 0.4600625 0.5018333328125 0.459578125 0.5160416671875 0.47603125 0.5231458328125 0.481828125 0.5128125 0.50071875 0.5121666671875 0.515234375 0.4999166671875 0.519109375 0.5082916671875 0.527328125 0.5089375 0.534109375 0.5192708328125 0.55734375 0.51475 0.5655625 0.5024791671875 0.5631406250000001 0.4895833328125 0.55540625 0.48570833281250003 0.5539531249999999 0.48312499999999997 0.52975 0.47925000000000006 0.519109375 0.4766666671875 0.516203125 0.4728125 0.5505625000000001 0.46118750000000003 0.5505625000000001 0.47152083281249996 0.547171875 0.47472916718749997 0.548140625 0.4798958328125 0.56025 0.48247916718750006 0.55734375 0.47087500000000004 0.5539531249999999 0.4682916671875 0.55734375 0.45925000000000005 0.5733125 0.44506249999999997 0.5742812500000001 0.43537499999999996 0.57490625 0.43472916718750004 0.5565156250000001 0.4108541671875 0.5415 0.4056875 0.51971875 0.40697916718749994 0.4640625 0.42439583281250004
9 0.8450156249999999 0.8335625 0.845390625 0.8270416671874999 0.8352187499999999 0.8230000000000001 0.8329531250000001 0.8094374999999999 0.8284218750000001 0.8054166671875 0.8287968749999999 0.8018958328125001 0.8284218750000001 0.7913333328125 0.8276718750000001 0.7832916671875 0.822390625 0.7827916671875 0.816734375 0.7913333328125 0.816359375 0.8008749999999999 0.8110781250000001 0.8049166671875 0.80390625 0.8270416671874999 0.8088124999999999 0.8345833328125 0.8088124999999999 0.8707708328124999 0.788828125 0.9044583328125 0.79259375 0.9135208328125 0.8303125 0.844625 0.8314375 0.8370833328125 0.8450156249999999 0.8335625
9 0.865671875 0.8168958328124999 0.8596406249999999 0.8299791671875001 0.870578125 0.8309791671875001 0.8751093750000001 0.8309791671875001 0.8826562499999999 0.8264583328124999 0.893578125 0.8098541671874999 0.89434375 0.78975 0.897359375 0.7837083328125 0.8898125 0.768625 0.88378125 0.7781875 0.8796250000000001 0.7817083328125001 0.870203125 0.79125 0.8679375 0.8043333328125 0.865671875 0.8168958328124999
9 0.673828125 0.83825 0.679390625 0.8188124999999999 0.6734843749999999 0.8127916671875001 0.6734843749999999 0.7966041671874999 0.668625 0.7961458328125001 0.6644687499999999 0.7989166671875 0.6648125 0.8095625 0.653703125 0.821125 0.65509375 0.8424166671875 0.6585625 0.8572083328125 0.6696718749999999 0.864625 0.6720937499999999 0.8632291671875001 0.673828125 0.83825
9 0.959921875 0.7853541671875 0.9717343749999999 0.7835 0.9739531250000001 0.7818333328125 0.971453125 0.7782916671875 0.9677031250000001 0.7738541671875 0.9650624999999999 0.7658750000000001 0.962140625 0.7642083328125 0.95865625 0.7651458328125 0.95671875 0.7671875 0.9545 0.772 0.9562968749999999 0.7757083328125 0.9529687499999999 0.7836666671875 0.95490625 0.7870208328125 0.95671875 0.7885 0.959921875 0.7853541671875
9 0.79415625 0.8532291671875001 0.7998125 0.8483541671875001 0.8061406249999999 0.842125 0.8048125 0.83725 0.8071406250000001 0.8332499999999999 0.8038125 0.8274791671875 0.8031406249999999 0.8221666671875001 0.8008124999999999 0.8146041671875001 0.794484375 0.8159375000000001 0.794828125 0.8230416671875 0.789828125 0.8261458328125 0.789828125 0.8328125 0.79415625 0.8376875 0.7905 0.8478958328124999 0.792484375 0.846125 0.79315625 0.8527916671875 0.79415625 0.8532291671875001
9 0.911734375 0.7721875 0.9249218750000001 0.7716875 0.937375 0.7706875 0.9369999999999999 0.7561041671875001 0.9415156250000001 0.759625 0.94303125 0.7576041671875 0.940390625 0.7430208328125001 0.933984375 0.7384999999999999 0.934734375 0.7254166671875 0.9268124999999999 0.7229166671875 0.9204062499999999 0.7375 0.917765625 0.737 0.91096875 0.7591249999999999 0.908328125 0.7631458328125 0.9136093750000001 0.7676666671875 0.911734375 0.7721875
9 0.9063437499999999 0.7887083328125 0.9063437499999999 0.7922083328125 0.9063437499999999 0.7958541671875 0.9180624999999999 0.7920625 0.917734375 0.7787708328125 0.917734375 0.7719166671875 0.9117031250000001 0.7719166671875 0.91325 0.7679791671875 0.911484375 0.7656458328125 0.9117031250000001 0.7678333328125 0.9117031250000001 0.7679791671875 0.907328125 0.7704583328125 0.902734375 0.7761458328125 0.9039375 0.7841875 0.9063437499999999 0.7887083328125
9 0.727265625 0.8063333328125 0.7223437500000001 0.7968541671875 0.71796875 0.7997708328125 0.71359375 0.8008541671874999 0.7125 0.8045 0.715234375 0.8074166671875 0.715234375 0.8085208328125001 0.711125 0.813625 0.7125 0.8143541671875001 0.728078125 0.8121666671875 0.727265625 0.8063333328125
9 0.78278125 0.8878541671875 0.7821875 0.8855000000000001 0.781015625 0.8792291671875001 0.780828125 0.8734791671875 0.7829843750000001 0.8661666671875 0.7829843750000001 0.8632916671875 0.780625 0.8632916671875 0.781609375 0.8622291671875001 0.780234375 0.8598750000000001 0.7794531250000001 0.8536041671874999 0.776515625 0.85125 0.7747499999999999 0.8517916671875 0.7735624999999999 0.8543958328124999 0.7735624999999999 0.8564791671875 0.7733749999999999 0.859625 0.772 0.859625 0.7716093749999999 0.8619791671874999 0.772 0.8643333328124999 0.772203125 0.8674583328125 0.77278125 0.8692916671875001 0.77415625 0.8729583328125001 0.7763125 0.8768750000000001 0.77828125 0.8794791671875 0.7776875000000001 0.8813124999999999 0.7763125 0.8823541671875 0.7733749999999999 0.882875 0.770625 0.8831458328125 0.7704375 0.8941250000000001 0.7812187500000001 0.8954166671875001 0.7817968750000001 0.8938541671875001 0.78278125 0.8878541671875
9 0.95565625 0.7887708328125 0.952890625 0.7841041671875 0.950359375 0.7832708328125 0.9494999999999999 0.7783125 0.948015625 0.7773333328125 0.9468593750000001 0.77125 0.9446249999999999 0.7694166671875 0.94134375 0.7711041671875 0.940078125 0.775625 0.938265625 0.7759166671875 0.9525781249999999 0.7924583328125 0.95596875 0.7931458328125001 0.95565625 0.7887708328125