9 0.653921875 0.6519166671875001 0.64621875 0.619375 0.6385 0.5834166671875 0.6286562499999999 0.5514375 0.62309375 0.5371666671875001 0.597390625 0.5131875 0.59525 0.5057708328125 0.537015625 0.4646666671875 0.530171875 0.450375 0.5233125000000001 0.43097916718749996 0.52503125 0.42012499999999997 0.531453125 0.4132708328125 0.535734375 0.41270833281249997 0.5528593749999999 0.40870833281249996 0.552015625 0.4012916671875 0.53915625 0.3681666671875 0.53959375 0.36475 0.53659375 0.3464791671875 0.5318906250000001 0.335625 0.52803125 0.3219166671875 0.504046875 0.301375 0.481359375 0.2985208328125 0.47450000000000003 0.2996666671875 0.46423437500000003 0.30993750000000003 0.44753125000000005 0.3213541671875 0.43757812500000004 0.3515208328125 0.44028124999999996 0.3672291671875 0.439390625 0.3877291671875 0.4448125 0.4142916671875 0.44390625000000006 0.42514583281249996 0.44662499999999994 0.42514583281249996 0.4520625 0.44204166718750004 0.462921875 0.45893750000000005 0.46654687499999997 0.4722291671875 0.462921875 0.47824999999999995 0.42942187499999995 0.49275 0.40679687500000006 0.5180833328125 0.40589062499999995 0.5386041671874999 0.39865625 0.5506666671875 0.378 0.6715833328125 0.374703125 0.6796458328125 0.373609375 0.6877083328125 0.3675625 0.6928333328125 0.36535937500000004 0.7199583328125 0.351078125 0.7470625 0.343375 0.7507291671874999 0.3356875 0.7529375 0.334578125 0.7573333328125 0.332390625 0.7573333328125 0.328546875 0.7675833328125 0.337328125 0.7946875 0.342828125 0.7917708328125 0.34503125 0.7939583328125 0.35217187499999997 0.7954166671875 0.359859375 0.7961666671875001 0.361515625 0.7925 0.3648125 0.7741666671874999 0.375796875 0.7800416671875 0.379640625 0.7844375 0.385140625 0.7881041671875 0.38679687500000004 0.7690416671875 0.384046875 0.7558541671875 0.3994375 0.75 0.399984375 0.7529375 0.39009375 0.77125 0.399984375 0.7785833328125 0.42140625 0.7851666671875 0.41481250000000003 0.7895625 0.403828125 0.7990833328125 0.40053124999999995 0.8086249999999999 0.40053124999999995 0.8115416671875 0.40437500000000004 0.8159375000000001 0.40878125 0.8203333328125 0.41646875000000005 0.8210625 0.4258125 0.8247291671875001 0.4335 0.8247291671875001 0.44559375 0.818875 0.450546875 0.818875 0.462078125 0.8225416671874999 0.47856249999999995 0.8232708328125 0.504953125 0.8159375000000001 0.672015625 0.8738333328125 0.66590625 0.7626875 0.663765625 0.7272708328124999 0.653921875 0.6519166671875001
8 0.342578125 0.8529583328125 0.361640625 0.8656666671875 0.38849999999999996 0.87375 0.42315625 0.8714583328125001 0.478609375 0.8310208328125 0.478609375 0.8229374999999999 0.450875 0.8171458328125001 0.42748437499999997 0.8263958328125 0.40409375000000003 0.8194583328125 0.40496875 0.8044583328125 0.411890625 0.7894375 0.413625 0.7848124999999999 0.384171875 0.777875 0.362515625 0.7986666671875 0.33218749999999997 0.7894375 0.342578125 0.8529583328125
8 0.923953125 0.7134166671875 0.9116875 0.7052291671875001 0.909640625 0.7065833328125 0.897359375 0.844375 0.8953125 0.86075 0.9035 0.8675833328125 0.923953125 0.7134166671875
8 0.9106093749999999 0.47631249999999997 0.9157500000000001 0.47847916718750005 0.930625 0.36383333281249997 0.9214218750000001 0.3609375 0.915203125 0.406375 0.9106093749999999 0.47631249999999997
8 0.907390625 0.2911666671875 0.774609375 0.28137500000000004 0.7716875 0.29312499999999997 0.9059375 0.3019166671875 0.907390625 0.2911666671875
8 0.866671875 0.043 0.8598750000000001 0.0817291671875 0.8474375000000001 0.17575000000000002 0.857234375 0.1787708328125 0.884015625 0.0032916671874999998 0.8719531249999999 0.004791667187499999 0.866671875 0.043
8 0.9385625 0.760375 0.93253125 0.7553541671875 0.9321406250000001 0.7437916671875 0.928375 0.7427708328125 0.9174374999999999 0.7724375 0.9985156249999999 0.8021041671875 1 0.7900416671875 0.9385625 0.760375
8 0.973296875 0.3675 0.948984375 0.4881041671875 0.96721875 0.4872083328125 0.98746875 0.3675 0.973296875 0.3675
8 0.8926875000000001 0.8659583328125 0.9074843749999999 0.7138958328125 0.8970625 0.7138958328125 0.8965156249999999 0.7160833328125 0.8833593750000001 0.8637708328124999 0.8926875000000001 0.8659583328125
8 0.8727656250000001 0.8542500000000001 0.8744375 0.8542500000000001 0.881171875 0.85875 0.8979843750000001 0.7152499999999999 0.88453125 0.7152499999999999 0.8727656250000001 0.8542500000000001
8 0.8063593750000001 0.8348333328124999 0.815578125 0.6762083328124999 0.752 0.6639166671875001 0.74071875 0.8279791671875 0.8063593750000001 0.8348333328124999
8 0.8333281250000001 0.8473333328124999 0.8441875 0.6880208328124999 0.820640625 0.6783750000000001 0.8115937499999999 0.8425208328125 0.8333281250000001 0.8473333328124999
8 0.9448437500000001 0.40791666718749997 0.9487187499999999 0.3613333328125 0.9385468749999999 0.3632916671875 0.9235 0.4745208328125 0.93271875 0.4803541671875 0.934171875 0.46547916718750004 0.9448437500000001 0.40791666718749997
8 0.63115625 0.6914166671875 0.6233593749999999 0.8630833328125 0.6740781250000001 0.8745208328125 0.6725156250000001 0.8547499999999999 0.65846875 0.6695625 0.6319375 0.5540833328125 0.6022968750000001 0.5156041671875 0.5999531250000001 0.522875 0.621015625 0.6008958328125 0.63115625 0.6914166671875
8 0.157390625 0.9821666671875 0.18653124999999998 0.9743958328125 0.19042187500000002 0.9355416671875 0.19042187500000002 0.8655833328125 0.326421875 0.9277708328125 0.34003125 0.8811249999999999 0.291453125 0.5754374999999999 0.07771875 0.5287916671875 0.0660625 0.5365624999999999 0.12240625000000001 0.8370833328125 0.13018749999999998 0.8500416671875 0.116578125 0.9510833328125001 0.157390625 0.9821666671875
8 0.9158125 0.0132916671875 0.902203125 0.17239583281249998 0.9116250000000001 0.179375 0.9262812500000001 0.0174791671875 0.9158125 0.0132916671875
8 0.93284375 0.4820208328125 0.9362656250000001 0.48658333281250005 0.9448124999999999 0.48581250000000004 0.9647656250000001 0.3672708328125 0.9516562499999999 0.3634791671875 0.93284375 0.4820208328125
8 0.975 1 0.978125 0.9916666671875 0.984375 0.9895833328125001 0.9859375 0.9791666671874999 0.9921875 0.9770833328125 0.990625 0.9270833328125001 0.978125 0.9270833328125001 0.96875 0.9229166671875 0.959375 0.9125 0.9359375 0.9104166671874999 0.921875 0.89375 0.875 0.8791666671874999 0.871875 0.8770833328125001 0.871875 0.8708333328125001 0.8796875 0.8625 0.8828125 0.8541666671874999 0.8890625 0.8 0.890625 0.7791666671875 0.8796875 0.7729166671875001 0.884375 0.71875 0.8921875 0.7166666671875 0.890625 0.7083333328125 0.8828125 0.7 0.892633928125 0.6583333328125 0.9046875 0.675 0.9203125 0.6770833328125 0.928125 0.66875 0.9359375 0.6395833328125 0.9359375 0.59375 0.928125 0.5791666671875 0.91875 0.5770833328125 0.91875 0.4916666671875 0.9265625 0.4916666671875 0.9328125 0.48541666718750004 0.9328125 0.48125 0.9296875 0.4791666671875 0.9307291671875 0.47430555625000004 0.934375 0.47291666718750003 0.9375 0.45416666718750004 0.963616071875 0.4604166671875 0.9703125 0.47083333281249995 0.9671875 0.4895833328125 0.9734375 0.49583333281249997 0.9859375 0.49583333281249997 0.99375 0.4875 0.9984375 0.46875 0.971875 0.4604166671875 0.9859375 0.36875 0.9921875 0.36666666718749996 0.9875 0.3604166671875 0.9921875 0.35625 0.9984375 0.35625 0.9265625 0.35208333281250004 0.915625 0.36666666718749996 0.7796875 0.2958333328125 0.7796875 0.2833333328125 0.884375 0.28958333281250004 0.909375 0.29375 0.91875 0.2770833328125 0.925 0.2770833328125 0.9328125 0.26875 0.9359375 0.2604166671875 0.9359375 0.2479166671875 0.9296875 0.23541666718749998 0.925 0.20833333281250002 0.9359375 0.20625 0.940625 0.20208333281250002 0.9578125 0.2 0.9625 0.1916666671875 0.9625 0.1270833328125 0.9578125 0.07291666718749999 0.9609375 0.0625 0.9609375 0.0166666671875 0.9546875 0.0020833328125000002 0.925 0.0020833328125000002 0.9234375 0.0166666671875 0.9171875 0.014583332812499999 0.9078125 0.0020833328125000002 0.896875 0.0020833328125000002 0.8880208328125001 0.006944443749999999 0.8828125 0.0041666671875 0.871875 0.00625 0.8609375 0.0020833328125000002 0.8546875 0.014583332812499999 0.6875 0.00625 0.5828125 0.00625 0.58125 0.010416667187500001 0.578125 0.010416667187500001 0.5765625 0.00625 0.553125 0.0083333328125 0.5234375 0.0041666671875 0.5234375 0.0166666671875 0.5359375 0.0229166671875 0.5515625 0.025 0.5546875 0.029166667187500002 0.5463983046875 0.0397598875 0.17547669531250001 0.0248234453125 0.1734375 0.029166667187500002 0.1675847453125 0.02450565 0.1640625 0.0270833328125 0.1625 0.0083333328125 0.159375 0 0.1296875 0.0020833328125000002 0.128125 0.00625 0.1341481859375 0.012886425000000002 0.128125 0.0229166671875 0.1359375 0.0354166671875 0.1515625 0.0395833328125 0.184375 0.07291666718749999 0.18835685468750002 0.0726142484375 0.1890625 0.0770833328125 0.194380040625 0.0792506734375 0.21847278281250002 0.1057963703125 0.225 0.10833333281249999 0.22449596718749998 0.11243279531249999 0.228125 0.11041666718750001 0.23125 0.1145833328125 0.23051915312500001 0.1190692203125 0.8509072578125 0.80262096875 0.8484375 0.85625 0.853125 0.8645833328125001 0.85 0.86875 0.803125 0.8541666671874999 0.765625 0.8541666671874999 0.7546875 0.86875 0.7484375 0.8708333328125001 0.740625 0.8833333328125 0.740625 0.9 0.7484375 0.9125 0.759375 0.9145833328125 0.7921875 0.9333333328125001 0.8109375 0.9333333328125001 0.8109375 1 0.975 1