8 0.762421875 0.3118161921875 0.76121875 0.3242013125 0.7640625 0.3433041578125 0.771859375 0.359890590625 0.778453125 0.361772428125 0.788203125 0.3655579875 0.79240625 0.3638730859375 0.8012499999999999 0.359890590625 0.807390625 0.348971553125 0.8139843750000001 0.331750546875 0.812640625 0.3141137859375 0.8055937500000001 0.3019474828125 0.797203125 0.2945951859375 0.78640625 0.2914442015625 0.777109375 0.2937636765625 0.77021875 0.298161925 0.762421875 0.3118161921875
9 0.33592187500000004 0.504551421875 0.342421875 0.5004157546875 0.34478125 0.5243763671874999 0.345953125 0.5375929984375001 0.34182812500000004 0.5814004374999999 0.33475 0.589649890625 0.32884375 0.60369803125 0.33532812500000003 0.60369803125 0.35009375 0.6070240703125 0.34950000000000003 0.5913129109375 0.35539062499999996 0.5756017499999999 0.355984375 0.5541356671875 0.35834375 0.5301531734375 0.36365625 0.540087528125 0.368375 0.5689934359375 0.365421875 0.5847045953125 0.36129687499999996 0.597089715625 0.366015625 0.6012253828125 0.377234375 0.60536105 0.376046875 0.5871772421875 0.379 0.55 0.37309375 0.5268490156250001 0.37487499999999996 0.5144638953125 0.37487499999999996 0.46652078750000003 0.372515625 0.4185995625 0.366609375 0.3962800875 0.36778125 0.382231946875 0.36365625 0.367352296875 0.35421874999999997 0.365711159375 0.351859375 0.367352296875 0.34890625000000003 0.3698468265625 0.34771874999999997 0.380590809375 0.34890625000000003 0.39380743906250004 0.35303125 0.402078775 0.351859375 0.41115973749999996 0.34831249999999997 0.42190372031249995 0.347140625 0.435951859375 0.345359375 0.4698249453125 0.33768750000000003 0.4847045953125 0.3335625 0.49214442031249994 0.331796875 0.49711159687500006 0.33296875 0.4995842453125 0.33592187500000004 0.504551421875
9 0.67234375 0.38542669531249996 0.6741875 0.39512035 0.6705 0.399649890625 0.6705 0.4106564546875 0.6681874999999999 0.44428884062499996 0.6640312500000001 0.46886214375 0.664953125 0.47080962812499993 0.6695781249999999 0.47402625781249996 0.673265625 0.44816192499999996 0.67465625 0.4863238515625 0.6774218750000001 0.5012035015625 0.6834374999999999 0.535470459375 0.67234375 0.5438949671875 0.673265625 0.55229759375 0.692203125 0.5529540484375 0.69590625 0.547768053125 0.692671875 0.53741794375 0.69728125 0.514792121875 0.694515625 0.49601750625 0.696828125 0.4850328234375 0.69728125 0.4475273515625 0.7000625 0.42940919062500005 0.69775 0.4080525171875 0.688515625 0.3912472640625 0.6908125 0.37960612656250003 0.6880468750000001 0.36601750625 0.6778906250000001 0.367308534375 0.679734375 0.367308534375 0.673734375 0.37442013125 0.67234375 0.38542669531249996
9 0.633828125 0.531291028125 0.64303125 0.5332385125 0.649484375 0.5332385125 0.6517968749999999 0.5293654265625001 0.653171875 0.5177461703125 0.656859375 0.5080743984375 0.658703125 0.49450765937499996 0.657328125 0.48676148750000003 0.659625 0.4835448578125 0.6656093750000001 0.48030634531249994 0.66653125 0.48612691406249997 0.667453125 0.4951641140625 0.667453125 0.5125820562500001 0.667453125 0.5235448578125 0.66653125 0.531291028125 0.664234375 0.53582056875 0.6656093750000001 0.5390371984375 0.6706875 0.5377461703125 0.672984375 0.5351641140625001 0.673453125 0.5190371984375 0.67390625 0.5016192562499999 0.6743750000000001 0.48225382968749997 0.67390625 0.46483588593749997 0.6697656249999999 0.4738730859375 0.6646875 0.47000000000000003 0.667 0.46417943125 0.667 0.457089715625 0.667921875 0.4467614875 0.669296875 0.43772428906250005 0.669296875 0.42868708906249997 0.669296875 0.419649890625 0.669296875 0.40803063437500003 0.6706875 0.39835886249999997 0.671609375 0.391269146875 0.6720625 0.3815754921875 0.67021875 0.376411378125 0.667453125 0.373829321875 0.662859375 0.37253829375 0.659171875 0.37512035 0.657328125 0.3789934359375 0.655484375 0.3893216625 0.65825 0.402231946875 0.659171875 0.40739606093749997 0.655484375 0.419649890625 0.653171875 0.42997811874999997 0.655015625 0.43772428906250005 0.655484375 0.44481400468750004 0.655484375 0.453851203125 0.653640625 0.465470459375 0.649484375 0.4809628015625 0.64671875 0.49838074375 0.644421875 0.5164551421875 0.64165625 0.5235448578125 0.637046875 0.5254923406249999 0.6388906249999999 0.5242013125 0.635203125 0.5254923406249999 0.633828125 0.531291028125
9 0.856359375 0.7985995625 0.8654531249999999 0.727571115625 0.8654531249999999 0.685689278125 0.85765625 0.5582056890625 0.8914687499999999 0.6292122531250001 0.90446875 0.6055361046875001 0.9213749999999999 0.545448578125 0.903171875 0.5308752734375 0.8979687500000001 0.5272428890625 0.892765625 0.5727571109375 0.8823593750000001 0.5308752734375 0.87715625 0.49080962812499995 0.8615468749999999 0.4780525171875 0.8433437500000001 0.45621444218749996 0.842046875 0.427067834375 0.86415625 0.3851859953125 0.855046875 0.361509846875 0.845953125 0.3530853390625 0.82384375 0.3457986875 0.8069375000000001 0.3804157546875 0.801734375 0.41135667343750004 0.8134375 0.42774617031249995 0.7939375 0.447789934375 0.774421875 0.4405032828125 0.78353125 0.3968052515625 0.8030312500000001 0.3640043765625 0.7926249999999999 0.35855579843749996 0.77571875 0.35490153125 0.753609375 0.3530853390625 0.770515625 0.3949671765625 0.753609375 0.44415755 0.77571875 0.5406783374999999 0.774421875 0.6390153171875 0.76271875 0.6827133484375 0.754921875 0.7155142234375 0.74971875 0.813851203125 0.747109375 0.8266083156249999 0.7640156250000001 0.92857768125 0.73671875 0.9468052515625001 0.74190625 0.9722975937499999 0.7926249999999999 0.9722975937499999 0.78353125 0.91765864375 0.774421875 0.9158424500000001 0.780921875 0.8557330421874999 0.774421875 0.804748359375 0.786125 0.7628665203125 0.8134375 0.7610284468749999 0.82775 0.7828884031250001 0.82775 0.8393435453125001 0.831640625 0.8666739609375 0.8290468750000001 0.90673960625 0.8329375000000001 0.9413347921874999 0.8186406249999999 0.9631947484375001 0.82775 1 0.856359375 0.9952735234375 0.845953125 0.9461050328124999 0.86415625 0.8750765859375 0.858953125 0.8368490156249999 0.856359375 0.7985995625
9 0.55553125 0.37956236250000003 0.55553125 0.3823851203125 0.556875 0.38894967187499996 0.56021875 0.39080962812500003 0.5629062499999999 0.393632384375 0.56425 0.4001969359375 0.5629062499999999 0.40864332656249996 0.562234375 0.4142669578125 0.5615625 0.419912471875 0.562234375 0.433041575 0.5662499999999999 0.48277899375000005 0.568265625 0.5043544859375 0.571609375 0.522188184375 0.573625 0.5231291031249999 0.581671875 0.5071772421875 0.581 0.48652078750000005 0.581 0.47150984687499997 0.583 0.44336980312499996 0.58434375 0.43021881874999995 0.581671875 0.4067614875 0.574296875 0.387067834375 0.572953125 0.38144420156250003 0.571609375 0.37862144375 0.5702812500000001 0.37393873125 0.56759375 0.3692341359375 0.56425 0.365492340625 0.554203125 0.3701750546875 0.55553125 0.37956236250000003
9 0.598734375 0.5219474828124999 0.5994843750000001 0.5354923406250001 0.616953125 0.5261269140625 0.61471875 0.5131072203125 0.6180625 0.480831509375 0.620296875 0.4340043765625 0.6228906249999999 0.4157986875 0.6173124999999999 0.395492340625 0.6135937499999999 0.372078775 0.606171875 0.372078775 0.5998593750000001 0.3762363234375 0.5980000000000001 0.3923851203125 0.6046875 0.40175054687499995 0.5957656250000001 0.4121444203125 0.59315625 0.4308971546875 0.5994843750000001 0.434529540625 0.60021875 0.4912472640625 0.602828125 0.49750547031250003 0.605796875 0.5089496718750001 0.598734375 0.5219474828124999
9 0.745125 0.5397374171875 0.7488125 0.5171553609374999 0.7409687500000001 0.4971553609375 0.7442031250000001 0.4668271328125 0.747421875 0.4526258203125 0.755265625 0.4313347921875 0.75434375 0.414551421875 0.7382187499999999 0.3964770234375 0.73775 0.3835667390625 0.734984375 0.3764770234375 0.7230000000000001 0.3738949671875 0.720703125 0.374551421875 0.722078125 0.38614879687500003 0.721625 0.3938949671875 0.72346875 0.39455142187500003 0.72853125 0.400350109375 0.7253125 0.40617067812499996 0.7230000000000001 0.40875273593749994 0.720234375 0.43326039375000003 0.7193125 0.4390809625 0.72115625 0.46100656406249996 0.7165468749999999 0.4739168484375 0.7165468749999999 0.483610503125 0.72346875 0.48877461718750004 0.723921875 0.49199124687499995 0.723921875 0.4990809625 0.7299218749999999 0.5074835890625 0.730375 0.5100656453125 0.733609375 0.5391028453125 0.7345312500000001 0.5449015312500001 0.734984375 0.5461925609375 0.7253125 0.5533041578125 0.7253125 0.5603938734375 0.736375 0.5707221 0.747421875 0.5681400437499999 0.74834375 0.5571772421875 0.746046875 0.5429759296875 0.745125 0.5397374171875
9 0.8803046875 0.46399343593750003 0.87253125 0.46343544843749995 0.879591796875 0.47512855624999994 0.87887890625 0.4862636765625 0.871140625 0.4841356671875 0.878166015625 0.49739879687500005 0.8774531250000001 0.5085339171875 0.8803750000000001 0.5106564546875 0.8767402343749999 0.5196690375 0.8826875 0.5274835890625 0.87602734375 0.5308041578125 0.872462890625 0.586479759375 0.8730625 0.5964551421875 0.866765625 0.6029540484375 0.8604687500000001 0.6038949671875 0.862125 0.6145733046874999 0.8770468749999999 0.6124945296875 0.87903125 0.619912471875 0.8859999999999999 0.6127133484375 0.88865625 0.619912471875 0.8924687499999999 0.6131728671875 0.8982812499999999 0.619912471875 0.9004218749999999 0.6110940921875 0.89959375 0.6062144421875 0.878703125 0.6083150984375 0.8960781250000001 0.55118161875 0.8886875 0.54536105 0.89378125 0.5421225390625 0.898390625 0.5356455140625 0.9002343749999999 0.5253172859374999 0.904859375 0.5227133484375 0.9057812500000001 0.4987964984375 0.9030156249999999 0.47680525156250003 0.9154843749999999 0.4735667390625 0.9159375000000001 0.4651641140625 0.910859375 0.4360393875 0.8928437499999999 0.41623632343750006 0.8928437499999999 0.4104157546875 0.8956250000000001 0.4065207875 0.8993125 0.3897155359375 0.8933125000000001 0.3793654265625 0.886390625 0.38 0.882234375 0.3864770234375 0.8794375000000001 0.40547045937500004 0.8803750000000001 0.4149452953125 0.8831562500000001 0.4194529546875 0.8798281250000001 0.421728665625 0.882443359375 0.430588075 0.87253125 0.4324070015625 0.88173046875 0.44172319531250004 0.874375 0.4511597375 0.881017578125 0.452858315625 0.8803046875 0.46399343593750003
9 0.578171875 0.398468271875 0.583875 0.41487965000000004 0.5842031249999999 0.43041575468750004 0.582609375 0.4477242890625 0.58165625 0.469912471875 0.58134375 0.4845733046875 0.581984375 0.50142231875 0.5829375 0.5018818375 0.584828125 0.49921225312499995 0.5829375 0.49433260468749995 0.5835625 0.4894529546875 0.584515625 0.48544857812500003 0.58515625 0.4810065640625 0.584828125 0.47080962812499993 0.584828125 0.46015317343750006 0.584515625 0.4543763671875 0.586421875 0.44862144375 0.5876875 0.4499562359375 0.590859375 0.45172866562499997 0.593078125 0.44949671718750006 0.59434375 0.441509846875 0.591171875 0.43529540468750005 0.591171875 0.427308534375 0.59053125 0.41621444218750003 0.59053125 0.4104376375 0.588953125 0.403347921875 0.5835625 0.3966958421875 0.578171875 0.39446389531250003 0.57721875 0.3909190375 0.577546875 0.38380743906250003 0.5759531250000001 0.3749452953125 0.570890625 0.37422319531250003 0.570890625 0.3744857765625 0.5746875 0.3886870890625 0.578171875 0.398468271875
9 0.547015625 0.5358643328125 0.55021875 0.514310721875 0.55984375 0.54485776875 0.56240625 0.559212253125 0.55278125 0.5673085343750001 0.5617656249999999 0.5762800875 0.57715625 0.572691465625 0.575234375 0.5619037203125 0.565609375 0.5322757109375 0.55790625 0.5134135671875 0.556625 0.48557986875000003 0.55984375 0.45864332656249995 0.56240625 0.4191247265625 0.559203125 0.404748359375 0.554703125 0.3903938734375 0.55278125 0.37870897187499997 0.548296875 0.365229759375 0.538671875 0.3688402625 0.53675 0.387680525 0.53803125 0.39398249375 0.538671875 0.4020568921875 0.534828125 0.404748359375 0.5341875 0.4155361046875 0.534828125 0.42271334843749997 0.534828125 0.44067833749999996 0.5341875 0.45864332656249995 0.5341875 0.47299781249999995 0.534828125 0.48557986875000003 0.53803125 0.4999562359375 0.5393125000000001 0.5259956234375001 0.532265625 0.55741794375 0.523921875 0.562800875 0.5187968749999999 0.572691465625 0.5245625 0.5762800875 0.54059375 0.573588621875 0.542515625 0.572691465625 0.542515625 0.5700000000000001 0.547015625 0.5358643328125
9 0.2754375 0.530809628125 0.27673437500000003 0.5315317281249999 0.280390625 0.5315317281249999 0.28403125 0.5293435453125 0.28507812499999996 0.5246170671875 0.28507812499999996 0.5202407 0.28559375 0.5133041578124999 0.2881875 0.5034573296875 0.29028125 0.49326039374999997 0.2944375 0.4699343546875 0.297296875 0.47175054687499995 0.30485937500000004 0.4699343546875 0.305625 0.4750328234375 0.3069375 0.48050328281250004 0.307453125 0.487067834375 0.30771875 0.49216630156249996 0.309796875 0.49945295468750006 0.31240625 0.508927790625 0.31448437500000004 0.5165864328125 0.31448437500000004 0.523150984375 0.31421875 0.5278993437499999 0.315265625 0.528971553125 0.321765625 0.5297155359375 0.32540625 0.5278993437499999 0.32618749999999996 0.5246170671875 0.32229687500000004 0.523150984375 0.3196875 0.5198687093750001 0.318125 0.5078336984375 0.316046875 0.487067834375 0.31240625 0.460087528125 0.312140625 0.455711159375 0.311625 0.4513347921875 0.309796875 0.44695842499999994 0.309796875 0.44076586406249996 0.30928125 0.4345733046875 0.30928125 0.42547045937499994 0.31240625 0.42940919062500005 0.312796875 0.43549234062500003 0.31359375 0.44045951875 0.315171875 0.44433260468749997 0.3179375 0.4498468265625 0.321875 0.455929978125 0.323453125 0.46035010937500004 0.328984375 0.4642231953125 0.328578125 0.4631072203125 0.327 0.45814004375 0.325421875 0.45426695781250004 0.32425000000000004 0.4509628015625 0.3179375 0.4299562359375 0.31240625 0.4095186 0.309640625 0.4012253828125 0.30648437500000003 0.398468271875 0.3080625 0.39240700156249997 0.30846874999999996 0.3841137859375 0.30648437500000003 0.3769365421875 0.29900000000000004 0.3752735234375 0.29584375 0.3769365421875 0.29307812499999997 0.391291028125 0.29584375 0.3973741796875 0.293859375 0.40013129062499997 0.291109375 0.40179431093750007 0.28834375 0.4034354484375 0.28518750000000004 0.4067614875 0.284 0.4122757109375 0.283609375 0.4183588625 0.282421875 0.42389496718749997 0.28123437500000004 0.4321663015625 0.280453125 0.43824945312499997 0.278875 0.44433260468749997 0.278078125 0.45041575468749995 0.2776875 0.4570459515625 0.27571875 0.4631072203125 0.27532812500000003 0.46698030625 0.27571875 0.4680962796875 0.277296875 0.469190371875 0.2800625 0.4675273515625 0.28123437500000004 0.4642231953125 0.282421875 0.45538293281250003 0.28321874999999996 0.4498468265625 0.284 0.4454266953125 0.28596875 0.44100656406249994 0.288734375 0.4305251640625 0.288734375 0.433282275 0.288734375 0.44487965 0.287953125 0.4526258203125 0.286765625 0.4586870890625 0.28518750000000004 0.46588621406249997 0.28321874999999996 0.4774835890625 0.278875 0.5172647703125001 0.277 0.52533916875 0.27518750000000003 0.5278993437499999 0.2754375 0.530809628125
9 0.061781249999999996 0.5099562359375 0.063734375 0.492800875 0.065203125 0.48387308593749995 0.0725625 0.48387308593749995 0.075015625 0.48387308593749995 0.07696875 0.501028446875 0.07990625 0.5250547046875 0.081375 0.5387746171875001 0.08089062500000001 0.5470240703125 0.09215625 0.55045951875 0.096078125 0.543588621875 0.0911875 0.536717725 0.08825 0.5319256015625 0.08628125 0.512691465625 0.08628125 0.4975929984375 0.085796875 0.4811159734375 0.086765625 0.47150984687499997 0.0911875 0.4612253828125 0.0911875 0.4406345734375 0.0911875 0.4207221 0.088734375 0.40150984687499996 0.081875 0.39807439843750003 0.074515625 0.39463895 0.0720625 0.37886214375 0.06471875 0.372669584375 0.06079687499999999 0.3768052515625 0.059812500000000005 0.387089715625 0.061281249999999995 0.3973960609375 0.06079687499999999 0.40150984687499996 0.051484375000000006 0.40630196874999996 0.04903125 0.4248358859375 0.0475625 0.44336980312499996 0.04903125 0.458468271875 0.051000000000000004 0.4701531734375 0.053937500000000006 0.47905908124999996 0.053937500000000006 0.500350109375 0.053437500000000006 0.5106345734375 0.051968749999999994 0.529168490625 0.051968749999999994 0.542910284375 0.051484375000000006 0.5538730859375 0.053937500000000006 0.555951859375 0.053437500000000006 0.5531947484375 0.06275 0.54838074375 0.061281249999999995 0.533282275 0.06079687499999999 0.52094091875 0.061781249999999996 0.5099562359375
9 0.250515625 0.49551422343749996 0.250515625 0.48765864375 0.25471875 0.45763676093749994 0.2571875 0.4571334796875 0.26 0.46452954062499996 0.2645625 0.49601750625 0.26351562500000003 0.5019256015625 0.27053125 0.50536105 0.276515625 0.502910284375 0.27404687499999997 0.49700218749999997 0.27159374999999997 0.4871553609375 0.26984375 0.4763238515625 0.26773437499999997 0.4512253828125 0.26773437499999997 0.44336980312499996 0.269140625 0.43549234062500003 0.268078125 0.41087527343749997 0.268078125 0.4020131296875 0.26351562500000003 0.4020131296875 0.26351562500000003 0.392188184375 0.26140625 0.38234135625 0.2571875 0.381838075 0.25192187499999996 0.3857768046875 0.25192187499999996 0.3956236328125 0.24874999999999997 0.3995623625 0.24453125 0.4044857765625 0.2459375 0.4487746171875 0.2459375 0.460087528125 0.2459375 0.4723851203125 0.24312499999999998 0.503391684375 0.2459375 0.5078336984375 0.24840625 0.5068490156250001 0.250515625 0.49551422343749996
9 0.4640625 0.4179431078125 0.4775390625 0.4474835890625 0.4671875 0.45514223125 0.4671875 0.496717725 0.471875 0.503282275 0.4828125 0.503282275 0.4953125 0.494529540625 0.5171875 0.5098468265625 0.5265625 0.5098468265625 0.53125 0.5010940921875 0.5296875 0.47483588593750004 0.5165625 0.4595186 0.51796875 0.449671771875 0.528125 0.44201312968749995 0.53125 0.409190371875 0.514625 0.3807439828125 0.5203125 0.3785557984375 0.52253125 0.3807439828125 0.67275 0.3807439828125 0.8578125 0.4157549234375 0.8578125 0.47483588593750004 0.871875 0.4879649890625 0.8734375 0.43326039375000003 0.8796875 0.422319475 0.88125 0.382932165625 0.8734375 0.371991246875 0.8640625 0.376367615625 0.8625 0.3807439828125 0.68065625 0.3807439828125 0.5078125 0.371991246875 0.50671875 0.3807439828125 0.5 0.37746170625 0.4988125 0.3807439828125 0.4921875 0.382932165625 0.484375 0.371991246875 0.483 0.3807439828125 0.47509375 0.3807439828125 0.475 0.371991246875 0.19046875000000002 0.3730853390625 0.4671875 0.3807439828125 0.4640625 0.398249453125 0.47062499999999996 0.405908096875 0.4640625 0.4179431078125