0 0.41729403437499996 0.60068560625 0.419109375 0.5998541671875001 0.419109375 0.6036875 0.4227073859375 0.6084715921875 0.41801562499999995 0.6104375 0.41550000000000004 0.6166875 0.40393749999999995 0.6214999999999999 0.398890625 0.6320833328125001 0.39853125 0.6455625 0.40214062500000003 0.6701041671875 0.41476562499999997 0.6835833328125 0.42126562500000003 0.6802083328124999 0.43065625 0.6681874999999999 0.43209375000000005 0.6522916671875 0.4295625 0.637375 0.4353489578125 0.6351388890624999 0.43894744374999994 0.6318295453125 0.44436079531250006 0.63961553125 0.44148437500000004 0.6446041671875 0.4497741484375 0.6474015140625 0.458078125 0.6604791671875 0.451578125 0.6681874999999999 0.458078125 0.66625 0.454109375 0.6797291671875 0.45915625000000004 0.6869375 0.46746875 0.6917500000000001 0.47540625 0.6898333328125 0.47143750000000006 0.6777916671875001 0.47540625 0.6672083328125 0.47973437499999994 0.662875 0.48875 0.663375 0.48875 0.6460416671875 0.483703125 0.637375 0.4743125 0.6248750000000001 0.46529687500000005 0.6224583328125 0.4649375 0.6176458328125001 0.458796875 0.6147708328125 0.4523125 0.6272708328125 0.448328125 0.6065833328125 0.43353125 0.5695416671875 0.43353125 0.57675 0.43534375000000003 0.5791458328125 0.43065625 0.5969583328125 0.424875 0.5887708328125 0.41765625 0.5902291671875 0.41332812499999994 0.5858958328125 0.417296875 0.5786770828125001 0.41079687500000006 0.5757916671875 0.41693749999999996 0.567125 0.411890625 0.567125 0.40321875 0.5726666671875 0.39709374999999997 0.5647291671875 0.395640625 0.5695416671875 0.41188068125 0.5928996203125 0.41332812499999994 0.5974375000000001 0.41729403437499996 0.60068560625
9 0.362609375 0.5224791671875 0.363 0.5310208328125 0.3645 0.5390625 0.36940625 0.5400833328125 0.37129687499999997 0.5315208328125001 0.37015625 0.5169374999999999 0.37015625 0.505875 0.36865625 0.49783333281250003 0.366765625 0.4907916671875 0.365640625 0.48175 0.364125 0.47922916718749997 0.360359375 0.4777291671875 0.35884375 0.48175 0.356578125 0.48727083281250005 0.355828125 0.49029166718750006 0.3535625 0.49381250000000004 0.3531875 0.5008541671875 0.356578125 0.506375 0.356203125 0.5114166671875 0.356578125 0.5400833328125 0.360734375 0.5410833328125 0.35959375 0.5390625 0.360359375 0.5335416671875 0.362609375 0.5224791671875
9 0.454453125 0.5927291671875 0.45257812499999994 0.5778125000000001 0.47184375 0.5546249999999999 0.46873437500000004 0.5339166671875 0.45196875 0.49914583281249997 0.445125 0.48589583281250004 0.438921875 0.4676666671875 0.427109375 0.4701458328125 0.42153124999999997 0.47760416718750004 0.422765625 0.49583333281249997 0.412203125 0.5165416671874999 0.40289062500000006 0.5653958328125 0.408484375 0.5761666671875 0.417171875 0.5488333328125 0.4265 0.5248125 0.4370625 0.541375 0.43581250000000005 0.5844375 0.44015624999999997 0.6341458328125 0.44140625 0.649875 0.43581250000000005 0.6672708328125 0.434578125 0.66975 0.45320312500000004 0.6664375 0.454453125 0.6449166671875 0.458171875 0.6150833328124999 0.454453125 0.5927291671875
9 0.118296875 0.560875 0.11740625 0.5549999999999999 0.130046875 0.5412916671875 0.1318125 0.5365833328125 0.12593749999999998 0.5236666671875 0.1268125 0.5193541671874999 0.124171875 0.5087708328125 0.118 0.50525 0.118 0.49820833281250004 0.109765625 0.4962291671875 0.10682812500000001 0.5028958328125 0.11095312500000001 0.5099583328125 0.10918749999999999 0.5279791671875 0.10771875 0.5538333328125 0.10801562499999999 0.5651875000000001 0.113296875 0.5734166671875001 0.10653125000000001 0.5843958328125 0.10889062499999999 0.5855625 0.118875 0.5851666671875 0.12357812500000001 0.5851666671875 0.1276875 0.57225 0.118296875 0.560875
9 0.13871875 0.4980416671875 0.14209375 0.5015 0.14209375 0.5101458328125 0.137953125 0.529875 0.140015625 0.5385208328125 0.14028125 0.5440416671875 0.13925 0.5616875 0.1325 0.5779375 0.12368749999999999 0.5789791671875 0.126796875 0.5848541671875 0.13639062500000002 0.590375 0.138203125 0.583125 0.141578125 0.5765625 0.150140625 0.5533750000000001 0.15946875 0.5775833328125 0.15687500000000001 0.5858958328125 0.16778125 0.5838125 0.1651875 0.56825 0.15921875000000002 0.5464583328125 0.16 0.5419791671875 0.1584375 0.5094583328125 0.154546875 0.4980416671875 0.15428124999999998 0.4932083328125 0.14703125 0.48491666718750004 0.143140625 0.483875 0.13768750000000002 0.48802083281249997 0.13871875 0.4980416671875
9 0.15375 0.4996875 0.158109375 0.5074375 0.1595625 0.5300208328125 0.160046875 0.5435833328124999 0.160046875 0.5526041671875 0.166828125 0.572625 0.169734375 0.5629375 0.176015625 0.5719791671875 0.1784375 0.584875 0.181828125 0.5842291671875001 0.18425 0.5732708328125 0.180859375 0.5655208328125 0.170703125 0.5513125 0.176015625 0.5397083328125001 0.176984375 0.5255 0.1711875 0.5061458328125 0.163921875 0.5003333328124999 0.160046875 0.4958125 0.160046875 0.4880833328125 0.15423437499999998 0.4880833328125 0.15375 0.4996875
9 0.516421875 0.4759166671875 0.51071875 0.48075 0.512796875 0.49458333281250005 0.51434375 0.5122291671875 0.515125 0.5194791671875 0.51875 0.5201666671875 0.51953125 0.5149791671874999 0.5221250000000001 0.5174166671875 0.521875 0.5374583328125 0.5255 0.5461041671875 0.528609375 0.5429999999999999 0.52653125 0.5357291671875 0.52653125 0.5142916671875 0.528609375 0.5077291671874999 0.531203125 0.48525 0.52290625 0.47520833281249997 0.5221250000000001 0.46622916718749996 0.522390625 0.46587500000000004 0.514609375 0.4655416671875 0.516421875 0.4759166671875
0 0.257140625 0.5312708328125 0.256171875 0.538375 0.253265625 0.5461041671875 0.252296875 0.5532083328125 0.250359375 0.5545 0.2479375 0.5480416671875 0.24842187500000001 0.54225 0.24890625000000002 0.5409583328124999 0.246484375 0.5345 0.24309375000000003 0.5435416671875 0.24260937500000002 0.5525625 0.24503124999999998 0.5570833328125 0.24987499999999999 0.5577291671875 0.254234375 0.5570833328125 0.256171875 0.5493333328125 0.25906250000000003 0.5577291671875 0.25906250000000003 0.5590208328124999 0.264875 0.5564375 0.264875 0.5506249999999999 0.26584375 0.5441666671875 0.262453125 0.5351458328125 0.26584375 0.5151458328125 0.265359375 0.5132083328125 0.257625 0.5177083328125 0.25375000000000003 0.5215833328125 0.25665625 0.52675 0.25665625 0.530625 0.257140625 0.5312708328125
8 0.466578125 0.6795625000000001 0.47964062500000004 0.6990208328125 0.5188125 0.7276875 0.5533750000000001 0.756375 0.564890625 0.7584166671875 0.5664374999999999 0.7379374999999999 0.564890625 0.7195 0.5410781250000001 0.6990208328125 0.49576562500000004 0.6672708328125 0.48040625 0.6601041671875 0.466578125 0.6672708328125 0.466578125 0.6795625000000001
9 0.5801406250000001 0.42793749999999997 0.5654375 0.4289166671875 0.5602968749999999 0.44166666718750003 0.5647031250000001 0.46618750000000003 0.57646875 0.4798958328125 0.5838125 0.48677083281250005 0.5875 0.4926458328125 0.5963125 0.5298958328125 0.586765625 0.543625 0.5617656249999999 0.5573541671875 0.56103125 0.5916666671875 0.5470625 0.5926458328125 0.5397031250000001 0.6014583328125 0.5463281249999999 0.6093124999999999 0.558828125 0.6132291671875 0.56984375 0.618125 0.577203125 0.618125 0.580875 0.5779375 0.6029375 0.5759791671875 0.60440625 0.5847916671875 0.59190625 0.6269583328125 0.57940625 0.7083333328125 0.56690625 0.7328333328125 0.5632343750000001 0.743625 0.571328125 0.7475416671875 0.5845625 0.743625 0.594109375 0.7230208328125001 0.600734375 0.7043958328125 0.6125 0.6367499999999999 0.643375 0.5759791671875 0.649265625 0.556375 0.6448437499999999 0.5269583328125 0.6404375 0.5151875 0.6375 0.5093125 0.6375 0.4916666671875 0.62646875 0.4759791671875 0.6191093750000001 0.4475416671875 0.6345468750000001 0.4181458328125 0.6404375 0.3955833328125 0.64778125 0.3808958328125 0.653671875 0.3612708328125 0.631609375 0.3701041671875 0.631609375 0.3867708328125 0.5963125 0.43481249999999994 0.5801406250000001 0.42793749999999997
9 0.3911875 0.4881041671875 0.38849999999999996 0.48091666718750004 0.38534375 0.4785208328125 0.384 0.473125 0.3813125 0.4695416671875 0.376359375 0.47133333281249995 0.37771875 0.47912499999999997 0.37951562499999997 0.47970833281249997 0.376359375 0.4845 0.37501562499999996 0.4958958328125 0.376359375 0.5072708328125 0.37501562499999996 0.5168541671875 0.3745625 0.5324166671875 0.376359375 0.5384166671874999 0.37815625 0.5360208328125 0.379953125 0.5138541671875 0.383109375 0.51325 0.383109375 0.5216458328125 0.383546875 0.5354166671875 0.383546875 0.5378125 0.38490625 0.5372083328125 0.38651562500000003 0.5376875 0.38651562500000003 0.5115416671874999 0.38651562500000003 0.5005416671875 0.39073437499999997 0.4952916671875 0.3911875 0.4881041671875
9 0.267203125 0.56475 0.269296875 0.5627708328125001 0.269296875 0.5592083328124999 0.27078125000000003 0.5477291671875 0.271671875 0.5485208328125 0.275828125 0.5512916671875 0.27909375000000003 0.5568333328125 0.28028125 0.5596041671875 0.282359375 0.5627708328125001 0.28384375 0.5603958328124999 0.285625 0.5560416671875 0.28503124999999996 0.5512916671875 0.27790625 0.5461458328125001 0.274640625 0.5417708328125 0.276125 0.5330625 0.277609375 0.5259375000000001 0.27731249999999996 0.5077083328125 0.276421875 0.5001875 0.2749375 0.4970208328125 0.27404687499999997 0.4934583328125 0.27375 0.48910416718749994 0.26840625 0.4875 0.26453125 0.4879166671875 0.2639375 0.48989583281250004 0.265125 0.4934583328125 0.268109375 0.4986041671875 0.2678125 0.5029583328125 0.26542187500000003 0.5104791671875 0.264828125 0.5148333328125 0.264234375 0.52 0.264828125 0.5275208328125001 0.264828125 0.5334583328125 0.2639375 0.5374166671875 0.263046875 0.5409791671875 0.26275 0.5477291671875 0.26275 0.5556458328125 0.26156250000000003 0.5619791671875001 0.26096875 0.5655416671875 0.26334375 0.5651458328125 0.267203125 0.56475
9 0.33264062499999997 0.5523541671875 0.33464062499999997 0.5516875 0.33640625 0.5533541671875 0.33992187500000004 0.5533541671875 0.341171875 0.5516875 0.340921875 0.5473333328125001 0.341421875 0.545 0.340921875 0.5372916671875 0.340671875 0.5235833328124999 0.340921875 0.514875 0.340921875 0.5105416671875 0.34192187500000004 0.5035000000000001 0.340921875 0.4924583328125 0.33840625 0.49045833281249995 0.33865625 0.48643749999999997 0.33765625 0.4841041671875 0.33565625 0.48141666718750004 0.332390625 0.48141666718750004 0.331125 0.48510416718749994 0.332390625 0.4877708328125 0.332390625 0.491125 0.330875 0.49347916718749996 0.328625 0.4964791671875 0.327625 0.5008333328125001 0.328625 0.5065208328125 0.328875 0.5118750000000001 0.328625 0.5178958328125 0.328375 0.5279375 0.329125 0.5349583328125 0.330875 0.5443333328125 0.330875 0.5496875 0.330375 0.5506875 0.330375 0.5516875 0.33264062499999997 0.5523541671875
9 0.65721875 0.5331666671875 0.65865625 0.5435 0.6638437500000001 0.55425 0.6647031250000001 0.5469583328125001 0.6626875 0.5396666671875 0.6600937499999999 0.5197291671875 0.6598124999999999 0.5063125 0.66125 0.4925208328125 0.659234375 0.4909791671875 0.659234375 0.48677083281250005 0.656640625 0.4817708328125 0.6511875 0.48216666718749995 0.6503125 0.48677083281250005 0.6497499999999999 0.49020833281250004 0.646875 0.49635416718750003 0.644859375 0.5013333328125 0.637953125 0.5040208328125 0.6422656250000001 0.509 0.648015625 0.5082291671875 0.652046875 0.5400625 0.652046875 0.5515625 0.65578125 0.5546249999999999 0.65578125 0.5523333328125 0.6569375 0.5300833328125 0.65721875 0.5331666671875
9 0.323765625 0.5499583328125001 0.32746875000000003 0.5494583328125 0.330421875 0.5484791671875 0.33004687499999996 0.5415833328125 0.33004687499999996 0.5145208328125 0.33004687499999996 0.5007291671874999 0.33004687499999996 0.4963125 0.33004687499999996 0.492375 0.33004687499999996 0.4884375 0.329671875 0.48547916718749995 0.327828125 0.4805625 0.32525 0.47760416718750004 0.322671875 0.477125 0.320453125 0.4805625 0.320453125 0.48352083281249997 0.320453125 0.48745833281250006 0.320453125 0.48991666718750004 0.320453125 0.491875 0.320078125 0.4958125 0.320078125 0.5002500000000001 0.320453125 0.5066458328125 0.32156250000000003 0.515 0.322671875 0.5209166671875 0.322671875 0.5346875 0.3211875 0.5469999999999999 0.31896874999999997 0.5494583328125 0.31934375 0.5499583328125001 0.323765625 0.5499583328125001
9 0.312953125 0.47906250000000006 0.311109375 0.48645833281249995 0.30665624999999996 0.48793749999999997 0.3051875 0.5076875000000001 0.305546875 0.5205 0.306296875 0.5323541671875 0.308140625 0.5515833328124999 0.31628124999999996 0.5525833328124999 0.319984375 0.5249375 0.321828125 0.5170625 0.319984375 0.4884375 0.32109375 0.4889375 0.318875 0.4835 0.32071875 0.47808333281250004 0.31590625 0.47512499999999996 0.312953125 0.47906250000000006
9 0.002734375 0.4171875 0.0015625 0.48125 0.00625 0.4875 0.0015625 0.4912878796875 0.0015625 0.60625 0.01875 0.6083333328125 0.021875 0.6041666671875 0.0234375 0.5916666671875 0.0171875 0.5833333328125 0.0171875 0.5145833328125 0.0234375 0.50625 0.0328125 0.50625 0.0359375 0.5020833328125 0.041796875 0.49895833281249996 0.0453125 0.5083333328124999 0.040625 0.5583333328125 0.0546875 0.5729166671875 0.059375 0.5729166671875 0.0625 0.5770833328125 0.071875 0.5770833328125 0.0765625 0.5666666671875 0.0703125 0.5416666671875 0.075 0.53125 0.0734375 0.51875 0.0671875 0.5145833328125 0.069125 0.5078333328125 0.24375 0.5041666671875 0.24375 0.55625 0.2484375 0.5625 0.2578125 0.5625 0.2625 0.5541666671875001 0.2640625 0.5041666671875 0.2598958328125 0.49513888906250003 0.2841145828125 0.4815972234375 0.2875 0.48333333281249996 0.2875 0.55 0.2921875 0.55625 0.3015625 0.55625 0.30625 0.5458333328125 0.30625 0.5333333328125 0.296875 0.5270833328125 0.296875 0.4947916671875 0.3078125 0.4895833328125 0.309375 0.48541666718750004 0.30828125 0.47625 0.32437499999999997 0.4754166671875 0.4484375 0.4875 0.4625 0.5229166671875001 0.4671875 0.5229166671875001 0.471875 0.5125 0.471875 0.5010416671875 0.48541666718750004 0.5034722234375 0.484375 0.5270833328125 0.4890625 0.54375 0.4953125 0.5520833328125 0.50625 0.5520833328125 0.509375 0.5479166671875 0.5109375 0.5354166671875 0.5046875 0.5229166671875001 0.5046875 0.5145833328125 0.5125 0.5083333328124999 0.51171875 0.49583333281249997 0.517516446875 0.48815789374999996 0.5296875 0.48541666718750004 0.5333059203125 0.4864035078125 0.5296875 0.5020833328125 0.5390625 0.5041666671875 0.54375 0.5104166671875 0.54375 0.53125 0.5484375 0.54375 0.553125 0.55 0.5625 0.55 0.565625 0.5458333328125 0.5671875 0.5333333328125 0.5640625 0.5270833328125 0.5640625 0.5145833328125 0.6359375 0.4895833328125 0.640625 0.4916666671875 0.6375 0.49791666718750005 0.659765625 0.49427083281249995 0.6609375 0.5270833328125 0.6578125 0.5375 0.6578125 0.5520833328125 0.6625 0.5583333328125 0.671875 0.5583333328125 0.678125 0.5479166671875 0.675 0.5145833328125 0.6765625 0.5010416671875 0.7600142046875 0.50918560625 0.8296875 0.5270833328125 0.828125 0.5520833328125 0.8328125 0.5583333328125 0.8421875 0.5583333328125 0.846875 0.5520833328125 0.8671875 0.55 0.871875 0.5395833328124999 0.87265625 0.5291666671875 0.86875 0.5199561390625 0.946875 0.5057017546875 0.975 0.5145833328125 0.9828125 0.5319444437499999 0.975 0.5395833328124999 0.975 0.5708333328124999 0.9796875 0.5770833328125 0.9890625 0.5770833328125 0.9984375 0.5625 0.984375 0.5337500000000001 0.9984375 0.5166666671875 0.9984375 0.4604166671875 0.990625 0.4604166671875 0.9859375 0.46666666718750005 0.98125 0.49583333281249997 0.978125 0.5 0.9546875 0.5042763171875 0.8578125 0.5104166671875 0.8546875 0.5145833328125 0.8484375 0.5104166671875 0.8453125 0.52423245625 0.8375 0.5256578937499999 0.8375 0.5104166671875 0.7522727265625 0.50719696875 0.6748579546875 0.48731060625 0.6734375 0.4791666671875 0.6671164765625 0.48532196875 0.6625 0.4791666671875 0.659375 0.48333333281249996 0.64375 0.47777777656250003 0.640625 0.48333333281249996 0.6359375 0.475 0.55699013125 0.4837719296875 0.55625 0.4770833328125 0.5515625 0.46875 0.540625 0.46875 0.534375 0.45625 0.525 0.45625 0.5171875 0.46458333281249997 0.509375 0.45208333281249996 0.4984375 0.45208333281249996 0.49375 0.4583333328125 0.4921875 0.475 0.515625 0.4770833328125 0.5109375 0.48333333281249996 0.5096217109375 0.4890350875 0.4859375 0.4916666671875 0.477734375 0.4859375 0.471875 0.4895833328125 0.46953125 0.48020833281249997 0.461328125 0.47447916718750005 0.4625 0.46875 0.453125 0.46875 0.4484375 0.475 0.44507812500000005 0.4691666671875 0.0375 0.4895833328125 0.034765625 0.48020833281249997 0.028125 0.475 0.03125 0.47083333281249995 0.02421875 0.45208333281249996 0.01796875 0.45104166718750005 0.020703125 0.4427083328125 0.0171875 0.43333333281249997 0.02265625 0.428125 0.025 0.4166666671875 0.0125 0.3958333328125 0.003125 0.3958333328125 0.006640625 0.40520833281249996 0.0029296875 0.40651041718750003 0.01015625 0.4145833328125 0.002734375 0.4171875