0 0.38070312500000003 0.1440979375 0.38851562500000003 0.1785051546875 0.3741875 0.23010309218749997 0.382 0.2666752578125 0.37809375 0.27097938125 0.36765625 0.2838659796875 0.346796875 0.33118556718750003 0.336375 0.43010309218750004 0.323328125 0.5247422687500001 0.3168125 0.559149484375 0.31159375 0.688170103125 0.3168125 0.7333247421875 0.3441875 0.7354896906249999 0.35853125 0.6903350515625 0.379390625 0.6365463921875001 0.38851562500000003 0.6 0.393734375 0.587087628125 0.38851562500000003 0.57420103125 0.40546875 0.5698969078125 0.4106875 0.6408505156250001 0.41851562500000006 0.6946134015625 0.44457812499999994 0.6924742265625 0.4563125 0.7634536078124999 0.46414062500000003 0.8451546390625 0.49412500000000004 0.9763402062500001 0.509765625 0.9956958765625 0.761390625 0.991391753125 0.77834375 0.8430154640625 0.7692187500000001 0.6946134015625 0.7483593749999999 0.57420103125 0.70925 0.4903350515625 0.67665625 0.42365979375 0.63884375 0.40644329843750004 0.60625 0.4 0.60103125 0.4 0.58278125 0.25376288593749996 0.5814843749999999 0.23871134062500002 0.6310156250000001 0.2214948453125 0.637546875 0.14193298906250001 0.59190625 0.1096649484375 0.547578125 0.09677835 0.530625 0.07097938125 0.505859375 0.053762885937500005 0.47978125 0.111829896875 0.49412500000000004 0.1053865984375 0.491515625 0.1161340203125 0.457625 0.1053865984375 0.44196875 0.12043814374999999 0.42632812500000006 0.0946134015625 0.397640625 0.0774226796875 0.37287499999999996 0.038711340625 0.35331250000000003 0.023659793749999998 0.328546875 0.015051546874999999 0.3168125 0.015051546874999999 0.29334375 0.0193556703125 0.306390625 0.060206185937500004 0.332453125 0.0688144328125 0.333765625 0.07097938125 0.3168125 0.0817268046875 0.3168125 0.0946134015625 0.315515625 0.1075257734375 0.32725 0.111829896875 0.34940625000000003 0.137628865625 0.361140625 0.1462371140625 0.38070312500000003 0.1440979375
2 0.6950937500000001 0.289871134375 0.701625 0.2834020625 0.713390625 0.28770618593749997 0.7225312500000001 0.30280927812499997 0.732984375 0.289871134375 0.74475 0.2790979375 0.746046875 0.272628865625 0.748671875 0.2618556703125 0.748671875 0.25108247499999997 0.7382187499999999 0.2144329890625 0.718609375 0.210128865625 0.661125 0.20796391718749999 0.644140625 0.23384020625000002 0.624546875 0.24677834999999998 0.623234375 0.2553865984375 0.621921875 0.26615979375 0.624546875 0.2790979375 0.6310781249999999 0.2941752578125 0.64153125 0.27693298906249997 0.665046875 0.27693298906249997 0.678109375 0.27693298906249997 0.679421875 0.2941752578125 0.6950937500000001 0.289871134375
2 0.34315625 0.291829896875 0.35807812499999997 0.291829896875 0.3635 0.2694587625 0.373 0.260489690625 0.37570312499999997 0.23811855624999997 0.37028125 0.220231959375 0.351296875 0.21353092812500002 0.34587500000000004 0.197860825 0.326890625 0.1866752578125 0.27534375 0.1844329890625 0.253640625 0.1844329890625 0.245515625 0.211288659375 0.23737499999999997 0.217989690625 0.23195312499999998 0.240360825 0.23195312499999998 0.28064432968749997 0.23195312499999998 0.289587628125 0.253640625 0.282860825 0.253640625 0.2716752578125 0.272640625 0.273917525 0.27942187500000004 0.291829896875 0.282125 0.29853092812500004 0.299765625 0.296288659375 0.31060937499999997 0.27615979375 0.33909375 0.273917525 0.34315625 0.291829896875
8 0.180265625 0.096082475 0.184140625 0.09567010312499999 0.184140625 0.09182989687500001 0.18 0.09182989687500001 0.18 0.08628865937499999 0.18362499999999998 0.08628865937499999 0.18362499999999998 0.082448453125 0.179234375 0.082448453125 0.179484375 0.0769329890625 0.183359375 0.0773453609375 0.183359375 0.07224226875 0.179484375 0.07224226875 0.177171875 0.0684020625 0.177421875 0.06884020625000001 0.171484375 0.0684020625 0.17071875 0.09438144375 0.179484375 0.09822165000000001 0.180265625 0.096082475
8 0.1593125 0.1842525765625 0.158328125 0.17592783437499998 0.156046875 0.17430412343749999 0.14871875 0.1761855671875 0.148546875 0.17592783437499998 0.14871875 0.1834536078125 0.149203125 0.186391753125 0.152625 0.18747422656249998 0.155078125 0.19579896875 0.158984375 0.1944587625 0.158984375 0.1898969078125 0.1593125 0.1842525765625
2 0.569078125 0.242731959375 0.576828125 0.261082475 0.58253125 0.27219072187500004 0.585375 0.2764432984375 0.585890625 0.2696134015625 0.59365625 0.2730412375 0.59571875 0.2841237109375 0.6115 0.2811340203125 0.609171875 0.2755927828125 0.6169374999999999 0.268350515625 0.61796875 0.256829896875 0.61590625 0.23420103124999997 0.611234375 0.22311855625 0.598828125 0.22652061875 0.589765625 0.22822165 0.57915625 0.227809278125 0.5745 0.230360825 0.575796875 0.237628865625 0.569078125 0.242731959375
2 0.141140625 0.24278350468749998 0.153390625 0.2408247421875 0.16889062500000002 0.24221649531249997 0.165484375 0.2177835046875 0.1554375 0.1964432984375 0.13125 0.19672680468749998 0.129546875 0.216391753125 0.127 0.2248195875 0.13125 0.2430670109375 0.134328125 0.24363402031249998 0.141140625 0.24278350468749998
2 0.197171875 0.2425257734375 0.197734375 0.23884020625 0.19829687499999998 0.23884020625 0.20475 0.235128865625 0.205859375 0.21061855624999998 0.20614062500000002 0.2069072171875 0.20503125 0.20412371093749998 0.201375 0.204587628125 0.19940625 0.20597938125 0.197453125 0.2087628859375 0.196046875 0.21476804062500002 0.196046875 0.2180154640625 0.194078125 0.2203350515625 0.192125 0.222628865625 0.1915625 0.2268041234375 0.19184375 0.229587628125 0.19240625 0.2291237109375 0.192125 0.2355927828125 0.19325 0.23884020625 0.194359375 0.2425257734375 0.197171875 0.2425257734375
13 1 0.2619587625 0.996859375 0.0673195875 0.99278125 0.0651030921875 0.9236093750000001 0.076288659375 0.8408906249999999 0.1568041234375 0.801546875 0.190360825 0.793421875 0.2351030921875 0.7907031250000001 0.2955154640625 0.8110468750000001 0.29775773125 0.831390625 0.3514432984375 0.8598750000000001 0.3536855671875 0.872078125 0.3111855671875 0.895140625 0.3178865984375 0.9032656250000001 0.3514432984375 0.9331093750000001 0.34249999999999997 1 0.329072165625 1 0.2619587625
13 0.7474062499999999 0.2718556703125 0.7481875 0.247989690625 0.739578125 0.21378865937499997 0.719234375 0.20927835 0.662890625 0.20796391718749999 0.640203125 0.2363659796875 0.6253437500000001 0.24347938125000002 0.619859375 0.2699226796875 0.626125 0.27378865937499997 0.626125 0.28670103125 0.63903125 0.28927835 0.640984375 0.2828350515625 0.6668125 0.287989690625 0.680890625 0.28927835 0.68128125 0.2944587625 0.69340625 0.2970360828125 0.6969375 0.2905670109375 0.71571875 0.29317010312499997 0.716890625 0.2996134015625 0.7364531249999999 0.2996134015625 0.73684375 0.29317010312499997 0.74428125 0.285412371875 0.7454531249999999 0.2815463921875 0.74428125 0.2731443296875 0.7474062499999999 0.2718556703125
13 0.748484375 0.272731959375 0.7449375 0.275670103125 0.748484375 0.2913144328125 0.753234375 0.30404639218749996 0.76746875 0.30698453593749997 0.7704375 0.299149484375 0.7828906250000001 0.30012886562499996 0.78525 0.30698453593749997 0.813125 0.3108762890625 0.8119375 0.30012886562499996 0.7894062500000001 0.29425257656250003 0.797109375 0.209149484375 0.79 0.209149484375 0.76925 0.23752577343749998 0.748484375 0.24829896875 0.748484375 0.272731959375
8 0.051015624999999995 0.1535567015625 0.052453125 0.1589432984375 0.059187500000000004 0.1594329890625 0.058703125 0.1506958765625 0.0520625 0.15054123749999998 0.051015624999999995 0.1535567015625