8 0.52909375 0.3146972859375 0.507234375 0.312463465625 0.4836875 0.3012317328125 0.460140625 0.2832359078125 0.458453125 0.3012317328125 0.47190624999999997 0.34392484375 0.48200000000000004 0.33492693125 0.49545312499999994 0.34167014687499997 0.51059375 0.3461586640625 0.552640625 0.34167014687499997 0.561046875 0.33492693125 0.52909375 0.3146972859375
9 0.540546875 0.34246346562499996 0.5348124999999999 0.349457203125 0.5363749999999999 0.357828809375 0.535328125 0.36342379999999996 0.533765625 0.382964509375 0.5321875 0.3857620046875 0.549953125 0.3850521921875 0.540546875 0.34246346562499996
9 0.18165625000000002 0.315615865625 0.1785625 0.31893528125000004 0.17670312500000002 0.32390396718750003 0.17670312500000002 0.329686846875 0.179796875 0.3429436328125 0.1785625 0.3479123171875 0.1773125 0.3611691015625 0.19529687499999998 0.3636534453125 0.19529687499999998 0.35949895625 0.19529687499999998 0.3479123171875 0.19715625 0.3429436328125 0.199625 0.332171190625 0.1928125 0.3255532359375 0.1928125 0.3214196234375 0.19032812500000001 0.3164300625 0.190953125 0.318100209375 0.19032812500000001 0.3172651359375 0.18165625000000002 0.315615865625
9 0.517140625 0.331753653125 0.52034375 0.331148225 0.5233125000000001 0.3305219203125 0.5246875 0.3293110640625 0.52559375 0.32747390468750004 0.525828125 0.3247390390625 0.5251406249999999 0.32229645156250003 0.524 0.3186221296875 0.522171875 0.3131315234375 0.51896875 0.30947807968749996 0.517375 0.303674321875 0.5153125000000001 0.298183715625 0.5114375 0.2969519828125 0.508921875 0.3018371609375 0.5098281250000001 0.3064091859375 0.511203125 0.308851775 0.511890625 0.3110020875 0.513484375 0.31496868437500003 0.513484375 0.31588726562499997 0.5132656250000001 0.31678496875 0.5109843749999999 0.31770354843750004 0.50846875 0.318329853125 0.5061718749999999 0.3192275578125 0.50434375 0.319540709375 0.49954687499999995 0.3262630484375 0.50046875 0.3265553234375 0.5048125 0.3265553234375 0.510296875 0.3247390390625 0.516 0.321670146875 0.516921875 0.325031315625 0.5157812500000001 0.328392484375 0.513484375 0.3262630484375 0.516234375 0.331753653125 0.517140625 0.331753653125
9 0.562609375 0.3130897703125 0.5623750000000001 0.3091231734375 0.559421875 0.3069937375 0.557140625 0.3085177453125 0.55690625 0.311252609375 0.5580468749999999 0.3143006265625 0.5585 0.31551148281249997 0.55621875 0.3179540703125 0.555765625 0.31979123125000003 0.555765625 0.320396659375 0.56009375 0.320396659375 0.564890625 0.320396659375 0.565796875 0.32100208750000003 0.565796875 0.31855949843750003 0.5642031249999999 0.3182672234375 0.562609375 0.31674321562499996 0.562609375 0.3130897703125
9 0.5979062500000001 0.3015657625 0.59659375 0.3011273484375 0.596125 0.3027974953125 0.5959218749999999 0.3050939453125 0.594875 0.3052609609375 0.5948125 0.30807933125 0.597578125 0.31070981249999996 0.600328125 0.310104384375 0.59915625 0.3050104390625 0.598953125 0.3039457203125 0.5979062500000001 0.3015657625
9 0.49673437500000006 0.372609603125 0.49818749999999995 0.3654906046875 0.49673437500000006 0.3551565765625 0.49625 0.34803757812499997 0.49528125 0.3409185796875 0.49431250000000004 0.3389770359375 0.4885 0.337682671875 0.48753124999999997 0.34803757812499997 0.48559374999999994 0.3538622125 0.48462500000000003 0.36096033437499997 0.48462500000000003 0.36678496875 0.48510937500000006 0.3700208765625 0.48656249999999995 0.37649269375 0.489953125 0.373256784375 0.492859375 0.373256784375 0.49673437500000006 0.372609603125
9 0.57746875 0.3084551140625 0.577375 0.3054906046875 0.576828125 0.3020876828125 0.57546875 0.298893528125 0.57165625 0.2998538625 0.5706249999999999 0.3018789140625 0.571171875 0.3040918578125 0.57140625 0.30707724375 0.571734375 0.30878914375 0.57228125 0.31079331875 0.5722031249999999 0.3111273484375 0.577140625 0.3097286015625 0.57746875 0.3084551140625
9 0.8820781249999999 0.2818789140625 0.881171875 0.28167014687499997 0.8810156250000001 0.279436325 0.880859375 0.2780167015625 0.879046875 0.2774112734375 0.878140625 0.279039665625 0.8776875000000001 0.2818789140625 0.876015625 0.2832776625 0.874953125 0.2861169109375 0.874953125 0.2893736953125 0.8755625 0.28895615937499997 0.87965625 0.2885594984375 0.8817812500000001 0.28572025 0.8832968749999999 0.2845093953125 0.8820781249999999 0.2818789140625
3 0.092125 0.5684759921875 0.08634375 0.5695198328125 0.073640625 0.570542796875 0.06171875 0.5700208765625 0.04246875 0.5674530265625 0.03553125 0.5689979125 0.029765625 0.573110646875 0.024375 0.5787682671875001 0.021671875 0.590605428125 0.0220625 0.6024217125 0.022453124999999997 0.6204384140625 0.021296875 0.6399791234375 0.020515625000000003 0.654885178125 0.02090625 0.6775156578125 0.02090625 0.6836951984375 0.02553125 0.6831732781250001 0.02590625 0.6708350734375 0.030140624999999997 0.6662004171875 0.034765625 0.6631315234375 0.039 0.6785594984375 0.044390625 0.68421711875 0.049015625 0.682672234375 0.046703125 0.678037578125 0.042078125 0.6641544890625 0.040546874999999996 0.6487265140625 0.043625000000000004 0.632254696875 0.049015625 0.619394571875 0.057859375000000005 0.623528184375 0.068640625 0.6240292281250001 0.074421875 0.6245511484375 0.0705625 0.6466597078125 0.06940625 0.6636325671875001 0.066328125 0.6770146140625 0.073640625 0.680104384375 0.073640625 0.6729018796874999 0.07095312499999999 0.6589979125000001 0.07634375 0.6487265140625 0.07865625000000001 0.6327766171875 0.07903125 0.6286638828125 0.0894375 0.629185803125 0.094046875 0.6312317328125 0.10059375 0.65592901875 0.10406249999999999 0.6692901874999999 0.10982812500000001 0.6790605421875 0.11484375 0.6775156578125 0.11290625000000001 0.6718580375000001 0.10482812500000001 0.6579749484375 0.10290625 0.6379123171875001 0.101359375 0.6240292281250001 0.109453125 0.616325678125 0.12137500000000001 0.6055114828125 0.125609375 0.603966596875 0.129859375 0.60807933125 0.136015625 0.606033403125 0.137171875 0.6008768265625 0.13446875 0.5962630484375 0.13215625 0.5854488515625 0.13023437499999999 0.5772233828125 0.126390625 0.5689979125 0.117921875 0.564885178125 0.11560937499999999 0.5684759921875 0.11290625000000001 0.57106471875 0.117140625 0.5679749484375 0.114453125 0.5725887265625 0.10559375 0.5762004171874999 0.09828125 0.5762004171874999 0.092125 0.5684759921875
3 0.24803125 0.669185803125 0.266765625 0.6784133609375 0.27809375 0.6705010437500001 0.291390625 0.6711691015625 0.283015625 0.6929018796874999 0.2800625 0.7087056375 0.275625 0.7245093953125 0.284 0.733716075 0.287453125 0.727139875 0.284 0.719895615625 0.291390625 0.6948643 0.298296875 0.6784133609375 0.30321875 0.696179540625 0.30667187500000004 0.7106680578125 0.309140625 0.725824634375 0.32096874999999997 0.7284551140625 0.31701562499999997 0.7185803765625 0.313078125 0.7132985390625 0.308640625 0.6975156578124999 0.30667187500000004 0.6797286015624999 0.307171875 0.6731524015625 0.317515625 0.6652400828125 0.327859375 0.6612943625 0.3308125 0.6481210859375001 0.33821875 0.637599165625 0.34362499999999996 0.6402296453125 0.35053125 0.6454906046875 0.35743749999999996 0.6421920671875 0.35103125 0.632317328125 0.351515625 0.6119206687500001 0.347078125 0.60400835 0.342640625 0.5948016703125 0.3401875 0.5908350734375001 0.334265625 0.5941336109375001 0.3313125 0.592818371875 0.3318125 0.6053235906250001 0.313078125 0.6138830890625 0.309140625 0.6073068890625 0.29681250000000003 0.6092693109375 0.276609375 0.60993736875 0.253953125 0.6073068890625 0.23521874999999998 0.60336116875 0.221921875 0.6145511484374999 0.221921875 0.632317328125 0.22290625 0.656680584375 0.21993749999999998 0.67578288125 0.212546875 0.6942171187499999 0.210578125 0.7047390390625 0.21156250000000001 0.7040918578124999 0.220921875 0.695532359375 0.22389062499999998 0.71265135625 0.22732812500000002 0.73306889375 0.23078125 0.7310855953125001 0.2288125 0.7192275578125 0.22634375 0.6994780796875 0.22684375 0.6968475984375 0.234234375 0.7106680578125 0.234734375 0.720542796875 0.23718750000000002 0.73306889375 0.23965625 0.735031315625 0.23965625 0.7113361171875 0.233734375 0.6882881000000001 0.24310937500000002 0.6737995828125001 0.24803125 0.669185803125
3 0.710703125 0.6522755734375 0.7129218749999999 0.659707725 0.7129218749999999 0.672317328125 0.710703125 0.685678496875 0.717921875 0.6871607515625 0.7212500000000001 0.6767640921875 0.7268125000000001 0.6893736953125 0.7323593749999999 0.687891440625 0.730140625 0.6775156578125 0.7268125000000001 0.66192066875 0.7268125000000001 0.63743215 0.73625 0.6270563671875 0.756796875 0.63150313125 0.7717968749999999 0.628538621875 0.7640156250000001 0.664885178125 0.769578125 0.6826931109375 0.776234375 0.681962421875 0.769578125 0.6700835078125 0.778453125 0.641148225 0.7895625 0.672317328125 0.793453125 0.68121085625 0.8012343749999999 0.6804801671875 0.8039999999999999 0.678246346875 0.7929062499999999 0.6641544890625 0.7912343749999999 0.6493110640624999 0.7867968750000001 0.6367014609375 0.7867968750000001 0.6329853859375 0.807890625 0.6166597078125 0.822328125 0.6055323593749999 0.8334374999999999 0.6070146140625 0.837328125 0.60478079375 0.8367812499999999 0.6010855953124999 0.8334374999999999 0.5944050109375 0.83178125 0.5840083500000001 0.830671875 0.5743632562500001 0.829 0.5684342375 0.827328125 0.5662004171875 0.8295625 0.55135699375 0.829 0.5461586640625 0.8256718749999999 0.542463465625 0.822890625 0.5402296453125001 0.822328125 0.5469102296874999 0.8212187500000001 0.5572860125 0.819 0.5662004171875 0.81678125 0.5595198328125 0.8117812499999999 0.548392484375 0.8089999999999999 0.544676409375 0.8039999999999999 0.5417118999999999 0.8045625 0.54764091875 0.80678125 0.55507306875 0.810671875 0.5602713984375 0.812890625 0.56693110625 0.8062343750000001 0.5684342375 0.799015625 0.57064718125 0.795125 0.5647181625 0.790125 0.5610020875 0.7856875 0.5572860125 0.78290625 0.561753653125 0.7806875 0.561753653125 0.776234375 0.5624843421875 0.7656875000000001 0.561753653125 0.71403125 0.5632359078125 0.71403125 0.5639665968750001 0.70903125 0.583256784375 0.7068125000000001 0.598100209375 0.7073750000000001 0.6255532359375 0.710703125 0.6522755734375
3 0.8754062499999999 0.6508350734375 0.873171875 0.6284551140625 0.8748437499999999 0.6314405015625 0.8754062499999999 0.6329436328125 0.8776406250000001 0.6381628390625 0.880421875 0.650104384375 0.8820937499999999 0.6568058453125001 0.8865624999999999 0.65979123125 0.8871249999999999 0.6583089765625 0.888234375 0.64935281875 0.8871249999999999 0.6426304796875 0.886015625 0.6389144046874999 0.88378125 0.6232359078124999 0.884328125 0.6172860124999999 0.886015625 0.6135490609375001 0.89215625 0.60235908125 0.9010781250000001 0.603110646875 0.9088906250000001 0.601607515625 0.91671875 0.6008768265625 0.91671875 0.6075782875 0.913921875 0.6143006265625 0.910015625 0.62250521875 0.90721875 0.6344258875000001 0.903875 0.644885178125 0.903875 0.64935281875 0.9044375 0.654572025 0.913359375 0.6568058453125001 0.9128125 0.654572025 0.9116875 0.6471189984375 0.91225 0.640396659375 0.920625 0.6239874734375 0.92396875 0.626972859375 0.925640625 0.641899790625 0.9273125 0.6523382046874999 0.9312343750000001 0.6560542796875 0.9390468750000001 0.655323590625 0.9368124999999999 0.6508350734375 0.934015625 0.6441336109375 0.9312343750000001 0.636680584375 0.93178125 0.629958246875 0.93234375 0.62250521875 0.930109375 0.6180167015625 0.9284375 0.606826721875 0.9356875 0.6053444671875 0.937375 0.6008768265625 0.94128125 0.5993736953125001 0.9546718750000001 0.5896868468750001 0.9557968750000001 0.5949060546875 0.9602499999999999 0.5934029234375 0.9675156250000001 0.5904175359375 0.9675156250000001 0.5851983296875 0.9663906250000001 0.5807306890625 0.96584375 0.57400835 0.9663906250000001 0.5673068890625 0.9669531250000001 0.5613361171875 0.96528125 0.5561169109375 0.96584375 0.5516283921875 0.9680781250000001 0.5426931109375001 0.96471875 0.5419415453124999 0.9624843750000001 0.54492693125 0.9597031250000001 0.545678496875 0.9557968750000001 0.545678496875 0.9535625 0.5404384140625 0.94909375 0.5411899796874999 0.94909375 0.5434238 0.94965625 0.545678496875 0.9507656250000001 0.549394571875 0.9446249999999999 0.5501461375 0.94015625 0.5501461375 0.9390468750000001 0.5426931109375001 0.934015625 0.5382045921875 0.929546875 0.535970771875 0.9289999999999999 0.5367223375 0.9250937499999999 0.538956159375 0.9195 0.538956159375 0.913359375 0.5382045921875 0.90778125 0.5382045921875 0.89159375 0.5382045921875 0.8876875 0.5367223375 0.880984375 0.5374739046875 0.8776406250000001 0.538956159375 0.872609375 0.54492693125 0.8664687499999999 0.550897703125 0.8625624999999999 0.5613361171875 0.8625624999999999 0.568037578125 0.8625624999999999 0.5755114828125001 0.8625624999999999 0.58893528125 0.865359375 0.60235908125 0.864796875 0.6120459296874999 0.864234375 0.6232359078124999 0.864796875 0.6314405015625 0.868140625 0.6441336109375 0.868140625 0.648601253125 0.867578125 0.654572025 0.868140625 0.6583089765625 0.8698124999999999 0.6612943625 0.877078125 0.6635281843749999 0.877078125 0.65979123125 0.8754062499999999 0.6508350734375
9 0.946140625 0.29405010468750004 0.94353125 0.2882045921875 0.94046875 0.28764091875000003 0.9387343749999999 0.2969519828125 0.936984375 0.3010229640625 0.945265625 0.300459290625 0.946140625 0.29405010468750004
9 0.83675 0.29020876875 0.83434375 0.286471815625 0.8339531250000001 0.28538622187499996 0.8319531250000001 0.286471815625 0.829953125 0.2896659703125 0.8295468749999999 0.2934238 0.8515625 0.2934238 0.8479531250000001 0.2912734859375 0.8395468749999999 0.29020876875 0.83675 0.29020876875
9 0.8927968749999999 0.29421711875 0.893828125 0.293110646875 0.8940781250000001 0.2905219203125 0.8932499999999999 0.28812108593749997 0.8924843750000001 0.28743215 0.8926718749999999 0.285469728125 0.891765625 0.2834029234375 0.890875 0.2832359078125 0.8897187499999999 0.2829853859375 0.8888125 0.28392484375000004 0.8885624999999999 0.2853027140625 0.888625 0.2866597078125 0.888875 0.2879540703125 0.8889531249999999 0.28812108593749997 0.888234375 0.288893528125 0.8863749999999999 0.2894154484375 0.8856718750000001 0.29035490625000004 0.8850312499999999 0.2888100203125 0.8841875 0.2878705640625 0.88375 0.2878705640625 0.883234375 0.2875156578125 0.88515625 0.2932776625 0.88771875 0.293966596875 0.89125 0.294467640625 0.8927968749999999 0.29421711875
9 0.21582812499999998 0.36707724375 0.21554687499999997 0.36505219218749996 0.214359375 0.3638622125 0.214640625 0.3606263046875 0.21382812499999998 0.3581419625 0.2109375 0.3577661796875 0.21037499999999998 0.3603757828125 0.21014062500000003 0.36258872656249996 0.20960937500000001 0.3637995828125 0.20846874999999998 0.365114821875 0.20800000000000002 0.367536534375 0.20814062500000002 0.367599165625 0.2150625 0.369248434375 0.21582812499999998 0.36707724375