8 0.427359375 0.39245833281250003 0.4296875 0.391125 0.445375 0.3791041671875 0.440359375 0.3715416671875 0.41401562500000005 0.40091666718749996 0.42201562499999995 0.4120208328125 0.4246875 0.4013541671875 0.427359375 0.39245833281250003
8 0.49921875 0.4262916671875 0.502875 0.42325 0.49829687500000003 0.41560416718750004 0.49487500000000006 0.4159166671875 0.49509375 0.4211041671875 0.49921875 0.4262916671875
8 0.674328125 0.5108958328125001 0.65721875 0.4844375 0.651515625 0.47485416718750006 0.631671875 0.4422083328125 0.628296875 0.44164583281249997 0.61584375 0.4419166671875 0.61225 0.44641666718749995 0.6105625 0.450375 0.6105625 0.45514583281250004 0.6149843749999999 0.4655625 0.6230156250000001 0.4793541671875 0.624921875 0.4835833328125 0.6253437500000001 0.48218750000000005 0.628296875 0.4805 0.6295625 0.47964583281250006 0.63209375 0.4799166671875 0.63484375 0.4813333328125 0.63653125 0.4844375 0.637375 0.4880833328125 0.6384218749999999 0.49175 0.6363125000000001 0.49654166718750004 0.634203125 0.5010416671875 0.6329374999999999 0.5035833328125 0.6329374999999999 0.5061041671875001 0.6356875 0.5080833328125001 0.6386406250000001 0.5038541671875 0.642859375 0.4999166671875 0.645390625 0.49793750000000003 0.6479375 0.49625 0.65025 0.495125 0.6540468749999999 0.4954166671875 0.65575 0.4982291671875 0.6563749999999999 0.5030208328125 0.6565937500000001 0.5089166671875 0.6546875 0.5125833328125 0.649625 0.5182083328125 0.6479375 0.5201875 0.646875 0.5224375 0.64665625 0.523 0.649203125 0.5280625 0.65109375 0.5258125 0.6540468749999999 0.5224375 0.65890625 0.5182083328125 0.66165625 0.5170833328125 0.6646093750000001 0.517375 0.66778125 0.5201875 0.66840625 0.5255416671875001 0.667359375 0.5311666671874999 0.66334375 0.5367916671875 0.663765625 0.5376458328125 0.676859375 0.5384791671875 0.682765625 0.5317291671875 0.68571875 0.5269375000000001 0.674328125 0.5108958328125001
9 0.157296875 0.5999375 0.1528125 0.607875 0.155796875 0.6217916671875 0.1528125 0.6595833328125 0.155796875 0.7172291671875 0.161765625 0.735125 0.1528125 0.7470416671875 0.155796875 0.8027083328125 0.167734375 0.8524166671875 0.188609375 1 0.379453125 0.9955624999999999 0.38840625 0.9697083328125 0.38840625 0.8921875 0.392875 0.8066875 0.38542187499999997 0.735125 0.380953125 0.6874166671874999 0.38542187499999997 0.6735 0.4033125 0.6237916671875 0.40928125 0.5542083328125 0.40481249999999996 0.49456249999999996 0.400328125 0.46475 0.41375 0.46275000000000005 0.416734375 0.44685416718750004 0.42418750000000005 0.43491666718750005 0.436125 0.41702083281249996 0.436125 0.39714583281250004 0.427171875 0.39714583281250004 0.42418750000000005 0.4051041671875 0.427171875 0.4150416671875 0.42418750000000005 0.41702083281249996 0.41971875000000003 0.4110625 0.412265625 0.40112500000000006 0.43910937499999997 0.37925 0.42867187500000004 0.38125 0.412265625 0.3951666671875 0.39437500000000003 0.40112500000000006 0.39437500000000003 0.3911875 0.38542187499999997 0.37925 0.3735 0.37925 0.351125 0.3295625 0.32578125 0.2679166671875 0.312359375 0.26395833281250003 0.312359375 0.254 0.3198125 0.2480416671875 0.3198125 0.2420833328125 0.32578125 0.236125 0.327265625 0.22220833281250002 0.334734375 0.22418749999999998 0.3406875 0.21425 0.339203125 0.1784583328125 0.345171875 0.16454166718750002 0.351125 0.1327291671875 0.352625 0.12081249999999999 0.34665625 0.087 0.322796875 0.0571875 0.2885 0.0512291671875 0.249734375 0.0631458328125 0.23334375000000002 0.0942916671875 0.224390625 0.1380208328125 0.224390625 0.17381249999999998 0.2154375 0.19368749999999998 0.205 0.21556250000000002 0.182640625 0.23543750000000002 0.15132812499999998 0.2573125 0.13193749999999999 0.2891041671875 0.12150000000000001 0.3328541671875 0.11554687500000001 0.3765833328125 0.12448437500000001 0.4421875 0.12598437499999998 0.5157499999999999 0.15431250000000002 0.5316666671875 0.16325 0.54825 0.15431250000000002 0.5900000000000001 0.157296875 0.5999375
9 0.6859531249999999 0.8898958328125 0.67921875 0.6606666671875 0.687640625 0.6292083328125 0.692703125 0.5707916671875 0.6438125 0.5662916671875 0.6050625000000001 0.5191041671875001 0.613484375 0.44045833281249996 0.6758437500000001 0.4539375 0.6758437500000001 0.3146041671875 0.62696875 0.2426875 0.589890625 0.1820208328125 0.5545 0.1617916671875 0.52415625 0.19325 0.5039374999999999 0.26516666718750004 0.534265625 0.2876458328125 0.5561875 0.2898958328125 0.5443749999999999 0.34158333281250003 0.52921875 0.4089791671875 0.4955 0.4247291671875 0.490453125 0.4426875 0.52584375 0.47416666718749995 0.52246875 0.6337083328124999 0.5528125 0.6651666671875 0.5545 0.7258333328125001 0.5561875 0.79775 0.581453125 0.8786458328125001 0.56965625 0.9865208328125 0.635390625 0.9842708328124999 0.640453125 0.9842708328124999 0.6893281250000001 0.9752708328124999 0.6859531249999999 0.8898958328125
9 0.6892031249999999 0.46725000000000005 0.7035312499999999 0.47952083281249996 0.714796875 0.5 0.7303468750000001 0.512 0.6892031249999999 0.5845833328125 0.6967749999999999 0.5881291671875 0.6878883921875001 0.5958869046874999 0.6799999999999999 0.6637083328125 0.6799999999999999 0.7264583328125 0.6892031249999999 0.752375 0.714796875 0.8683541671875 0.7158125 0.9024583328125001 0.724 0.9188124999999999 0.73628125 0.9160833328125 0.745484375 0.9092708328124999 0.7598125 0.8396874999999999 0.756734375 0.6527916671875 0.7505989578125 0.6446041671875 0.75813486875 0.6425241234375 0.772139803125 0.5398486828125 0.765953125 0.5354583328125 0.77925 0.5259166671875 0.7749407890625 0.5193135953125 0.7799322921875 0.5145486109374999 0.7763412828125 0.5090460515624999 0.7806145828125 0.50318055625 0.7777417765625 0.49877850781250005 0.781296875 0.4918125 0.7791422703124999 0.4885109640625 0.7819791671874999 0.48044444375 0.7805427625 0.4782434203125 0.7826614578125 0.4690763890625 0.78194325625 0.46797587656250006 0.78640625 0.43177083281249995 0.773109375 0.3485625 0.74446875 0.30216666718749996 0.714796875 0.25987499999999997 0.7045625 0.2053125 0.661578125 0.1930416671875 0.642140625 0.21077083281250003 0.6227031249999999 0.21212499999999998 0.6134999999999999 0.2189583328125 0.6779531249999999 0.307625 0.6769375 0.43587499999999996 0.6892031249999999 0.46725000000000005
9 0.9455 0.013479167187499998 0.859546875 0.0045 0.808984375 0.0426875 0.790453125 0.1213541671875 0.8207812499999999 0.2224791671875 0.864609375 0.3146041671875 0.87303125 0.39325 0.8342656249999999 0.5078750000000001 0.8207812499999999 0.5393333328125001 0.782015625 0.5438125 0.736515625 0.5168541671875 0.701125 0.4808958328125 0.6455 0.4539375 0.62021875 0.4494375 0.616859375 0.5123541671875 0.6539375 0.5617916671875001 0.6859531249999999 0.5775208328125 0.743265625 0.6224791671875 0.783703125 0.6471875 0.792140625 0.6719166671875 0.7483125 0.9191041671875 0.746625 0.9617916671875 0.8072968749999999 0.9797708328124999 0.9168593749999999 0.9797708328124999 0.9960625000000001 0.9752708328124999 0.9977499999999999 0.2292083328125 0.9960625000000001 0.23820833281249998 0.9960625000000001 0.1640416671875 0.991015625 0.0876458328125 0.992703125 0.029208332812499998 0.9455 0.013479167187499998
9 0.812359375 0.4007916671875 0.8131562499999999 0.4730833328125 0.8322968749999999 0.4964791671875 0.83946875 0.47520833281249997 0.8362812500000001 0.421 0.8538125000000001 0.3795416671875 0.867375 0.3147083328125 0.8275 0.24241666718750002 0.8267031250000001 0.2594166671875 0.8259062500000001 0.26687500000000003 0.8227187499999999 0.2934375 0.818734375 0.296625 0.8059843750000001 0.3253333328125 0.795625 0.3774166671875 0.794015625 0.4125 0.798015625 0.4050625 0.812359375 0.4007916671875
7 0.02734375 0.3674375 0.0324296875 0.3757291671875 0.0492109375 0.3865416671875 0.05034375 0.39860416718749997 0.029218749999999998 0.4091666671875 0.0386484375 0.4061458328125 0.040921875 0.4197291671875 0.037515625000000004 0.4262708328125 0.043937500000000004 0.4413541671875 0.047703125 0.445875 0.059015625 0.44737499999999997 0.052234375 0.4649791671875 0.06165625 0.4649791671875 0.0676875 0.44737499999999997 0.080140625 0.4413541671875 0.08465625 0.4524166671875 0.097859375 0.4599583328125 0.09975 0.4569375 0.099375 0.446375 0.07485937499999999 0.39860416718749997 0.07221875 0.3749791671875 0.048453125 0.3774791671875 0.048078125 0.37447916718749996 0.04025390625 0.3751041671875 0.03225 0.357875 0.019046874999999998 0.35989583281250004 0.01075 0.36291666718750004 0.00696875 0.3749791671875 0.01678125 0.3769791671875 0.02460546875 0.37635416718750003 0.02734375 0.3674375
9 0.75240625 0.29139583281250003 0.7537812500000001 0.3142916671875 0.756296875 0.3142916671875 0.7581249999999999 0.276125 0.761109375 0.27156250000000004 0.760640625 0.2706458328125 0.758578125 0.263 0.754 0.258125 0.75125 0.25964583281250003 0.75103125 0.2660625 0.74896875 0.2688125 0.748515625 0.2709375 0.749421875 0.2758333328125 0.749890625 0.2797916671875 0.750109375 0.284375 0.749203125 0.30695833281249996 0.749890625 0.3115416671875 0.750796875 0.3124583328125 0.75240625 0.29139583281250003
9 0.782484375 0.3416041671875 0.7849062499999999 0.3397916671875 0.7870625 0.3397916671875 0.788140625 0.33547916718750004 0.78571875 0.3340416671875 0.78734375 0.3171458328125 0.7884218749999999 0.29914583281249996 0.791390625 0.2901666671875 0.7903125 0.2664166671875 0.78409375 0.2603125 0.785453125 0.2585 0.78571875 0.2523958328125 0.784640625 0.24952083281249998 0.77925 0.24914583281249997 0.776015625 0.2505833328125 0.776015625 0.2541875 0.776015625 0.2603125 0.77546875 0.2624583328125 0.7725 0.26427083281249997 0.768453125 0.26677083281249997 0.7665625 0.2714583328125 0.7679218750000001 0.2782916671875 0.768453125 0.28439583281249997 0.769796875 0.2872916671875 0.770609375 0.2919583328125 0.77034375 0.2951875 0.770609375 0.3023958328125 0.77115625 0.30993750000000003 0.776015625 0.3135416671875 0.776015625 0.31677083281249996 0.776015625 0.3243333328125 0.7768125 0.33439583281249996 0.77546875 0.3401666671875 0.7757343750000001 0.3401666671875 0.778171875 0.3416041671875 0.782484375 0.3416041671875
9 0.450265625 0.6372708328125001 0.46224999999999994 0.6998333328124999 0.46857812499999996 0.7051666671875 0.46957812499999996 0.711375 0.47689062499999996 0.7304583328125 0.492875 0.7513124999999999 0.49620312499999997 0.7561875 0.49720312499999997 0.7890208328125 0.49585937500000005 0.82675 0.48987499999999995 0.8560208328125001 0.491203125 0.8622500000000001 0.492875 0.8706666671875001 0.509171875 0.8839791671875 0.51815625 0.9003958328125 0.528140625 0.9026249999999999 0.54678125 0.8972916671875 0.550109375 0.8910833328125 0.550109375 0.8835416671875 0.54578125 0.8684583328125 0.5354687499999999 0.8573541671875 0.526484375 0.8436041671875 0.520484375 0.8293958328125 0.521484375 0.8174166671875 0.528484375 0.7752708328125 0.547453125 0.8032291671875 0.5527656249999999 0.8143125 0.553765625 0.8258541671874999 0.555765625 0.8462708328125 0.5560937499999999 0.8640208328125001 0.56375 0.8702291671875001 0.570734375 0.8666874999999999 0.57040625 0.859125 0.569078125 0.835625 0.5620937500000001 0.7978958328125 0.5544374999999999 0.7806041671874999 0.552109375 0.7641875 0.5354687499999999 0.7224791671874999 0.5327968750000001 0.7025 0.5407968750000001 0.6962916671875 0.5504374999999999 0.6931875 0.550109375 0.6576875 0.5367968750000001 0.6501458328124999 0.5288125 0.6457083328125 0.5268125 0.6283958328125 0.53046875 0.5374375 0.5331406249999999 0.47400000000000003 0.514828125 0.4708958328125 0.501859375 0.457125 0.497859375 0.44427083281249996 0.496859375 0.43983333281250003 0.497859375 0.42739583281250004 0.501515625 0.42385416718749996 0.50884375 0.4185208328125 0.515171875 0.4145416671875 0.5331406249999999 0.41187500000000005 0.53746875 0.40877083281250004 0.5431250000000001 0.3692708328125 0.5567656249999999 0.3302291671875 0.54978125 0.3178125 0.5178281250000001 0.2965 0.5218281250000001 0.2920625 0.52215625 0.2823125 0.52115625 0.2614583328125 0.5115000000000001 0.2614583328125 0.50884375 0.2578958328125 0.5155000000000001 0.2485833328125 0.524484375 0.2388333328125 0.5155000000000001 0.21575000000000003 0.5118437499999999 0.1988958328125 0.5051875 0.1846875 0.489546875 0.18602083281249998 0.46825 0.1913541671875 0.458265625 0.19579166718750002 0.450265625 0.2037708328125 0.44428124999999996 0.2175208328125 0.455265625 0.2676666671875 0.455265625 0.2765416671875 0.451265625 0.2858541671875 0.427640625 0.29339583281250003 0.419984375 0.29739583281250004 0.411671875 0.3045 0.397359375 0.32047916718749997 0.37040625 0.3679375 0.386375 0.3821458328125 0.39435937499999996 0.3998958328125 0.40434374999999995 0.3954583328125 0.40934375 0.394125 0.423984375 0.3817083328125 0.44362500000000005 0.3777083328125 0.44228125 0.3825833328125 0.43629687500000003 0.38879166718749997 0.43562500000000004 0.40210416718750003 0.43729687500000003 0.41541666718750003 0.424984375 0.4425 0.41865625 0.45491666718749996 0.4263125 0.47533333281249995 0.4263125 0.5236875000000001 0.427640625 0.5405416671875 0.43096875 0.6084375 0.44760937500000003 0.6159791671875 0.450265625 0.6372708328125001
9 0.8204062499999999 0.2834375 0.816265625 0.2708958328125 0.816640625 0.261375 0.8098593749999999 0.2528333328125 0.80271875 0.2588541671875 0.8045937500000001 0.2708958328125 0.7989531249999999 0.27491666718749996 0.7955625000000001 0.2859583328125 0.797828125 0.303 0.7951875 0.31706249999999997 0.80234375 0.32258333281249996 0.8034687500000001 0.3331041671875 0.8049687499999999 0.3306041671875 0.8207812499999999 0.2964791671875 0.8204062499999999 0.2834375
9 0.128953125 0.2558333328125 0.120296875 0.26737500000000003 0.11768749999999999 0.2974166671875 0.120296875 0.30895833281249996 0.09690625 0.32975 0.072640625 0.36672916718750004 0.07090625 0.38635416718750004 0.074375 0.4025416671875 0.09690625 0.45797916718750004 0.10209375000000001 0.49379166718749995 0.107296875 0.5561666671875 0.1436875 0.5376875 0.151484375 0.5249791671875 0.12982812500000002 0.5168958328125 0.12982812500000002 0.5007291671874999 0.122890625 0.44875 0.11595312499999999 0.3597916671875 0.13328125 0.2927916671875 0.15321875000000001 0.2523541671875 0.15321875000000001 0.2512083328125 0.14542187499999998 0.25466666718750003 0.128953125 0.2558333328125
9 0.799328125 0.2576041671875 0.7943125 0.25964583281250003 0.792765625 0.2622916671875 0.7910625 0.26475 0.790921875 0.26814583281250004 0.791625 0.27156250000000004 0.795734375 0.27156250000000004 0.797296875 0.2725 0.79615625 0.2742083328125 0.79403125 0.279875 0.793890625 0.2840416671875 0.79475 0.2870625 0.79475 0.2902708328125 0.791765625 0.2961458328125 0.79078125 0.2993541671875 0.79078125 0.302375 0.791203125 0.3038958328125 0.795875 0.2934791671875 0.7974375 0.2853541671875 0.7988593749999999 0.2743958328125 0.800140625 0.2747708328125 0.80353125 0.2725 0.80371875 0.27079166718750003 0.80371875 0.266125 0.8030781250000001 0.26227083281249997 0.800953125 0.2612708328125 0.799328125 0.2576041671875
9 0.7669374999999999 0.2694375 0.768328125 0.26414583281250004 0.76740625 0.2604166671875 0.764359375 0.2601041671875 0.76015625 0.2601041671875 0.758515625 0.2632083328125 0.76109375 0.2675833328125 0.76109375 0.274125 0.76015625 0.27879166718750004 0.76015625 0.286875 0.760625 0.2981041671875 0.760625 0.3030833328125 0.761328125 0.309625 0.7620312499999999 0.31335416718750003 0.768328125 0.31056249999999996 0.7685625 0.29031250000000003 0.767625 0.2800416671875 0.7669374999999999 0.2694375