8 0.529578125 0.49551643125 0.529578125 0.4565727703125 0.523515625 0.4325586859375 0.518546875 0.42345070468749996 0.48767187500000003 0.42014084531250007 0.4805 0.42593896718749996 0.47334375 0.4350469484375 0.47279687499999995 0.43091549218749997 0.470578125 0.44913145468750004 0.48326562500000003 0.47727699531249995 0.508625 0.5037793421875 0.529578125 0.49551643125
9 0.97290625 0.16699530468749998 0.9725781250000001 0.1599530515625 0.974921875 0.14687793437500002 0.974921875 0.13882629062500002 0.971578125 0.13279342656249998 0.966546875 0.1317840375 0.962875 0.13230046875 0.958859375 0.1368075125 0.9595312500000001 0.14436619687500002 0.963875 0.1599530515625 0.9635468749999999 0.162957746875 0.9648749999999999 0.168497653125 0.97290625 0.16699530468749998
9 0.49809374999999995 0.548309859375 0.5309999999999999 0.516854459375 0.54446875 0.467417840625 0.534 0.413474178125 0.46668750000000003 0.343826290625 0.41881250000000003 0.321338028125 0.41432812500000005 0.2988732390625 0.394890625 0.2741549296875 0.370953125 0.2876291078125 0.36796875 0.33483568125 0.400875 0.3775352109375 0.41432812500000005 0.375281690625 0.41284375000000006 0.4089906109375 0.43378125 0.4719014078125 0.396390625 0.49661971875 0.429296875 0.656173709375 0.41134375 0.6741549296875 0.405359375 0.69661971875 0.43228125000000006 0.7078638500000001 0.451734375 0.7011267609375 0.45621875 0.7101173703125 0.502578125 0.7101173703125 0.49959375 0.6853990609375 0.462203125 0.570798121875 0.49809374999999995 0.548309859375
9 0.670109375 0.2825117375 0.674578125 0.2645774640625 0.7029375 0.257840375 0.692484375 0.20626760625 0.6835312499999999 0.1681690140625 0.6730937499999999 0.11211267656249999 0.6507031249999999 0.094178403125 0.632796875 0.11211267656249999 0.6372656250000001 0.1479812203125 0.6521874999999999 0.1636854453125 0.656671875 0.1905868546875 0.6686093750000001 0.22197183125 0.6507031249999999 0.195070421875 0.6268281250000001 0.179366196875 0.6268281250000001 0.15694835625 0.60890625 0.1210798125 0.589515625 0.1300469484375 0.5790625 0.154718309375 0.58503125 0.195070421875 0.567125 0.22197183125 0.565625 0.2466431921875 0.565625 0.300446009375 0.5790625 0.34305164375 0.58653125 0.3542488265625 0.583546875 0.3878873234375 0.589515625 0.45516431874999996 0.591 0.50448356875 0.5925 0.538122065625 0.571609375 0.57624413125 0.570109375 0.6143427234375001 0.570109375 0.64124413125 0.5954843750000001 0.6210798125 0.605921875 0.5807277 0.6193593749999999 0.567253521875 0.6298125 0.5134507046875 0.6283125 0.522417840625 0.64025 0.4686150234375 0.6641250000000001 0.3632394359375 0.67159375 0.316150234375 0.670109375 0.2825117375
9 0.8865000000000001 0.8901408453125 0.79396875 0.757840375 0.80740625 0.7466431921875001 0.811890625 0.7219718312500001 0.8103906249999999 0.6502347421875 0.8387499999999999 0.6053755875 0.8715781249999999 0.5717605640625 0.9133749999999999 0.5246713609375 0.9133749999999999 0.477582159375 0.877546875 0.417042253125 0.8432187499999999 0.457394365625 0.847703125 0.5067370890625 0.841734375 0.5134507046875 0.83725 0.4932629109375 0.8297968750000001 0.4439436625 0.8253125000000001 0.32286385 0.847703125 0.300446009375 0.840234375 0.21525821562499997 0.885015625 0.2017840375 0.88203125 0.183849765625 0.8596406249999999 0.13676056406249998 0.814875 0.0717605640625 0.716375 0.09640845 0.713390625 0.098661971875 0.704421875 0.179366196875 0.7283125 0.28025821562500003 0.7148749999999999 0.28474178437500003 0.692484375 0.3094131453125 0.65965625 0.43497652656249997 0.617859375 0.56053990625 0.5925 0.6502347421875 0.58503125 0.699553990625 0.58503125 0.7017840375 0.5880156249999999 0.715258215625 0.589515625 0.7264553984375001 0.583546875 0.7488732390624999 0.5536875 0.8273474171874999 0.552203125 0.90359155 0.540265625 0.982065728125 0.534296875 0.984295775 0.9536718750000001 0.9865492953125001 0.8865000000000001 0.8901408453125
9 0.004109375 0.2118309859375 0.000671875 0.2144131453125 0.0010937499999999999 0.2744366203125 0.008828125000000001 0.275070421875 0.0096875 0.2789436625 0.0018124999999999999 0.2864788734375 0.0032500000000000003 0.3105633796875 0.020421875 0.3144366203125 0.01784375 0.318309859375 0.0208541671875 0.326486696875 0.018062500000000002 0.3357394359375 0.01828125 0.3531690140625 0.021718750000000002 0.3505868546875 0.020421875 0.2802347421875 0.013546875 0.2796009390625 0.0136015625 0.2670980046875 0.018562500000000003 0.2632394359375 0.053500000000000006 0.2602347421875 0.044484375 0.253145540625 0.046625 0.24798122031249997 0.046203125 0.238286384375 0.030734375 0.1924647890625 0.026437500000000003 0.18859155 0.02515625 0.1834272296875 0.018703125 0.1769953046875 0.01140625 0.181502346875 0.0096875 0.1866666671875 0.0139296875 0.1920803984375 0.007546875 0.195704225 0.009265625 0.21119718281250002 0.004109375 0.2118309859375
9 0.094296875 0.26194835625 0.093859375 0.2580751171875 0.093 0.24326291093750002 0.097296875 0.2400469484375 0.101578125 0.232957746875 0.10071875 0.21492957812500002 0.093 0.2130046953125 0.08657812499999999 0.2033568078125 0.082296875 0.1853051640625 0.08015625 0.1730751171875 0.075 0.1634272296875 0.06899999999999999 0.1634272296875 0.06343750000000001 0.1666431921875 0.06171875 0.17694835625 0.061296874999999994 0.195610328125 0.05915625 0.20528169062499999 0.051437500000000004 0.2123708921875 0.048859375 0.2188028171875 0.048859375 0.238122065625 0.045 0.253568075 0.05015625 0.26194835625 0.094296875 0.26194835625
9 0.97675 0.2 0.9782500000000001 0.1820187796875 0.972265625 0.1685446015625 0.96328125 0.1685446015625 0.9528125 0.17528169062500001 0.9513125 0.186525821875 0.9528125 0.20448356875 0.9438437499999999 0.2067370890625 0.9273906249999999 0.251690140625 0.9333750000000001 0.2606807515625 0.936359375 0.2629107984375 0.9917031250000001 0.2629107984375 1 0.251690140625 0.98571875 0.20899061093750002 0.97675 0.2
9 0.9351406250000001 0.1775117375 0.9359375 0.1680046953125 0.9335625000000001 0.15732394375 0.92684375 0.154366196875 0.9232812499999999 0.1798826296875 0.924078125 0.185821596875 0.921703125 0.191173709375 0.9134062500000001 0.1988967140625 0.9122187500000001 0.20483568124999998 0.9114218749999999 0.2143427234375 0.9311875000000001 0.21492957812500002 0.9359375 0.2143427234375 0.9446249999999999 0.2143427234375 0.9470000000000001 0.2107746484375 0.9509531250000001 0.20779342656250002 0.946203125 0.1971126765625 0.9438437499999999 0.1905868546875 0.9351406250000001 0.1870187796875 0.9351406250000001 0.1775117375
9 0.16753125 0.1932629109375 0.173515625 0.1618075125 0.161546875 0.14830985937500002 0.14060937499999998 0.1550469484375 0.14060937499999998 0.186525821875 0.11368750000000001 0.235962440625 0.131625 0.23819248750000002 0.178 0.2337089203125 0.16753125 0.1932629109375
9 0.12892187500000002 0.095704225 0.134203125 0.105446009375 0.136125 0.10255868593749999 0.133 0.088122065625 0.13371875 0.0812910796875 0.13804687499999999 0.07154929531250001 0.141890625 0.07154929531250001 0.14835937500000002 0.07406103281250001 0.148609375 0.07478873281250001 0.146921875 0.068309859375 0.14596875 0.059295774999999995 0.145 0.0538732390625 0.141890625 0.048122065625 0.13443750000000002 0.0430751171875 0.12892187500000002 0.048122065625 0.1255625 0.05713615 0.12771875 0.068309859375 0.128203125 0.07624413125 0.122921875 0.07840375625 0.12771875 0.088849765625 0.12892187500000002 0.095704225
9 0.42281250000000004 0.24269953125 0.42996875 0.23732394375000002 0.431171875 0.24629107968750003 0.437125 0.2409154921875 0.447859375 0.24180751250000002 0.47053124999999996 0.2391314546875 0.47232812500000004 0.262417840625 0.51765625 0.26422535156250004 0.51884375 0.257042253125 0.51765625 0.2265727703125 0.5051249999999999 0.212253521875 0.49796874999999996 0.201502346875 0.49678125 0.1853521125 0.48901562500000006 0.1719248828125 0.48067187499999997 0.17908450781250002 0.48067187499999997 0.20417840312500002 0.480078125 0.21044600937500002 0.4645625 0.21762910781249997 0.437125 0.22389671406249997 0.425203125 0.23105633750000001 0.42281250000000004 0.2265727703125 0.42043749999999996 0.23553990625000001 0.42281250000000004 0.24269953125
9 0.08346875000000001 0.1908450703125 0.089578125 0.2092253515625 0.102375 0.21340375625000002 0.10904687500000002 0.21589201875000003 0.11182812499999999 0.20420187812499999 0.11126562499999999 0.1824882625 0.10459375 0.1632629109375 0.1018125 0.1490845078125 0.09459375 0.129014084375 0.085140625 0.1281924875 0.082359375 0.1415492953125 0.08125 0.1532394359375 0.080125 0.16159624374999998 0.074578125 0.16661971874999998 0.076796875 0.1649530515625 0.080125 0.173309859375 0.08346875000000001 0.1908450703125
8 0.66425 0.16957746406250002 0.675484375 0.17509389687500002 0.678515625 0.1708685453125 0.683265625 0.17119718281250002 0.68434375 0.1614553984375 0.67721875 0.1504225359375 0.67678125 0.13126760625 0.661015625 0.10302816875000001 0.65734375 0.1049765265625 0.655171875 0.100093896875 0.6445937500000001 0.0997652578125 0.639609375 0.0936150234375 0.631625 0.0936150234375 0.62578125 0.1043192484375 0.6288125 0.11016431874999999 0.6264375 0.11406103281249999 0.6264375 0.1211971828125 0.635515625 0.1345070421875 0.635515625 0.1445774640625 0.639609375 0.1471830984375 0.6359375 0.1546478875 0.63571875 0.1621126765625 0.6363749999999999 0.1621126765625 0.645234375 0.16957746406250002 0.653015625 0.16828638437500001 0.6588437500000001 0.171854459375 0.66425 0.16957746406250002
8 0.872453125 0.56213615 0.8831093750000001 0.5474413140625 0.8964375 0.535446009375 0.916 0.510070421875 0.9106562500000001 0.4833568078125 0.9071093749999999 0.4299530515625 0.88578125 0.420610328125 0.86621875 0.439295775 0.850234375 0.46333333281250005 0.852 0.50338028125 0.8377812499999999 0.5220892015625 0.850234375 0.5461267609375 0.862671875 0.5728169015625 0.872453125 0.56213615
9 0.518609375 0.232582159375 0.518828125 0.23809859218749999 0.518828125 0.246877934375 0.518390625 0.2553286390625 0.517953125 0.2634272296875 0.562265625 0.2634272296875 0.562265625 0.25110328593750003 0.562265625 0.247840375 0.5603125 0.2426525828125 0.5564218750000001 0.23096244062500002 0.551234375 0.214741784375 0.54496875 0.2088967140625 0.5369843750000001 0.20368544531250002 0.536109375 0.19948356875 0.5378437500000001 0.1981690140625 0.5380625 0.1894131453125 0.537625 0.18713615 0.5369843750000001 0.1829107984375 0.5369843750000001 0.18161971875 0.5369843750000001 0.1777230046875 0.534390625 0.17089201874999999 0.528546875 0.169929578125 0.523359375 0.1722065734375 0.52034375 0.177394365625 0.5194687499999999 0.183568075 0.5194687499999999 0.1877934265625 0.51990625 0.19232394375 0.520546875 0.19558685468749998 0.520984375 0.1981690140625 0.52228125 0.2007746484375 0.52228125 0.2043427234375 0.520765625 0.2062910796875 0.518609375 0.2082394359375 0.516015625 0.2108450703125 0.510609375 0.2144131453125 0.516234375 0.2222065734375 0.51709375 0.225446009375 0.518609375 0.232582159375
9 0.0015625 0.1830985921875 0.0109375 0.1830985921875 0.00703125 0.1983568078125 0.0078125 0.2136150234375 0.003125 0.2136150234375 0.0140625 0.281690140625 0.0203125 0.281690140625 0.021875 0.345070421875 0.0171875 0.345070421875 0.0125 0.3521126765625 0.0125 0.3661971828125 0.015625 0.37089201875 0.0609375 0.37089201875 0.090625 0.3896713609375 0.365625 0.3896713609375 0.4140625 0.38262910781250004 0.4107954546875 0.33952198125 0.442159090625 0.33832693125 0.440625 0.3333333328125 0.44375 0.3333333328125 0.4671875 0.345070421875 0.4984375 0.377934271875 0.5171875 0.377934271875 0.55625 0.3661971828125 0.56875 0.3661971828125 0.5859375 0.35915492968749996 0.5859375 0.35446009375 0.6859375 0.3333333328125 0.6921875 0.3122065734375 0.696875 0.30516431875 0.7140625 0.2863849765625 0.7265625 0.281690140625 0.7265625 0.2746478875 0.8421875 0.23943662031250001 0.846875 0.3028169015625 0.8265625 0.3239436625 0.828125 0.377934271875 0.83125 0.380281690625 0.865625 0.3920187796875 0.91875 0.3896713609375 0.9515625 0.37558685468749997 0.9984375 0.33802816875 0.94774305625 0.2764736578125 0.946875 0.2629107984375 0.9921875 0.2629107984375 0.9984375 0.2558685453125 0.9984375 0.248826290625 0.9859375 0.21126760625 0.978125 0.20187793437499998 0.978125 0.1830985921875 0.9734375 0.171361503125 0.9734375 0.1572769953125 0.9640625 0.1666666671875 0.9609375 0.1502347421875 0.9578125 0.1464788734375 0.9625 0.1338028171875 0.965625 0.1413145546875 0.965625 0.1338028171875 0.9734375 0.136150234375 0.9742897734374999 0.1218523265625 0.9984375 0.0023474171875 0.765625 0.0023474171875 0.759375 0.0117370890625 0.734375 0.009389671875 0.725 0.0023474171875 0.003125 0.0046948359375 0.0015625 0.0704225359375 0.009184965625 0.0735312765625 0.0015625 0.089201878125 0.0015625 0.1830985921875