8 0.3498977796875 0.62303125 0.3399404578125 0.6271078625000001 0.336875 0.6235937500000001 0.32845040625 0.62942741875 0.3238522203125 0.62415625 0.3169603546875 0.6317469765625 0.305470303125 0.6340665328124999 0.3108294390625 0.62471875 0.2587383171875 0.62696875 0.26265965625 0.6352083328125 0.2710001515625 0.6410252015625 0.225039946875 0.650303428125 0.2665809984375 0.6434479171875 0.2822663546875 0.67640625 0.37299065468750003 0.67640625 0.3629205609375 0.62246875 0.351430509375 0.6247883062499999 0.3498977796875 0.62303125
8 0.0411991265625 0.68741633125 0.0427269703125 0.6934174109375 0.09072429843749999 0.6921406250000001 0.07566927968750001 0.6804576609375 0.08715933125 0.6781381046875 0.09072429843749999 0.67865625 0.225039946875 0.650303428125 0.1675896890625 0.6619012093750001 0.1545794390625 0.62696875 0.14659754687499998 0.6334296875 0.14294751875 0.6278329328125001 0.026628325 0.636474759375 0.0033644859375000003 0.638203125 0.006728971875000001 0.694375 0.018219023437500002 0.6920554437499999 0.018728303125 0.694055803125 0.029709075 0.6897358875 0.0307276375 0.6937366078125 0.0411991265625 0.68741633125
8 0.6372663546874999 0.17246875 0.565116821875 0.21560937500000002 0.525771028125 0.25070312499999997 0.466728971875 0.29309375000000004 0.4787616828125 0.301140625 0.550911215625 0.25946875 0.6307242984375 0.21926562500000002 0.6580373828125 0.18196874999999998 0.6372663546874999 0.17246875
9 0.3158644859375 0.7955 0.268831775 0.9011250000000001 0.2990654203125 0.9303437499999999 0.352827103125 0.9303437499999999 0.3494626171875 0.892140625 0.33939252343750004 0.8606718750000001 0.430116821875 0.77078125 0.48051401875 0.6674218749999999 0.6250233640625 0.8202187500000001 0.665327103125 0.88090625 0.6485280375 0.92809375 0.6922196265625 0.9213437499999999 0.712383178125 0.9033749999999999 0.712383178125 0.867421875 0.6787850468750001 0.7955 0.6014953265625 0.660671875 0.5712383171875001 0.582015625 0.6283644859375 0.43370312499999997 0.6115654203124999 0.4 0.5947663546874999 0.388765625 0.6048598125 0.35281250000000003 0.61492990625 0.34381249999999997 0.574602803125 0.316859375 0.51411215 0.312359375 0.49397196250000003 0.316859375 0.4670794390625 0.34381249999999997 0.48051401875 0.303375 0.4502803734375 0.285390625 0.35955607500000003 0.32584375 0.295700934375 0.341578125 0.285630840625 0.3505625 0.2822663546875 0.35729687499999996 0.3091355140625 0.4 0.376355140625 0.42921875 0.3830841125 0.5483125 0.352827103125 0.617984375 0.3830841125 0.72359375 0.3158644859375 0.7955
9 0.5926869156250001 0.173046875 0.6028738312499999 0.17346875 0.6067056078124999 0.179 0.61051401875 0.190921875 0.621331775 0.184953125 0.6245327109375001 0.181125 0.6207009343750001 0.17389062500000002 0.6079672890625 0.17090624999999998 0.5965186921875001 0.170484375 0.5952336453125 0.162828125 0.5856775703125 0.156015625 0.5786915890625 0.1564375 0.572313084375 0.15984375 0.5685046734375 0.16453125 0.5710514015625 0.177296875 0.564672896875 0.184953125 0.5595794390625 0.189640625 0.555116821875 0.1973125 0.55640186875 0.20709375 0.5799532703125 0.195171875 0.5799532703125 0.18453124999999998 0.583785046875 0.176875 0.5926869156250001 0.173046875
9 0.4352803734375 0.191796875 0.443271028125 0.19571875 0.45334112187500003 0.20049999999999998 0.46091121562500004 0.2044375 0.4680373828125 0.20640624999999999 0.4697196265625 0.2033125 0.46887850468750003 0.19965625 0.46301401875000003 0.192640625 0.44997663593750004 0.186734375 0.44158878437500004 0.18448437499999998 0.4449532703125 0.1783125 0.441168225 0.17184375000000002 0.43359813125 0.164265625 0.41175233593750005 0.166515625 0.408831775 0.174375 0.4100934578125 0.183359375 0.41385514062500006 0.18448437499999998 0.4314953265625 0.18842187500000002 0.4352803734375 0.191796875
9 0.3342523359375 0.20795312500000002 0.3446962609375 0.203046875 0.3601635515625 0.204859375 0.3725233640625 0.204859375 0.3775467296875 0.197359375 0.3798598125 0.19037500000000002 0.37446261718749996 0.18340625 0.3709813078125 0.1808125 0.362102803125 0.1769375 0.3457242984375 0.17759375 0.34373831718750003 0.186890625 0.344228971875 0.190875 0.3303504671875 0.191203125 0.3134813078125 0.19684375 0.31693925156249997 0.21110937500000002 0.324883178125 0.22071875 0.3307943921875 0.22734375 0.3354205609375 0.21415625 0.3342523359375 0.20795312500000002
9 0.2159345796875 0.18240625 0.21254672968750002 0.19434374999999998 0.21509345781250003 0.204578125 0.22528037343750001 0.21821875 0.232943925 0.22446875 0.24058411249999997 0.242078125 0.2584345796875 0.240375 0.26934579375 0.24925000000000003 0.2757242984375 0.24559375 0.27890186875 0.234625 0.267056075 0.224578125 0.26341121562500003 0.2154375 0.27025700937499997 0.19990625 0.2779906546875 0.193515625 0.284369159375 0.190765625 0.2825467296875 0.187734375 0.2757242984375 0.187125 0.2629672890625 0.1916875 0.2570327109375 0.203265625 0.2511214953125 0.205390625 0.24565420625 0.198078125 0.24292056093749997 0.194734375 0.24883177500000003 0.190765625 0.25338785 0.186203125 0.2516355140625 0.18184375 0.250771028125 0.175015625 0.24313084062499998 0.167625 0.2244392515625 0.17046875 0.2159345796875 0.18240625
9 0.18542056093749998 0.23009374999999999 0.20235981249999999 0.24142187499999998 0.20785046718750003 0.24723437499999998 0.21242990625 0.254875 0.2316355140625 0.254875 0.240327103125 0.25059375 0.2389485984375 0.24234375 0.2353037390625 0.22765624999999998 0.2243224296875 0.21725 0.213785046875 0.215109375 0.2147196265625 0.21021874999999998 0.213341121875 0.19889062500000002 0.2147196265625 0.194 0.2105841125 0.19032812500000001 0.2060280375 0.18848437499999998 0.1922897203125 0.18757812499999998 0.1813084109375 0.190015625 0.17948598124999998 0.20103125 0.18588785000000002 0.206546875 0.1877102796875 0.211125 0.182686915625 0.2114375 0.1685046734375 0.21418750000000003 0.1680373828125 0.219078125 0.1685046734375 0.22214062499999998 0.18542056093749998 0.23009374999999999
9 0.19904205625 0.14735937500000001 0.20107476562499998 0.14350000000000002 0.1987616828125 0.13615625 0.19154205625 0.13384374999999998 0.18172897187499998 0.12553125 0.185771028125 0.11742187500000001 0.170443925 0.10120312499999999 0.15831775625 0.103515625 0.1525467296875 0.10700000000000001 0.1545794390625 0.11490625000000002 0.1620794390625 0.1241875 0.15948598125 0.12689062499999998 0.16007009375 0.1326875 0.16815420625 0.14234375 0.170443925 0.14754687500000002 0.1724766359375 0.156625 0.1860514015625 0.155078125 0.19558411250000002 0.150828125 0.19904205625 0.14735937500000001
9 0.10647196249999999 0.041859375 0.10212616875 0.037421875 0.08595794375 0.034140625 0.07873831718749999 0.036453124999999996 0.0732476640625 0.042046875 0.0712383171875 0.048625 0.07065420624999999 0.059250000000000004 0.056799065625 0.062328125 0.046682243750000005 0.066578125 0.042640187499999996 0.070640625 0.0406074765625 0.075265625 0.044369159375 0.078359375 0.055630840625 0.08106250000000001 0.0588084109375 0.076625 0.06257009375 0.072765625 0.0775934578125 0.072765625 0.0845093453125 0.086671875 0.08537383125 0.09323437500000001 0.0874065421875 0.10404687500000001 0.09345794375000001 0.10346875 0.0995327109375 0.093421875 0.116869159375 0.091296875 0.1252336453125 0.09323437500000001 0.12668224374999998 0.101546875 0.1382242984375 0.11139062500000001 0.1385280375 0.109453125 0.128130840625 0.081640625 0.12177570156249999 0.07140625 0.10588785 0.066 0.10530373906249998 0.062328125 0.10761682187499999 0.05325 0.10647196249999999 0.041859375
9 0.3827336453125 0.08309375 0.3912383171875 0.08309375 0.39626168281249996 0.08128125 0.396658878125 0.07714062499999999 0.4059345796875 0.074046875 0.40516355156249995 0.071203125 0.3954906546875 0.067328125 0.37964953281249997 0.067578125 0.38081775625000003 0.06448437500000001 0.3781074765625 0.057499999999999996 0.37037383125 0.049484375000000004 0.3622663546875 0.046640625000000005 0.3553037390625 0.0479375 0.357616821875 0.049812499999999996 0.36574766406250003 0.055234375 0.3665186921875 0.064546875 0.3668925234375 0.077984375 0.36728972031249996 0.08101562500000001 0.373855140625 0.08153125 0.3827336453125 0.08309375
9 0.6996261687499999 0.6173437500000001 0.711331775 0.59190625 0.7069392515625 0.57821875 0.6849999999999999 0.5733125 0.6601401874999999 0.5733125 0.652827103125 0.588 0.652827103125 0.5997343749999999 0.6060280375 0.60853125 0.5913785046875 0.627125 0.6103971968749999 0.64375 0.604556075 0.6574375 0.62065420625 0.6818906250000001 0.72448598125 0.6789531249999999 0.7142523359374999 0.65059375 0.6996261687499999 0.6173437500000001
9 0.6827336453124999 0.229203125 0.6827336453124999 0.23532812500000003 0.687313084375 0.23729687500000002 0.6948364484375 0.243859375 0.7157943921875 0.25284375 0.6948364484375 0.234453125 0.6951635515625 0.230953125 0.69287383125 0.2151875 0.6846962609375 0.20928125 0.6689953265625 0.21103125 0.6696495328125 0.21803124999999998 0.6794626171875 0.221109375 0.6827336453124999 0.229203125
9 0.743271028125 0.36940625 0.743271028125 0.37103125000000003 0.743271028125 0.37696874999999996 0.742056075 0.384 0.740443925 0.38859374999999996 0.7347897203125 0.389671875 0.7327803734375 0.39237500000000003 0.7400467296875 0.393453125 0.7457009343750001 0.390203125 0.766285046875 0.379953125 0.7719392515625 0.3780625 0.776799065625 0.3748125 0.76831775625 0.360765625 0.7675 0.360765625 0.7582242984375 0.358875 0.7590186921875001 0.357796875 0.760630840625 0.35078125 0.7618457937499999 0.3445625 0.760630840625 0.339171875 0.7561915890625001 0.3335 0.7529672890625 0.331609375 0.7513551406250001 0.33053125 0.7457009343750001 0.32971875 0.7384345796875 0.32971875 0.7327803734375 0.33025000000000004 0.7291355140625 0.33214062499999997 0.72712616875 0.335109375 0.7214719625 0.34240624999999997 0.71904205625 0.34484375 0.71661215 0.348890625 0.71661215 0.3529375 0.722686915625 0.356453125 0.722686915625 0.35753124999999997 0.737616821875 0.360765625 0.742056075 0.365625 0.743271028125 0.36940625
8 0.400443925 0.33165625 0.42221962656249995 0.32934375 0.42796728906250003 0.3393125 0.43427570156249995 0.3500625 0.45203271093749997 0.36309375 0.4732476640625 0.356578125 0.4732476640625 0.3446875 0.46981308437499997 0.335484375 0.464088784375 0.322453125 0.458925234375 0.31209375 0.42738317812500004 0.311703125 0.42796728906250003 0.310171875 0.4142056078125 0.3163125 0.400443925 0.33165625
9 0.767313084375 0.419765625 0.7788551406249999 0.417203125 0.78962616875 0.417203125 0.797313084375 0.413078125 0.8126869156250001 0.41359375 0.8226869156250001 0.41153125 0.808831775 0.40690625 0.8150000000000001 0.4033125 0.8211448593749999 0.392 0.8211448593749999 0.3811875 0.808831775 0.369359375 0.787313084375 0.37090625 0.7780841125 0.387875 0.7849999999999999 0.396625 0.772686915625 0.40073437500000003 0.761168225 0.40639062499999995 0.7442289718749999 0.42182812500000005 0.755 0.44290624999999995 0.762686915625 0.436734375 0.7642289718749999 0.428515625 0.767313084375 0.419765625
9 0.0607476640625 0 0.032710279687499996 0.0078125 0.0210280375 0.015625 0.01168224375 0.0265625 0.01168224375 0.05625 0.023364485937500002 0.0640625 0.0397196265625 0.065625 0.0397196265625 0.0796875 0.016355140625 0.09375 0.014018692187500001 0.1 0.0023364484375000003 0.1078125 0.0023364484375000003 0.1828125 0.004672896875000001 0.1875 0.0210280375 0.196875 0.0186915890625 0.203125 0.0023364484375000003 0.21875 0.0023364484375000003 0.3046875 0.0243658203125 0.3109375 0.0023364484375000003 0.3359375 0.004672896875000001 0.34375 0.0015576328125 0.34427083281250004 0 0.3515625 0 0.3765625 0.004672896875000001 0.3890625 0 0.4421875 0.0023364484375000003 0.446875 0.0186915890625 0.45625 0.077102803125 0.4640625 0.08411215 0.4671875 0.13551401875 0.46875 0.136292834375 0.4739583328125 0.1444704046875 0.6153645828125 0.1495327109375 0.621875 0.12149532656249999 0.640625 0.11448598125000001 0.6625 0.09813084062500001 0.671875 0.0817757015625 0.6859375 0.07943925156250001 0.7015625 0.0864485984375 0.70625 0.109813084375 0.70625 0.11915887812499999 0.703125 0.1285046734375 0.70625 0.1448598125 0.70625 0.15420560781249998 0.69375 0.16588785 0.6921875 0.1799065421875 0.7015625 0.193925234375 0.7015625 0.2056074765625 0.690625 0.21962616875 0.6875 0.26168224375000004 0.6875 0.2686915890625 0.68125 0.2686915890625 0.6734375 0.25934579375 0.646875 0.2570093453125 0.6234375 0.24299065468749997 0.6140625 0.24065420624999997 0.596875 0.590237434375 0.50363175625 0.6004672890625 0.50625 0.5841121499999999 0.55 0.5864485984375001 0.565625 0.57242990625 0.584375 0.5841121499999999 0.615625 0.598130840625 0.6171875 0.6074766359375 0.609375 0.6331775703125 0.6046875 0.640186915625 0.5953125 0.75934579375 0.6203125 0.75934579375 0.6375 0.7686915890625 0.64375 0.7733644859375 0.64375 0.775700934375 0.678125 0.787383178125 0.684375 0.792056075 0.6953125 0.80140186875 0.7015625 0.8154205609374999 0.7015625 0.827102803125 0.6890625 0.8294392515625001 0.678125 0.8364485984375 0.678125 0.84345794375 0.671875 0.8528037390625001 0.6421875 0.8668224296875 0.6375 0.873831775 0.63125 0.8700934578125 0.5953125 0.8929906546874999 0.5890625 0.8925233640625001 0.584375 0.9044392515625 0.5859375 0.9158878500000001 0.5828125 0.9205607484374999 0.5859375 0.9345794390625001 0.5859375 0.9532710281250001 0.5703125 0.957943925 0.5359375 0.9672897203125 0.5265625 0.9672897203125 0.51875 0.9602803734375 0.5125 0.9509345796875 0.5125 0.9509345796875 0.5078125 0.9672897203125 0.45625 0.9836448593749999 0.434375 0.9813084109375 0.421875 0.9766355140625 0.41875 0.9602803734375 0.41875 0.9602803734375 0.415625 0.9719626171875 0.4015625 0.9883177562500001 0.3984375 0.9976635515625001 0.390625 0.9789719625 0.3375 0.9813084109375 0.3234375 0.9766355140625 0.3234375 0.9719626171875 0.3109375 0.9813084109375 0.3046875 0.9742990656250001 0.2953125 0.98948598125 0.2953125 0.9976635515625001 0.2859375 0.9929906546874999 0.271875 0.9976635515625001 0.2609375 0.9766355140625 0.246875 0.9789719625 0.228125 0.9976635515625001 0.203125 0.9953271031250001 0.2 0.984423675 0.2 0.9976635515625001 0.178125 0.9976635515625001 0.0578125 0.9929906546874999 0.0546875 0.96962616875 0.053125 0.962616821875 0.0453125 0.9462616828125 0.0359375 0.9462616828125 0.03125 0.957943925 0.03125 0.962616821875 0.028125 0.962616821875 0.015625 0.957943925 0.0125 0.9088785046875 0.0125 0.8528037390625001 0.0140625 0.8457943921875 0.0171875 0.8341121499999999 0.0171875 0.8247663546874999 0.0125 0.8130841125 0.0125 0.8084112156250001 0.009375 0.703271028125 0.0109375 0.6728971968749999 0.009375 0.651869159375 0 0.6028037390625001 0 0.5911214953124999 0.0078125 0.556074765625 0.0078125 0.5327102796875 0.003125 0.45093457968750006 0.003125 0.432242990625 0.00625 0.3925233640625 0.00625 0.3785046734375 0 0.3551401875 0 0.3457943921875 0.0046875 0.2943925234375 0.0078125 0.2710280375 0.0125 0.2476635515625 0.0125 0.23130841093750001 0.021875 0.21495327031250003 0.0109375 0.18691588750000002 0.0109375 0.16588785 0.015625 0.1588785046875 0.00625 0.1471962609375 0 0.0607476640625 0