2 0.10600000000000001 0.516917646875 0.10784374999999999 0.5271294125 0.10796874999999999 0.5376941171875 0.10674999999999998 0.5476941171874999 0.105515625 0.552682353125 0.11351562500000001 0.5530588234375 0.135421875 0.551952940625 0.135546875 0.539717646875 0.1338125 0.5302588234375001 0.13799999999999998 0.5295294125 0.13764062500000002 0.526752940625 0.13221875 0.5261882359375 0.127046875 0.512282353125 0.109328125 0.512282353125 0.10773437500000001 0.5124705875 0.10587500000000001 0.5147058828125 0.10600000000000001 0.516917646875
2 0.20031249999999998 0.51743529375 0.1985 0.523952940625 0.19793750000000002 0.5300705875 0.19878125 0.5405882359375 0.20212500000000003 0.5424705875 0.205625 0.5405882359375 0.207296875 0.53743529375 0.21051562499999998 0.5357411765625 0.2109375 0.5302823531249999 0.22015625 0.5311294125 0.22434375 0.5233411765625 0.231046875 0.52016470625 0.231046875 0.5165882359375 0.22965624999999998 0.511552940625 0.224765625 0.5086117640625 0.20800000000000002 0.5084 0.20534375 0.5107058828125 0.20031249999999998 0.51743529375
9 0.304421875 0.8898823531250001 0.323828125 0.8988705875 0.3268125 0.8786588234374999 0.3268125 0.8314588234375 0.329796875 0.77303529375 0.346203125 0.689882353125 0.358140625 0.7707764703125 0.35665625 0.8472 0.35515625 0.8898823531250001 0.36112500000000003 0.90336470625 0.39246875000000003 0.8808941171875 0.3745625 0.8539294125 0.37903125000000004 0.8044941171875 0.37306249999999996 0.7865176468749999 0.385 0.7752705875 0.3969375 0.716847059375 0.39246875000000003 0.62696470625 0.40440624999999997 0.6067529406250001 0.402921875 0.5820235296875 0.407390625 0.49663529375 0.3984375 0.45618823593749996 0.389484375 0.4089882359375 0.36262500000000003 0.388752940625 0.371578125 0.366282353125 0.364109375 0.3550588234375 0.3506875 0.3303294125 0.317859375 0.3348235296875 0.31189062500000003 0.37527058750000003 0.31934375 0.39774117656249997 0.31039062500000003 0.4022588234375 0.2895 0.4157411765625 0.288015625 0.44943529375 0.30143749999999997 0.512352940625 0.305921875 0.57976470625 0.30293749999999997 0.6089882359375001 0.293984375 0.7617882359375 0.30293749999999997 0.77976470625 0.30293749999999997 0.8539294125 0.292484375 0.8472 0.292484375 0.87416470625 0.304421875 0.8898823531250001
9 0.8680312499999999 0.34625882343750003 0.8650781249999999 0.3240235296875 0.8650781249999999 0.30623529375 0.83159375 0.29882352968750003 0.816828125 0.32550588281250004 0.803046875 0.313647059375 0.810921875 0.34922352968750003 0.80796875 0.3892705875 0.816828125 0.4115058828125 0.75875 0.48858823593749995 0.76071875 0.5182588234375001 0.785328125 0.5182588234375001 0.77646875 0.5716235296875001 0.7784375 0.6398117640625001 0.7745 0.7628705874999999 0.7951718750000001 0.7687999999999999 0.79615625 0.8058823531250001 0.793203125 0.85183529375 0.8266718750000001 0.8666588234375 0.83159375 0.83256470625 0.836515625 0.79103529375 0.83946875 0.69023529375 0.8503125 0.6383294125 0.8581875 0.583482353125 0.8759062500000001 0.46190588281249995 0.8581875 0.399647059375 0.86015625 0.39223529375 0.884765625 0.390752940625 0.8680312499999999 0.34625882343750003
9 0.879609375 0.8335058828124999 0.8830937499999999 0.8020705875 0.894703125 0.7409176468750001 0.9016562499999999 0.6989882359374999 0.90978125 0.6815294125 0.913265625 0.7915764703125 0.892375 0.8667058828125 0.8993437500000001 0.8946588234374999 0.9202187500000001 0.880682353125 0.92834375 0.8492235296875 0.9318125 0.826517646875 0.935296875 0.7513882359374999 0.945734375 0.7147058828125 0.96546875 0.7007294125 0.9770625000000001 0.601152940625 0.9759062500000001 0.5330117640625 0.9840312499999999 0.45091764687499997 0.9608281249999999 0.42644705937499994 0.96546875 0.40724705937500005 0.9642968749999999 0.38103529375 0.963140625 0.363552940625 0.951546875 0.3495764703125 0.9341406250000001 0.344352940625 0.9213749999999999 0.35308235312499997 0.9167343750000001 0.3932705875 0.9248593749999999 0.4212235296875 0.8993437500000001 0.4212235296875 0.887734375 0.43343529375 0.8807812500000001 0.48235294062499995 0.8830937499999999 0.5260235296875 0.876140625 0.611647059375 0.86453125 0.7147058828125 0.8633749999999999 0.7915764703125 0.8436562500000001 0.8370117640625001 0.83784375 0.8492235296875 0.85640625 0.8509882359375001 0.879609375 0.8335058828124999
9 0.060250000000000005 0.3856 0.04253125 0.40783529375 0.036625000000000005 0.4285882359375 0.035640624999999995 0.5145647062500001 0.0405625 0.576847059375 0.05434375 0.6316941171875 0.059265625 0.6761882359375 0.053359375 0.738447059375 0.05532812499999999 0.7725411765625 0.0445 0.8600235296875001 0.060250000000000005 0.8570588234375001 0.088796875 0.8555764703125 0.111453125 0.8540941171875 0.11440625 0.840752940625 0.09864062500000001 0.8318588234375 0.106515625 0.8318588234375 0.132125 0.8348235296875 0.131140625 0.82296470625 0.11932812500000001 0.8140705875 0.09962499999999999 0.7844 0.10159375 0.7769882359375 0.104546875 0.7443764703125 0.109484375 0.7206588234375 0.1085 0.6954588234375 0.11440625 0.6895294125 0.125234375 0.682117646875 0.12425 0.6539294124999999 0.113421875 0.6346588234375 0.106515625 0.6139058828125 0.106515625 0.5842588234375 0.107515625 0.551647059375 0.106515625 0.5071529406249999 0.100609375 0.440447059375 0.084859375 0.40487058749999993 0.094703125 0.3959764703125 0.100609375 0.3959764703125 0.1085 0.3915294125 0.113421875 0.3737411765625 0.1124375 0.36185882343750003 0.11440625 0.34851764687500003 0.1203125 0.3396235296875 0.11932812500000001 0.3381411765625 0.1085 0.329247059375 0.10553125000000001 0.3173882359375 0.094703125 0.31145882343750003 0.069109375 0.32035294062499997 0.059265625 0.3322117640625 0.06615625 0.3752235296875 0.060250000000000005 0.3856
8 0.44768749999999996 0.7254588234375 0.376046875 0.7839058828125001 0.8341875 0.9501882359374999 0.8774531250000001 0.8782823531249999 0.44768749999999996 0.7254588234375
8 0.090421875 0.6870588234375 0.0988671875 0.6857411765625 0.0945 0.7011058828125 0.106734375 0.6844235296875001 0.12246874999999999 0.6817882359375 0.12596093749999998 0.6703882359375 0.4975016734375 0.8127277312500001 0.501203125 0.8099058828125001 0.505180525 0.8157050421875001 0.511109375 0.8134117640625 0.512859375 0.818682353125 0.54315625 0.8134117640625 0.5524843749999999 0.8134117640625 0.55596875 0.794117646875 0.5489843750000001 0.787082353125 0.524515625 0.7783058828125 0.50353125 0.7923529406250001 0.2824938609375 0.7293630265625 0.128916853125 0.6698168078125 0.129453125 0.6589882359375 0.121296875 0.6326588234375 0.10498437499999999 0.6273882359375 0.092171875 0.6326588234375 0.08284375000000001 0.651952940625 0.0905226 0.6549302515625001 0.08634375 0.6730117640625 0.090421875 0.6870588234375
8 0.7967187499999999 0.5229411765624999 0.7925625000000001 0.524117646875 0.78553125 0.5155058828125 0.781625 0.5358588234375 0.7798125 0.5554588234375 0.786828125 0.57623529375 0.7967187499999999 0.57583529375 0.809203125 0.5527058828125 0.813109375 0.5303764703125 0.809203125 0.5096235296875 0.799328125 0.5010117640625 0.79984375 0.50256470625 0.8006249999999999 0.5107999999999999 0.7967187499999999 0.5229411765624999
8 0.913625 0.4772941171875 0.9215937500000001 0.47672470625 0.9284218750000001 0.4892941171875 0.918171875 0.4972941171875 0.9170468749999999 0.5001411765625 0.9234843749999999 0.5081411765625 0.929171875 0.49101176406249997 0.9303125 0.47843764687499996 0.93903125 0.4801505875 0.9359999999999999 0.5018588234375 0.936375 0.5104235296875 0.9481302078124999 0.48415686406249997 0.951546875 0.482447059375 0.955328125 0.4915764703125 0.957609375 0.4807294125 0.9530625 0.4544705875 0.9473750000000001 0.457317646875 0.9473750000000001 0.44875294062500004 0.9409218750000001 0.46018823593749997 0.9348593749999999 0.461317646875 0.932203125 0.45788235312500003 0.935234375 0.44418823593749995 0.9253750000000001 0.44475294062500004 0.9276614578125001 0.474447059375 0.9079375000000001 0.474447059375 0.9079375000000001 0.48016470624999996 0.913625 0.4772941171875
8 0.567015625 0.7952235296875 0.569328125 0.809882353125 0.57721875 0.8266352937500001 0.578140625 0.8336235296875 0.616625 0.84896470625 0.620328125 0.8357176468749999 0.63378125 0.8217411765625 0.62403125 0.8008 0.63053125 0.8015058828124999 0.6333125 0.807082353125 0.637953125 0.8021882359375001 0.65834375 0.7987058828125 0.660203125 0.77496470625 0.648609375 0.7428470593750001 0.6411875 0.73376470625 0.6249687500000001 0.7247058828124999 0.610125 0.7253882359375 0.588796875 0.7323764703125 0.577671875 0.7421411765625 0.578140625 0.7568235296875 0.5721093749999999 0.7631058828125 0.5739687499999999 0.7875294125 0.567015625 0.7952235296875
2 0.018828125 0.52303529375 0.02225 0.526917646875 0.028249999999999997 0.526917646875 0.031671875 0.52303529375 0.035109375 0.52303529375 0.03596875 0.5062588234375001 0.033390625 0.5011058828125 0.012828125000000001 0.507552940625 0.008109375 0.509482353125 0.006828125 0.5198117640625 0.013250000000000001 0.5224 0.018828125 0.52303529375
8 0.8001093750000001 0.5729411765625 0.8059062499999999 0.5723764703125 0.81596875 0.5513882359375 0.816734375 0.535647059375 0.816734375 0.5193411765625 0.816734375 0.5129411765625 0.812484375 0.50536470625 0.8070625 0.5035999999999999 0.80475 0.5035999999999999 0.8066875 0.5047764703125 0.812484375 0.5170117640624999 0.812484375 0.5374117640625 0.8066875 0.561882353125 0.8001093750000001 0.5729411765625