9 0.7647764703125 0.6580468749999999 0.8663058828124999 0.6558125 0.659882353125 0.48501562500000006 0.6226588234375 0.47828125000000005 0.626047059375 0.34568750000000004 0.5549882359375 0.240078125 0.39931764687500004 0.21535937500000002 0.2842588234375 0.282765625 0.25042352968750003 0.338953125 0.25042352968750003 0.48053125 0.2132 0.561421875 0.14550588281250001 0.62659375 0.13875294062500002 0.6782812500000001 0.25042352968750003 0.6782812500000001 0.433152940625 0.6445624999999999 0.6700235296875 0.635578125 0.7647764703125 0.6580468749999999
9 1 0.29665625 0.9577411765624999 0.289796875 0.9288705875 0.2870625 0.9268000000000001 0.27746875000000004 0.9474352937500001 0.23771874999999998 0.9288705875 0.20071875 0.9164705874999999 0.1733125 0.8442588234375 0.15687500000000001 0.80296470625 0.159609375 0.7720235296875 0.16646875 0.7616941171875 0.176046875 0.749317646875 0.207578125 0.749317646875 0.236359375 0.7513882359374999 0.270609375 0.7761411765624999 0.289796875 0.7926588234375 0.30625 0.7947294125 0.31446874999999996 0.7823294125 0.328171875 0.7452 0.34049999999999997 0.718352940625 0.347359375 0.6894823531250001 0.36517187500000003 0.677082353125 0.37887499999999996 0.658517646875 0.38846875000000003 0.642 0.40765624999999994 0.62136470625 0.4336875 0.62136470625 0.44328124999999996 0.62136470625 0.45425000000000004 0.6255058828125 0.4720625 0.6316941171875 0.478921875 0.6502588234375 0.49124999999999996 0.6708941171875 0.498109375 0.6874117640625 0.49946875 0.6915294125 0.50221875 0.7018588234375 0.5090625 0.7204235296875 0.49946875 0.728682353125 0.503578125 0.7616941171875 0.492625 0.7926588234375 0.485765625 0.8215529406250001 0.48165625 0.8442588234375 0.4720625 0.8463058828125 0.45698437500000005 0.8174117640624999 0.422734375 0.8834588234374999 0.41039062499999995 0.9556941171875 0.41039062499999995 0.9887058828124999 0.40628125 0.9928235296875 0.38025000000000003 1 0.35284375 1 0.32406250000000003 1 0.29665625
8 1 0.5293281249999999 0.9547058828124999 0.523671875 0.9121176468750001 0.55665625 0.9149647062499999 0.59246875 0.950447059375 0.725375 1 0.739515625 1 0.5293281249999999
8 0.6747058828125 0.8119999999999999 0.7000941171874999 0.834875 0.7204235296875 0.9094687499999999 0.7204235296875 0.931046875 0.727482353125 0.970453125 0.7317411765624999 1 0.9736941171875 0.997046875 0.980682353125 0.8672187499999999 0.987647059375 0.8254843749999999 0.9992941171874999 0.800765625 0.99696470625 0.763671875 0.9573882359375 0.7420312499999999 0.9061882359375 0.734296875 0.8573176468750001 0.729671875 0.7944705875 0.73121875 0.7665411765625 0.7389375 0.76536470625 0.7385312500000001 0.7019058828125 0.756609375 0.6728941171875 0.77225 0.66743529375 0.79153125 0.6747058828125 0.8119999999999999
8 0.6869647062500001 0.745375 0.6937176468749999 0.713921875 0.6869647062500001 0.67796875 0.659882353125 0.659984375 0.5955764703125 0.6487499999999999 0.5312941171875 0.64425 0.480517646875 0.64425 0.4060705875 0.65325 0.3384 0.6757187499999999 0.287647059375 0.6981875 0.26056470625 0.72965625 0.24703529375 0.761109375 0.2571764703125 0.788078125 0.29103529375 0.8038125 0.321482353125 0.8060625 0.4230117640625 0.815046875 0.5008235296875 0.7948125 0.5922117640625 0.781328125 0.659882353125 0.767859375 0.6869647062500001 0.745375
8 0.10336470625000001 0.34445312499999997 0.082117646875 0.34367187499999996 0.060282353125 0.34484375 0.041999999999999996 0.347984375 0.045552940624999996 0.35346875 0.059105882812499996 0.404390625 0.09687058750000001 0.403609375 0.1139764703125 0.39968750000000003 0.10336470625000001 0.34445312499999997
8 0.7395764703125 0.33854687499999997 0.7395764703125 0.304390625 0.7380941171875001 0.304390625 0.7131058828125 0.304390625 0.6631529406250001 0.3073125 0.6660705874999999 0.314140625 0.6851764703125001 0.363921875 0.7395764703125 0.33854687499999997
8 0.8099294125000001 0.52234375 0.699482353125 0.515953125 0.7571058828125 0.563796875 0.848352940625 0.639265625 0.8099294125000001 0.52234375
8 0.8348470593749999 0.41789062499999996 0.8012235296875 0.42214062500000005 0.7692 0.42534375 0.758 0.465734375 0.7596 0.477421875 0.7868235296874999 0.482734375 0.7980235296875 0.493375 0.8188235296874999 0.5008125 0.8652470593749999 0.5008125 0.8908705875 0.5093125 0.8908705875 0.51675 0.8780470593749999 0.5231250000000001 0.8620470593749999 0.526328125 0.8508470593749999 0.52525 0.8460470593749999 0.52525 0.8812705875000001 0.6336875 0.8892705875000001 0.6570625 0.9340941171875 0.6570625 0.9148705874999999 0.57840625 0.9068705874999999 0.5667187499999999 0.9084705874999999 0.555015625 0.9228705875 0.546515625 0.9436941171875001 0.540140625 0.9724941171875001 0.530578125 1 0.530578125 0.9949176468750001 0.40726562499999996 0.9500941171875 0.40726562499999996 0.9084705874999999 0.411515625 0.8700470593749999 0.416828125 0.8348470593749999 0.41789062499999996
8 0.230282353125 0.47154687500000003 0.2283294125 0.47154687500000003 0.18352941250000002 0.47995312500000004 0.18936470625 0.5058281250000001 0.22929411718749998 0.533640625 0.230282353125 0.47154687500000003
9 0.2513411765625 0.1956875 0.22872941249999998 0.198 0.20783529375 0.215328125 0.1939294125 0.240734375 0.190447059375 0.30081250000000004 0.1921882359375 0.34585937499999997 0.1852235296875 0.379359375 0.171317646875 0.39437500000000003 0.1573882359375 0.40592187500000004 0.1539058828125 0.44057812500000004 0.150447059375 0.475234375 0.1748 0.47178125 0.1974117640625 0.5018125 0.21995294062499998 0.5274062500000001 0.17934117656249998 0.585828125 0.0710588234375 0.5948125 0.0372235296875 0.62178125 0.0575294125 0.633015625 0.1252 0.64425 0.1488941171875 0.68021875 0.1590588234375 0.62178125 0.21995294062499998 0.547625 0.24364705937500003 0.47346875 0.25042352968750003 0.32515625 0.30456470625 0.27571875 0.3620941171875 0.23751562499999998 0.3644 0.23381249999999998 0.33830588281249996 0.203765625 0.30178823593750004 0.18990625 0.27221176406250003 0.18528125 0.2513411765625 0.1956875
9 0.3675058828125 0.21453125 0.38209411718749997 0.22032812499999999 0.390847059375 0.220984375 0.4083294125 0.222921875 0.4258117640625 0.220984375 0.44524705937500003 0.22032812499999999 0.48023529375 0.224859375 0.4783058828125 0.21193749999999997 0.47343529375 0.1919375 0.47150588281249994 0.18484375 0.45303529375 0.17193750000000002 0.44623529375000004 0.169359375 0.42872941249999996 0.167421875 0.40929411718750003 0.161609375 0.3830588234375 0.157734375 0.3636235296875 0.15903125 0.33543529375 0.17128125 0.3276705875 0.17967187499999998 0.3267058828125 0.193234375 0.32962352968749997 0.195171875 0.3548705875 0.20678125 0.3675058828125 0.21453125
9 0.117647059375 0.2640625 0.14235294062499998 0.2609375 0.1611764703125 0.25859375 0.09176470625000001 0.1171875 0.0035294125 0.103125 0.0105882359375 0.2390625 0.09647058750000001 0.346875 0.12470588281249999 0.340625 0.117647059375 0.2640625
9 0.72976470625 0.26573437499999997 0.6966588234375 0.287703125 0.67423529375 0.3075625 0.673152940625 0.3075625 0.6560705875 0.324578125 0.6411294125 0.3401875 0.6624941171875001 0.349390625 0.6710352937499999 0.33592187500000004 0.6688941171875 0.31890625 0.6859764703125 0.306859375 0.7148 0.306859375 0.7511058828125 0.31253125000000004 0.7383058828125 0.332375 0.750047059375 0.33309375 0.7639294125 0.33096875 0.7820705875 0.32032812499999996 0.7895529406249999 0.301890625 0.7617882359375 0.279203125 0.7479058828125 0.267140625 0.7489882359375 0.2210625 0.7479058828125 0.20617187499999998 0.718 0.22176562500000002 0.700917646875 0.226015625 0.728682353125 0.24870312499999997 0.72976470625 0.26573437499999997
8 0.9961411765625 0.184546875 0.9566823531249999 0.17525 0.9884941171875001 0.13553125 0.9732235296875 0.102578125 0.9605176468750001 0.06792187499999999 0.9541411765625 0.067078125 0.9414117640624999 0.063703125 0.9401411765625 0.06539062500000001 0.9388705875 0.07468749999999999 0.92743529375 0.104265625 0.9121647062499999 0.08735937499999999 0.8968941171875 0.063703125 0.8828941171875 0.058640625 0.8739764703124999 0.061171875 0.8587058828125 0.07468749999999999 0.8498117640625 0.084828125 0.8408941171875 0.11778124999999999 0.8281647062499999 0.1380625 0.8408941171875 0.1575 0.9147058828124999 0.186234375 0.9388705875 0.2191875 0.974517646875 0.2191875 0.999952940625 0.190453125 0.9961411765625 0.184546875
8 0.7166823531250001 0.167359375 0.753552940625 0.1606875 0.785952940625 0.151046875 0.76696470625 0.119875 0.721152940625 0.1028125 0.6652705875 0.08796875 0.6216941171875 0.096125 0.6194588234375 0.12506250000000002 0.596 0.136203125 0.5714117640625 0.141390625 0.5412470593750001 0.14659375 0.5121882359375001 0.176265625 0.5334117640625 0.1963125 0.59263529375 0.19928125000000002 0.6160941171875 0.185921875 0.6239294125 0.24231250000000001 0.7099764703125 0.24231250000000001 0.6920941171874999 0.182953125 0.6887294125000001 0.18146875 0.6999058828125 0.173296875 0.7166823531250001 0.167359375
8 0.15967058750000002 0.40843749999999995 0.1686588234375 0.388296875 0.0203764703125 0.44275000000000003 0.0203764703125 0.462890625 0.14618823593750002 0.45767187500000006 0.1585411765625 0.43678125 0.15967058750000002 0.40843749999999995
8 0.0108149734375 0.7516846593750001 0.0185882359375 0.75246875 0.0104770046875 0.75954119375 0.0185882359375 0.761109375 0.0101390375 0.7673977265625 0.0185882359375 0.7697499999999999 0.0098010703125 0.7752542609375 0.0185882359375 0.778390625 0.0094631015625 0.7831107953124999 0.0074352937499999995 0.83025 0.089247059375 0.80803125 0.42016470625 0.924078125 0.5912 1 0.758517646875 0.993203125 0.7399294125 0.978390625 0.665552940625 0.80309375 0.668031371875 0.786625 0.6578975781249999 0.78086029375 0.6692705875 0.778390625 0.7994117640625 0.726546875 0.8663529406249999 0.726546875 0.9332705875 0.736421875 0.9592941171874999 0.733953125 0.9481411765625 0.726546875 0.9407058828125001 0.6524687499999999 0.8004773109375 0.66728125 0.7919764703125 0.6746875 0.788791596875 0.6685156250000001 0.7802669015625 0.67571945 0.7771058828124999 0.66975 0.76855733125 0.6767514 0.21820754999999997 0.7252530312500001 0.21936470625 0.6895 0.20746823593750002 0.693453125 0.20719786093749998 0.6890511359375 0.0855294125 0.6845625 0.030863529687500002 0.7260484375 0.01524470625 0.7379015625 0.0185882359375 0.7438281250000001 0.0074352937499999995 0.7438281250000001 0.0108149734375 0.7516846593750001