9 0.5289843750000001 0.9685280374999999 0.532 0.9528037390625 0.539515625 0.9191121499999999 0.541015625 0.878644859375 0.547015625 0.878644859375 0.556046875 0.874158878125 0.58309375 0.853925234375 0.5921093749999999 0.8471962609375 0.604125 0.8359579437500001 0.598125 0.8067523359375001 0.58759375 0.7820327109375 0.577078125 0.761799065625 0.5665625000000001 0.7393224296875001 0.563546875 0.7191121500000001 0.560546875 0.7078738312499999 0.541015625 0.7056074765625 0.524484375 0.714602803125 0.513953125 0.7370794390625 0.507953125 0.7348364484375 0.507953125 0.6943925234375 0.5049375 0.6651635515625001 0.49292187500000006 0.6247196265625 0.48540625000000004 0.5932476640625 0.48240625000000004 0.56404205625 0.491421875 0.5505607484375 0.5004375 0.5348364484375 0.5094531250000001 0.521355140625 0.51996875 0.48988317812500004 0.5289843750000001 0.46740654218750005 0.5289843750000001 0.4449532703125 0.530484375 0.41348130781250003 0.5335 0.41348130781250003 0.55153125 0.4112383171875 0.541015625 0.39775700937499997 0.5365 0.37752336406250003 0.5365 0.357313084375 0.527484375 0.330327103125 0.513953125 0.310116821875 0.491421875 0.28988317812500003 0.46587500000000004 0.2876401875 0.44182812499999996 0.29212616874999997 0.425296875 0.30787383125 0.41778125 0.3348364484375 0.41176562499999997 0.36179906562499997 0.41176562499999997 0.3910046734375 0.40726562499999996 0.4089953265625 0.405765625 0.438200934375 0.413265625 0.4629205609375 0.425296875 0.474158878125 0.425296875 0.4876401875 0.41628125000000005 0.510116821875 0.41026562499999997 0.52359813125 0.392234375 0.5348364484375 0.3696875 0.5685280374999999 0.35917187500000003 0.6044859812500001 0.34564062500000003 0.6449532703124999 0.34114062500000003 0.68315420625 0.34114062500000003 0.714602803125 0.342640625 0.757313084375 0.34715625 0.8 0.357671875 0.8337149531250001 0.35917187500000003 0.8584345796875 0.34865625 0.9033644859375001 0.35315625 0.9348364484375 0.35315625 0.9438317749999999 0.35315625 0.9595560750000001 0.342640625 0.9842757015625001 0.522984375 0.9887616828124999 0.524484375 0.9820327109375 0.5289843750000001 0.9685280374999999
8 0.312202009375 0.205861146875 0.3172203953125 0.2122085578125 0.31656026718749997 0.21641855781250002 0.3219087171875 0.22157218437499998 0.3209185265625 0.22697596718750002 0.32659703906250004 0.23093580781249998 0.3252767859375 0.23753337812500003 0.33128536249999996 0.240299434375 0.3296350453125 0.24809078750000002 0.33597368437499997 0.2496630578125 0.33399330312500003 0.25864819843750003 0.34066200625 0.259026684375 0.3383515625 0.26920560781249997 0.3453503296875 0.2683903109375 0.342709821875 0.279763015625 0.35003865156249997 0.277753934375 0.3470680796875 0.290320428125 0.3547269734375 0.28711756093749996 0.3594152953125 0.29648118437500004 0.3514263390625 0.3008778359375 0.39250195312499997 0.39557535 0.40303125 0.39967289687499996 0.39723046875 0.406068925 0.404859375 0.41336448593749997 0.40195898437500005 0.41656250000000006 0.4066875 0.427056075 0.4156751640625 0.40884468749999997 0.43911677656250003 0.45566281249999996 0.47625 0.5566121500000001 0.494546875 0.6222897203125 0.5250468749999999 0.7080607484375 0.543359375 0.7117056078124999 0.543359375 0.7025934578124999 0.5348124999999999 0.6825233640625 0.5177343750000001 0.631425234375 0.48600000000000004 0.549299065625 0.47868750000000004 0.5474766359375 0.481311678125 0.5399354390625 0.4438050984375 0.46502643906249996 0.41034375 0.39420560781249997 0.40546875 0.39420560781249997 0.40629852031249997 0.3901174375 0.41132187499999995 0.38216355156250004 0.415234375 0.33399532656250003 0.346890625 0.1588084109375 0.337125 0.15334112187499999 0.3298125 0.1551635515625 0.323703125 0.1624532703125 0.31515624999999997 0.167943925 0.3090625 0.17523364531250002 0.30784375 0.1788785046875 0.30784375 0.1953037390625 0.312532071875 0.202844934375 0.312202009375 0.205861146875
2 0.2618125 0.5255841125 0.26329166718749997 0.51860591875 0.270453125 0.526285046875 0.27185156250000003 0.520700934375 0.2804114578125 0.5227959515625 0.282125 0.526285046875 0.2889713546875 0.524890965625 0.29753124999999997 0.52698598125 0.298 0.5290654203125 0.32601562500000003 0.52698598125 0.32601562500000003 0.520700934375 0.31060937499999997 0.512313084375 0.29753124999999997 0.515116821875 0.29426562500000003 0.5133644859375 0.29753124999999997 0.5032476640625 0.294734375 0.500443925 0.286328125 0.49834112187499996 0.270453125 0.49834112187499996 0.24710937500000002 0.5095327109375 0.246171875 0.5144158875 0.2547317703125 0.5165109046875 0.253171875 0.524883178125 0.2618125 0.5255841125
2 0.387078125 0.5203738312499999 0.37371875 0.50661215 0.35590625 0.5061682249999999 0.351234375 0.5092757015625 0.344625 0.507056075 0.342703125 0.512383178125 0.334171875 0.5154906546875 0.3368072921875 0.5264408109375001 0.40132812500000004 0.5279205609375001 0.40192187500000004 0.5234813078125 0.387078125 0.5203738312499999
2 0.8122812500000001 0.546869159375 0.829765625 0.546168225 0.8306875 0.5492757015625 0.833671875 0.5492757015625 0.834359375 0.530700934375 0.8359687499999999 0.5248598125 0.8309218749999999 0.5152336453124999 0.8259270828125 0.5241666656249999 0.8216015625 0.5155724296875001 0.8158854171875 0.5234735203125 0.8122812500000001 0.515911215625 0.80953125 0.5207242984375 0.80584375 0.5227803734375 0.8051562499999999 0.53345794375 0.8065312499999999 0.5471962609375 0.8118281250000001 0.548574765625 0.8122812500000001 0.546869159375
2 0.91140625 0.5368925234375 0.91140625 0.5311214953125 0.910921875 0.5275233640625 0.908984375 0.5231775703125 0.9075468750000001 0.5167056078125001 0.8834375 0.5174299062500001 0.880546875 0.518855140625 0.8764375 0.52859813125 0.869453125 0.53184579375 0.8595625 0.53184579375 0.8612500000000001 0.5484112156250001 0.908515625 0.5498598125 0.908984375 0.54588785 0.91140625 0.5368925234375
8 0.9084687499999999 0.3449065421875 0.90940625 0.346869159375 0.9080937499999999 0.36850467343750004 0.94284375 0.36822429843750004 0.94134375 0.34434579374999996 0.9084687499999999 0.3449065421875
8 0.85440625 0.3524065421875 0.82334375 0.35434579374999997 0.82290625 0.367242990625 0.8535468749999999 0.3685280375 0.85440625 0.3524065421875
8 0.729625 0.3591355140625 0.731453125 0.370116821875 0.7750468749999999 0.369813084375 0.7754531250000001 0.357616821875 0.729625 0.3591355140625
2 0.57190625 0.5074532703125 0.5552343750000001 0.5064953265625001 0.55127734375 0.5163142515625 0.545828125 0.5055373828125 0.5419765625 0.5165537390625 0.532140625 0.506799065625 0.524015625 0.5147897203125 0.5233749999999999 0.5170327109375 0.5905 0.5167056078125001 0.586859375 0.5135280375 0.57190625 0.5074532703125
2 0.941828125 0.5506074765625 0.940078125 0.535630840625 0.9355156250000001 0.5170794390625 0.9294218750000001 0.5280451703125 0.924953125 0.5174065421875 0.92028125 0.5279361375 0.914390625 0.5177336453125 0.910484375 0.5239252343749999 0.91178125 0.5366121500000001 0.91134375 0.5506074765625 0.935296875 0.55287383125 0.941828125 0.5506074765625
2 0.8439062500000001 0.5347546734375 0.8518593750000001 0.5443925234375 0.85371875 0.5259813078125 0.8448359375000001 0.525549065625 0.84728125 0.515257009375 0.8350937500000001 0.5161214953125 0.8335312500000001 0.5206074765625 0.835953125 0.525116821875 0.8340937500000001 0.5443925234375 0.8439062500000001 0.5347546734375
2 0.7966249999999999 0.546285046875 0.8009999999999999 0.5459579437500001 0.80309375 0.5335046734375 0.79975 0.52168224375 0.7966249999999999 0.5182476640625 0.784765625 0.5170093453125 0.7795468750000001 0.524158878125 0.77809375 0.532897196875 0.778296875 0.5400467296875 0.77871875 0.5459579437500001 0.7795468750000001 0.5456542062499999 0.7828906250000001 0.5453504671875 0.786015625 0.5406775703125 0.793921875 0.5406775703125 0.7966249999999999 0.546285046875