9 0.342875 0.313515625 0.3173125 0.3013125 0.31266666718749997 0.3013125 0.3033541671875 0.30479687499999997 0.29175 0.33268749999999997 0.3056875 0.353609375 0.3219583328125 0.376265625 0.3219583328125 0.40415625000000005 0.3661041671875 0.46865625 0.4009791671875 0.48259375000000004 0.3893541671875 0.56278125 0.35681250000000003 0.62553125 0.319625 0.6795625000000001 0.3149791671875 0.70396875 0.31266666718749997 0.761484375 0.3289166671875 0.825984375 0.33125 0.87653125 0.3242708328125 0.9183749999999999 0.3335833328125 0.94103125 0.35681250000000003 0.937546875 0.3870208328125 0.935796875 0.382375 0.916625 0.382375 0.897453125 0.382375 0.874796875 0.3637916671875 0.8399218749999999 0.3661041671875 0.8120312500000001 0.3661041671875 0.7858906250000001 0.3707708328125 0.770203125 0.36843750000000003 0.7388281250000001 0.3847083328125 0.7126875 0.41491666718750003 0.730109375 0.4102708328125 0.758 0.41491666718750003 0.8225 0.40329166718750004 0.921859375 0.42885416718749997 0.9340624999999999 0.4730208328125 0.9305625 0.46604166718749995 0.9079062499999999 0.468375 0.8869843749999999 0.468375 0.852125 0.4637291671875 0.8137812500000001 0.48 0.787640625 0.4613958328125 0.761484375 0.48231250000000003 0.73359375 0.5195000000000001 0.7405781250000001 0.5218333328125 0.73359375 0.5381041671875 0.7109375 0.5566875 0.690015625 0.5822499999999999 0.653421875 0.5822499999999999 0.622046875 0.5776041671875001 0.5836875 0.5683125 0.54534375 0.5752916671875 0.49653125 0.5497291671875 0.38671875 0.5590208328124999 0.3640625 0.5706458328124999 0.34140625 0.5822499999999999 0.3013125 0.6054999999999999 0.275171875 0.6473333328125 0.18278125 0.6728958328125 0.153140625 0.6938125 0.127 0.6705833328125 0.11654687500000001 0.6403541671874999 0.127 0.6194375 0.137453125 0.6124791671875001 0.16534374999999998 0.5590208328124999 0.25598437500000004 0.5125416671874999 0.31525 0.491625 0.296078125 0.4730208328125 0.2995625 0.4474583328125 0.317 0.42885416718749997 0.34314062500000003 0.42885416718749997 0.3640625 0.43118749999999995 0.3815 0.40329166718750004 0.41809375 0.3661041671875 0.3936875 0.3498333328125 0.35709375 0.342875 0.313515625
9 0.7518333328125 0.5519999999999999 0.7847916671874999 0.52953125 0.7698125 0.4958125 0.7698125 0.480078125 0.7548125 0.42615625 0.707125 0.42403124999999997 0.7101041671874999 0.3948125 0.6831458328125 0.37909375 0.6651666671875 0.4060625 0.6681666671875 0.435265625 0.6471875 0.44425 0.6471875 0.47571874999999997 0.6621666671875001 0.518421875 0.6501875 0.545375 0.6439583328125 0.5519999999999999 0.6918958328125 0.5564843749999999 0.7518333328125 0.5519999999999999
9 0.8705624999999999 0.547140625 0.8783749999999999 0.5393125000000001 0.8927291671875001 0.5197499999999999 0.8966458328125 0.50996875 0.8979374999999999 0.5060625 0.9018541671875001 0.498234375 0.8953333328124999 0.48454687500000004 0.89925 0.481609375 0.9057708328125 0.46498437499999995 0.9175000000000001 0.44932812499999997 0.9214166671875 0.43367187500000004 0.9109791671874999 0.419984375 0.8901249999999999 0.41606249999999995 0.8692500000000001 0.41020312499999995 0.8731666671875 0.400421875 0.8783749999999999 0.39454687499999996 0.8783749999999999 0.37890625 0.8653333328124999 0.364234375 0.8340416671875 0.362265625 0.8210000000000001 0.37498437500000004 0.8210000000000001 0.39649999999999996 0.8275208328125 0.40824999999999995 0.8236041671875001 0.4219375 0.7936041671875 0.432703125 0.781875 0.46693749999999995 0.7857916671875 0.495296875 0.8066458328125 0.49235937500000004 0.8053541671875 0.503125 0.791 0.5197499999999999 0.7870833328125 0.551046875 0.7870833328125 0.55203125 0.8640416671875 0.548125 0.8705624999999999 0.547140625
9 0.9453125 0.4099375 0.9422499999999999 0.390125 0.9747708328125 0.36724999999999997 0.9717291671874999 0.35125 0.9422499999999999 0.342875 0.9402291671875 0.33220312500000004 0.9381875000000001 0.31925 0.9432708328125001 0.304 0.9188958328125001 0.29028125 0.8965416671875 0.29409375 0.8873958328124999 0.31239062500000003 0.8894166671875 0.327625 0.8985625 0.32915625 0.8985625 0.34515625 0.8904375 0.34973437500000004 0.8660416671875 0.3626875 0.8792500000000001 0.385546875 0.8772291671874999 0.40765624999999994 0.8772291671874999 0.409171875 0.9513958328125 0.42746874999999995 0.9453125 0.4099375
9 0.7342500000000001 0.409296875 0.7388125 0.38309375 0.7570416671875 0.362015625 0.7707083328125 0.356890625 0.7653958328125 0.336953125 0.7737499999999999 0.32214062499999996 0.8056458328125 0.319296875 0.8215833328125 0.34265625 0.8215833328125 0.30676562500000004 0.795 0.289109375 0.7851458328125 0.266890625 0.7653958328125 0.254359375 0.7448750000000001 0.25834375 0.7410833328125 0.2754375 0.7410833328125 0.289109375 0.75475 0.362015625 0.7144999999999999 0.391640625 0.7342500000000001 0.409296875
9 0.8156666671874999 0.30453125000000003 0.8289791671875 0.294546875 0.8456250000000001 0.269578125 0.8545 0.25710937500000003 0.8411875 0.25210937499999997 0.835625 0.23796875 0.8323124999999999 0.222984375 0.8123333328125 0.21467187499999998 0.7956875 0.2205 0.7945833328125 0.250453125 0.7835 0.261265625 0.7890416671875 0.27375 0.8045625 0.296203125 0.8156666671874999 0.30453125000000003
8 0.3117083328125 0.3412395828125 0.3136666671875 0.346671875 0.295875 0.3570625 0.3117083328125 0.36150000000000004 0.3117083328125 0.351125 0.3295 0.325921875 0.3373958328125 0.282921875 0.3749583328125 0.248828125 0.4105416671875 0.208796875 0.4223958328125 0.162828125 0.3967083328125 0.131703125 0.34925 0.1331875 0.317625 0.161359375 0.30775 0.21768749999999998 0.3255416671875 0.248828125 0.30775 0.3185 0.3117083328125 0.32146875 0.3117083328125 0.3412395828125
9 0.5606875 0.43278125 0.565625 0.477046875 0.5605208328125 0.48414062500000005 0.56925 0.513109375 0.573625 0.525125 0.573625 0.540421875 0.5663333328125 0.545890625 0.5728958328125 0.5622812500000001 0.6275416671875 0.5589999999999999 0.6326458328125 0.55190625 0.629 0.540421875 0.6442916671875001 0.5295 0.6413958328125 0.522390625 0.650125 0.50928125 0.6545 0.49998437500000004 0.6472083328125 0.481953125 0.6442916671875001 0.46829687499999995 0.6472083328125 0.446984375 0.6253541671875 0.43770312499999997 0.6217083328124999 0.42840625 0.6173541671875 0.42457812500000003 0.6209791671875 0.42021875 0.6144375 0.40982812500000004 0.6071458328125 0.395625 0.5983958328125001 0.389609375 0.5889375 0.38687499999999997 0.5787291671875 0.38851562500000003 0.5716249999999999 0.39015625 0.5599583328125 0.399453125 0.5650625 0.41365625 0.5643333328125 0.42731250000000004 0.5606875 0.43278125
9 0.8384583328125 0.36062500000000003 0.8384583328125 0.359859375 0.8353958328125 0.35757812499999997 0.8313333328124999 0.35757812499999997 0.8252291671875 0.35757812499999997 0.8150833328125 0.35757812499999997 0.8110208328124999 0.35453125 0.8120208328125 0.349953125 0.8140625 0.346140625 0.8150833328125 0.341578125 0.8150833328125 0.33928125 0.8140625 0.33395312499999996 0.8079583328125001 0.32709375 0.8038958328125 0.32328125 0.7988125 0.31946875 0.7917083328125 0.31946875 0.7825624999999999 0.321 0.7703541671874999 0.32023437499999996 0.7703541671874999 0.3248125 0.7652916671875001 0.33928125 0.7652916671875001 0.345390625 0.7744375 0.356046875 0.7673125 0.35834375 0.7551249999999999 0.36520312499999996 0.7429166671874999 0.38273437499999996 0.7378541671875001 0.40635937499999997 0.7327708328125 0.42312500000000003 0.7439375 0.4269375 0.7612083328125 0.436078125 0.7652916671875001 0.43684375 0.7744375 0.43684375 0.7805208328125001 0.43075 0.7886458328125 0.43303125 0.8038958328125 0.42540625 0.8211666671875 0.42312500000000003 0.8262499999999999 0.410921875 0.8191458328125 0.381203125 0.8252291671875 0.367484375 0.8303125 0.3644375 0.833375 0.36290625 0.8384583328125 0.36062500000000003
9 0.6493333328124999 0.33528125000000003 0.6662916671875 0.34603125 0.6662916671875 0.363640625 0.674125 0.383203125 0.6988958328125 0.387125 0.6936875 0.36462500000000003 0.7054166671875 0.350921875 0.6845625 0.321578125 0.6610833328125 0.321578125 0.6715 0.297125 0.662375 0.284421875 0.6310833328125 0.2805 0.6219583328125 0.29028125 0.6193333328125 0.31865625 0.5802083328125 0.3255 0.5776041671875001 0.33625 0.5828333328124999 0.3675625 0.595875 0.387125 0.62325 0.383203125 0.6219583328125 0.363640625 0.6271666671875 0.34114062500000003 0.6493333328124999 0.33528125000000003
9 0.7457083328125 0.2688125 0.7496666671875001 0.262453125 0.75475 0.25906250000000003 0.7603958328125 0.25651562499999997 0.768875 0.25651562499999997 0.779625 0.25906250000000003 0.783 0.25906250000000003 0.7881041671875 0.25525000000000003 0.7920416671875 0.2514375 0.7943125 0.24337499999999998 0.7903541671875 0.23914062500000002 0.7903541671875 0.230671875 0.7892291671875 0.226421875 0.7892291671875 0.21921875000000002 0.7988333328125 0.20946875 0.8089999999999999 0.2026875 0.7993958328125 0.19971875 0.79375 0.19718750000000002 0.7897916671874999 0.19209375 0.7931874999999999 0.18657812499999998 0.7943125 0.177265625 0.7824375 0.16412500000000002 0.7739583328124999 0.16115625 0.7637916671875 0.159875 0.7519166671875 0.16412500000000002 0.7462708328125001 0.169625 0.7440208328125 0.17640625000000001 0.7473958328125 0.18743749999999998 0.7541875 0.19209375 0.7496666671875001 0.196765625 0.7400625 0.198453125 0.7293125 0.20184375000000002 0.7185833328125 0.20565625 0.7021875 0.2048125 0.68975 0.207359375 0.6903333328125 0.220921875 0.6982291671875 0.2243125 0.7117916671875 0.22939062500000001 0.7253541671875 0.23151562499999997 0.7315833328125 0.238296875 0.7349791671875 0.277296875 0.7377916671875 0.276015625 0.7383541671875 0.27475 0.7457083328125 0.2688125
8 0.7275416671875 0.52125 0.7343958328125 0.516625 0.7337083328125 0.513015625 0.7254791671875 0.513015625 0.7152083328125001 0.5150781249999999 0.7097083328125 0.518171875 0.694625 0.518171875 0.6863958328125 0.518171875 0.6836458328125 0.517140625 0.6767916671875 0.5155937500000001 0.6719999999999999 0.5145625 0.66925 0.514046875 0.6617083328125 0.5150781249999999 0.6514166671875 0.52434375 0.6548541671875 0.534109375 0.6953125 0.53359375 0.7268541671875 0.534109375 0.7282291671875 0.525875 0.7275416671875 0.52125
9 1 0.23865625000000001 0.9770208328125 0.2425 0.9667916671875 0.24825 0.9667916671875 0.26360937500000003 0.9770208328125 0.279921875 0.9603958328125 0.287609375 0.9565416671875001 0.296234375 0.9373541671875 0.3154375 0.9411875000000001 0.333671875 0.9450416671875 0.347109375 0.9667916671875 0.374953125 0.97575 0.376859375 0.9834166671875 0.391265625 1 0.394140625 1 0.23865625000000001
9 0.8383958328125001 0.18090625 0.8311458328124999 0.18725 0.8257083328125001 0.199921875 0.8257083328125001 0.207625 0.8287291671875 0.21803124999999998 0.8335625 0.22528125000000002 0.8347708328125 0.23253125 0.8275208328125 0.238421875 0.828125 0.24701562500000002 0.84925 0.256078125 0.8510624999999999 0.254265625 0.8643541671875001 0.246109375 0.8794375000000001 0.24565625 0.8818541671875 0.223921875 0.8691875 0.2189375 0.8679791671875 0.21621875 0.8746041671875 0.208984375 0.8728125 0.19675 0.8679791671875 0.18725 0.8552916671874999 0.179546875 0.8383958328125001 0.18090625
9 0.616 0.41115625 0.6202291671875 0.42337499999999995 0.6202291671875 0.43334374999999997 0.6250625000000001 0.43742187499999996 0.6371249999999999 0.44103125 0.6449791671875 0.44465625 0.6473958328125 0.45009375 0.6546458328125 0.44601562499999997 0.6667083328125 0.43832812499999996 0.6739583328125 0.431078125 0.6739583328125 0.424734375 0.67275 0.420203125 0.669125 0.41432812500000005 0.6679166671875 0.41025 0.6648958328125001 0.40390625 0.6673125 0.39575 0.6709375 0.39078124999999997 0.6793958328125 0.38534375 0.6793958328125 0.382625 0.6715416671875001 0.380359375 0.6703333328125 0.375375 0.669125 0.367671875 0.6679166671875 0.361796875 0.6667083328125 0.3459375 0.6510208328125 0.335984375 0.6377291671875 0.337796875 0.6250625000000001 0.341421875 0.6202291671875 0.35364062500000004 0.6202291671875 0.365421875 0.6238541671875 0.3771875 0.6220416671875 0.3844375 0.5984791671874999 0.387609375 0.5990833328125 0.39121875 0.6051249999999999 0.392125 0.6093541671875 0.398921875 0.616 0.41115625
9 0.5833333328125 0.3015625 0.575 0.3265625 0.5791666671875 0.33125 0.5729166671875 0.334375 0.55 0.3875 0.55625 0.415625 0.5645833328125 0.4234375 0.5583333328125 0.425 0.5625 0.43125 0.5604166671875 0.4328125 0.8958333328125001 0.484375 0.9 0.503125 0.89375 0.51875 0.8729166671874999 0.5453125 0.8770833328125001 0.5546875 0.8833333328125 0.559375 0.8979166671875 0.5578125 0.90625 0.5640625 0.9208333328125 0.5640625 0.9395833328125001 0.55625 0.98125 0.55625 0.9875 0.5546875 0.9979166671874999 0.546875 0.9123826296875001 0.4890184859375 0.91220238125 0.47879464218749995 0.9979166671874999 0.4078125 0.9729166671874999 0.3765625 0.9645833328125001 0.375 0.95 0.3859375 0.8979166671875 0.346875 0.8979166671875 0.3296875 0.8895833328125 0.328125 0.8875 0.3140625 0.8958333328125001 0.296875 0.9083333328125001 0.2921875 0.925 0.29375 0.9458333328125 0.3078125 0.9604166671875 0.2890625 0.975 0.28125 0.96875 0.2671875 0.9708333328125001 0.246875 0.9791666671874999 0.2421875 0.9958333328125001 0.240625 0.9979166671874999 0.23125 0.8699074078125 0.17534722187500001 0.8625 0.159375 0.8770833328125001 0.15 0.88125 0.134375 0.8791666671874999 0.090625 0.9020833328125001 0.0625 0.9041666671874999 0.0546875 0.8982789859375 0.047078804687499996 0.90625 0.0453125 0.9104166671874999 0.040625 0.91875 0.0375 0.925 0.0375 0.9291666671875 0.03125 0.93451086875 0.029959239062499997 0.93125 0.028125 0.93649861875 0.02287638125 0.7979166671875 0.071875 0.7791666671875 0.0734375 0.775 0.0765625 0.76875 0.0765625 0.7375 0.0875 0.73125 0.0875 0.7270833328124999 0.090625 0.69375 0.0984375 0.6895833328125 0.1015625 0.6708333328125 0.1046875 0.6416666671875 0.115625 0.6125 0.121875 0.59375 0.1296875 0.5854166671875001 0.1296875 0.55625 0.140625 0.5166666671875 0.15 0.5083333328124999 0.1546875 0.5 0.1546875 0.49583333281249997 0.1578125 0.45208333281249996 0.16875 0.4458333328125 0.1734375 0.4458333328125 0.1828125 0.45208333281249996 0.1875 0.5395833328124999 0.234375 0.5391431921875001 0.236553696875 0.6020833328124999 0.2796875 0.5833333328125 0.3015625