2 0.3977066671875 0.52516 0.39696 0.5299400000000001 0.3965866671875 0.5313399999999999 0.39621333281250004 0.53556 0.39808 0.5381 0.3988266671875 0.5398 0.3995733328125 0.5423199999999999 0.40221333281250005 0.54402 0.4033333328125 0.54964 0.40296000000000004 0.5541400000000001 0.40709333281250004 0.5564 0.41272000000000003 0.5561200000000001 0.41421333281250006 0.55386 0.41647999999999996 0.5549999999999999 0.4206133328125 0.5549999999999999 0.42736 0.55556 0.4307466671875 0.56006 0.4326133328125 0.56204 0.4450133328125 0.56204 0.4498933328125 0.56118 0.4510133328125 0.5595 0.4611466671875 0.5586599999999999 0.4848 0.5578000000000001 0.4904266671875 0.5549999999999999 0.4949333328125 0.5549999999999999 0.5092 0.5549999999999999 0.51144 0.5533 0.52008 0.55302 0.5197066671874999 0.5578000000000001 0.5212 0.5586599999999999 0.5245866671875 0.5595 0.5324533328125 0.5595 0.53472 0.55838 0.5350933328125 0.55528 0.53584 0.5519000000000001 0.5350933328125 0.54986 0.53808 0.54688 0.53808 0.54298 0.5400533328125 0.5413 0.5400533328125 0.54 0.5395466671875 0.53666 0.5368266671875 0.53462 0.53608 0.5283 0.52816 0.52236 0.5192533328125 0.51884 0.50984 0.51754 0.49672 0.51698 0.49325333281250006 0.51456 0.48904 0.50844 0.4820533328125 0.50392 0.47808 0.50178 0.47352 0.49964000000000003 0.46840000000000004 0.49964000000000003 0.4490666671875 0.50136 0.42176 0.50136 0.4183466671875 0.50178 0.41093333281250005 0.5069 0.4041066671875 0.51628 0.40519999999999995 0.51586 0.3992 0.5215 0.3977066671875 0.52516
2 0.9992533328125001 0.5065000000000001 0.97888 0.50336 0.9783466671875001 0.50024 0.9778133328124999 0.49828 0.97312 0.49748000000000003 0.97208 0.49905999999999995 0.9548266671875 0.48769999999999997 0.9470133328125 0.48495999999999995 0.9015466671875 0.483 0.8744 0.48416 0.8571466671874999 0.48534 0.8200533328124999 0.50102 0.8195466671875 0.50298 0.8164 0.50572 0.8148533328124999 0.5163 0.8122400000000001 0.51864 0.81432 0.5233399999999999 0.8268533328125001 0.52884 0.8305066671875 0.53784 0.8346933328125001 0.5402 0.8508800000000001 0.5402 0.85192 0.53392 0.90312 0.5355000000000001 0.9052 0.54254 0.9161866671875 0.54686 0.92768 0.54646 0.9344533328125 0.5398 0.9851466671875 0.5398 0.9846133328125 0.53902 0.9903466671875 0.54372 0.9992533328125001 0.5448999999999999 0.99976 0.54332 0.9992533328125001 0.5065000000000001
2 0.86624 0.48488 0.8946133328125001 0.48360000000000003 0.9156266671875001 0.48360000000000003 0.9428533328125001 0.48446 0.9372 0.48061999999999994 0.9229866671875 0.47424 0.8951733328125 0.47168 0.8605600000000001 0.47253999999999996 0.8378399999999999 0.47382 0.8304533328125 0.47552000000000005 0.8264799999999999 0.48446 0.8213866671875 0.4951 0.8219466671875001 0.50064 0.8225066671875 0.50022 0.84352 0.49084000000000005 0.86624 0.48488
2 0.59592 0.49256 0.5918133328125 0.49508 0.59032 0.50408 0.59144 0.50464 0.5921866671875 0.5097 0.5933066671875 0.5144599999999999 0.5981866671875 0.51474 0.6011733328125 0.51474 0.60192 0.5130600000000001 0.60192 0.51166 0.60192 0.51082 0.61952 0.5111 0.6210133328125 0.51334 0.6236533328125 0.51474 0.6244 0.5139 0.6270133328124999 0.51194 0.63488 0.5144599999999999 0.63712 0.5097 0.6588533328125 0.50912 0.6584800000000001 0.508 0.6562133328125 0.49396000000000007 0.6483733328125 0.49256 0.6476 0.48525999999999997 0.6037866671875001 0.48582000000000003 0.6034133328125 0.48666 0.59704 0.49256 0.59592 0.49256
2 0.7636000000000001 0.52272 0.7700533328125 0.5235000000000001 0.7748266671875 0.52272 0.7775466671875 0.5171 0.8127466671875 0.5171 0.8144266671875 0.51646 0.8169066671874999 0.50522 0.8214933328124999 0.50038 0.8214933328124999 0.49678000000000005 0.8140000000000001 0.49538000000000004 0.8100533328124999 0.49256 0.8056800000000001 0.49304 0.8006666671874999 0.4896 0.7962933328124999 0.48522 0.75048 0.48398 0.72672 0.48319999999999996 0.72256 0.48804 0.7206933328125 0.49304 0.71736 0.49648000000000003 0.7113066671875 0.49661999999999995 0.7100533328124999 0.5016200000000001 0.71048 0.50756 0.7083999999999999 0.5111600000000001 0.7115199999999999 0.51396 0.71632 0.5146 0.7184 0.5171 0.7190133328125 0.52022 0.7196533328125 0.52084 0.7248533328125 0.5213 0.7310933328125 0.5221 0.7313066671875 0.52224 0.7317333328125 0.51678 0.76048 0.5171 0.7621333328125 0.5189600000000001 0.7636000000000001 0.52272
2 0.44071999999999995 0.4948 0.42519999999999997 0.48018 0.40818666718749996 0.48074000000000006 0.3845333328125 0.48112000000000005 0.3840266671875 0.48296 0.37664 0.49276 0.37637333281249996 0.50496 0.38032 0.5062599999999999 0.3828 0.50996 0.3820533328125 0.5131 0.3879733328125 0.5144 0.3897066671875 0.51106 0.3958666671875 0.5112599999999999 0.3976 0.51532 0.4049866671875 0.51532 0.4057333328125 0.5112599999999999 0.4148533328125 0.50108 0.4426933328125 0.50034 0.44071999999999995 0.4948
2 0.2419466671875 0.52794 0.25389333281250004 0.5290600000000001 0.26954666718750003 0.53074 0.27925333281250003 0.5383 0.2833333328125 0.53662 0.27440000000000003 0.52236 0.2814666671875 0.5218 0.28370666718750004 0.52152 0.28258666718750003 0.51872 0.2796266671875 0.5176000000000001 0.2747733328125 0.51844 0.2717866671875 0.52068 0.25949333281250003 0.50726 0.23970666718750003 0.50698 0.2378666671875 0.5067 0.24008 0.5198400000000001 0.2419466671875 0.52794
2 0.6578933328125001 0.4949 0.6578933328125001 0.50292 0.6571466671875 0.50978 0.6617066671875 0.51722 0.6662933328125 0.51722 0.6701066671875 0.5155000000000001 0.67088 0.50978 0.6876533328125001 0.5115000000000001 0.6884266671875 0.51608 0.6975733328125 0.52008 0.7029066671875001 0.5155000000000001 0.7044266671875 0.51494 0.7090133328125 0.50978 0.7105333328125 0.5012 0.7128266671875 0.49318 0.7235199999999999 0.48918 0.7235199999999999 0.48118 0.66552 0.4806 0.6594133328125 0.48288000000000003 0.6578933328125001 0.48861999999999994 0.6578933328125001 0.4949
2 0.54168 0.512 0.5460533328125 0.5109 0.5453333328125 0.50708 0.5591733328124999 0.5087200000000001 0.5642666671875001 0.51474 0.5693866671875 0.51418 0.57448 0.50926 0.58904 0.50926 0.5883200000000001 0.49944 0.5934133328125 0.49396000000000007 0.60072 0.48742 0.6065333328125 0.48358 0.6065333328125 0.47866 0.5985333328125 0.4732 0.5635466671875 0.47702 0.5387733328125 0.47648 0.5358666671875 0.50544 0.5358666671875 0.51036 0.54168 0.512
9 0.20309333281250003 0.791 0.22599999999999998 0.7934599999999999 0.22271999999999997 0.76074 0.2183466671875 0.69854 0.2358133328125 0.773 0.2510933328125 0.78038 0.2510933328125 0.80982 0.27944 0.8089999999999999 0.2718133328125 0.78038 0.27728 0.77464 0.27728 0.74846 0.2750933328125 0.68954 0.26309333281249997 0.63144 0.2685333328125 0.6249 0.2663466671875 0.57662 0.23690666718750003 0.55698 0.23144 0.5259 0.202 0.51608 0.1790666671875 0.52098 0.1758133328125 0.54554 0.19 0.56026 0.15834666718749998 0.5725399999999999 0.15616000000000002 0.60936 0.1299733328125 0.6698999999999999 0.1376266671875 0.6723600000000001 0.1496266671875 0.67154 0.18234666718749998 0.6126199999999999 0.1692533328125 0.66826 0.1790666671875 0.68872 0.1910666671875 0.755 0.1889066671875 0.76564 0.1856266671875 0.7869200000000001 0.20309333281250003 0.791
9 0.00552 0.49101999999999996 0.00552 0.7554000000000001 0.0312 0.7886599999999999 0.0218666671875 0.8236800000000001 0.0312 0.8342 0.06389333281250001 0.79568 0.061573332812500006 0.83944 0.0452266671875 0.86922 0.07322666718750001 0.86396 0.0965866671875 0.8587 0.09192 0.80618 0.09890666718749999 0.7273799999999999 0.11525333281250001 0.71864 0.10591999999999999 0.6941200000000001 0.11992 0.6941200000000001 0.1362666671875 0.68362 0.13391999999999998 0.6328400000000001 0.11992 0.5488000000000001 0.06624 0.52604 0.05456 0.51902 0.0475466671875 0.49976000000000004 0.00552 0.49101999999999996
9 0.2056 0.5017 0.1964533328125 0.5105000000000001 0.2134133328125 0.51832 0.23949333281250001 0.54278 0.23949333281250001 0.54864 0.23949333281250001 0.55648 0.2551466671875 0.56724 0.2681866671875 0.57896 0.2694933328125 0.6034200000000001 0.2655733328125 0.62102 0.26298666718749997 0.65918 0.2734133328125 0.71688 0.28253333281250004 0.7550399999999999 0.2903733328125 0.7472000000000001 0.2955733328125 0.74134 0.2903733328125 0.7159 0.2903733328125 0.6719 0.29818666718750003 0.61124 0.2994933328125 0.5956 0.3073066671875 0.57114 0.29296 0.54962 0.2655733328125 0.53398 0.24472 0.52224 0.24210666718749999 0.5114799999999999 0.23168000000000002 0.50366 0.2225333328125 0.50366 0.24210666718749999 0.50268 0.22645333281250002 0.49876 0.2056 0.5017
2 0.3489333328125 0.5048199999999999 0.3491733328125 0.50716 0.35152 0.50716 0.35512 0.50464 0.35616 0.50288 0.36392 0.50288 0.36496 0.506 0.3675466671875 0.506 0.3704 0.5058 0.36808 0.49706 0.36549333281249996 0.49376 0.3646933328125 0.48912000000000005 0.3491733328125 0.48949999999999994 0.3502133328125 0.4957 0.3481333328125 0.49706 0.3489333328125 0.5048199999999999
2 0.30735999999999997 0.49842000000000003 0.3068 0.50096 0.30906666718750003 0.5011 0.30888 0.50492 0.31320000000000003 0.50534 0.31792 0.5045 0.3297866671875 0.50534 0.3294133328125 0.49022 0.31904 0.49008 0.31509333281249996 0.49119999999999997 0.3124533328125 0.49234 0.30735999999999997 0.49842000000000003