8 0.689453125 0.39776995312499996 0.6978125000000001 0.40129107968750005 0.69815625 0.3982629109375 0.692453125 0.39373239375 0.68778125 0.3872065734375 0.688109375 0.38016431875 0.692125 0.377159625 0.6968125 0.378661971875 0.701828125 0.38166666718750003 0.7035 0.3821830984375 0.7035 0.3796713609375 0.7025 0.3721126765625 0.699484375 0.3610563375 0.699484375 0.35753521093749996 0.705171875 0.3504929578125 0.7081875 0.323849765625 0.705171875 0.3163145546875 0.6814218750000001 0.3178169015625 0.678734375 0.3208450703125 0.67371875 0.3932394359375 0.6770625 0.3982629109375 0.6857656249999999 0.3982629109375 0.689453125 0.39776995312499996
2 0.883984375 0.6103521125 0.8824687499999999 0.6172065734375 0.890828125 0.6206338031249999 0.8927343750000001 0.623497653125 0.8946249999999999 0.6246244125 0.8991875 0.6246244125 0.900703125 0.6206338031249999 0.9170468749999999 0.623497653125 0.9174374999999999 0.6274882625 0.923890625 0.6269014078125 0.925796875 0.62518779375 0.9387187499999999 0.62805164375 0.9398593749999999 0.6314788734375 0.9436562500000001 0.6320422531250001 0.949359375 0.6274882625 0.961890625 0.6274882625 0.96075 0.6143427234375001 0.9569531250000001 0.6029342718749999 0.9459375 0.5989436625 0.935671875 0.5880985921875 0.926546875 0.5852347421874999 0.91971875 0.582957746875 0.9026093749999999 0.582957746875 0.891203125 0.5926525828125 0.883984375 0.5977934265625 0.8828437499999999 0.5960798125 0.883234375 0.6046478875 0.883984375 0.6103521125
2 0.268609375 0.573826290625 0.269625 0.5802347421875 0.277765625 0.5802347421875 0.281015625 0.579929578125 0.2824375 0.5744366203125 0.3035625 0.5750469484375 0.30721875 0.5802347421875 0.31371875 0.582065728125 0.31778125 0.581150234375 0.32225000000000004 0.5741314546875 0.3230625 0.5625352109375 0.32225000000000004 0.555821596875 0.32021875 0.5500234734375 0.316765625 0.5451408453125001 0.300921875 0.54269953125 0.289953125 0.543309859375 0.28142187500000004 0.5488028171875 0.273484375 0.5564319249999999 0.26373437499999997 0.557042253125 0.26596875 0.5634507046875 0.268609375 0.573826290625
2 0.426546875 0.5746478875000001 0.427703125 0.5729107984375 0.42978125 0.5729107984375 0.43115625 0.5725586859375 0.43139062499999997 0.571173709375 0.43715624999999997 0.5704929578125 0.440625 0.571525821875 0.44176562500000005 0.5684037562500001 0.44315625000000003 0.565281690625 0.4456875 0.5631924875000001 0.447078125 0.565281690625 0.44546875 0.5697887328125 0.44546875 0.5729107984375 0.44592187499999997 0.5753286390625 0.444546875 0.577769953125 0.44015624999999997 0.577769953125 0.43784375000000003 0.5805399062500001 0.440625 0.5812206578125 0.44546875 0.582957746875 0.44546875 0.583661971875 0.4486875 0.5874647890625 0.45307812500000005 0.5853755875 0.454921875 0.5819248828125 0.46576562499999996 0.583661971875 0.46668750000000003 0.576713615625 0.47037500000000004 0.576713615625 0.47015624999999994 0.5739436625 0.479140625 0.5739436625 0.481453125 0.5780985921874999 0.48376562500000003 0.5857277 0.48584375 0.583661971875 0.48353124999999997 0.571877934375 0.481 0.5666666671875 0.475 0.565985915625 0.466921875 0.5642488265625001 0.46507812499999995 0.5562676062499999 0.45999999999999996 0.554201878125 0.43346875 0.553849765625 0.435546875 0.559389671875 0.43899999999999995 0.559389671875 0.44015624999999997 0.5625117375 0.43784375000000003 0.565281690625 0.43392187499999996 0.5663145546874999 0.43023437500000006 0.564929578125 0.425625 0.56286385 0.42515625 0.565985915625 0.42515625 0.5704929578125 0.42515625 0.57359155 0.426546875 0.5746478875000001
9 0.86490625 0.7409859156249999 0.8737343750000001 0.6841549296875 0.885078125 0.6064788734375 0.8825625 0.5326056343750001 0.862390625 0.49471830937499994 0.819515625 0.46631455468749994 0.8106875 0.44356807500000006 0.819515625 0.41516431875000004 0.8270781250000001 0.364014084375 0.8232968749999999 0.310985915625 0.759 0.28446009375000003 0.745125 0.292042253125 0.7388125 0.32802816875 0.726203125 0.356431925 0.7098125 0.356431925 0.69846875 0.38863849687499996 0.682078125 0.3962206578125 0.67703125 0.40948356874999997 0.6972031249999999 0.417065728125 0.7085625 0.43978873281249997 0.71990625 0.4568309859375 0.7098125 0.47767605625 0.7249531250000001 0.5098826296875 0.71990625 0.5307277 0.689640625 0.5534507046875 0.6795625000000001 0.5951173703125 0.6656875 0.6746713609375 0.659390625 0.716361503125 0.627859375 0.9019953046875001 0.61525 0.9379812203125001 0.6076875 1 0.87121875 0.9986150234375 0.869953125 0.9967136156249999 0.8737343750000001 0.9342018781249999 0.863640625 0.8754694828125 0.862390625 0.794014084375 0.86490625 0.7409859156249999
9 0.24176562499999998 0.8871830984375 0.242875 0.8739201874999999 0.24396874999999998 0.8673004687500001 0.247828125 0.8697887328125 0.24948437499999998 0.8838497656250001 0.25334375 0.89213615 0.25665625 0.90373239375 0.258859375 0.9153286390625001 0.26106250000000003 0.916150234375 0.263265625 0.9153286390625001 0.266578125 0.9087089203125001 0.26546875000000003 0.90124413125 0.259953125 0.8830281687499999 0.25665625 0.8673004687500001 0.25720312500000003 0.8515492953124999 0.25720312500000003 0.838309859375 0.25665625 0.8242253515625 0.259953125 0.8209154921874999 0.25940625 0.8134507046874999 0.251140625 0.7944131453125001 0.24562499999999998 0.7944131453125001 0.24507812499999998 0.7886150234375 0.24893749999999998 0.7886150234375 0.24893749999999998 0.783638496875 0.24176562499999998 0.778661971875 0.229640625 0.778661971875 0.22907812500000002 0.7853051640625 0.23184375 0.79359155 0.22578125 0.7960563375 0.226875 0.8043427234375 0.22853125 0.817605634375 0.227984375 0.8333333328125001 0.22743750000000001 0.8581924875 0.22907812500000002 0.8772300468750001 0.232390625 0.8805399062499999 0.23349999999999999 0.8896478875 0.2301875 0.9078873234374999 0.223015625 0.9169953046874999 0.226875 0.9194835687499999 0.24010937499999999 0.9169953046874999 0.24065625000000002 0.9111971828125001 0.24065625000000002 0.90124413125 0.24176562499999998 0.8871830984375
9 0.16528125 0.8568309859375001 0.1617299109375 0.8596445328125 0.16141071406250002 0.8717873921875 0.16499999999999998 0.8720422531249999 0.163578125 0.8792723 0.16103125000000001 0.8818309859375001 0.16077232187499998 0.89607310625 0.159328125 0.9001408453125 0.159046875 0.908638496875 0.160453125 0.9082159624999999 0.160734375 0.9001408453125 0.172359375 0.8998356812500001 0.174625 0.9073708921874999 0.176046875 0.903122065625 0.185390625 0.8996948359375001 0.185390625 0.8954460093750001 0.181328125 0.8943192484375 0.1814375 0.8805399062499999 0.1783125 0.8771361499999999 0.1783125 0.8434976531249999 0.18070312500000002 0.8164553984375 0.1781875 0.8115727703125 0.1779375 0.8017840375 0.179953125 0.7950234734375 0.17970312500000002 0.7754929578125 0.1759375 0.774741784375 0.1759375 0.770610328125 0.16793750000000002 0.7702347421875 0.1619375 0.7897652578125001 0.162368303125 0.83535881875 0.164890625 0.8406572765625 0.16204910781249998 0.8475016765625 0.16528125 0.8568309859375001
2 0.06859375 0.5410328640625 0.067734375 0.5468309859375 0.0673125 0.553286384375 0.066453125 0.571361503125 0.069890625 0.5816666671874999 0.07203125 0.58232394375 0.082765625 0.5758685453125 0.0840625 0.5603755875 0.08578125 0.546173709375 0.08492187500000001 0.5410328640625 0.083203125 0.5410328640625 0.06859375 0.5410328640625
8 0.0796875 0.48694835625 0.073671875 0.48694835625 0.070265625 0.4916666671875 0.07053125 0.5251173703124999 0.08204687499999999 0.5207746484375 0.082578125 0.492840375 0.0796875 0.48694835625
8 0.07270312500000001 0.5347652578125001 0.068859375 0.49126760625 0.061781249999999996 0.49215962500000004 0.059703125 0.49126760625 0.06118749999999999 0.538309859375 0.07270312500000001 0.5347652578125001
8 0.557734375 0.6368075125 0.5587187499999999 0.60838028125 0.55175 0.6053990609375 0.548265625 0.6240845078125 0.551265625 0.638309859375 0.557734375 0.6368075125