0 0.973265625 0.591920375 0.9790625000000001 0.6006089 0.999578125 0.60128805625 1 0.5431381734375 0.988421875 0.5344496484375 0.984421875 0.5251053859375 0.9723750000000001 0.52644028125 0.979515625 0.5331147546875 0.9781718749999999 0.5391334890625 0.9723750000000001 0.559180328125 0.964796875 0.5651990625 0.9554375 0.56386416875 0.957671875 0.564543325 0.9545468749999999 0.5899297421874999 0.973265625 0.591920375
0 0.8377968750000001 0.524847775 0.838875 0.5323653390625 0.8463906250000001 0.54578454375 0.84746875 0.5699531609374999 0.8399374999999999 0.5431147546874999 0.8356406249999999 0.5339812640625 0.82596875 0.5414988296875001 0.8295468749999999 0.5414988296875001 0.836 0.5436533953125 0.838515625 0.5517096015625 0.8453125 0.5683372359375001 0.8313437499999999 0.558688525 0.8306250000000001 0.5731850109375001 0.8306250000000001 0.5903747078125 0.8402968749999999 0.6182903984375 0.843890625 0.612388759375 0.848546875 0.5909133484375 0.849984375 0.5903747078125 0.851046875 0.5597423890625 0.8514062499999999 0.5726463703125 0.8514062499999999 0.605948478125 0.856421875 0.610772834375 0.867171875 0.611311475 0.8700468750000001 0.5989461359375 0.8686093749999999 0.581779859375 0.85428125 0.5565339578125 0.849625 0.5447306796875 0.8428125 0.5355971890625 0.8453125 0.5286182671875 0.8481875000000001 0.5210772828125 0.8424531249999999 0.5302107734375 0.844953125 0.5184074937500001 0.8377968750000001 0.524847775
1 0.177625 0.700444965625 0.198515625 0.7026697890625 0.20896875 0.68255269375 0.319421875 0.7228103046875 0.32687499999999997 0.7496487125 0.329859375 0.765316159375 0.34478125 0.7697892265624999 0.35971875 0.767564403125 0.36717187500000004 0.7563700234375 0.37165625 0.7407025765624999 0.42240625 0.74517564375 0.538828125 0.7407025765624999 0.55525 0.7585948484375 0.5686718749999999 0.7585948484375 0.583609375 0.75189695625 0.59703125 0.74517564375 0.6074843750000001 0.729531615625 0.7164375 0.7228103046875 0.6895781249999999 0.29775175625 0.688078125 0.2686651046875 0.67315625 0.25749414531250003 0.664203125 0.24854800937500002 0.644796875 0.2351053859375 0.637328125 0.2172131140625 0.419421875 0.194847775 0.38359375 0.20604215468749998 0.35971875 0.22615924999999998 0.355234375 0.24629976562499997 0.262703125 0.2686651046875 0.235828125 0.282084309375 0.20896875 0.3111709609375 0.202984375 0.3066978921875 0.1880625 0.31564402812500003 0.185078125 0.3402576109375 0.13284374999999998 0.3603981265625 0.12687500000000002 0.6400468390625 0.177625 0.6691100703124999 0.177625 0.700444965625
9 0.950609375 0.6557845437500001 0.9616250000000001 0.6524824359375 0.9616250000000001 0.65 0.95721875 0.6392740046875 0.95390625 0.588852459375 0.955015625 0.5855503515625 0.955015625 0.5599297421875 0.9583281250000001 0.5458782203125 0.9555624999999999 0.5103512875 0.9517031250000001 0.5012646375 0.9528125 0.4880327875 0.950046875 0.47728337187500003 0.945640625 0.47067915625 0.935171875 0.4731615921875 0.9313125 0.4946370015625 0.9136562500000001 0.5334894609374999 0.914765625 0.5458782203125 0.9092499999999999 0.5814051515624999 0.919734375 0.5921545671875 0.9213749999999999 0.6004215453125 0.91696875 0.6326463703125 0.9164218749999999 0.6425761125 0.919171875 0.6533021078125001 0.928546875 0.6557845437500001 0.9268906250000001 0.6466978921875 0.92634375 0.635948478125 0.937921875 0.5929742390625 0.94178125 0.6326463703125 0.94784375 0.6475175640625 0.950609375 0.6557845437500001
9 0.054609375 0.5252459015625 0.055140625 0.5162295078125 0.054609375 0.5080093671875 0.051468749999999994 0.5005620609375 0.048343750000000005 0.496252928125 0.047031250000000004 0.48997658125 0.0420625 0.48997658125 0.041281250000000005 0.4942857140625 0.042328125 0.498992975 0.044671875 0.503700234375 0.041796875 0.5072365343749999 0.038671875 0.5170257609375 0.039453125 0.5315222484375 0.044671875 0.5315222484375 0.049640625 0.5260421546875 0.054609375 0.5252459015625
9 0.061125 0.5425292734375 0.0626875 0.5523185015625 0.063203125 0.5597658078125 0.062421875 0.5652459015625 0.071578125 0.5652459015625 0.068703125 0.5491803281250001 0.068703125 0.5296018734375 0.06739062500000001 0.51 0.06425 0.499836065625 0.057203125 0.5006089 0.05825 0.5119672125 0.056406250000000005 0.5213817328125 0.057984375 0.5256908671875 0.06059375 0.532740046875 0.061125 0.5425292734375
0 0.8958281250000001 0.5615222484375 0.893015625 0.553091334375 0.893015625 0.5494379390625 0.891328125 0.5455035125000001 0.885515625 0.5455035125000001 0.885703125 0.53482435625 0.890765625 0.5342622953125 0.891140625 0.5286416859374999 0.885328125 0.5263934421875 0.885703125 0.5179859484375 0.889640625 0.516299765625 0.893390625 0.511803278125 0.8958281250000001 0.5109601875 0.900328125 0.516580796875 0.9025000000000001 0.5211709609375 0.9057656250000001 0.5182669796875 0.899953125 0.507868853125 0.8971406249999999 0.5047775171875 0.892453125 0.5050585484375001 0.889453125 0.509836065625 0.8881406249999999 0.5115222484374999 0.8829062499999999 0.514332553125 0.88103125 0.5146135828125 0.87896875 0.5109601875 0.87690625 0.509836065625 0.87240625 0.508992975 0.8692187499999999 0.5103981265625 0.86528125 0.51320843125 0.86453125 0.516299765625 0.8671562500000001 0.51967213125 0.8690312499999999 0.5191100703125 0.87109375 0.5160187359374999 0.8746562499999999 0.514051521875 0.87615625 0.5146135828125 0.87690625 0.5160187359374999 0.87896875 0.5191100703125 0.8814062500000001 0.5191100703125 0.8829062499999999 0.5193911 0.8838437499999999 0.5261124125000001 0.8827187500000001 0.5297658078125 0.87859375 0.5294847781249999 0.87709375 0.531451990625 0.87915625 0.5353864171875 0.8819687500000001 0.535948478125 0.8823437500000001 0.5365105390625 0.8825312500000001 0.54128805625 0.8821562500000001 0.546908665625 0.87896875 0.5483138171874999 0.87596875 0.5505620609374999 0.8742812499999999 0.55421545625 0.8737187499999999 0.55871194375 0.87240625 0.5648946140625 0.8729687500000001 0.5688290390625 0.87953125 0.5831381734375001 0.8827187500000001 0.5896018734374999 0.885140625 0.592412178125 0.885515625 0.594660421875 0.885703125 0.5980327875 0.8836562499999999 0.6039344265625 0.8823437500000001 0.6109601875 0.88103125 0.614332553125 0.88028125 0.6179859484375 0.8821562500000001 0.6179859484375 0.8830937499999999 0.616299765625 0.884390625 0.6120843093749999 0.885515625 0.607868853125 0.8868281250000001 0.6036533953125 0.8877656249999999 0.6 0.8873906249999999 0.6053395781249999 0.8873906249999999 0.60871194375 0.8888906249999999 0.6160187359375 0.8888906249999999 0.61967213125 0.890578125 0.6210772828125 0.893015625 0.6202341921875 0.891515625 0.590163934375 0.899015625 0.5761124125 0.899578125 0.5691100703124999 0.8958281250000001 0.5615222484375
9 0.822328125 0.6120374703125 0.820671875 0.569812646875 0.8300625 0.5871896953125 0.833921875 0.57644028125 0.8278437500000001 0.5590398125 0.8162499999999999 0.5424824359375 0.8151406250000001 0.535011709375 0.8118281250000001 0.52259953125 0.8051875000000001 0.5176346609375 0.7985625 0.5192740046875 0.79359375 0.54578454375 0.788609375 0.578079625 0.790265625 0.596299765625 0.79525 0.602107728125 0.80575 0.6609133484374999 0.81403125 0.6617330203125 0.8118281250000001 0.6509601875000001 0.8090624999999999 0.6161826703125 0.81734375 0.657587821875 0.827296875 0.6625761125 0.822328125 0.6120374703125
9 0.775984375 0.5584309140625 0.771921875 0.5469789234375 0.772421875 0.5325058546875 0.766328125 0.5126932078124999 0.7541249999999999 0.5271662765625 0.7541249999999999 0.5439344265625 0.7464999999999999 0.5584309140625 0.7429375 0.5851053859374999 0.741921875 0.5972833718749999 0.741921875 0.60871194375 0.7434375 0.6209133484375 0.750046875 0.622435596875 0.75209375 0.6193911 0.749546875 0.6270023421875 0.74903125 0.6331147546875 0.7505625 0.63997658125 0.7510625 0.6574941453125 0.7510625 0.6666510531250001 0.75971875 0.6689227171875001 0.7576875000000001 0.630819671875 0.76225 0.6292974234375001 0.7617499999999999 0.6620608906250001 0.7658125 0.6719672125 0.769890625 0.6681733015625 0.77140625 0.655971896875 0.7729375 0.6498829046875 0.77090625 0.636908665625 0.77090625 0.6193911 0.772421875 0.6110070249999999 0.781578125 0.6125292734375 0.781078125 0.5957611234375 0.775984375 0.5584309140625
0 0.898203125 0.5555503515625 0.8953906249999999 0.55871194375 0.8994687499999999 0.5686182671875 0.899046875 0.57578454375 0.8911718750000001 0.5903512875 0.898625 0.6036299765625001 0.9067812500000001 0.61290398125 0.921703125 0.6141686187500001 0.9243750000000001 0.6051053859375 0.9225468749999999 0.5892974234375 0.9084687499999999 0.5835831375 0.9001718750000001 0.5739032015625 0.9114218749999999 0.56840749375 0.9069218749999999 0.56232630625 0.914375 0.55323185 0.913671875 0.5507494140625 0.914875 0.5453864171875 0.9129687499999999 0.5370023421875 0.9145156249999999 0.5319906328124999 0.911296875 0.5291334890625 0.91034375 0.5236065578125 0.912359375 0.5203981265625 0.9064062500000001 0.5173536296875 0.90259375 0.5214519906249999 0.9010468749999999 0.5187822015625 0.8981875 0.52002341875 0.897 0.5244964875 0.9045 0.5266510531249999 0.9073593750000001 0.5352224828125001 0.904671875 0.55323185 0.898203125 0.5555503515625
0 0.7763984374999999 0.5610421546875 0.779796875 0.5605503515625 0.779796875 0.6107025765625 0.78853125 0.6068149890625001 0.7895 0.582107728125 0.786265625 0.571451990625 0.791109375 0.55548009375 0.784 0.546252928125 0.7810937499999999 0.54578454375 0.780125 0.541428571875 0.790140625 0.5346370015625 0.7904687499999999 0.5312412171875 0.784 0.5263934421875 0.775921875 0.5234894609375 0.774296875 0.5297892265625 0.7765625 0.5370491796875 0.773328125 0.5496487125 0.775921875 0.552084309375 0.7763984374999999 0.5610421546875
0 0.7706875 0.5297658078125 0.77396875 0.532224825 0.7864687499999999 0.5331381734375 0.7907656249999999 0.5340749421875 0.794453125 0.521779859375 0.793015625 0.5113348953125 0.792 0.4987587828125 0.79096875 0.4987587828125 0.788109375 0.5064168625 0.78215625 0.5104215453125 0.775203125 0.5153395781250001 0.77028125 0.5171662765625 0.769453125 0.524543325 0.7706875 0.5297658078125
0 0.75625 0.51451990625 0.754109375 0.5168384078125 0.751125 0.5202341921875 0.751484375 0.5218266984375 0.754109375 0.5218266984375 0.758515625 0.52255269375 0.7619687500000001 0.519508196875 0.7679375 0.5139812640625 0.77078125 0.5095081968749999 0.77234375 0.5052224828125 0.771984375 0.5000468390624999 0.766140625 0.4993442625 0.7650781249999999 0.5016627640625 0.765546875 0.5039812640625 0.76221875 0.5057611234375 0.76078125 0.5082669796875 0.75625 0.51451990625
0 0.7251562500000001 0.543723653125 0.71653125 0.5677985953125 0.711765625 0.5753629984375 0.7096875 0.592763465625 0.7144375000000001 0.6012177984375 0.72009375 0.6016627640625 0.728125 0.6038875874999999 0.726046875 0.570468384375 0.7304999999999999 0.550843090625 0.7379374999999999 0.5477283374999999 0.742703125 0.5700234187500001 0.750140625 0.5521779859375 0.7424062499999999 0.543723653125 0.731984375 0.5410304453125 0.7304999999999999 0.5334660421875 0.732890625 0.5303512875 0.7316874999999999 0.5232084312499999 0.728421875 0.5236533953125 0.72009375 0.528992975 0.72009375 0.53391100625 0.7248593750000001 0.5334660421875 0.7251562500000001 0.543723653125
9 0.823140625 0.4928571421875 0.82334375 0.49058547968750005 0.8235625000000001 0.4866744734375 0.823140625 0.481803278125 0.82075 0.47887587812500004 0.8200937500000001 0.474660421875 0.81815625 0.4688290390625 0.81728125 0.46850117031250005 0.81446875 0.4688290390625 0.811875 0.472060890625 0.8112187499999999 0.477915690625 0.811875 0.481803278125 0.810359375 0.4857142859375 0.8090468749999999 0.48894613593749997 0.8090468749999999 0.4928571421875 0.8090468749999999 0.49674473125 0.8149062499999999 0.49512880625 0.8179375 0.4944730671875 0.823140625 0.4928571421875
9 0.347359375 0.48592505781249995 0.334921875 0.5255971890625 0.326984375 0.5375175640625 0.321421875 0.54583138125 0.33625 0.548220140625 0.335984375 0.543067915625 0.33968750000000003 0.5382903984375 0.342859375 0.536323184375 0.343390625 0.5097189703125 0.3441875 0.5014051515625 0.351078125 0.4910772828125 0.365640625 0.48313817343750004 0.36324999999999996 0.437915690625 0.36271875 0.43512880625 0.352390625 0.44266978906250004 0.34975 0.4601170953125 0.35584375 0.47599531562499997 0.347359375 0.48592505781249995
9 0.833921875 0.4888290390625 0.8321093749999999 0.4919906328125 0.8321093749999999 0.49468384062500004 0.833015625 0.4987353625 0.8364687500000001 0.49985948437500005 0.8361562499999999 0.50770491875 0.8417031250000001 0.5095081968749999 0.84665625 0.505456675 0.84665625 0.501428571875 0.8468125000000001 0.47355971874999997 0.844703125 0.4728805625 0.8445625 0.4648009375 0.8397656250000001 0.4618735359375 0.8378125000000001 0.46323185 0.8364687500000001 0.4674941453125 0.8363125 0.4704215453125 0.836765625 0.47379391093749995 0.8373593749999999 0.47962529218750005 0.8363125 0.48793910937499996 0.833921875 0.4888290390625
9 0.6190156250000001 0.4802810296875 0.6190156250000001 0.47964871249999996 0.612265625 0.46512880624999997 0.608484375 0.44934426250000004 0.605953125 0.43229508125000005 0.602578125 0.4209133484375 0.597515625 0.4196487125 0.592890625 0.4209133484375 0.5857187500000001 0.4354332546875 0.5857187500000001 0.46133489531249994 0.5751875 0.47775175625 0.562546875 0.5055503515625 0.571390625 0.501124121875 0.612265625 0.49039812656250004 0.6190156250000001 0.4802810296875