8 0.25 0.9204375 0.256453125 0.8881666671874999 0.243546875 0.8752708328125 0.222578125 0.8688125 0.188703125 0.883875 0.193546875 0.9483958328125001 0.172578125 0.98925 0.264515625 0.9827916671875 0.25 0.9462291671875 0.25 0.9204375
8 0.450171875 0.4404166671875 0.45385937500000006 0.4688333328125 0.45878125000000003 0.4775625 0.46492187500000004 0.43658333281250006 0.45795312499999996 0.42347916718749995 0.450578125 0.4185625 0.4489375 0.4174583328125 0.44484375 0.4229375 0.450171875 0.4404166671875
9 0.8744375 1 0.9450625 0.9955208328125 0.924890625 0.9573958328125001 0.923203125 0.92825 0.8996562499999999 0.8654791671875 0.88453125 0.820625 0.8727656250000001 0.7735416671875 0.8122187500000001 0.6188333328125 0.8038125 0.6031458328125 0.773546875 0.5784791671875 0.7298281249999999 0.5650208328125 0.66759375 0.533625 0.647421875 0.5179375 0.63228125 0.5089583328125 0.6306093749999999 0.4932708328125 0.63396875 0.46187500000000004 0.642375 0.43497916718749996 0.6524687499999999 0.3991041671875 0.6591875 0.3811666671875 0.66759375 0.3609791671875 0.6776875 0.3340833328125 0.6776875 0.2825208328125 0.6692812499999999 0.23991666718750002 0.6591875 0.1973125 0.63565625 0.1636875 0.612109375 0.1278125 0.5885625 0.1031458328125 0.538109375 0.0941666671875 0.5179375 0.0784791671875 0.49103125 0.0784791671875 0.46076562499999996 0.0941666671875 0.4305 0.1278125 0.42545312500000004 0.1345208328125 0.41704687500000004 0.15470833281250002 0.405265625 0.177125 0.3935 0.1950625 0.38509375 0.2197291671875 0.3766875 0.2421458328125 0.3766875 0.29372916718750003 0.3766875 0.3183958328125 0.378359375 0.3565 0.388453125 0.426 0.38340625 0.4417083328125 0.3766875 0.46637500000000004 0.38171875 0.49775 0.390140625 0.5179375 0.380046875 0.5246666671875 0.3565 0.5246666671875 0.32792187500000003 0.535875 0.285875 0.5784791671875 0.26232812499999997 0.6031458328125 0.245515625 0.6547083328125 0.227015625 0.7354166671875 0.21692187500000001 0.7937291671875 0.21189062500000003 0.820625 0.20684375 0.8654791671875 0.210203125 0.8699583328125 0.23879687500000002 0.8901249999999999 0.25392187499999996 0.9237708328125 0.26737500000000003 0.9955208328125 0.29259375 1 0.3581875 1 0.423765625 0.9932708328125001 0.558296875 1 0.6541406249999999 1 0.73990625 1 0.792046875 1 0.8744375 1
9 0.701125 0.006750000000000001 0.56965625 0.0045 0.5511250000000001 0.0629166671875 0.562921875 0.096625 0.616859375 0.1258333328125 0.6455 0.1707916671875 0.6505625 0.1752708328125 0.6623593750000001 0.2 0.6674218749999999 0.2089791671875 0.67078125 0.22472916718749997 0.67078125 0.24493749999999997 0.6809062499999999 0.32360416718749996 0.6758437500000001 0.3662916671875 0.6505625 0.4292083328125 0.638765625 0.492125 0.6471875 0.5191041671875001 0.7449375 0.5617916671875001 0.746625 0.5550625 0.77528125 0.34831249999999997 0.707859375 0.2089791671875 0.72471875 0.0808958328125 0.701125 0.006750000000000001
9 0.111234375 0.9883958328125001 0.11292187499999999 0.9501875 0.11460937499999999 0.9119791671874999 0.11965624999999999 0.8670416671875 0.12471874999999999 0.7906458328125 0.12640625 0.7367083328125 0.143265625 0.6670416671875 0.1483125 0.6153541671875 0.158421875 0.5209791671875 0.158421875 0.4715416671875 0.163484375 0.4310833328125 0.166859375 0.3659166671875 0.165171875 0.2872708328125 0.17528125 0.23333333281250002 0.166859375 0.20187499999999997 0.143265625 0.11422916718750001 0.12134375 0.0805208328125 0.087640625 0.042312499999999996 0.065734375 0.0108541671875 0.0016875000000000002 0.0063750000000000005 0.0033750000000000004 0.9906458328125 0.111234375 0.9883958328125001
9 0.8172499999999999 0.26387499999999997 0.827765625 0.25125000000000003 0.8267031250000001 0.2281041671875 0.819875 0.2154791671875 0.81934375 0.2035625 0.819875 0.1930416671875 0.8225 0.1727083328125 0.8251406250000001 0.15377083281249998 0.8235625000000001 0.134125 0.81934375 0.12852083281249999 0.803046875 0.1264166671875 0.78778125 0.13202083281250002 0.779375 0.1502708328125 0.780421875 0.159375 0.7814687499999999 0.17481249999999998 0.77621875 0.1888333328125 0.7578125 0.2330208328125 0.771484375 0.2659791671875 0.768328125 0.2905208328125 0.77621875 0.3368125 0.789890625 0.28210416718750003 0.8172499999999999 0.26387499999999997
9 0.718796875 0.048583332812500005 0.7256875 0.0727291671875 0.723109375 0.11529166718749999 0.7067187500000001 0.1808333328125 0.7084374999999999 0.21189583281250002 0.722234375 0.2395 0.74725 0.29700000000000004 0.77140625 0.3475833328125 0.77140625 0.3234375 0.770546875 0.3004375 0.766234375 0.27168749999999997 0.750703125 0.25329166718749996 0.7343124999999999 0.23718750000000002 0.746390625 0.2302916671875 0.76278125 0.21993749999999998 0.767953125 0.20729166718749997 0.776578125 0.1796875 0.780890625 0.16129166718750002 0.780890625 0.14175 0.780890625 0.1175833328125 0.780890625 0.0945833328125 0.77140625 0.0704375 0.729140625 0.0301875 0.711890625 0.0117916671875 0.701546875 0.0094791671875 0.718796875 0.048583332812500005
9 0.9303437499999999 0.094375 0.884828125 0.0629166671875 0.8190937500000001 0.1258333328125 0.82584375 0.24493749999999997 0.783703125 0.2831458328125 0.77696875 0.34381249999999997 0.7550625 0.47864583281249995 0.8157343750000001 0.3213541671875 0.87303125 0.21347916718749999 0.9455 0.1775208328125 0.9303437499999999 0.094375
9 1 0.2408125 0.9827187500000001 0.1888541671875 0.9581875 0.1773125 0.9105624999999999 0.1830833328125 0.86584375 0.21579166718749998 0.845640625 0.2754375 0.803796875 0.346625 0.769171875 0.4312708328125 0.747515625 0.548625 0.7403125 0.5697916671875001 0.757625 0.5871041671875 0.80234375 0.6044166671875 0.858625 0.7487083328125 0.96684375 0.9988125 1 0.7179166671874999 1 0.2408125
9 0.2200625 0.3392708328125 0.22939062500000001 0.3743125 0.211578125 0.44779166718749996 0.22176562500000002 0.5292083328125 0.22599999999999998 0.5597291671875 0.25821875 0.6072083328125 0.28875 0.5710416671874999 0.361671875 0.5269375000000001 0.373546875 0.46702083281249995 0.3726875 0.45797916718750004 0.382015625 0.43875000000000003 0.38456250000000003 0.413875 0.382859375 0.387875 0.37693750000000004 0.3189166671875 0.37693750000000004 0.23525000000000001 0.38540625 0.22168749999999998 0.399828125 0.1855 0.40660937500000005 0.1165416671875 0.40406250000000005 0.09958333281250001 0.380328125 0.0690625 0.370140625 0.0532291671875 0.36929687499999997 0.0532291671875 0.368453125 0.0532291671875 0.336234375 0.032875 0.276875 0.03175 0.27009375 0.0487083328125 0.2514375 0.0803541671875 0.2455 0.1244583328125 0.237015625 0.1764583328125 0.22599999999999998 0.2510833328125 0.22176562500000002 0.2714375 0.22176562500000002 0.2963125 0.2200625 0.3392708328125
9 0.13058169687500001 0.3547535703125 0.12473794687499999 0.7196910703125 0.13101171875 0.7272708328124999 0.12457098281250001 0.7301178562499999 0.129306640625 0.7386354171875 0.12440401718750001 0.7405446437500001 0.12760156250000002 0.75 0.124237053125 0.7509714296875 0.12407008906250001 0.7613982140625 0.1301292375 0.7590861578125 0.129072828125 0.7694756359375 0.123903125 0.771825 0.12801641875 0.7798651125 0.122486328125 0.78409375 0.1269600109375 0.7902545890625 0.12078124999999999 0.7954583328125 0.1259036015625 0.8006440687499999 0.1234022328125 0.80310535625 0.12175781249999999 0.8084479171875 0.1248471921875 0.8110335453124999 0.1232352671875 0.81353214375 0.1229013390625 0.8343857140625 0.1292239578125 0.837875 0.12273437499999999 0.8448125 0.10909374999999999 0.99025 0.142203125 0.9876666671875001 0.14253776093749998 0.9770607640625 0.16753125 0.8603958328125 0.142203125 0.85 0.1357135421875 0.8439375 0.1315 0.8201354171874999 0.140265625 0.8188333328124999 0.151953125 0.8084374999999999 0.19675 0.7538958328125 0.198703125 0.7175416671875 0.227921875 0.566875 0.210390625 0.4889583328125 0.229875 0.37727083281249996 0.21818749999999998 0.3461041671875 0.21623437499999998 0.2915625 0.1928638390625 0.23145535625 0.1829496828125 0.23961228750000002 0.184006090625 0.2292228109375 0.18896875 0.2214375 0.1850625 0.2188333328125 0.175328125 0.2188333328125 0.165578125 0.29674999999999996 0.1662291671875 0.3287847234375 0.17449841093750001 0.3227281078125 0.17238559375 0.34350706249999996 0.16644618125 0.33946296249999997 0.13074866093749998 0.3443267859375 0.134421875 0.1149375 0.1318229171875 0.0915625 0.12662500000000002 0.0915625 0.12029427031249999 0.084203125 0.1305234375 0.079875 0.12662500000000002 0.0448125 0.09934375 0.0006458328125 0.05877083281249999 0.0028159734375 0.056986979687499995 0.010609375 0.05065625 0.0032500000000000003 0.1139635421875 0.07684375 0.13058169687500001 0.3547535703125