0 0.4654 0.967477478125 0.4835 0.961921921875 0.51518 0.960060059375 0.51518 0.9526426421874999 0.52876 0.9526426421874999 0.53574 0.9581981984375 0.53986 0.924684684375 0.54808 0.905525525 0.5365599999999999 0.8536636640624999 0.5295799999999999 0.8561261265625 0.5234 0.8690990984375 0.51558 0.8697297296875 0.5123 0.86168168125 0.50448 0.8629129125 0.50448 0.8561261265625 0.51188 0.843783784375 0.51354 0.8332732734375 0.5126999999999999 0.824624625 0.56288 0.80429429375 0.56309 0.78484985 0.56638 0.7826726734375 0.55796 0.7696997 0.55672 0.76354354375 0.5633 0.7666366359375 0.56988 0.7610510515625 0.56742 0.7518018015625 0.56536 0.7554954953124999 0.545753334375 0.759939940625 0.5018866656250001 0.7455255249999999 0.49749999999999994 0.7505705703125 0.48926 0.740060059375 0.48638000000000003 0.7493393390625 0.4874971421875 0.7556413546875 0.4751571421875 0.8647104234375 0.48103999999999997 0.8697297296875 0.47339428593750005 0.8802917203125 0.47158 0.886996996875 0.471631428125 0.8958730156250001 0.46582 0.9086186187499999 0.46986857187500003 0.9114543125000001 0.46810571406249996 0.9270356062499999 0.46376 0.9299249250000001 0.4663428578125 0.942616903125 0.4617 0.9512312312500001 0.46458000000000005 0.9581981984375 0.4654 0.967477478125
9 0.3162 0.606096096875 0.32004 0.6003003 0.32466 0.5945345343749999 0.33236 0.5621921921874999 0.33311999999999997 0.5518018015624999 0.33158 0.5356456453125 0.32774000000000003 0.524084084375 0.32158000000000003 0.5102402406250001 0.32236 0.50444444375 0.32466 0.50444444375 0.33082 0.5021321328125 0.3362 0.49753753749999996 0.34158 0.49405405468749997 0.34312 0.49405405468749997 0.34928 0.49405405468749997 0.35619999999999996 0.49405405468749997 0.36158 0.4929129125 0.36312 0.4917417421875 0.36928 0.49060059999999994 0.3739 0.49060059999999994 0.37696 0.49405405468749997 0.38466 0.495225225 0.38927999999999996 0.496366365625 0.39774 0.49753753749999996 0.39236 0.4882882890625 0.38696 0.4790390390625 0.38082 0.4790390390625 0.37696 0.4813513515625 0.36928 0.4813513515625 0.36236 0.4813513515625 0.35696 0.4767267265625 0.3485 0.4767267265625 0.33774000000000004 0.47789789843749997 0.33544 0.4767267265625 0.33466 0.47327327343750003 0.32082 0.4767267265625 0.31082 0.4790390390625 0.2962 0.482522521875 0.28006000000000003 0.4790390390625 0.27236 0.47789789843749997 0.27006 0.4755855859375 0.26774 0.47327327343750003 0.26236000000000004 0.4686486484375 0.25698 0.4663363359375 0.25082 0.4663363359375 0.24006 0.4767267265625 0.23774 0.4871171171875 0.23774 0.500990990625 0.23774 0.5102402406250001 0.24081999999999998 0.51369369375 0.24159999999999998 0.51831831875 0.24544000000000002 0.521771771875 0.25466 0.534474475 0.25851999999999997 0.5379579578125 0.26698 0.5437237234375 0.26928 0.5518018015624999 0.2562 0.5518018015624999 0.24466000000000002 0.5541141140625 0.23620000000000002 0.5552552546875 0.22928 0.5575675671875 0.22544 0.5621921921874999 0.22466 0.5656756749999999 0.22466 0.5748948953124999 0.22698000000000002 0.58876876875 0.22928 0.59570570625 0.23314 0.6187987984375 0.23235999999999998 0.62801801875 0.23081999999999997 0.6418918921875 0.23235999999999998 0.6522822828125 0.23235999999999998 0.6580480484375 0.23314 0.6638438437499999 0.2339 0.671921921875 0.23235999999999998 0.6776876875 0.22928 0.683453453125 0.22466 0.690390390625 0.22774 0.6915615609375 0.2339 0.6915615609375 0.24544000000000002 0.6869369375 0.25928 0.681171171875 0.25851999999999997 0.675375375 0.25851999999999997 0.6684384390625 0.25851999999999997 0.6569069062499999 0.25928 0.6442042046875 0.25312 0.6349549546875 0.25006 0.6268768765625 0.24928 0.613003003125 0.24698000000000003 0.6014714718749999 0.24698000000000003 0.587597596875 0.27928000000000003 0.6014714718749999 0.27928000000000003 0.603783784375 0.28081999999999996 0.6522822828125 0.28006000000000003 0.6638438437499999 0.27774 0.6730630625 0.27544 0.685765765625 0.27544 0.6915615609375 0.28698 0.681171171875 0.30082 0.678858859375 0.30004 0.6084084078124999 0.30928 0.610690690625 0.3162 0.606096096875
9 0.89574 0.8016816812500001 0.8934 0.7668168171875 0.876 0.6901201203125 0.86554 0.67444444375 0.85394 0.6866366359375 0.85394 0.709309309375 0.8597400000000001 0.7337237234375 0.8481400000000001 0.7511411406249999 0.8516199999999999 0.7929729734375 0.83768 0.8086786781249999 0.8852800000000001 0.813903903125 0.88412 0.7981981984375001 0.89574 0.8016816812500001
9 0.66404 0.9291291296875 0.64564 0.8153453453124999 0.64776 0.79831831875 0.64776 0.7866366359375 0.64848 0.764324325 0.64848 0.7590090093749999 0.6428 0.7398798796875 0.6421 0.722852853125 0.63786 0.70690690625 0.63502 0.6899099093750001 0.63148 0.6803303296875 0.6244 0.67183183125 0.62156 0.6612012015625 0.6152 0.6516516515624999 0.61944 0.616546546875 0.61662 0.6006306312499999 0.60388 0.591171171875 0.59326 0.5901201203124999 0.58972 0.591171171875 0.589 0.5954354359375 0.5861799999999999 0.60075075 0.58546 0.6028828828125 0.58546 0.606066065625 0.58404 0.6177477484375 0.58404 0.6188288281250001 0.58404 0.6230630625 0.58404 0.626246246875 0.58334 0.6315615609375 0.58334 0.640090090625 0.58546 0.644324325 0.59254 0.6528228234375 0.59466 0.6570870875 0.5960799999999999 0.65921921875 0.58758 0.6857957953125 0.58758 0.6900300296874999 0.58476 0.6964264265625 0.58122 0.70384384375 0.5805 0.712372371875 0.5798 0.7251051046875 0.58192 0.7389489484375 0.5805 0.745315315625 0.5769599999999999 0.7559459453125 0.57202 0.7793393390625 0.57202 0.7835735734375 0.56706 0.8107507500000001 0.56776 0.8139339343750001 0.57202 0.8160660656250001 0.57626 0.8139339343750001 0.57838 0.801171171875 0.5805 0.791621621875 0.58334 0.7873573578124999 0.5861799999999999 0.7767267265625 0.5883 0.77354354375 0.58972 0.7714114109375 0.58972 0.8266966968749999 0.58972 0.83414414375 0.58972 0.8415915921874999 0.58972 0.8469069062499999 0.59184 0.851141140625 0.5960799999999999 0.8890690687499999 0.5960799999999999 0.8965165171875 0.5960799999999999 0.9039639640624999 0.5960799999999999 0.9124624625 0.59538 0.917777778125 0.59466 0.9262762765625 0.59184 0.9379879875 0.59184 0.9400900906249999 0.59962 0.941171171875 0.6067 0.9354954953125001 0.6392599999999999 0.93444444375 0.6605000000000001 0.9301801796875001 0.66404 0.9301801796875001 0.66404 0.9291291296875
9 0.53972 0.87339339375 0.5376000000000001 0.949939940625 0.53902 0.9573873875000001 0.5489200000000001 0.9552552546875 0.55812 0.9382582578124999 0.56874 0.903153153125 0.5673199999999999 0.8500300296875001 0.56592 0.7936636640625 0.5559999999999999 0.7660360359375 0.55104 0.735225225 0.5559999999999999 0.7426426421875 0.5807800000000001 0.7437237234375 0.5765399999999999 0.727777778125 0.56592 0.729909909375 0.55104 0.6788888890625 0.55104 0.6724924921875 0.5567 0.6501801796875 0.5567 0.6352852859375 0.5489200000000001 0.6151051046875 0.52202 0.6172372375 0.5163599999999999 0.643783784375 0.51918 0.6671771765625001 0.51564 0.6671771765625001 0.50644 0.6724924921875 0.48308 0.69801801875 0.47104 0.72138138125 0.48732 0.73414414375 0.49724 0.74690690625 0.50078 0.7851651656249999 0.50078 0.80429429375 0.50502 0.814924925 0.50998 0.8191891890624999 0.5121 0.82876876875 0.53122 0.8521321328125 0.53972 0.87339339375
9 0.9521599999999999 0.58570570625 0.9523199999999999 0.580690690625 0.95328 0.5799699703125001 0.95454 0.5792492499999999 0.95486 0.5751951953125001 0.95422 0.5713813812499999 0.95264 0.5668468468750001 0.95152 0.5654354359375 0.9502599999999999 0.564234234375 0.94962 0.5627927921875 0.94946 0.5601801796875 0.9493 0.556366365625 0.94788 0.5547147140625001 0.9446999999999999 0.5547147140625001 0.94328 0.5556456453124999 0.9426399999999999 0.5582882890625 0.94152 0.5601801796875 0.9397800000000001 0.5625825828125001 0.9381999999999999 0.56615615625 0.9370799999999999 0.569009009375 0.9358000000000001 0.5723423421875 0.9353400000000001 0.5744744749999999 0.9353400000000001 0.5761561562499999 0.9351800000000001 0.57876876875 0.93438 0.5814114109374999 0.9335800000000001 0.5835435437500001 0.93438 0.5847447453125 0.9372400000000001 0.5840240234375 0.9374 0.583783784375 0.9381999999999999 0.5818918921875 0.93834 0.5797297296874999 0.9394600000000001 0.5782882890625001 0.9394600000000001 0.5921321328125 0.9393 0.5959459453125 0.94058 0.5966666671875 0.94184 0.5978378375 0.94184 0.6012012015625 0.94184 0.60309309375 0.94296 0.605015015625 0.9472400000000001 0.605465465625 0.9501 0.605465465625 0.952 0.605225225 0.95296 0.605015015625 0.9528000000000001 0.6 0.9524800000000001 0.595465465625 0.9523199999999999 0.5914114109375 0.9521599999999999 0.58570570625
8 0.2263 0.770240240625 0.23098000000000002 0.7742042046875001 0.23384 0.7781981984375 0.23732000000000003 0.7778978984375 0.2412 0.772072071875 0.23834 0.766546546875 0.23610000000000003 0.7644144140625 0.23406 0.7644144140625 0.25651999999999997 0.7432432437500001 0.28184 0.725165165625 0.28634 0.727297296875 0.29308 0.7340540546875001 0.29613999999999996 0.7303603609375 0.29716 0.7221021015625 0.29348 0.718708709375 0.28959999999999997 0.719009009375 0.29818 0.71198198125 0.30735999999999997 0.70123123125 0.30982 0.684684684375 0.30778 0.6782282281249999 0.30022000000000004 0.6773273265624999 0.27918 0.6935735734375 0.22812000000000002 0.7368168171875 0.2024 0.7601201203125 0.20056 0.7634834828125 0.20137999999999998 0.769609609375 0.21098 0.7742042046875001 0.21791999999999997 0.773903903125 0.2263 0.770240240625
9 0.6647000000000001 0.67846846875 0.6678200000000001 0.6661261265625 0.67038 0.6831531531249999 0.6684 0.695915915625 0.67038 0.7074174171875 0.67292 0.706996996875 0.67492 0.67675675625 0.67264 0.6614414421875 0.6800200000000001 0.6550450453125001 0.6803 0.6354654656250001 0.6718 0.6371771765625 0.65904 0.6444144140625 0.65648 0.6674174171875 0.66186 0.675075075 0.66272 0.7031531531249999 0.66216 0.70444444375 0.66528 0.70954955 0.6647000000000001 0.67846846875
9 0.27764 0.7746246250000001 0.3146 0.768828828125 0.31501999999999997 0.7772072078125001 0.28924 0.7804204203125 0.27032 0.7881681687500001 0.27462 0.79399399375 0.29096 0.7914114109375 0.29354 0.79399399375 0.31588 0.7952852859374999 0.31545999999999996 0.808828828125 0.2828 0.8365765765625 0.28193999999999997 0.8475375375 0.29784 0.8527027031250001 0.30816 0.8469069062499999 0.31374 0.8236636640624999 0.35114 0.8197897890625001 0.34598 0.7591291296875 0.34812 0.756546546875 0.34726 0.7404204203125 0.33952 0.7359159156249999 0.34082 0.706216215625 0.33136 0.6939639640624999 0.31718 0.6939639640624999 0.3146 0.7255855859375 0.32018 0.7391291296875 0.27548 0.76108108125 0.2626 0.7797897890625001 0.26345999999999997 0.7830030031249999 0.26904 0.7830030031249999 0.27764 0.7746246250000001
9 0.67492 0.5747747750000001 0.67604 0.5818018015625 0.6732199999999999 0.58600600625 0.67098 0.5913513515625 0.6679999999999999 0.59555555625 0.66706 0.59891891875 0.6732199999999999 0.5975375374999999 0.67604 0.598078078125 0.6773399999999999 0.605675675 0.6780999999999999 0.6348948953125 0.68016 0.6351651656249999 0.68296 0.6329129124999999 0.68108 0.57675675625 0.6809000000000001 0.5685885890625 0.67716 0.5666366359375 0.67492 0.5697297296875 0.67492 0.5747747750000001
8 0.8708 0.76600600625 0.87916 0.7776276281250001 0.8785399999999999 0.795675675 0.88588 0.8036336343749999 0.8909800000000001 0.804534534375 0.89688 0.78954955 0.8966799999999999 0.7776276281250001 0.89384 0.765375375 0.88038 0.7715015015625 0.8816 0.749159159375 0.8888400000000001 0.74839339375 0.88242 0.7406005999999999 0.88384 0.7314114109375 0.8673400000000001 0.722552553125 0.8673400000000001 0.725915915625 0.8618399999999999 0.7274474468750001 0.86144 0.7476276281249999 0.86744 0.7441141140624999 0.8730399999999999 0.76078078125 0.8708 0.76600600625
9 0.9855600000000001 0.6352552546875 0.9851800000000001 0.628528528125 0.985 0.6209609609375 0.985 0.614234234375 0.9818199999999999 0.6108708703125 0.98164 0.606096096875 0.9827600000000001 0.6018918921874999 0.98034 0.5976876875 0.97604 0.599939940625 0.97474 0.6044144140625 0.9751 0.609459459375 0.97306 0.6122522515625 0.97342 0.617297296875 0.9741799999999999 0.6215015015625001 0.9739800000000001 0.6302102109375001 0.9766 0.6380480484375 0.98052 0.6352552546875 0.9835 0.6366366359375 0.9855600000000001 0.6352552546875
9 0.9941000000000001 0.6422822828125 0.99706 0.6378078078125 0.99706 0.6341441437500001 0.99376 0.633633634375 0.99132 0.63048048125 0.98974 0.6318018015625 0.98626 0.6420120125000001 0.9791000000000001 0.653003003125 0.97894 0.6551051046875 0.9804999999999999 0.6572072078125 0.9928800000000001 0.6563963968750001 0.9941000000000001 0.6422822828125
9 0.62462 0.670240240625 0.62966 0.6772072078125 0.6343 0.6876576578125 0.63584 0.6742942937499999 0.637 0.6591891890625 0.63816 0.6469669671875 0.64088 0.633603603125 0.6432 0.6248948953125 0.6432 0.6150150156249999 0.63932 0.6109609609375 0.637 0.605135134375 0.63778 0.59816816875 0.63584 0.5935135140625001 0.6300399999999999 0.5935135140625001 0.63082 0.60048048125 0.63082 0.60630630625 0.62772 0.60861861875 0.6230800000000001 0.6109609609375 0.62114 0.6254654656249999 0.62424 0.6318618625 0.62192 0.6429129125 0.61842 0.652222221875 0.62074 0.65570570625 0.62424 0.659759759375 0.62462 0.670240240625