8 0.5376000000000001 0.45729508125 0.54982 0.480683059375 0.5606 0.490027321875 0.5738000000000001 0.5114207656249999 0.5787 0.5201092890625 0.57918 0.52079235 0.60022 0.553524590625 0.60756 0.5789071031249999 0.60902 0.587595628125 0.6051 0.599644809375 0.60412 0.6076502734375 0.60412 0.6143442625 0.6056 0.6243715843750001 0.60658 0.637732240625 0.61244 0.744644809375 0.62908 0.749316940625 0.64376 0.7433060109375 0.64668 0.7245901640625 0.64766 0.7032240437499999 0.6456999999999999 0.679836065625 0.64424 0.6551092890625 0.64522 0.6323770484375 0.6456999999999999 0.61098360625 0.64472 0.5942896171875 0.64522 0.5742349734375 0.64278 0.5615573765625 0.63788 0.5468306015625 0.6281 0.5281420765625 0.62222 0.5127595625 0.6202799999999999 0.4826775953125 0.6418 0.413196721875 0.64962 0.4071857921875 0.65452 0.460628415625 0.6506000000000001 0.485355190625 0.64522 0.5087431687499999 0.64424 0.52612021875 0.64424 0.539480875 0.6456999999999999 0.553524590625 0.6721199999999999 0.586939890625 0.67262 0.595628415625 0.67506 0.6123224046875 0.67652 0.6176775953125 0.6775 0.629043715625 0.7049000000000001 0.6390710375 0.7200599999999999 0.5508469953125 0.72594 0.5321311468750001 0.72886 0.5181147546875 0.72984 0.502732240625 0.72984 0.49270491875 0.73034 0.485355190625 0.7254400000000001 0.354371584375 0.67554 0.287540984375 0.65598 0.287540984375 0.63348 0.27885245937500003 0.6036400000000001 0.2661748640625 0.5875 0.259480875 0.55668 0.2481147546875 0.52634 0.251475409375 0.48134 0.265491803125 0.42508 0.2628142078125 0.38694 0.25079235 0.36296 0.24144808750000002 0.32530000000000003 0.218060109375 0.29056000000000004 0.2013387984375 0.2661 0.18997267812500002 0.22796 0.18997267812500002 0.1991 0.21871584687499998 0.18736 0.2247267765625 0.18196 0.22674863437499998 0.17021999999999998 0.23008196718749999 0.17072 0.24412568281249997 0.16484000000000001 0.2407650265625 0.15018 0.23008196718749999 0.1443 0.23008196718749999 0.14382 0.23877049218750002 0.14578 0.24677595624999998 0.15898 0.25546448125 0.16582 0.2634972671875 0.16582 0.27284152968750003 0.16338 0.2808743171875 0.16462000000000002 0.309316940625 0.17008 0.31581967187500004 0.17622 0.31581967187500004 0.18578 0.33166666718750004 0.1926 0.34098360625 0.196 0.34751366093749997 0.20146000000000003 0.3652185796875 0.20352 0.37360655781249996 0.20623999999999998 0.38480874374999996 0.20828000000000002 0.393196721875 0.20966 0.3950546453125 0.2274 0.431420765625 0.24308000000000002 0.42581967187499997 0.24718 0.421147540625 0.25264000000000003 0.41090163906250005 0.25332 0.40622950781249995 0.2581 0.392267759375 0.25468 0.37920765 0.254 0.358715846875 0.25604 0.338196721875 0.25672 0.325163934375 0.25945999999999997 0.32049180312500003 0.26832 0.33166666718750004 0.2813 0.3465847 0.28812000000000004 0.3661748640625 0.28812000000000004 0.3866666671875 0.29152 0.40437158437500004 0.29426 0.4276775953125 0.30108 0.44819672187500004 0.30994 0.4584426234375 0.312 0.460300546875 0.31472 0.49199453593750003 0.3154 0.50691256875 0.31882 0.51808743125 0.32632 0.5330054640624999 0.32768 0.548852459375 0.327 0.560956284375 0.32836 0.599180328125 0.33042 0.61967213125 0.33246000000000003 0.62901639375 0.33382 0.6504371578125 0.33178 0.6588251359374999 0.33042 0.6802732234375 0.327 0.6914480875 0.32154 0.7016939890625 0.31814 0.7054371578125 0.3079 0.7138251359375001 0.30448 0.72967213125 0.31404 0.737131146875 0.3154 0.7389890703125 0.34134000000000003 0.7464480874999999 0.34338 0.74270491875 0.3427 0.72874316875 0.34134000000000003 0.7231420765625 0.35634 0.6970491796875 0.3577 0.6886612015625 0.35566 0.6672131140625 0.35634 0.6420491796875 0.35634 0.6252732234375 0.35634 0.6122404375 0.3577 0.5898633875 0.3577 0.5786612015625 0.36452 0.5059836062499999 0.36862 0.49292349687500003 0.37408 0.5031693984375 0.38158 0.5190163937500001 0.385 0.5367213109375 0.38772 0.5497814203125 0.39114 0.5618852453125001 0.39318 0.5702732234375001 0.39386 0.576803278125 0.39454 0.576803278125 0.39592 0.5880054640625 0.40752 0.6504371578125 0.40614 0.666284153125 0.40752 0.682131146875 0.40478 0.698907103125 0.39727999999999997 0.716612021875 0.39249999999999996 0.725 0.39114 0.7343169406250001 0.40752 0.7389890703125 0.42388000000000003 0.7362021859375 0.4307 0.72874316875 0.42934 0.716612021875 0.4307 0.7063661203125 0.43479999999999996 0.6923770484375 0.42594000000000004 0.653251365625 0.42526 0.64019125625 0.42252 0.6215573765625 0.41706000000000004 0.59546448125 0.41228 0.5637704921875 0.41024000000000005 0.5395355187499999 0.4082 0.514371584375 0.40956000000000004 0.49571038281249996 0.41092000000000006 0.4863934421875 0.4191 0.48546448125 0.44094 0.4863934421875 0.4383 0.4880327875 0.46764 0.4866939890625 0.4965 0.47601092968750003 0.52096 0.4619672125 0.5376000000000001 0.45729508125
8 1 0.264508196875 0.9618399999999999 0.2343989078125 0.9319200000000001 0.19355191249999998 0.9067399999999999 0.167732240625 0.87368 0.16560109218750002 0.87052 0.1268852453125 0.85322 0.141939890625 0.85006 0.15699453593749998 0.8295999999999999 0.135491803125 0.81386 0.161284153125 0.8107 0.187103825 0.80914 0.19355191249999998 0.79812 0.232267759375 0.79182 0.2559016390625 0.8059799999999999 0.264508196875 0.81544 0.28387978125 0.81544 0.3075136609375 0.81544 0.31612021874999996 0.81544 0.335491803125 0.817 0.348387978125 0.8201599999999999 0.367732240625 0.8295999999999999 0.3720491796875 0.84062 0.38710382499999996 0.8547800000000001 0.3849453546875 0.8547800000000001 0.3569945359375 0.86424 0.3333333328125 0.8831200000000001 0.32256830625 0.8957200000000001 0.33117486406249996 0.9083 0.3634426234375 0.9146000000000001 0.4172131140625 0.9146000000000001 0.458060109375 0.92878 0.4860109296875 0.9382199999999999 0.5182786890625 0.9429399999999999 0.5462295078125 0.94924 0.6042896171875001 0.9398 0.625819671875 0.95396 0.6365573765625 0.9696999999999999 0.561284153125 0.99016 0.5419398906249999 0.98544 0.6 0.98072 0.6279508203125 0.98072 0.6494535515625001 0.9964600000000001 0.6473224046875 0.9980399999999999 0.587103825 0.99962 0.5419398906249999 0.9949 0.50322404375 1 0.44945355156250005 1 0.4042896171875 1 0.3268852453125 1 0.28387978125 1 0.264508196875
9 0.64858 0.8197267765625 0.64858 0.809180328125 0.67692 0.7729781421874999 0.68906 0.7568852453125 0.6817 0.74229508125 0.6703 0.7322404375 0.64822 0.7151366125 0.64564 0.7040710375 0.64196 0.6331693984375 0.6275999999999999 0.6155737703125 0.61066 0.600491803125 0.61066 0.5884153000000001 0.6113999999999999 0.56480874375 0.60994 0.5180327874999999 0.59668 0.51098360625 0.5668599999999999 0.518524590625 0.5503 0.5637978140625 0.55288 0.582896175 0.55546 0.6010109296875 0.54294 0.6100546453125 0.53154 0.6186065578125 0.52858 0.647267759375 0.53484 0.7050819671874999 0.55104 0.75887978125 0.54294 0.78401639375 0.54626 0.8026229515625 0.55288 0.8207377046875 0.5613400000000001 0.83079235 0.56098 0.8368306015625 0.5503 0.8554371578125 0.55436 0.86598360625 0.56172 0.8785519125000001 0.56466 0.8926229515624999 0.58968 0.892131146875 0.593 0.8835792343750001 0.59006 0.8684972671875 0.6022000000000001 0.8368306015625 0.60588 0.839836065625 0.6 0.860956284375 0.5985199999999999 0.8765573765625 0.6011 0.8961475406250001 0.61914 0.892131146875 0.63496 0.882076503125 0.63054 0.8619672125 0.63828 0.8579508203125 0.64858 0.8197267765625
9 0.8175399999999999 0.377540984375 0.80108 0.364043715625 0.7945 0.3505737703125 0.7797 0.3101092890625 0.76326 0.2898907109375 0.7501 0.30336065625 0.74022 0.3146174859375 0.73036 0.332595628125 0.732 0.3730327875 0.72872 0.406748634375 0.74022 0.44270491874999995 0.74352 0.44270491874999995 0.8290599999999999 0.45617486406249996 0.83398 0.44718579218750004 0.8389200000000001 0.41346994531250003 0.8175399999999999 0.377540984375
9 0.055920000000000004 0.6883469953125 0.04766 0.6826502734375001 0.04766 0.7015573765625 0.054568887499999996 0.7024802671875 0.051866665624999995 0.7307468109374999 0.04239 0.715956284375 0.03186 0.750163934375 0.03514 0.7816666671875 0.047813334375 0.77314663125 0.0451111125 0.8014131750000001 0.04108 0.801475409375 0.04376 0.8155464484375001 0.052059999999999995 0.810774134375 0.05295999999999999 0.823196721875 0.04616 0.8292076500000001 0.04616 0.8816666671875 0.07696 0.8822131140625 0.07576000000000001 0.8592622953125 0.07136 0.8384972671875 0.07402 0.829371584375 0.06216000000000001 0.8308469953125 0.06304 0.8200728609375 0.07171 0.80282786875 0.09906000000000001 0.804631146875 0.10234000000000001 0.82125683125 0.10564 0.8239617484374999 0.09378 0.8437704921875 0.12474 0.87256830625 0.1353 0.8464754093750001 0.13068 0.8365847000000001 0.12869999999999998 0.8248633875 0.15902 0.774644809375 0.17614000000000002 0.737732240625 0.17284 0.7233333328125 0.15704 0.707131146875 0.16626000000000002 0.6954371578125 0.16296 0.6864480875 0.15902 0.681939890625 0.15836 0.600163934375 0.15308 0.591147540625 0.13924 0.576748634375 0.11354 0.556939890625 0.11617999999999999 0.5443442625 0.12410000000000002 0.5479508203125001 0.12804 0.535355190625 0.12606 0.5236338796875 0.12606 0.5029508203125 0.12014 0.4804371578125 0.11552 0.47325136562500003 0.09906000000000001 0.4651366125 0.0839 0.4705464484375 0.076 0.48224043749999995 0.07336000000000001 0.49754098437499994 0.07336000000000001 0.5335519125 0.07732 0.5407377046875 0.0839 0.546147540625 0.0839 0.5515573765624999 0.06808 0.561147540625 0.0667288875 0.5752808140625 0.0615 0.567459015625 0.043719999999999995 0.5800546453125001 0.03646 0.6052459015625 0.03844 0.6268579234375 0.04766 0.6637431687500001 0.058622221875000005 0.6600804484375 0.055920000000000004 0.6883469953125
9 0.10904 0.4499453546875 0.11761999999999999 0.4743989078125 0.13768 0.47636612031250003 0.12050000000000001 0.44308743125000005 0.10546 0.3892896171875 0.09114 0.381475409375 0.06894 0.36778688593750003 0.06178 0.3540983609375 0.0539 0.31202185781249997 0.03528 0.2983333328125 0.02096 0.3090983609375 0.01524 0.335491803125 0.023119999999999998 0.3540983609375 0.02742 0.3687704921875 0.02026 0.37560109218750004 0 0.39027322343750004 0.0002 0.43625683125 0.0446 0.43625683125 0.09328 0.43527322343749997 0.10904 0.4499453546875
9 0.63914 0.2739617484375 0.6442 0.2889890703125 0.6924 0.297076503125 0.70762 0.2797267765625 0.7127 0.2751092890625 0.722 0.2589344265625 0.7228399999999999 0.24161202187500003 0.71016 0.21967213124999999 0.70762 0.21158470000000001 0.69748 0.1942622953125 0.69664 0.19079235 0.69664 0.17691256875 0.6940999999999999 0.15729508125 0.6915600000000001 0.150355190625 0.6831 0.1387978140625 0.6763399999999999 0.134180328125 0.66618 0.134180328125 0.65942 0.1387978140625 0.6552 0.1468852453125 0.6518200000000001 0.15959016406249998 0.64928 0.17576502656249998 0.6518200000000001 0.1942622953125 0.63914 0.197732240625 0.62644 0.21158470000000001 0.61546 0.24161202187500003 0.61968 0.255491803125 0.62898 0.26010928906249997 0.63914 0.2739617484375
9 0.5420200000000001 0.24549180312500002 0.54488 0.2523224046875 0.54774 0.2503825140625 0.55776 0.2503825140625 0.56994 0.2523224046875 0.58068 0.25527322343750003 0.58998 0.26210382499999996 0.6 0.2669945359375 0.60144 0.24647540937499998 0.60502 0.2366939890625 0.6186200000000001 0.22983606562499997 0.61934 0.213196721875 0.6157600000000001 0.182896175 0.6028800000000001 0.1642896171875 0.57996 0.157459015625 0.5771 0.1349453546875 0.5785199999999999 0.12322404375 0.5771 0.1036612015625 0.57136 0.0889890703125 0.5591999999999999 0.0850819671875 0.54488 0.08997267812500001 0.54344 0.1065847 0.54488 0.1300546453125 0.5484600000000001 0.1476775953125 0.5527599999999999 0.155491803125 0.53914 0.1613661203125 0.53056 0.169180328125 0.52412 0.1760382515625 0.52054 0.1916939890625 0.51838 0.214180328125 0.53056 0.214180328125 0.53844 0.22297814218749998 0.5420200000000001 0.24549180312500002
9 0.71962 0.14027322343749998 0.7163 0.1299453546875 0.72104 0.1099453546875 0.71914 0.0963934421875 0.71348 0.0899453546875 0.7026 0.0899453546875 0.69506 0.0944535515625 0.6922200000000001 0.1086612015625 0.69316 0.1318852453125 0.68844 0.14478142031250002 0.69458 0.18352459062499998 0.73 0.19060109218750002 0.73756 0.1751092890625 0.73804 0.162868853125 0.71962 0.14027322343749998
9 1 0.143907103125 0.9888999999999999 0.13191256875 0.9845200000000001 0.1334153 0.9768399999999999 0.1513934421875 0.9801399999999999 0.1873770484375 0.97794 0.2158743171875 0.97794 0.220355190625 0.9768399999999999 0.23836065624999997 0.9845200000000001 0.24584699531249998 1 0.260819671875 1 0.143907103125
9 0.42384000000000005 0.20833333281250002 0.4107 0.22349726718750001 0.4107 0.24144808750000002 0.4107 0.2634972671875 0.42384000000000005 0.26765027343750003 0.43898000000000004 0.26765027343750003 0.44401999999999997 0.262131146875 0.44706 0.2359289625 0.44401999999999997 0.2207377046875 0.42788000000000004 0.20557377031250001 0.42384000000000005 0.20833333281250002
9 0.9433999999999999 0.62770491875 0.9469799999999999 0.616284153125 0.9469799999999999 0.6081420765625001 0.95056 0.6 0.95174 0.585355190625 0.94816 0.5772131140625001 0.94816 0.5657923499999999 0.94458 0.549508196875 0.94458 0.534836065625 0.93862 0.5283333328125 0.9290800000000001 0.5250819671875 0.91478 0.5234426234375 0.9028600000000001 0.5266939890625 0.89092 0.5397267765625 0.8825799999999999 0.5576502734375001 0.8825799999999999 0.5723224046875 0.87782 0.5723224046875 0.86828 0.5772131140625001 0.86828 0.6 0.8694599999999999 0.617923496875 0.8754200000000001 0.6309562843750001 0.87782 0.6407377046875 0.8718400000000001 0.6570218578125 0.86828 0.6733060109375 0.86588 0.7075136609375 0.8647 0.7319672125000001 0.8634999999999999 0.7515027328125 0.86708 0.7677868859375 0.86588 0.77756830625 0.88974 0.7417213109375 0.8992800000000001 0.7270765031249999 0.90166 0.7059016390624999 0.91716 0.6895901640625001 0.9290800000000001 0.6830874312499999 0.94458 0.6765573765624999 0.95652 0.6700546453125 0.9601000000000001 0.6700546453125 0.9589000000000001 0.666803278125 0.9529400000000001 0.64887978125 0.94458 0.6439890703125 0.9398199999999999 0.6390983609374999 0.9433999999999999 0.62770491875
9 0.86844 0.075956284375 0.8555999999999999 0.072459015625 0.84192 0.072459015625 0.8291000000000001 0.0829781421875 0.8282400000000001 0.0981693984375 0.8265399999999999 0.139043715625 0.8273999999999999 0.143715846875 0.81456 0.1600546453125 0.81114 0.167076503125 0.81286 0.1857650265625 0.81456 0.19625683124999999 0.83338 0.1752459015625 0.8615999999999999 0.163579234375 0.89664 0.1693989078125 0.8795400000000001 0.1448907109375 0.87698 0.11918032812499998 0.8718600000000001 0.0888251359375 0.86844 0.075956284375
9 0.76112 0.293688525 0.77794 0.3092349734375 0.7853600000000001 0.3315300546875 0.8086 0.332896175 0.80564 0.30721311406249996 0.82542 0.2883060109375 0.8244400000000001 0.26532786875 0.7898 0.2639617484375 0.7898 0.25991803281250003 0.8007 0.23289617499999998 0.81702 0.20248633906250002 0.8090999999999999 0.1876229515625 0.8125600000000001 0.1673497265625 0.79624 0.1484153 0.77398 0.1585519125 0.772 0.194371584375 0.77596 0.2173497265625 0.76408 0.22546448125000002 0.74578 0.2423497265625 0.73046 0.2883060109375 0.73342 0.31598360625 0.7388600000000001 0.30450819687499997 0.7546999999999999 0.29639344218749997 0.76112 0.293688525
9 0.06146 0.0970491796875 0.06608 0.1333060109375 0.03954 0.174316940625 0.037219999999999996 0.2184699453125 0.055700000000000006 0.2326502734375 0.0707 0.276803278125 0.09724000000000001 0.29729508125000004 0.09609999999999999 0.379316940625 0.13996 0.42502732187500003 0.19190000000000002 0.4676229515625 0.19652 0.44554644843749996 0.15958 0.39822404375 0.14688 0.30519125625 0.14918 0.235819671875 0.13764 0.1632786890625 0.11339999999999999 0.10808743125 0.10764 0.0828415296875 0.0834 0.07180327812500001 0.06146 0.0970491796875
9 0.43 0.2076502734375 0.42866666562500005 0.18973891874999999 0.45666666562499997 0.2079538546875 0.44400000000000006 0.22131147499999998 0.44400000000000006 0.2677595625 0.44800000000000006 0.27322404375 0.46399999999999997 0.27322404375 0.492 0.2540983609375 0.5 0.2677595625 0.528 0.2677595625 0.54 0.2595628421875 0.542 0.2540983609375 0.538 0.224043715625 0.532 0.2158469953125 0.530615384375 0.20828078906249997 0.5123076921874999 0.2202606140625 0.506 0.2158469953125 0.5031538453125 0.22625052499999998 0.49400000000000005 0.2322404375 0.484 0.2322404375 0.484 0.21857923437500001 0.47533333437499997 0.220097146875 0.466 0.21402549999999998 0.47000000000000003 0.20491803281249998 0.46399999999999997 0.1693989078125 0.454 0.15300546406249999 0.42800000000000005 0.1502732234375 0.41 0.17759562812500002 0.40800000000000003 0.20491803281249998 0.41600000000000004 0.21857923437500001 0.43 0.2076502734375
9 0.75 0.15300546406249999 0.768 0.1612021859375 0.792 0.15300546406249999 0.8 0.092896175 0.8 0.077868853125 0.8480000000000001 0.0655737703125 0.852 0.07377049218750001 0.868 0.0765027328125 0.8800000000000001 0.14754098437500002 0.892 0.16393442656249999 0.89 0.172131146875 0.898 0.183060109375 0.914 0.183060109375 0.9279999999999999 0.1748633875 0.9359999999999999 0.15573770468749998 0.9339999999999999 0.136612021875 0.9199999999999999 0.1229508203125 0.9119999999999999 0.10382513593750001 0.9039999999999999 0.101092896875 0.9099999999999999 0.0765027328125 0.908 0.043715846875 0.898 0.032786885937499996 0.8560000000000001 0.035519125 0.85 0.043715846875 0.8008333343749999 0.0573770484375 0.8 0.0628415296875 0.791 0.0601092890625 0.794 0.049180328125 0.78 0.043715846875 0.782 0.0218579234375 0.776 0.008196721875 0.758 0.00546448125 0.75 0.016393442187500003 0.746 0.027322404687500003 0.746 0.054644809375000006 0.739 0.0655737703125 0.741833334375 0.07377049218750001 0.732 0.0765027328125 0.7304999999999999 0.090163934375 0.7228461546875 0.0824926453125 0.6038461546875 0.160361496875 0.726 0.131147540625 0.74 0.15300546406249999 0.75 0.15300546406249999