7 0.075515625 0.34606007031249997 0.059625 0.38427561875 0.057640625 0.42696113125 0.041734375000000004 0.476395759375 0.035765625 0.49438162500000005 0.047703125 0.53708480625 0.115265625 0.5955123671875 0.157 0.6112367484375001 0.17489062500000002 0.660671378125 0.188796875 0.6988692578125 0.218609375 0.680901059375 0.22059375 0.6494346296875 0.292140625 0.6831448765625 0.34381249999999997 0.6516784453125 0.41734375 0.7640459359375 0.459078125 0.8539399296875001 0.530625 0.9168551234375 0.606140625 0.9572968203125001 0.7075 0.9595583031249999 0.826734375 0.8674204953125001 0.826734375 0.7528091875 0.804875 0.5910070671875001 0.743265625 0.5146113078125001 0.6041562500000001 0.45618374531250006 0.5465312499999999 0.4471908125 0.542546875 0.40448763281250005 0.51671875 0.3483215546875 0.647875 0.3775265015625 0.66378125 0.3415724375 0.647875 0.2516784453125 0.612109375 0.17977031875 0.5763281250000001 0.1572968203125 0.498828125 0.18427561875 0.42926562500000004 0.1887632515625 0.36965625 0.17303886875000002 0.292140625 0.170795053125 0.2066875 0.2112367484375 0.25040625 0.23146643125000002 0.315984375 0.26067137812499996 0.296109375 0.2966254421875 0.29015625 0.30113074218749997 0.26232812499999997 0.294381625 0.23650000000000002 0.2966254421875 0.19278125 0.28763250937499996 0.139109375 0.305618375 0.11328125 0.312367490625 0.075515625 0.34606007031249997
7 0.84653125 0.575441696875 0.902296875 0.584452296875 0.9421406250000001 0.5799469968750001 0.974 0.5619434625 0.985953125 0.51464664375 0.985953125 0.46959363906249996 0.974 0.41779151875 0.9421406250000001 0.3659894 0.9301875000000001 0.3231978796875 0.91425 0.291660778125 0.874421875 0.266890459375 0.780796875 0.27365724375 0.762875 0.2871554765625 0.699140625 0.3074381625 0.681203125 0.33220848125 0.635390625 0.3659894 0.61746875 0.3704947 0.589578125 0.343462896875 0.553734375 0.36374558281249997 0.553734375 0.39977031875 0.5656875 0.42005300312499994 0.6015312500000001 0.440318021875 0.6254375 0.44706713750000004 0.665265625 0.4605830390625 0.72303125 0.4673498234375 0.744953125 0.453833921875 0.7768125 0.4650883390625 0.7827968750000001 0.48535335625 0.80071875 0.52365724375 0.804703125 0.5394169609375 0.81465625 0.5371554765625 0.83059375 0.5641872796875 0.84653125 0.575441696875
7 1 0.3820671375 0.97253125 0.370176678125 0.969890625 0.35998233281249997 0.97140625 0.3497879859375 0.9890625 0.3455300359375 0.9928125 0.3353356890625 0.9939375 0.31240282656249996 0.9571249999999999 0.3072968203125 0.9323281250000001 0.273833921875 0.900015625 0.28146643125000004 0.894765625 0.281042403125 0.89378125 0.2757738515625 0.8872500000000001 0.2770789171875 0.887546875 0.270081271875 0.879734375 0.2731154296875 0.8813124999999999 0.2643886921875 0.8688437499999999 0.2530035328125 0.8560625 0.25726148437499996 0.8560625 0.2657597171875 0.87221875 0.26915194374999996 0.9285781249999999 0.3137632515625 0.9278124999999999 0.319699646875 0.930828125 0.3240106 0.93909375 0.357137809375 0.964640625 0.4025971734375 0.968390625 0.4283745578125 0.980796875 0.4487632515625 0.9924375 0.481042403125 0.9890625 0.5175795046875 1 0.50865724375 1 0.3820671375
9 0.26290625 0.22303244531250002 0.264609375 0.2229681984375 0.265140625 0.23207035 0.27107291718750004 0.23173733749999997 0.26737500000000003 0.24110825624999999 0.274078125 0.26822197187499996 0.27916015625 0.2717623671875 0.2763125 0.277259878125 0.278546875 0.2862977828125 0.27463671875 0.290410778125 0.272375 0.2997349828125 0.287890625 0.2924204953125 0.296296875 0.284381625 0.31051562499999996 0.284381625 0.3305625 0.2770671375 0.327328125 0.2675618375 0.3215 0.2397879859375 0.3250625 0.2317402828125 0.32 0.226619553125 0.328625 0.2236925796875 0.32409374999999996 0.2119964671875 0.36353125 0.20833922187499998 0.379703125 0.2119964671875 0.40296875 0.22662544218749997 0.40685937499999997 0.179098940625 0.4016875 0.13084805625 0.362890625 0.1052650171875 0.366765625 0.08551236718750001 0.37129687499999997 0.072367490625 0.37129687499999997 0.059929328125 0.369359375 0.041660778125 0.362234375 0.0226501765625 0.34478125 0.0153356890625 0.328625 0.0241166078125 0.31375000000000003 0.044575971874999995 0.31310937499999997 0.068710246875 0.316984375 0.0964840984375 0.27365625 0.1220671375 0.26056640625 0.1774558296875 0.256203125 0.195918728125 0.258140625 0.196643109375 0.2584375 0.204956634375 0.26290625 0.22303244531250002
9 0.253765625 0.246042403125 0.248125 0.24498233281249998 0.248125 0.254558303125 0.25001562499999996 0.2609363953125 0.244375 0.2811307421875 0.241546875 0.289628975 0.24060937500000001 0.2981448765625 0.244375 0.302385159375 0.24906250000000002 0.3034452296875 0.25940625 0.3013250890625 0.264109375 0.2928268546875 0.2669375 0.2832508828125 0.271625 0.27475265000000004 0.261296875 0.259876325 0.263171875 0.2609363953125 0.25565625000000003 0.2513604234375 0.253765625 0.246042403125
9 0.054078125 0.283851590625 0.054953125000000005 0.29441696093749997 0.054656249999999997 0.3006890453125 0.05378125 0.31621908125 0.05553125 0.3264487625 0.056125 0.3264487625 0.059625 0.31984098906249997 0.059921875 0.3142402828125 0.059921875 0.3109363953125 0.06079687499999999 0.304328621875 0.061968749999999996 0.3086219078125 0.06225000000000001 0.3109363953125 0.06634375 0.3191872796875 0.06839062500000001 0.31952296874999997 0.06896875 0.31853356875 0.0686875 0.31554770312499997 0.06401562499999999 0.30927561875 0.06284375 0.304328621875 0.063125 0.29441696093749997 0.06371875 0.2894699640625 0.064296875 0.2848409890625 0.06459375 0.2792226140625 0.064296875 0.27328621875 0.058453124999999995 0.26535335625 0.056703125 0.2620494703125 0.056703125 0.2597349828125 0.052031249999999994 0.255441696875 0.05028125 0.2564310953125 0.049703125 0.26171378125 0.05028125 0.2656890453125 0.051734375 0.26865724375 0.052625 0.2680035328125 0.054078125 0.2785689046875 0.054078125 0.283851590625
9 0.142390625 0.29964664375 0.148078125 0.29964664375 0.155484375 0.2964310953125 0.15890625 0.293851590625 0.15946875 0.2835512375 0.15718749999999998 0.270671378125 0.153203125 0.26939929375 0.1520625 0.2629505296875 0.14865625 0.255865725 0.144671875 0.25715547656250004 0.142390625 0.2642402828125 0.13896875 0.2668197875 0.132703125 0.277120140625 0.1315625 0.291289753125 0.12871875 0.28805653750000004 0.134984375 0.30030035312500003 0.142390625 0.29964664375
9 0.16865625 0.29588339218750004 0.184234375 0.296289753125 0.18528125 0.2892226140625 0.182859375 0.27865724375 0.1773125 0.26415194375 0.17835937500000001 0.26063604218749997 0.180078125 0.25828621875 0.1804375 0.25121908125000003 0.17489062500000002 0.2477031796875 0.1696875 0.24651943437499999 0.16899999999999998 0.25201413437500003 0.16865625 0.25945229687500004 0.16171875 0.26846289687499997 0.162765625 0.289628975 0.161375 0.2966784453125 0.163453125 0.29588339218750004 0.16865625 0.29588339218750004
8 0.1164375 0.333462896875 0.111984375 0.32240282656249997 0.113328125 0.3128445234375 0.1013125 0.31033568906250003 0.09331249999999999 0.29072438125 0.06929687500000001 0.29424028281250003 0.07240625 0.315865725 0.077296875 0.3183745578125 0.071515625 0.3435159015625 0.092421875 0.3455300359375 0.1053125 0.342508834375 0.1164375 0.333462896875
9 0.9674531249999999 0.3003886921875 0.969390625 0.29273851562500003 0.9678437499999999 0.2898939921875 0.9631875000000001 0.287491165625 0.9546718750000001 0.2877031796875 0.951 0.2903356890625 0.947328125 0.29273851562500003 0.9486718749999999 0.294699646875 0.949640625 0.30127208437499997 0.950609375 0.303462896875 0.953703125 0.308710246875 0.953328125 0.30915194375 0.9633906250000001 0.30915194375 0.9701562499999999 0.3071731453125 0.9697812499999999 0.3041166078125 0.9674531249999999 0.3003886921875
9 0.20417187499999997 0.2868021203125 0.204546875 0.27572438125 0.195515625 0.2667844515625 0.194 0.27233215624999996 0.189109375 0.27402826875 0.18496875 0.2808303890625 0.18346875 0.29659010625 0.18534375 0.296166078125 0.20417187499999997 0.297014134375 0.20417187499999997 0.2868021203125
9 0.11578124999999999 0.3163074203125 0.11578124999999999 0.3159540640625 0.11609375 0.29828621875 0.11609375 0.28890459375 0.11578124999999999 0.2827738515625 0.11482812499999999 0.2784452296875 0.11482812499999999 0.2708833921875 0.11100000000000002 0.26402826875 0.104296875 0.27053003593749997 0.10398437499999999 0.27303886875 0.10398437499999999 0.28349823281250003 0.104625 0.28494699687499997 0.107171875 0.29035335624999997 0.107171875 0.29358657187500004 0.1078125 0.301890459375 0.105578125 0.30765017656250004 0.105578125 0.3080212015625 0.10909374999999999 0.30945229687500003 0.11578124999999999 0.3163074203125
9 0.23514062500000002 0.2689222609375 0.23343750000000002 0.270053003125 0.23234375 0.27365724375 0.23304687500000001 0.278710246875 0.234640625 0.281413428125 0.23304687500000001 0.2835512375 0.23115625 0.2877208484375 0.23065625 0.2978445234375 0.23275 0.3008833921875 0.2415 0.3011130734375 0.243984375 0.2842226140625 0.23960937499999999 0.27826855156249997 0.23981249999999998 0.2724204953125 0.23821875 0.2701590109375 0.23821875 0.269823321875 0.23514062500000002 0.2689222609375
9 0.115109375 0.32733215625 0.117796875 0.3293639578125 0.12085937499999999 0.3277738515625 0.11945312500000001 0.3245936390625 0.11945312500000001 0.3224204953125 0.11920312500000001 0.31577738593750004 0.1184375 0.30712014062500004 0.121109375 0.3062544171875 0.12264062499999999 0.3026501765625 0.12367187500000001 0.2964310953125 0.12367187500000001 0.2886395765625 0.12367187500000001 0.2824381625 0.12162500000000001 0.27881625468750004 0.12046874999999999 0.275795053125 0.12251562499999999 0.274628975 0.123921875 0.2717491171875 0.12340625000000001 0.267985865625 0.12251562499999999 0.2651060078125 0.118171875 0.2651060078125 0.11740625 0.26683745625 0.11715625 0.2698586578125 0.11703125 0.2714487625 0.115234375 0.27275618437500004 0.114984375 0.2775265015625 0.11574999999999999 0.2815547703125 0.116390625 0.30798586562499997 0.11485937500000001 0.31895759687499997 0.11434375000000001 0.3245936390625 0.115109375 0.32733215625
9 0.264796875 0.2855653703125 0.26246875 0.298339221875 0.263 0.3070494703125 0.27715625 0.2975265015625 0.276984375 0.29104240312499996 0.27931249999999996 0.279681978125 0.278234375 0.276042403125 0.276265625 0.27482332187499997 0.276625 0.27137809218750003 0.276078125 0.2657067140625 0.274109375 0.2638869265625 0.27196875 0.2636749109375 0.268734375 0.26469964687499997 0.26765625000000004 0.2693639578125 0.26945312499999996 0.274628975 0.2685625 0.27522968125 0.26640625 0.27888692656249997 0.264796875 0.2855653703125
7 0.05115625 0.2989929328125 0.052296875 0.2916784453125 0.058765625 0.28694346249999997 0.055343750000000004 0.2830565375 0.0450625 0.28134275625 0.023734375 0.28220848125 0.0206875 0.28434628906250003 0.031734374999999995 0.28521201406249996 0.025640625 0.29123674843749997 0.022593750000000003 0.28779151875000003 0.006234375 0.28865724375 0.005078125 0.295547703125 0.000515625 0.3019964671875 0.0008906249999999999 0.337738515625 0.006609375000000001 0.3424734984375 0.013843749999999998 0.3368727921875 0.01803125 0.3364487625 0.029453125000000004 0.3325618375 0.03515625 0.33514134218749997 0.0366875 0.3493462890625 0.043921875 0.3489222609375 0.0458125 0.3334275625 0.050765625 0.325671378125 0.05 0.3140636046875 0.05115625 0.2989929328125
9 0.10789062499999999 0.292614840625 0.10618749999999999 0.28641342812500004 0.103546875 0.281289753125 0.103546875 0.2742402828125 0.10053125 0.27081272031250003 0.099390625 0.27508833906249996 0.099765625 0.2810777390625 0.0975 0.2853356890625 0.0980625 0.2928268546875 0.099765625 0.298586571875 0.10392187500000001 0.3009363953125 0.10392187500000001 0.301148409375 0.10770312500000001 0.3009363953125 0.10789062499999999 0.292614840625
9 0.22334375 0.29446996406250003 0.22334375 0.2811837453125 0.23075 0.2688692578125 0.23684375000000002 0.25607773906250003 0.220734375 0.24574205 0.214640625 0.24427561875 0.210296875 0.24722614843750002 0.192890625 0.25116607812499997 0.20115625 0.26837455781249997 0.20071875 0.29742049531250003 0.20637500000000003 0.2949646640625 0.22465625 0.300371025 0.22334375 0.29446996406250003
9 0.04375 0.30742049531250004 0.0515625 0.30035335625 0.0546875 0.29328621875 0.06484375 0.29328621875 0.0640625 0.302120140625 0.08125 0.3233215546875 0.096875 0.3250883390625 0.1046875 0.3180212015625 0.1078125 0.31095406406250004 0.10625 0.302120140625 0.11875 0.30742049531250004 0.1203125 0.3215547703125 0.125 0.3250883390625 0.1375 0.3250883390625 0.1453125 0.3180212015625 0.1484375 0.31095406406250004 0.148509615625 0.2868714328125 0.17201922812499998 0.287523784375 0.1 0.273851590625 0.1 0.2667844515625 0.084375 0.26501766718750003 0.071875 0.2779740859375 0.0741071421875 0.28470469375 0.0571428578125 0.2831903078125 0.053125 0.27915194374999996 0.0486607140625 0.2819283203125 0.040178571875 0.2806663296875 0.04375 0.2685512375 0.015625 0.2667844515625 0.0147321421875 0.2768803640625 0.00625 0.27561837499999997 0.0046875 0.29328621875 0.015625 0.3056537109375 0.04375 0.30742049531250004
9 0.6390625 0.3268551234375 0.640625 0.3392226140625 0.6515625 0.35335689062500003 0.6640625 0.355123675 0.66875 0.3480565375 0.66875 0.3374558296875 0.665625 0.3303886921875 0.6671875 0.3056537109375 0.6640625 0.298586571875 0.65625 0.291519434375 0.64375 0.291519434375 0.634375 0.30035335625 0.5951923109374999 0.2992661046875 0.63359375 0.30918727968750004 0.6328125 0.3180212015625 0.6390625 0.3268551234375