9 0.508328125 0.8775409843749999 0.508328125 0.8435363 0.5295156249999999 0.7959250578125 0.5295156249999999 0.6848009375 0.5234687499999999 0.569156909375 0.562796875 0.5963700234375 0.599109375 0.5804918031249999 0.629359375 0.5306089 0.614234375 0.4761826703125 0.58246875 0.378688525 0.571875 0.3129274 0.54615625 0.31519906249999996 0.541609375 0.2879859484375 0.5355624999999999 0.25850117031250003 0.5053124999999999 0.23355971874999998 0.47959375 0.22676815 0.4614375 0.2403512875 0.426640625 0.2539578453125 0.408484375 0.2947775171875 0.413015625 0.349203746875 0.372171875 0.3718735359375 0.346453125 0.414964871875 0.33434375 0.45805620625000004 0.34040625 0.535152225 0.34796875 0.69840749375 0.3525 0.7800468390625 0.36309375 0.8480796249999999 0.350984375 0.8956908671875 0.33434375 0.884355971875 0.34040625 0.9410538640624999 0.354015625 0.9863934421874999 0.544640625 0.9886651046875 0.5355624999999999 0.9750585484375 0.508328125 0.8775409843749999
9 0.279921875 0.5907259953125 0.27496875 0.5907259953125 0.273984375 0.5922014046874999 0.27003125 0.5596018734375 0.272 0.546252928125 0.27496875 0.5299297421875 0.282890625 0.5166042156249999 0.284859375 0.5047306796875 0.282890625 0.485456675 0.28090625 0.45580796250000005 0.263109375 0.4276346609375 0.262109375 0.42615925 0.259140625 0.4128103046875 0.257171875 0.40391100625 0.261125 0.3742622953125 0.260140625 0.369812646875 0.271015625 0.35796252968750003 0.276953125 0.3668618265625 0.28190624999999997 0.3594379390625 0.290796875 0.3594379390625 0.290796875 0.34608899375 0.290796875 0.31348946093749996 0.293765625 0.292716628125 0.296734375 0.270491803125 0.28684375 0.2601170953125 0.259140625 0.25121779843750003 0.242328125 0.2660421546875 0.23935937499999999 0.2749414515625 0.234421875 0.2956908671875 0.234421875 0.3119906328125 0.236390625 0.3297892265625 0.23343750000000002 0.34608899375 0.185953125 0.3935363 0.1750625 0.4335831375 0.15825 0.47063231875 0.15825 0.5121545671875001 0.174078125 0.5373536296875 0.18990625 0.5670023421875 0.196828125 0.6025761125 0.21760937500000002 0.6025761125 0.23540624999999998 0.6070257609375 0.25025 0.611475409375 0.25025 0.608524590625 0.263109375 0.6025761125 0.279921875 0.5907259953125
9 0.060109375 0.70608899375 0.058609375 0.6722950812499999 0.063109375 0.5754566750000001 0.0345625 0.505620609375 0.006015625 0.5191334890625 0.003 0.5214051515625 0.0045156250000000005 0.7173536296874999 0.060109375 0.70608899375
9 0.799125 0.8539344265625 0.8471093749999999 0.8449414515625 0.839609375 0.79775175625 0.85609375 0.768548009375 0.8680937500000001 0.7573067921875001 0.87709375 0.66067915625 0.8920875 0.6485292734375 0.9055781250000001 0.829203746875 0.9265625 0.8247306796875 0.968546875 0.7236065578125 0.9850312499999999 0.640444965625 0.965546875 0.6202341921875 0.98953125 0.564051521875 0.9700468750000001 0.5438173296875 0.9505625 0.501124121875 0.914578125 0.48088992968750005 0.916078125 0.4629274 0.9220625 0.426955503125 0.9220625 0.391007025 0.898078125 0.37526932031250004 0.8605937499999999 0.3797658078125 0.842609375 0.41124121718750006 0.85309375 0.4471896953125 0.8321093749999999 0.47864168593749995 0.816521875 0.5217892265625 0.8204548609375 0.532076503125 0.812625 0.5325761124999999 0.794625 0.5820140515625 0.7556406250000001 0.631451990625 0.75074431875 0.7399425171875 0.7496562499999999 0.764051521875 0.778140625 0.773044496875 0.803625 0.773044496875 0.799125 0.8539344265625
9 0.9430624999999999 0.379508196875 0.9325625000000001 0.3997423890625 0.9265625 0.4356908671875 0.9175625000000001 0.4693911 0.9175625000000001 0.4828805625 0.9550468750000001 0.5031147546875 0.99103125 0.5548009375 0.968546875 0.61323185 0.98953125 0.637939109375 0.9430624999999999 0.81098360625 0.9985312499999999 0.7974941453125 1 0.3974941453125 0.99103125 0.379508196875 0.965546875 0.37051522187499997 0.952046875 0.37051522187499997 0.9430624999999999 0.379508196875
9 0.677453125 0.628571428125 0.695046875 0.6505386421875 0.70090625 0.681311475 0.695046875 0.7406557375 0.737578125 0.7450585484375 0.74784375 0.71648711875 0.749296875 0.6747306796875 0.752234375 0.652740046875 0.78596875 0.6022014046875 0.81528125 0.560444965625 0.81528125 0.5406557375000001 0.8108906250000001 0.48351288124999997 0.8050312500000001 0.463747071875 0.7654375 0.428571428125 0.7654375 0.42196721249999997 0.75809375 0.3846135828125 0.750765625 0.3406557375 0.7126406249999999 0.35163934375 0.7053125 0.3802107734375 0.7067812499999999 0.428571428125 0.68625 0.45053864218750006 0.6671875 0.4923185015625 0.655453125 0.5450585484375 0.659859375 0.5560421546875001 0.67159375 0.5846135828125 0.677453125 0.628571428125
8 0.41840625 0 0.39070312500000004 0.0026697890625 0.41345312500000003 0.067915690625 0.414453125 0.09608899374999999 0.437203125 0.1479625296875 0.45006250000000003 0.1716861828125 0.465890625 0.1880093671875 0.474046875 0.1826200234375 0.50346875 0.259156909375 0.507421875 0.26360655781250003 0.5086125 0.26863700156250003 0.539475 0.3255175640625 0.545015625 0.35840749375000003 0.5410625 0.371756440625 0.550953125 0.386580796875 0.559859375 0.3776814984375 0.5647968750000001 0.3702810296875 0.567765625 0.355456675 0.5549062499999999 0.35395784531249996 0.555890625 0.34655737656249996 0.5497625 0.3444777515625 0.5446187499999999 0.3349976578125 0.51534375 0.2606557375 0.48764062499999994 0.1642857140625 0.48962500000000003 0.14351288125 0.45698437500000005 0.05901639374999999 0.45303125 0.0545667453125 0.44214062500000006 0.050117095312500005 0.421375 0 0.41840625 0
8 0.1586875 0.683723653125 0.16325 0.683723653125 0.164171875 0.660468384375 0.19449609375000002 0.6502224828125 0.19609375 0.66320843125 0.20313169687500002 0.6571528953125 0.206737846875 0.6513687218750001 0.2152552078125 0.671420765625 0.21434375 0.7138056203125 0.20065624999999998 0.7261124125 0.19975 0.7917330203125 0.254484375 0.7958548015625 0.23133789062500001 0.713293325 0.2211875 0.707652225 0.22803125 0.7014988296875 0.2195138890625 0.6814467875 0.21016964218749998 0.65109735625 0.245359375 0.620819671875 0.24079687500000002 0.60578454375 0.2001576703125 0.6138641687499999 0.19396180624999998 0.6212906578124999 0.189703125 0.6112646374999999 0.1839019890625 0.6170960187500001 0.151390625 0.6235597187499999 0.1279330359375 0.6341083984375 0.09665625 0.6481733015625 0.112171875 0.6768852453124999 0.1340625 0.6673067921875 0.1586875 0.683723653125
9 0.043484375 0 0.040484375 0.101124121875 0.175421875 0.101124121875 0.181421875 0.00224824375 0.043484375 0
9 0.688125 0.8228805625 0.671671875 0.7219672125 0.6701718750000001 0.6659250578125 0.65671875 0.63229508125 0.638765625 0.616580796875 0.61184375 0.5986651046875 0.5729375 0.58744730625 0.5310625 0.5807259953125 0.51759375 0.6950585484375 0.514609375 0.8296018734375 0.520578125 0.818384075 0.5430312500000001 0.8228805625 0.569953125 0.8565105390625 0.596875 0.9013348953125 0.616328125 0.9215222484375 0.629796875 0.9170491796875 0.6656875 0.9013348953125 0.68065625 0.883419203125 0.6851406250000001 0.8654800937499999 0.688125 0.8228805625
9 0.2899084828125 0.595801271875 0.28146875 0.5950585484375 0.2988489578125 0.63671350625 0.27799999999999997 0.6549414515625 0.291890625 0.75391100625 0.2971041671875 0.7651912578125 0.309265625 0.907540984375 0.317953125 0.9674473062500001 0.34054687499999997 0.9570257609375 0.3388125 0.8971428578125 0.366609375 0.8632786890625 0.3070357140625 0.8684877890625 0.3040625 0.8164168625 0.35096875 0.764332553125 0.34835937499999997 0.748700234375 0.3393802078125 0.7421818906250001 0.34575 0.7330679156250001 0.3057986109375 0.630637521875 0.33359722187499996 0.6063335921874999 0.33210714218750004 0.5995148875 0.34054687499999997 0.6002576109375 0.3098991484375 0.5536278484375 0.344015625 0.50391100625 0.29015625 0.50391100625 0.2762604171875 0.547314596875 0.2693125 0.56901639375 0.275390625 0.5820374703125 0.2871548296875 0.5867724078125 0.2899084828125 0.595801271875