2 0.1837 0.9887733328125 0.21574 0.9820266671875 0.22078000000000003 0.9640533328125 0.24944000000000002 0.9640533328125 0.25786 0.8561866671875 0.22583999999999999 0.8179733328125 0.1854 0.7370666671875 0.15 0.6943733328125 0.11124 0.6764 0.0472 0.6809066671874999 0.04044 0.6157333328125 0 0.60224 0.0033799999999999998 0.8112266671875 0.00506 0.9865066671875 0.1837 0.9887733328125
2 0.74166 0.58256 0.7647999999999999 0.5860533328125 0.76322 0.5636266671875 0.7642800000000001 0.5117066671875 0.76532 0.5089066671875 0.71062 0.504 0.70536 0.5320533328125 0.71116 0.5895733328125 0.74166 0.58256
2 0.61581 0.55608 0.6116900000000001 0.5609200000000001 0.61266 0.57576 0.62355 0.5728666671875 0.63106 0.57384 0.63444 0.5699733328125001 0.65138 0.5718933328125 0.65332 0.5338133328125 0.65236 0.49704 0.62912 0.49704 0.630284 0.5431199999999999 0.61556 0.5364 0.6107199999999999 0.54608 0.61581 0.55608
2 0.9185800000000001 0.5304 0.92432 0.56648 0.9522 0.5686666671875 0.9612 0.5205866671875 0.9964600000000001 0.5041866671874999 0.99482 0.4905333328125 0.9161199999999999 0.49162666718750003 0.91326 0.49325333281250006 0.9103999999999999 0.5162133328125 0.9185800000000001 0.5304
8 0.28968 0.26168 0.30116 0.2346933328125 0.28968 0.1689866671875 0.22554 0.1635733328125 0.22218 0.1797866671875 0.22082000000000002 0.24818666718750002 0.28968 0.26168
9 0.28759999999999997 0.6463733328125 0.30602 0.6532 0.30806 0.6368266671875 0.30398000000000003 0.6177066671875 0.31318 0.6163466671875 0.31626 0.6532 0.32955999999999996 0.6613866671874999 0.3357 0.6109066671875001 0.32852000000000003 0.5372266671875 0.32955999999999996 0.5072266671875 0.3275 0.48674666718750004 0.32648 0.4621866671875 0.3224 0.42672 0.31114 0.4185333328125 0.30398000000000003 0.4185333328125 0.29476 0.44855999999999996 0.28454 0.4608266671875 0.2743 0.49904000000000004 0.28759999999999997 0.5454133328124999 0.28146 0.6068 0.28759999999999997 0.6463733328125
9 0.51382 0.47554666718750005 0.51296 0.4940533328125 0.50862 0.49752 0.50602 0.51136 0.49562 0.55296 0.5043 0.55064 0.51382 0.5541066671875 0.51468 0.5876 0.50862 0.5876 0.5095 0.6072533328125 0.51728 0.6083999999999999 0.51556 0.58416 0.51728 0.5668266671875 0.5181600000000001 0.5876 0.52162 0.6107199999999999 0.5276799999999999 0.6141866671875 0.5285599999999999 0.5957066671875 0.53114 0.5494933328125 0.53634 0.5390933328124999 0.53288 0.5102133328125 0.53462 0.49866666718749997 0.5285599999999999 0.4894133328125 0.52422 0.48712 0.52508 0.4674666671875 0.51728 0.4628533328125 0.51728 0.4651733328125 0.51468 0.4651733328125 0.51382 0.47554666718750005
9 0.67022 0.5489333328125 0.6751 0.5293333328125 0.6759999999999999 0.5097333328125 0.6759999999999999 0.4942933328125 0.6751 0.49016000000000004 0.66308 0.47056 0.66174 0.47768 0.66308 0.48125333281250005 0.66352 0.4865866671875 0.65996 0.4984533328125 0.65818 0.5061866671875 0.65952 0.5133066671875001 0.66042 0.51688 0.66042 0.5227999999999999 0.66264 0.5334933328125 0.66264 0.5406133328125 0.66174 0.55192 0.66308 0.56496 0.6662 0.57744 0.6671 0.58456 0.66532 0.5952533328125 0.67066 0.5910933328125 0.66976 0.5821866671875 0.67022 0.5489333328125
2 0.5494399999999999 0.5615733328125 0.55264 0.5628 0.5537799999999999 0.5667466671875 0.5546800000000001 0.5710133328125 0.55924 0.5691733328125 0.5588 0.54 0.55788 0.52816 0.55036 0.5330133328125 0.53508 0.5390933328124999 0.53008 0.5439466671875001 0.5303 0.5530666671875 0.53122 0.56584 0.5401 0.5664533328125 0.5433 0.5694933328125 0.54786 0.5661333328125 0.54854 0.5637066671875 0.5494399999999999 0.5615733328125
9 0.68032 0.5536800000000001 0.6881999999999999 0.5761333328125 0.69768 0.5999733328125 0.70188 0.6055733328125 0.7039799999999999 0.61048 0.70766 0.6020800000000001 0.70924 0.5957600000000001 0.70714 0.59016 0.7039799999999999 0.58384 0.69872 0.5656 0.69714 0.55648 0.6961 0.5459733328125 0.69768 0.5270400000000001 0.69714 0.5053066671875001 0.69136 0.4933866671875 0.6860999999999999 0.4870666671875 0.68716 0.47725333281250004 0.68452 0.46952 0.67452 0.4716266671875 0.6719 0.4765333328125 0.67296 0.4856533328125 0.67716 0.48986666718749994 0.674 0.4926666671875 0.6719 0.5066933328125 0.67558 0.5228266671874999 0.67138 0.5319466671875 0.66926 0.57192 0.66926 0.5880533328124999 0.67032 0.5964533328125 0.66506 0.60488 0.66506 0.6055733328125 0.6655800000000001 0.6055733328125 0.67874 0.6055733328125 0.67926 0.5936533328125 0.67768 0.5634933328125 0.68032 0.5536800000000001
13 0.96302 0.52776 0.9679399999999999 0.5168266671875 0.98268 0.5058933328124999 0.9974399999999999 0.5031733328125 0.9962 0.4900533328125 0.96548 0.4862133328125 0.94744 0.4862133328125 0.9146599999999999 0.4900533328125 0.9167 0.5048 0.9249 0.56928 0.9400600000000001 0.5681866671875 0.95358 0.56872 0.9564600000000001 0.55288 0.96014 0.5381333328125 0.96302 0.52776
13 0.9231 0.5874933328124999 0.93252 0.5698933328125 0.9231 0.5364 0.9055199999999999 0.52216 0.88918 0.4853333328125 0.87788 0.48114666718750004 0.87788 0.4694133328125 0.827 0.47024 0.773 0.4744266671875 0.76044 0.5171466671875 0.76106 0.5565066671875 0.76546 0.5749333328125 0.77112 0.6033866671875 0.78682 0.6017333328125 0.79436 0.5824533328125 0.80754 0.5849866671874999 0.8144399999999999 0.6075999999999999 0.8251200000000001 0.6067466671874999 0.8333 0.5908266671875 0.8552799999999999 0.5908266671875 0.85904 0.6067466671874999 0.8672000000000001 0.6084266671874999 0.8747400000000001 0.5958666671875 0.8961 0.5925066671875 0.9029999999999999 0.60592 0.90238 0.61344 0.9143000000000001 0.6117866671875001 0.9231 0.5874933328124999
8 0.33584 0.25007999999999997 0.3366 0.1688266671875 0.315 0.1729333328125 0.3073 0.2469866671875 0.33584 0.2552266671875 0.33584 0.25007999999999997
8 0.29556 0.0569066671875 0.22168000000000002 0.051973332812499995 0.21798 0.1455733328125 0.30110000000000003 0.1455733328125 0.29556 0.0569066671875
9 0.8628399999999999 0.4991466671875 0.8647 0.5098933328124999 0.86388 0.5145866671875 0.8777200000000001 0.5129333328125 0.8764799999999999 0.4985866671875 0.8748400000000001 0.4919733328125 0.8669800000000001 0.49223999999999996 0.8628399999999999 0.4991466671875
9 0.2213 0.5063466671875 0.22074 0.5190133328125001 0.21516000000000002 0.5190133328125001 0.21292 0.5234933328125 0.21534 0.5341866671875 0.21236000000000002 0.5481066671875 0.21480000000000002 0.55408 0.21144 0.56304 0.22149999999999997 0.5772 0.22149999999999997 0.6018133328124999 0.2243 0.6055466671875 0.22766000000000003 0.6040533328125 0.2299 0.5973333328125 0.22934000000000002 0.58168 0.22261999999999998 0.5555733328125 0.22522000000000003 0.54064 0.22410000000000002 0.5205066671874999 0.22242 0.5190133328125001 0.22913999999999998 0.49813333281250005 0.22913999999999998 0.48768 0.22242 0.4765066671875 0.21793999999999997 0.45936000000000005 0.21459999999999999 0.4533866671875 0.21067999999999998 0.4660533328125 0.2062 0.45936000000000005 0.2062 0.4474133328125 0.20171999999999998 0.45039999999999997 0.20228000000000002 0.4533866671875 0.21627999999999997 0.5070933328125 0.2213 0.5063466671875
2 0.01089 0.6021383328125001 0.015675 0.5977333328125 0.020139999999999998 0.6074233328124999 0.025750000000000002 0.6021333328125 0.02939 0.6127083328125 0.035825 0.6065333328125 0.03864 0.6179933328125 0.0459 0.6109333328125001 0.04789 0.6232783328125 0.13113999999999998 0.6708433328125001 0.14236 0.6664533328125 0.14039 0.6761283328125 0.14964 0.6814133328125 0.18796 0.6761333328125 0.18994 0.6268 0.17342 0.5669066671875 0.15755999999999998 0.54664 0.15294000000000002 0.54928 0.1602 0.6100533328125 0.1503 0.6426666671875 0.042331999999999995 0.5964906671875 0.02806 0.53872 0.02806 0.5140533328125 0.03336 0.4999466671875 0.02224 0.4961333328125 0 0.4885066671875 0.0016400000000000002 0.5968533328125 0.0056 0.5933333328125 0.01089 0.6021383328125001
2 1 0.5357333328125 0.9977600000000001 0.5060800000000001 0.9776400000000001 0.5117333328125 0.9622999999999999 0.5194933328125 0.9554199999999999 0.5399466671875001 0.95224 0.5738133328125 0.95488 0.5787733328125 0.9570000000000001 0.5865333328125 0.9591200000000001 0.6006400000000001 0.9612399999999999 0.60416 0.9712999999999999 0.60416 0.9718199999999999 0.59288 0.9787000000000001 0.59288 0.9967 0.5935733328125 0.9977600000000001 0.6013333328125 1 0.5970933328125 1 0.5780533328125 1 0.5357333328125