8 0.894226328125 0.381953125 0.8938106234375001 0.3850625 0.8946420328125001 0.38759375 0.8963048499999999 0.38984375 0.899630484375 0.3918125 0.9046189375000001 0.3929375 0.9087990765624999 0.3929375 0.9158660515625 0.3929375 0.919607390625 0.3929375 0.9245958421875 0.39237500000000003 0.9262586609374999 0.39096875 0.9283371828125 0.38815625 0.9283371828125 0.38703125 0.9270900687499999 0.3828125 0.9254272515625 0.378015625 0.9241801390625 0.376609375 0.9162817546875001 0.375765625 0.9100461890625 0.375765625 0.902540415625 0.37689062500000003 0.897136259375 0.37829687500000003 0.894226328125 0.381953125
8 0.439145496875 0.8089375000000001 0.43697459531250005 0.776140625 0.44759815312500006 0.7707499999999999 0.4565127015625 0.8050312500000001 0.48233256406249997 0.8050312500000001 0.483787528125 0.769765625 0.5098383375 0.767 0.5124942265625 0.7756406250000001 0.5202078515624999 0.80290625 0.5281755203125 0.8045312499999999 0.5250346421875001 0.783640625 0.5194919171875 0.757203125 0.5180369515625001 0.739734375 0.5108083140625 0.7341875 0.49464203281249997 0.733375 0.48064665156249997 0.730765625 0.47630485 0.737609375 0.469307159375 0.74365625 0.45748267968749995 0.7496875000000001 0.45290993124999995 0.7423437500000001 0.4502540421875 0.733703125 0.44928406406250004 0.7283125 0.4244341796875 0.73190625 0.41575057812500005 0.7325468749999999 0.41381062343749997 0.73565625 0.42563510468750004 0.770578125 0.4222632796875 0.77678125 0.4275750578125 0.80290625 0.439145496875 0.8089375000000001
8 0.49196304843750005 0.512609375 0.48561200937500004 0.519890625 0.4846420328125 0.524515625 0.48829099375 0.525015625 0.4851270203125 0.52815625 0.489769053125 0.52815625 0.49073902968749994 0.53196875 0.49464203281249997 0.531625 0.500762125 0.528 0.493926096875 0.521875 0.5041801390625 0.520875 0.5085912234375 0.51246875 0.5117321015625 0.49959375 0.5154272515625 0.494578125 0.5233487296875 0.48745312500000004 0.5525866046875 0.47540625 0.5577136265625 0.465640625 0.56138568125 0.45275 0.5591916859375 0.443484375 0.554549653125 0.43471875000000004 0.5464665125 0.42728124999999995 0.5198383375 0.4171875 0.4981755203125 0.41643749999999996 0.49124711249999997 0.419640625 0.48187067031249997 0.42525 0.47847575000000003 0.44059375 0.4782678984375 0.45357812500000005 0.49415704375 0.478046875 0.49685912187500003 0.4868125 0.49196304843750005 0.512609375
9 0.4438106234375 0.914703125 0.43337182500000004 0.7960625 0.40431870625000005 0.7533593749999999 0.39769053125 0.72421875 0.431293303125 0.72365625 0.4507159359375 0.710765625 0.444087759375 0.72196875 0.45824480312500004 0.7466406250000001 0.49593533437500004 0.742703125 0.4904849890625 0.692828125 0.5070438796875 0.665921875 0.5269284062499999 0.6524687499999999 0.557782909375 0.600109375 0.516997690625 0.607625 0.487159353125 0.64125 0.52030023125 0.556046875 0.52030023125 0.52690625 0.5037413390625 0.502234375 0.49378752812500004 0.5156875000000001 0.49378752812500004 0.535875 0.46727482656249997 0.56053125 0.45734411093749994 0.63228125 0.430831409375 0.647984375 0.4242032328125 0.647984375 0.3479676671875 0.6860937500000001 0.321454965625 0.692828125 0.24854503437500003 0.7152499999999999 0.2684295609375 0.7309375 0.274387990625 0.7467343750000001 0.26284064687500003 0.78690625 0.2584988453125 0.8116562500000001 0.24854503437500003 0.836328125 0.244688221875 0.90134375 0.2286605078125 0.923765625 0.23861431875 0.9327343750000001 0.271755196875 0.9417031250000001 0.24854503437500003 0.9461875 0.45734411093749994 0.93946875 0.4438106234375 0.914703125
9 0.553764434375 0.711421875 0.5361431875 0.75315625 0.549307159375 0.7889999999999999 0.5407159359375 0.848171875 0.5794226328125001 0.850125 0.56937644375 0.83459375 0.5779907625 0.78996875 0.5765588921875 0.78415625 0.59138568125 0.7986718749999999 0.604688221875 0.84603125 0.6519861437500001 0.844109375 0.634018475 0.830671875 0.6169745953125 0.777546875 0.6292840640625 0.737234375 0.634018475 0.7071562499999999 0.6226558890625 0.702671875 0.6292840640625 0.6834687500000001 0.6132101609375 0.675796875 0.609145496875 0.6760937499999999 0.5946651265625 0.6790625 0.5877367203125 0.688 0.5908775984375 0.697375 0.553764434375 0.711421875
9 0.849607390625 0.71184375 0.8501847578125 0.7105 0.8518937640625 0.704890625 0.8541801390625 0.704890625 0.8510392609374999 0.689828125 0.8493071593750001 0.679015625 0.839907621875 0.674765625 0.8401847578125 0.6720625 0.8441801390625001 0.6674218749999999 0.8478983828125 0.6571875 0.8470438796875 0.651015625 0.8390300234374999 0.64753125 0.830762125 0.64521875 0.821916859375 0.64503125 0.81448036875 0.6529375 0.81448036875 0.65796875 0.8184988453125 0.6666562500000001 0.8156351046875001 0.670515625 0.8062124718750001 0.6780468749999999 0.7976443421875 0.68596875 0.7905080828125 0.702 0.793371825 0.7097187500000001 0.8027944578125 0.7272968750000001 0.802217090625 0.730390625 0.7976443421875 0.732703125 0.793371825 0.73521875 0.792217090625 0.737921875 0.79736720625 0.74275 0.802217090625 0.74390625 0.807921478125 0.745265625 0.8059353343750001 0.7663125 0.8002078515625 0.78428125 0.7979445734375 0.8026249999999999 0.797066975 0.806875 0.797066975 0.8130468750000001 0.792217090625 0.8202031249999999 0.8102078515625 0.824453125 0.833625865625 0.824453125 0.8350346421875001 0.822125 0.8253348734375001 0.8176875000000001 0.8150577374999999 0.8147968750000001 0.813926096875 0.811890625 0.813926096875 0.80784375 0.81448036875 0.7809999999999999 0.8164896078125 0.77578125 0.8204849890625001 0.7736562499999999 0.8239030015625 0.7945156250000001 0.82448036875 0.8064843749999999 0.8233487296875 0.8157500000000001 0.84046189375 0.8176875000000001 0.8515935328124999 0.8209687499999999 0.8610161656249999 0.822515625 0.8647344109375 0.822125 0.86644341875 0.82 0.8630254046875001 0.813828125 0.8527482671875 0.812859375 0.8444572750000001 0.80996875 0.8441801390625001 0.8049375 0.841316396875 0.8001093750000001 0.839907621875 0.767671875 0.8547344109375 0.76496875 0.859307159375 0.760328125 0.85046189375 0.7282656249999999 0.8558891453124999 0.7209218749999999 0.8524480375 0.71803125 0.849607390625 0.71184375
9 0.6341801390625 0.609078125 0.6328868359375 0.61009375 0.63247113125 0.611828125 0.63568129375 0.612265625 0.635450346875 0.613421875 0.6335334875 0.6135625 0.631616628125 0.614578125 0.630323325 0.61559375 0.6288221703125 0.6163125 0.6279676671875001 0.6170312499999999 0.6260508078125 0.617765625 0.626697459375 0.620375 0.629676675 0.620515625 0.63247113125 0.618625 0.6348267890625 0.616171875 0.6371824484374999 0.6163125 0.6397459578125 0.6170312499999999 0.641016165625 0.620375 0.6446651265625001 0.6190625 0.64937644375 0.618203125 0.6551501156249999 0.61790625 0.6581293296874999 0.614875 0.6639030015625 0.61240625 0.6639030015625 0.609375 0.656628175 0.61009375 0.6577136265625 0.60734375 0.656859121875 0.6034375 0.6525635109375 0.59953125 0.64937644375 0.59821875 0.6395150109375 0.59821875 0.633325634375 0.6032968750000001 0.632678984375 0.60271875 0.633325634375 0.60646875 0.6341801390625 0.609078125
9 0.958383371875 0.6154843750000001 0.958383371875 0.611828125 0.958383371875 0.6096874999999999 0.958383371875 0.6069375 0.9615473437500001 0.60265625 0.9624480375 0.596859375 0.9601847578125 0.594734375 0.9574826796875 0.594109375 0.952078521875 0.594109375 0.94845265625 0.594421875 0.9471131640625 0.59503125 0.945750578125 0.5959531250000001 0.9434872984375 0.59746875 0.9416859125 0.6008281249999999 0.9425866046875001 0.602359375 0.9434872984375 0.6054062499999999 0.94214780625 0.606328125 0.9362817546875 0.609984375 0.9349191687499999 0.6127343749999999 0.9331177828125 0.616703125 0.9371824484375001 0.615796875 0.9574826796875 0.615796875 0.958383371875 0.6154843750000001
9 0.8635796765625001 0.5970625 0.853625865625 0.5970625 0.8436489609375 0.6015625 0.8403464203125001 0.608296875 0.8370207859375001 0.610546875 0.8735565812500001 0.612796875 0.8735565812500001 0.5993125 0.8635796765625001 0.5970625
9 0.18953810625 0.60309375 0.18762124687499998 0.59921875 0.177297921875 0.596375 0.1696535796875 0.5984375 0.164688221875 0.60309375 0.16355658125 0.608515625 0.167759815625 0.612140625 0.16928406406250002 0.6134375000000001 0.1608775984375 0.619890625 0.20214780625 0.619375 0.1971824484375 0.616015625 0.18877598125 0.6136874999999999 0.18953810625 0.60309375
9 0.7635334874999999 0.617578125 0.7635334874999999 0.6116406249999999 0.7570438796875 0.609046875 0.7501616624999999 0.61240625 0.7493995375 0.6193906250000001 0.7623787531249999 0.61965625 0.7585681296875 0.620171875 0.7623787531249999 0.620171875 0.7635334874999999 0.617578125
8 0.79247113125 0.740625 0.7960508078124999 0.7407812500000001 0.7985681296875 0.7400625 0.7998845265625001 0.738359375 0.8007390296875 0.7367343749999999 0.7998845265625001 0.735765625 0.7964203234375 0.7347187500000001 0.7936720546875 0.7356874999999999 0.7921016171875 0.738109375 0.79247113125 0.740625
9 0.92154734375 0.6171562500000001 0.9284757499999999 0.614171875 0.9259584296875 0.6111875 0.9259584296875 0.6090625000000001 0.9228175515625001 0.606515625 0.9152655890625001 0.60353125 0.9152655890625001 0.59928125 0.9077136265625001 0.598421875 0.89953810625 0.599703125 0.8976443421875 0.603953125 0.89953810625 0.60778125 0.9020554265625 0.610765625 0.8982678984374999 0.6145937499999999 0.9020554265625 0.6184375 0.9020554265625 0.616296875 0.9102309468750001 0.6158750000000001 0.92154734375 0.6171562500000001
9 0.69524249375 0.60403125 0.6756581984375 0.59078125 0.6597459578125 0.599890625 0.66709006875 0.608171875 0.658521940625 0.61728125 0.7099538109375 0.62225 0.70138568125 0.61065625 0.69524249375 0.60403125
9 0.987621246875 0.616953125 0.9904157046875 0.616953125 0.99369515 0.61575 0.994457275 0.6148906249999999 0.994457275 0.6136874999999999 0.9929561203124999 0.598609375 0.99369515 0.593984375 0.9932101609374999 0.591078125 0.9904157046875 0.5878125 0.9866050812499999 0.58490625 0.9843418015625 0.5821562499999999 0.979006928125 0.5806250000000001 0.9701616625 0.5845625 0.9701616625 0.58884375 0.972678984375 0.59090625 0.9716628171874999 0.593125 0.969145496875 0.5965625 0.9664665125 0.6045 0.9630946874999999 0.6093124999999999 0.9621247109375 0.61225 0.9615242500000001 0.6154531249999999 0.9607852187500001 0.615921875 0.9818013859375 0.61609375 0.987621246875 0.616953125
9 0.609006928125 0.6185625 0.6112009234375 0.6148281250000001 0.6101154734375 0.6133437500000001 0.609006928125 0.606625 0.599630484375 0.60625 0.5875057734375 0.61109375 0.5875057734375 0.614078125 0.5792147812499999 0.6200625 0.5814318703125 0.6200625 0.6101154734375 0.620796875 0.609006928125 0.6185625
9 0.4425173203125 0.601265625 0.43080831406250003 0.5933437500000001 0.42464203281249996 0.59584375 0.41540415781249995 0.5979375 0.4141801390625 0.6041875 0.41849884531250003 0.6091875 0.4221939953125 0.6150156250000001 0.4289607390625 0.619609375 0.44311778281249997 0.620015625 0.4443648953125 0.609609375 0.4425173203125 0.601265625
9 0.681293303125 0.071875 0.6907877859375 0.0795138890625 0.6882217093749999 0.08125 0.692006671875 0.0872829859375 0.693225559375 0.09505208281250001 0.690531178125 0.0953125 0.7322299218749999 0.34366319375 0.7736720546875 0.6078125 0.7690531171874999 0.6109375 0.7690531171874999 0.6171875 0.7736720546875 0.6203125 0.80369515 0.6203125 0.80600461875 0.6109375 0.800230946875 0.60703125 0.8135103921875 0.606640625 0.8221709 0.609375 0.8221709 0.61875 0.8267898390624999 0.621875 0.8406466515625001 0.621875 0.8452655890624999 0.6171875 0.8568129328125 0.61875 0.8614318703125001 0.615625 0.8614318703125001 0.6125 0.8406466515625001 0.6109375 0.8406466515625001 0.60625 0.8267898390624999 0.60625 0.731011034375 0.335894096875 0.6944444437499999 0.10282118124999999 0.695150115625 0.0984375 0.709006928125 0.0984375 0.713625865625 0.09375 0.713625865625 0.0765625 0.709006928125 0.0625 0.6895688984375 0.07174479218749999 0.6883500140625001 0.06397569374999999 0.699769053125 0.0484375 0.685912240625 0.0484375 0.681293303125 0.0515625 0.6871311265625 0.056206596875 0.681293303125 0.06171875 0.681293303125 0.071875