8 0.5046875 0.9505882359375001 0.7875 0.9435294125 0.85 0.9294117640625 0.728125 0.6847058828125 0.65625 0.49176470625 0.6375 0.43294117656250003 0.59375 0.43058823593750006 0.44375 0.43058823593750006 0.3984375 0.6588235296875 0.35625 0.8352941171875001 0.334375 0.9458823531249999 0.5046875 0.9505882359375001
8 0.625171875 0.6695058828125 0.6305468750000001 0.63616470625 0.62815625 0.624447059375 0.620984375 0.6109411765625 0.606609375 0.6091294125 0.585671875 0.61183529375 0.583875 0.6325647062499999 0.583875 0.6776235296875 0.593453125 0.7010352937500001 0.597046875 0.7190588234375 0.597046875 0.733482353125 0.583875 0.7443058828125 0.589265625 0.7506117640625 0.601828125 0.7551058828125 0.61259375 0.756 0.625171875 0.7452 0.6167812500000001 0.7352941171875 0.613796875 0.7307764703124999 0.609015625 0.71456470625 0.61259375 0.705552940625 0.6197812500000001 0.6911294125 0.625171875 0.6695058828125
8 0.5173593750000001 0.49209411718749996 0.515953125 0.45903529374999996 0.50215625 0.45564705937500005 0.49400000000000005 0.459882353125 0.49484374999999997 0.49336470625000006 0.503 0.5145647062500001 0.5046875 0.5149882359375 0.5137031249999999 0.5128705874999999 0.5173593750000001 0.49209411718749996
8 0.527703125 0.6549411765625 0.52446875 0.6388705875 0.5156562499999999 0.6339764703124999 0.502671875 0.6304941171875 0.49246875 0.6325882359375 0.48459375 0.637482353125 0.48042187500000005 0.6521411765625 0.48089062499999996 0.68216470625 0.48181250000000003 0.7044941171875 0.49710937499999996 0.7366117640625001 0.49989062500000003 0.7484941171874999 0.49989062500000003 0.760352940625 0.489234375 0.7680235296875 0.486453125 0.7736235296875 0.49201562499999996 0.7833882359375 0.5022031250000001 0.7861882359375 0.5156562499999999 0.7861882359375 0.52446875 0.7771058828124999 0.52353125 0.770117646875 0.5175156249999999 0.765247059375 0.511484375 0.763152940625 0.511015625 0.757552940625 0.509625 0.7491764703125 0.51334375 0.737317646875 0.523078125 0.7163764703125 0.5295625 0.6786588234375001 0.527703125 0.6549411765625
8 0.49610937499999996 0.6287294125 0.501765625 0.6275999999999999 0.5100781249999999 0.62816470625 0.511953125 0.6230588234375001 0.514609375 0.6094117640625 0.515734375 0.597482353125 0.515734375 0.5713411765624999 0.5149843749999999 0.5684941171875 0.506296875 0.5622352937499999 0.49573437499999995 0.5616705875 0.485546875 0.56336470625 0.479875 0.5690588234375 0.477984375 0.586117646875 0.477984375 0.60543529375 0.48101562500000006 0.6207764703125 0.485921875 0.6344235296875 0.486296875 0.6321411765625 0.48968749999999994 0.6315764703125 0.49610937499999996 0.6287294125
8 0.5421875 0.5348941171875 0.553765625 0.5341882359375 0.558734375 0.5284941171875001 0.550703125 0.5203058828125 0.551640625 0.5071294125 0.560625 0.492517646875 0.565125 0.45903529374999996 0.5374531250000001 0.4565411765625 0.5365 0.48503529375000004 0.54478125 0.50783529375 0.545734375 0.518517646875 0.545484375 0.521717646875 0.538390625 0.5270588234375 0.5421875 0.5348941171875
8 0.5190625 0.43185882343750004 0.524796875 0.43145882343749997 0.526875 0.42872941249999996 0.5284375 0.41736470625 0.5286875 0.4052235296875 0.527140625 0.404047059375 0.520625 0.40247058750000003 0.5156875000000001 0.40442352968749995 0.514640625 0.40442352968749995 0.514390625 0.42089411718749997 0.51671875 0.42637647031250003 0.51803125 0.42872941249999996 0.5190625 0.43185882343750004
9 0.8655156249999999 0.5842588234375 0.829703125 0.48764705937499997 0.787921875 0.440447059375 0.799859375 0.3955058828125 0.793890625 0.34607058749999997 0.7521093750000001 0.3213411765625 0.722265625 0.3325882359375 0.6939062500000001 0.359552940625 0.6879375 0.44720000000000004 0.7073437499999999 0.5213411765625 0.701375 0.5393176468750001 0.655109375 0.586517646875 0.655109375 0.5775294125 0.623765625 0.5707764703125 0.6163125 0.611247059375 0.625265625 0.62023529375 0.650625 0.6651764703125 0.75509375 0.7236 0.8416406249999999 0.8943764703125 0.8520937500000001 0.8943764703125 0.883421875 0.7146117640625 0.8655156249999999 0.5842588234375
9 0.092375 0.37767058750000004 0.098234375 0.38256470625 0.08978125 0.3972705875 0.0964357640625 0.405003921875 0.087828125 0.41491764687500005 0.082609375 0.433552940625 0.0455 0.446282353125 0.033140625 0.4355058828125 0.0266302078125 0.44301960781250005 0.023375 0.45414117656249997 0.0201197921875 0.45053333437500004 0.013609375000000002 0.458047059375 0.03053125 0.4619764703125 0.0376875 0.4698117640625 0.085875 0.4756941171875 0.090559375 0.5037458828125 0.06634375 0.5119764703125 0.06723828125 0.524352940625 0.059828124999999996 0.5217882359375 0.054625 0.5286352937500001 0.0606953125 0.5348588234375 0.0608454859375 0.5366980406249999 0.0552734375 0.542852940625 0.0615625 0.5479294125 0.055921874999999996 0.5570705874999999 0.0624296875 0.561 0.0565703125 0.5712882359375 0.063296875 0.5740705875 0.05721875 0.5855058828125 0.0641640625 0.5871411765625 0.0717109375 0.5862352937499999 0.06503125 0.6002117640625 0.07260546875 0.5986117640625 0.0735 0.6109882359375 0.0803359375 0.61736470625 0.08641145781250001 0.61132156875 0.087171875 0.6237411765624999 0.0979140625 0.6149176468750001 0.098890625 0.6296235296875 0.11712499999999999 0.64823529375 0.130140625 0.626682353125 0.11060937500000001 0.6012 0.10604687500000001 0.6002117640625 0.10438888906249999 0.5931372546875 0.09194791718749999 0.5770117640625 0.0841302078125 0.5740627453125 0.08572743125 0.5689490187499999 0.0833697921875 0.5616431359375 0.07950694375 0.560886275 0.07081640624999999 0.5738588234375 0.06902734375 0.5491058828125001 0.07328645781250001 0.5528235296874999 0.082609375 0.5492235296875 0.1438125 0.5404 0.1438125 0.5280235296875 0.145765625 0.5267656125 0.157484375 0.5364941171875001 0.15421875000000002 0.5306117640625 0.152921875 0.518847059375 0.16007812500000002 0.5217882359375 0.161390625 0.5276705875000001 0.164640625 0.5306117640625 0.17179687500000002 0.5247294124999999 0.17179687500000002 0.5139294125 0.16593750000000002 0.51296470625 0.17179687500000002 0.5041411765625 0.1592239578125 0.4982431359375 0.1661666671875 0.48843921718749994 0.17440625 0.488447059375 0.172453125 0.4737411765625 0.16984375000000002 0.4668705875 0.16789062500000002 0.43061176406249996 0.149671875 0.37767058750000004 0.126234375 0.3551294125 0.130140625 0.33256470625 0.12103124999999999 0.3110117640625 0.10409375000000001 0.3060941171875 0.085875 0.3227764703125 0.0845625 0.34630588281249997 0.082609375 0.35315294062499997 0.085875 0.3580705875 0.092375 0.37767058750000004
9 0.6634179687499999 0.4479941171875 0.6548125 0.46183529375 0.647234375 0.5361882359375 0.6495625 0.5476 0.661625 0.5599058828125 0.67853125 0.5511294125 0.67834375 0.542047059375 0.6699843750000001 0.5317882359375 0.676390625 0.481152940625 0.67206640625 0.47009999999999996 0.6680312500000001 0.4726588234375 0.6677421875 0.459047059375 0.66434375 0.44456470625 0.6793125 0.4387058828125 0.68903125 0.4512941171875 0.690390625 0.44983529375 0.69778125 0.4202588234375 0.7003125 0.3824941171875 0.69778125 0.35936470625 0.67853125 0.33595294062500003 0.6730937499999999 0.335082353125 0.662203125 0.340047059375 0.65559375 0.3567294125 0.6530625 0.371952940625 0.65753125 0.41879999999999995 0.660453125 0.4302117640625 0.6585156249999999 0.445152940625 0.6634179687499999 0.4479941171875
9 0.49220312499999996 0.40599999999999997 0.5117812500000001 0.40472941249999994 0.516046875 0.40919999999999995 0.5173125 0.40599999999999997 0.52540625 0.40472941249999994 0.5249843750000001 0.40985882343749996 0.542859375 0.40985882343749996 0.5432812499999999 0.40472941249999994 0.549671875 0.40536470625 0.55690625 0.40985882343749996 0.55775 0.43934117656250005 0.559453125 0.429717646875 0.5641406250000001 0.42931764687499996 0.565421875 0.44021176406249996 0.6053763015625 0.43343725468749994 0.567125 0.41007058750000003 0.568828125 0.3985411765625 0.56796875 0.379952940625 0.562859375 0.347247059375 0.558609375 0.34277647031249997 0.53434375 0.3260941171875 0.536046875 0.3100705875 0.533921875 0.29404705937500003 0.52965625 0.283152940625 0.52115625 0.2786588234375 0.511359375 0.28251764687500003 0.50625 0.29341176406249997 0.50540625 0.30943529375 0.50625 0.3312235296875 0.490078125 0.338282353125 0.48326562500000003 0.3536705875 0.47985937500000003 0.36583529375 0.47815624999999995 0.3786588234375 0.47729687500000006 0.3991764703125 0.47985937500000003 0.4184 0.48795312500000004 0.41689411718749997 0.49050000000000005 0.41242352968749996 0.49178125 0.41242352968749996 0.49220312499999996 0.40599999999999997
9 0.6234375 0.5092 0.629390625 0.49574117656250005 0.63365625 0.5130588234375 0.631515625 0.5220235296875 0.6464218749999999 0.5451058828125 0.64940625 0.5431764703125 0.6613125 0.423952940625 0.6545 0.3867764703125 0.644296875 0.367552940625 0.63875 0.35985882343750003 0.6349218750000001 0.35729411718750004 0.628109375 0.35663529375 0.61746875 0.35856470625000003 0.612796875 0.36305882343749996 0.6098125 0.36176470625 0.606828125 0.3662588234375 0.604703125 0.373952940625 0.60428125 0.3925411765625 0.60725 0.3996 0.60853125 0.420752940625 0.6053763015625 0.43343725468749994 0.6133671875 0.43208235312500004 0.6144999999999999 0.4361411765625 0.612359375 0.45729411718749996 0.6140625 0.46689411718749996 0.6132187499999999 0.491247059375 0.6234375 0.5092
8 0.5295 0.5147058828125 0.530734375 0.5212235296875 0.531359375 0.5300705875 0.5298125 0.5431294125 0.527953125 0.5556941171875 0.52053125 0.560352940625 0.52053125 0.5673411765624999 0.52053125 0.5682823531250001 0.5195937500000001 0.578517646875 0.518046875 0.581317646875 0.515890625 0.586447059375 0.5195937500000001 0.5883058828125 0.521765625 0.5887764703125 0.528875 0.5887764703125 0.53196875 0.58736470625 0.5353749999999999 0.5776 0.5298125 0.5766588234375 0.52671875 0.5733882359375 0.52671875 0.572 0.52671875 0.5715294125 0.52671875 0.5687294125 0.52671875 0.5678117640625 0.527640625 0.5608235296874999 0.534140625 0.5408000000000001 0.5347500000000001 0.5384705875 0.5356875 0.5352 0.5378437500000001 0.5282117640624999 0.5378437500000001 0.5147058828125 0.5378437500000001 0.4988705875 0.5347500000000001 0.49607058750000005 0.533828125 0.494682353125 0.5298125 0.49327058749999997 0.5251718750000001 0.4928 0.523 0.4928 0.522078125 0.4928 0.517125 0.49512941250000003 0.51340625 0.4997882359375 0.511859375 0.5119058828124999 0.515265625 0.51423529375 0.52578125 0.5123764703125 0.5295 0.5147058828125
8 0.5144062500000001 0.46428235312500005 0.517203125 0.4698588234375 0.51815625 0.46040000000000003 0.516078125 0.453552940625 0.49643750000000003 0.45312941249999994 0.49678125 0.4580941171875 0.49678125 0.461952940625 0.505140625 0.4610117640625 0.5144062500000001 0.46428235312500005
8 0.5680156249999999 0.5108235296875 0.5749531250000001 0.5264705875 0.5749531250000001 0.5436705875000001 0.5794374999999999 0.5498117640625 0.585765625 0.5461411765624999 0.585765625 0.54336470625 0.580875 0.5307764703125 0.5833125 0.52616470625 0.5916875 0.5095764703125 0.593515625 0.49023529374999997 0.59290625 0.4693411765625 0.571890625 0.4684235296875 0.570671875 0.4687294125 0.569453125 0.470282353125 0.5680156249999999 0.5108235296875
8 0.026546874999999998 0.6502117640625 0.077296875 0.62776470625 0.08475 0.6866823531249999 0.096390625 0.680352940625 0.0754375 0.51696470625 0.064265625 0.46364705937500006 0.055406250000000004 0.467152940625 0.048421874999999996 0.48889411718750003 0.03259375 0.49101176406249997 0.017687500000000002 0.49101176406249997 0.012562499999999999 0.484 0.006046875 0.484682353125 0.0032500000000000003 0.49240000000000006 0.00790625 0.6530117640624999 0.015359375 0.731552940625 0.029796875 0.72663529375 0.026546874999999998 0.6502117640625
8 0.09925 0.6632941171875 0.098703125 0.6500470593750001 0.093203125 0.6235294125 0.093203125 0.6111058828125 0.10034375 0.5978588234375 0.10859375 0.5978588234375 0.119046875 0.6011764703125 0.13279687499999998 0.602 0.141046875 0.6011764703125 0.14984375 0.6028235296875 0.15809375 0.6011764703125 0.168546875 0.5978588234375 0.18175 0.5895764703124999 0.181203125 0.58543529375 0.18065625000000002 0.5664 0.17734375 0.5026117640625001 0.179546875 0.46616470625 0.18284375 0.44298823593750003 0.18340625 0.43056470625000004 0.18175 0.42724705937499996 0.17570312500000002 0.4297411765625 0.17515624999999999 0.44463529375000005 0.16304687499999998 0.44463529375000005 0.153703125 0.4438117640625 0.1515 0.4380235296875 0.14545312500000002 0.44131764687499997 0.14325000000000002 0.44298823593750003 0.14325000000000002 0.4554117640625 0.142703125 0.5432 0.13279687499999998 0.541552940625 0.112453125 0.541552940625 0.088796875 0.5473411765625 0.0780625 0.552047059375 0.090703125 0.6679999999999999 0.09925 0.6632941171875
9 0.4030625 0.3707294125 0.39871875 0.38731764687500003 0.393671875 0.3989882359375 0.396171875 0.40931764687500005 0.413 0.4243294125 0.44476562499999994 0.5172235296875 0.449125 0.5247294124999999 0.449125 0.5275294125000001 0.455359375 0.5144 0.47717187499999997 0.4580941171875 0.475296875 0.443082353125 0.493375 0.443082353125 0.50146875 0.43934117656250005 0.508328125 0.43089411718750004 0.49585937500000005 0.42056470625 0.485265625 0.418682353125 0.479046875 0.418682353125 0.46968750000000004 0.42150588281249995 0.4535 0.4487058828125 0.43729687500000003 0.4036705875 0.444140625 0.3971058828125 0.44851562500000003 0.391482353125 0.45287499999999997 0.3868 0.45225 0.3633411765625 0.44601562499999997 0.3455058828125 0.44040625 0.32487058750000003 0.424203125 0.3060941171875 0.39865625 0.31736470625 0.39703125 0.3206117640625 0.399 0.3464705875 0.39775 0.3569882359375 0.4020625 0.36016470625 0.4030625 0.3707294125
9 0.612625 0.4584705875 0.610296875 0.44023529375 0.606578125 0.3988705875 0.605171875 0.3687058828125 0.609828125 0.35468235312499996 0.6363749999999999 0.35468235312499996 0.648484375 0.3708 0.64709375 0.3595764703125 0.645703125 0.34696470625 0.640578125 0.3287294125 0.62753125 0.3020705875 0.6042500000000001 0.3132941171875 0.597734375 0.32663529375 0.5953906250000001 0.3476705875 0.601453125 0.368 0.600984375 0.41849411718749996 0.600515625 0.45567058749999995 0.599125 0.450752940625 0.60284375 0.46409411718750004 0.612625 0.4584705875
9 0.204671875 0.3375058828125 0.20579687500000002 0.35068235312499996 0.201859375 0.35960000000000003 0.20637500000000003 0.364282353125 0.20890625 0.3693882359375 0.212578125 0.37701176406250003 0.215109375 0.368517646875 0.23034374999999999 0.35237647031249997 0.24304687500000002 0.34856470625 0.24162499999999998 0.34091764687500004 0.23853125 0.331152940625 0.23514062500000002 0.324352940625 0.22978125 0.3196705875 0.21934375 0.3188235296875 0.2185 0.3184 0.20579687500000002 0.3298588234375 0.204671875 0.3375058828125
9 0.169875 0.4156705875 0.17403125 0.4168235296875 0.183109375 0.4162588234375 0.1918125 0.41795294062500005 0.19521875 0.42421176406249994 0.20051562500000003 0.4333411765625 0.204296875 0.4327764703125 0.2058125 0.4248 0.20656249999999998 0.4208 0.208828125 0.408282353125 0.208828125 0.40143529375 0.208828125 0.3923294125 0.20959374999999997 0.3872 0.21071875 0.3792235296875 0.20807812499999997 0.3746588234375 0.2054375 0.370117646875 0.20278125 0.36498823593749996 0.20051562500000003 0.3621411765625 0.197109375 0.3558588234375 0.19596875 0.3484705875 0.19484375 0.33934117656249996 0.194078125 0.333082353125 0.193703125 0.3296705875 0.1910625 0.3251058828125 0.186890625 0.3239764703125 0.18084375 0.3239764703125 0.171390625 0.3251058828125 0.16721875 0.328517646875 0.164578125 0.3342117640625 0.1638125 0.3444705875 0.1638125 0.346752940625 0.164578125 0.36098823593749996 0.171390625 0.366117646875 0.172140625 0.3684 0.171765625 0.3786588234375 0.17024999999999998 0.380352940625 0.16343749999999999 0.390047059375 0.16117187500000002 0.40087058750000004 0.160796875 0.40712941249999995 0.1638125 0.41397647031249996 0.169875 0.4156705875
9 0.65515625 0.45599999999999996 0.66715625 0.47343529375 0.6804375 0.4831058828125 0.6864375 0.5050588234375 0.6799999999999999 0.5502117640625 0.65815625 0.56183529375 0.665015625 0.5715294125 0.6769999999999999 0.5670117640625 0.6980000000000001 0.5411764703124999 0.7057187500000001 0.5308705875 0.7070000000000001 0.5205411765625 0.6894375 0.4527764703125 0.680859375 0.44051764687499995 0.67871875 0.43985882343749994 0.655578125 0.4437411765625 0.65515625 0.45599999999999996
9 0.30670703125 0.5149235296875 0.3143177078125 0.5208470593750001 0.3085673828125 0.5270955875000001 0.31465624999999997 0.5357882359375 0.31042773437500004 0.5392676468750001 0.310140625 0.54815529375 0.3122880859375 0.5514397062499999 0.3141484375 0.5636117640625 0.305625 0.560522353125 0.292078125 0.5976235296875 0.30953125 0.6254352937500001 0.31637499999999996 0.6017411765625 0.3197294921875 0.600127940625 0.3271708984375 0.6488161765625 0.3314270828125 0.6481098046875 0.32903125 0.6609882359375 0.36906249999999996 0.6748941171875 0.38342187499999997 0.6826117640625 0.3865 0.7058117640625 0.41626562500000003 0.608447059375 0.392865625 0.6000894125 0.390409375 0.5905035296875 0.42242187500000006 0.5929882359375 0.46759375 0.58216470625 0.48401562499999995 0.5682588234375 0.52609375 0.555882353125 0.5312187500000001 0.5357882359375 0.528140625 0.5126117640625 0.5055625 0.5110588234375 0.494265625 0.5327058828125 0.4716875 0.5496941171875 0.44706250000000003 0.5589882359375 0.443984375 0.526517646875 0.431671875 0.4739764703125 0.423453125 0.45232941249999997 0.40909375 0.4276 0.3936875 0.42296470625 0.39471875 0.40442352968749995 0.40599999999999997 0.33795294062500003 0.392671875 0.31324705937499997 0.36290625 0.299317646875 0.3495625 0.31324705937499997 0.34340625 0.3426117640625 0.344421875 0.4013411765625 0.33415625000000004 0.4136941171875 0.318765625 0.4415058828125 0.30234375 0.46623529374999995 0.299265625 0.46623529374999995 0.3011259765625 0.478407353125 0.306453125 0.47859999999999997 0.302986328125 0.4905794125 0.30670703125 0.5149235296875
9 0.18803125 0.9277176468749999 0.201453125 0.831082353125 0.28054687500000003 0.8872705875 0.35665625 0.9052470593749999 0.3999375 0.9007529406250001 0.33128125 0.74343529375 0.288015625 0.651317646875 0.323828125 0.5479294125 0.317859375 0.4850117640625 0.27309375 0.4400705875 0.23428125 0.42435294062500006 0.20593750000000002 0.4423294125 0.170125 0.5164705875 0.1925 0.5861411765625 0.141765625 0.6131058828125 0.09103125 0.7389411765625 0.092515625 0.89176470625 0.099984375 0.9884000000000001 0.2044375 0.9884000000000001 0.2044375 0.9839058828124999 0.18803125 0.9277176468749999
8 0.47892708281249996 0.37705882343749997 0.568159375 0.368917646875 0.570921875 0.42294117656249997 0.579546875 0.454117646875 0.5933437500000001 0.454117646875 0.6019687499999999 0.44112941250000004 0.6061124999999999 0.4006117640625 0.791703125 0.448917646875 0.808953125 0.45931764687500004 0.827921875 0.487882353125 0.8451718749999999 0.5372235296875 0.8762187499999999 0.643717646875 0.8813906250000001 0.7658117640625 0.8693125 0.8515058828125 0.827921875 0.854117646875 0.8641406249999999 0.9450117640625001 0.8537968749999999 0.9865882359375 0.9952343750000001 0.9891764703125 1 0.5086588234375 0.79515625 0.40995294062500004 0.79515625 0.42294117656249997 0.615952046875 0.367330628125 0.608875 0.37360000000000004 0.6081605609375 0.364912778125 0.6003690734375 0.3624949296875 0.6002500000000001 0.358 0.5925775859375 0.3600770796875 0.5899010421875001 0.3562745109375 0.5847860984375 0.357659228125 0.5795520828125 0.35454901875 0.569203125 0.3528235296875 0.56746875 0.35541176406249997 0.48388701875000006 0.35740271562500003 0.47778124999999994 0.3528235296875 0.47552884687499997 0.357601809375 0.46829687499999995 0.35541176406249997 0.46224999999999994 0.3632 0.45881249999999996 0.358 0.46087187500000004 0.3756658828125 0.455359375 0.4255294125 0.4795 0.42294117656249997 0.47892708281249996 0.37705882343749997
8 0.57575 0.927152940625 0.608171875 0.920447059375 0.6158125 0.8945882359375 0.6164375 0.8572705875000001 0.62025 0.8515294125 0.62025 0.834282353125 0.61834375 0.784517646875 0.605640625 0.7825882359375 0.5935625 0.7883294125 0.578296875 0.7883294125 0.5617656249999999 0.7854588234375 0.54015625 0.7902588234375 0.522359375 0.7902588234375 0.509 0.7902588234375 0.5096406250000001 0.803647059375 0.5121875 0.8314117640625 0.5121875 0.8333176468750001 0.5134531250000001 0.8467294125 0.5134531250000001 0.8505647062499999 0.51471875 0.8620470593749999 0.533796875 0.8716235296875 0.538890625 0.8773647062500001 0.55478125 0.9175764703124999 0.57575 0.927152940625
8 0.55534375 0.4506117640625 0.55753125 0.4437411765625 0.558078125 0.438517646875 0.558078125 0.425882353125 0.55734375 0.42258823593750006 0.556078125 0.42176470625 0.5540625 0.42148235312500004 0.5493125 0.42148235312500004 0.546390625 0.42148235312500004 0.542015625 0.422847059375 0.540921875 0.42614117656249995 0.540921875 0.4294588234375 0.540921875 0.436047059375 0.54146875 0.4437411765625 0.544015625 0.454752940625 0.5540625 0.4555764703125 0.55425 0.45336470625 0.55534375 0.4506117640625
8 0.067734375 0.440047059375 0.0673125 0.43727058750000003 0.071578125 0.4254588234375 0.07271875 0.41750588281249995 0.07215625 0.4084705875 0.06687499999999999 0.4056941171875 0.063453125 0.4059058828125 0.059609375 0.4069882359375 0.05703125 0.40870588281250003 0.05689062499999999 0.41256470624999997 0.05746875 0.41729411718750004 0.05746875 0.42223529375 0.061750000000000006 0.43061176406249996 0.063875 0.43425882343750005 0.06403125 0.43682352968749993 0.063875 0.43983529375 0.063875 0.4413411765625 0.066734375 0.4421882359375 0.067734375 0.440047059375
8 0.526078125 0.6491058828125 0.5281875 0.6631764703125 0.52909375 0.6649882359375 0.5333125 0.6690823531250001 0.54084375 0.6727058828125 0.5523125 0.6736235296875 0.5601406250000001 0.6672705875 0.56496875 0.660917646875 0.566171875 0.6550117640625001 0.56828125 0.6436705875000001 0.565265625 0.6127764703125 0.5622499999999999 0.6046117640625 0.54959375 0.5996235296875 0.5336093749999999 0.6000705875000001 0.532109375 0.6059764703125 0.522765625 0.6318588234375 0.522765625 0.635952940625 0.5251718750000001 0.6409411765625 0.526078125 0.6491058828125
8 0.0017187500000000002 0.795882353125 0.0036875 0.8302117640625 0.04084375 0.917482353125 0.04778125 0.961482353125 0.05125 0.9943058828125 0.0705625 0.9920705875 0.07353125 0.9778823531249999 0.09879687499999999 0.9525411765625 0.095328125 0.89583529375 0.09334375 0.853317646875 0.090875 0.821247059375 0.08987500000000001 0.7914117640625 0.04778125 0.8451294125000001 0.04084375 0.8376705875000001 0.018062500000000002 0.8018588234375 0.0017187500000000002 0.795882353125
9 0.28675 0.37402352968749997 0.277765625 0.3531294125 0.25084375 0.34207058749999997 0.223109375 0.3531294125 0.210859375 0.37402352968749997 0.20189062500000002 0.4305411765625 0.23453125 0.42929411718750005 0.267984375 0.42192941250000005 0.2745 0.4329882359375 0.285921875 0.45265882343749997 0.299796875 0.43176470624999996 0.291640625 0.40228235312500005 0.28675 0.37402352968749997
8 0.001990625 0.48840000000000006 0.005 0.4924705875 0.00274375 0.5010588234375 0.004625 0.5094235296875 0.003496875 0.513717646875 0.00425 0.5263764703125 0.013005207812499999 0.4913411765625 0.0445364578125 0.4860705875 0.0445364578125 0.493231371875 0.0665625 0.5083058828125 0.10559375 0.4947294125 0.113109375 0.4868235296875 0.11085156249999999 0.47324705937499995 0.15440264374999998 0.4506389125 0.170921875 0.446117646875 0.175715625 0.45289882343750004 0.181421875 0.45628235312500004 0.18006875 0.46420235312499997 0.18067187499999998 0.47437647031249996 0.184421875 0.47550588281249995 0.19268749999999998 0.4642117640625 0.19343749999999998 0.45741176406250006 0.1986875 0.43934117656250005 0.1964375 0.42576470625 0.1919375 0.41785882343749997 0.18292187499999998 0.43028235312499996 0.1821770828125 0.41823529375 0.17241666718749998 0.41861176406249995 0.167009375 0.4302917640625 0.16265625 0.4189882359375 0.146143028125 0.45289954843749997 0.11310456718749999 0.46194208281250004 0.10859375 0.45967058749999995 0.10934375 0.4495058828125 0.09734374999999999 0.45854117656250004 0.0965853359375 0.4664633484375 0.092828125 0.4642117640625 0.080828125 0.47550588281249995 0.08006610625 0.4709846171875 0.0721875 0.47550588281249995 0.071806490625 0.47324525 0.063546875 0.47550588281249995 0.060546875 0.4653411765625 0.054546874999999995 0.472117646875 0.051164062499999996 0.46647058750000003 0.04178125 0.4676 0.0312734375 0.4653411765625 0.02985243125 0.48318169843750003 0.015168403124999999 0.47313202656250003 0.020765625 0.463082353125 0.0155 0.455152940625 0.007992187500000001 0.45911764687499995 0.0078263890625 0.46810719062499995 0.000484375 0.463082353125 0.001990625 0.48840000000000006
9 0.029640624999999997 0.3663058828125 0.029171875000000003 0.3613411765625 0.02728125 0.3549411765625 0.024453125 0.35068235312499996 0.019734375000000002 0.3492705875 0.018796874999999998 0.3485411765625 0.010296875 0.33861176406250004 0.004640625000000001 0.339317646875 0.0013281249999999999 0.3428705875 0.0018124999999999999 0.44303529375000006 0.014078125 0.445882353125 0.058890624999999995 0.4295294125 0.0268125 0.385482353125 0.028703125000000003 0.3847764703125 0.029640624999999997 0.374117646875 0.029640624999999997 0.3663058828125
8 0.6268281250000001 0.5123764703125 0.629296875 0.51823529375 0.62703125 0.43828235312499997 0.62703125 0.43489411718750004 0.624375 0.43272941249999997 0.6268281250000001 0.5123764703125