8 0.378046875 0.568984375 0.38625 0.5683281250000001 0.3952734375 0.565921875 0.40267578125 0.56153125 0.40568359374999996 0.55671875 0.40431640625 0.5495 0.40376953125000004 0.54359375 0.39994140625 0.538125 0.393359375 0.534625 0.38078124999999996 0.531765625 0.3701171875 0.533296875 0.364375 0.5348437500000001 0.36027343749999996 0.53790625 0.35615234375 0.54228125 0.35533203125 0.5466562500000001 0.35533203125 0.55365625 0.3621875 0.55934375 0.3621875 0.5595625 0.3646484375 0.56175 0.378046875 0.568984375
8 0.7873046875 0.412515625 0.793046875 0.411984375 0.79673828125 0.40551562499999994 0.7980859375 0.40012499999999995 0.79236328125 0.393125 0.7859570312499999 0.39123437499999997 0.7805859374999999 0.39365625 0.7741796875 0.40335937499999996 0.776875 0.4114375 0.78193359375 0.412796875 0.7873046875 0.412515625
9 0.6753125 0.6695156250000001 0.6425 0.5539531249999999 0.60310546875 0.450640625 0.5680859375 0.43314062499999995 0.5833984375 0.417375 0.5418164062499999 0.370109375 0.47396484375 0.35084375 0.44113281249999997 0.37710937499999997 0.42144531250000006 0.406875 0.40392578125 0.419125 0.42144531250000006 0.42614062500000005 0.4498828125 0.47690625000000003 0.45865234375 0.497921875 0.4236328125 0.504921875 0.41705078125000006 0.541703125 0.45207031249999996 0.638 0.47396484375 0.659015625 0.508984375 0.6485000000000001 0.48927734375 0.6695156250000001 0.3076171875 0.723796875 0.2748046875 0.7535624999999999 0.2835546875 0.779828125 0.36671875 0.81309375 0.35359375000000004 0.81484375 0.3076171875 0.8270937500000001 0.31419921875 0.856859375 0.44113281249999997 0.863859375 0.43238281250000005 0.8411093749999999 0.39517578124999997 0.781578125 0.4455078125 0.781578125 0.55275390625 0.82184375 0.6403125000000001 0.860359375 0.6008984374999999 0.905890625 0.6643749999999999 0.911140625 0.7344140625 0.881375 0.70158203125 0.855109375 0.6534375 0.8270937500000001 0.5768359375000001 0.7693125000000001 0.6578125 0.7535624999999999 0.6753125 0.6695156250000001
9 0.5320507812499999 0.352765625 0.54615234375 0.35935937500000004 0.54734375 0.3264375 0.53322265625 0.31609375 0.52853515625 0.3066875 0.5167773437500001 0.303875 0.51794921875 0.292578125 0.51794921875 0.271890625 0.5038476562499999 0.2634375 0.4850390625 0.2653125 0.46974609375 0.27753125 0.46974609375 0.291640625 0.47328125 0.301046875 0.4603515625 0.30857812500000004 0.44388671874999996 0.31703125 0.44037109374999994 0.329265625 0.49091796875 0.332078125 0.5038476562499999 0.33771874999999996 0.51912109375 0.342421875 0.5320507812499999 0.352765625
9 0.40513671875 0.24982812499999998 0.39654296875 0.24553124999999998 0.38580078125 0.244671875 0.37613281249999997 0.24553124999999998 0.36808593749999996 0.24896875000000002 0.36539062499999997 0.253265625 0.3632421875 0.25928125 0.36001953124999997 0.26615625 0.36001953124999997 0.272171875 0.36001953124999997 0.275609375 0.361640625 0.27775 0.3637890625 0.280765625 0.36431640625 0.284203125 0.3675390625 0.285921875 0.37291015625 0.285921875 0.37613281249999997 0.285921875 0.37828125 0.29279687499999996 0.37935546875 0.29493749999999996 0.40943359375000005 0.27732812500000004 0.408359375 0.2674375 0.408359375 0.25842187499999997 0.40513671875 0.24982812499999998
9 0.125859375 0.398578125 0.12666015625 0.392125 0.1323046875 0.383734375 0.14359375000000002 0.35146875 0.14681640625 0.34114062500000003 0.16214843750000002 0.317265625 0.16214843750000002 0.28693749999999996 0.16214843750000002 0.270796875 0.1597265625 0.26240625 0.14279296875 0.25659375 0.13392578125000001 0.25207812500000004 0.116171875 0.22884375 0.10810546875 0.211421875 0.1048828125 0.20626562499999998 0.08068359375 0.20303125 0.0677734375 0.209484375 0.0629296875 0.221109375 0.0580859375 0.23078125 0.05890625000000001 0.24304687500000002 0.08068359375 0.27015625 0.07744140625 0.280484375 0.0677734375 0.291453125 0.0532421875 0.291453125 0.039531250000000004 0.291453125 0.03630859375 0.301125 0.039531250000000004 0.305640625 0.044375 0.32242187499999997 0.041953125 0.37146875 0.04921875 0.38825 0.07421875 0.400515625 0.125859375 0.398578125
9 0.420390625 0.34696875 0.47767578125 0.34503125 0.48089843749999994 0.33084375 0.44216796875000003 0.327609375 0.44216796875000003 0.31728125 0.47525390625 0.30309375 0.47203125 0.28759375 0.46638671875000004 0.285015625 0.45185546875 0.279203125 0.44298828125 0.2708125 0.4510546875 0.26178124999999997 0.45185546875 0.248234375 0.44783203125000004 0.240484375 0.44541015625 0.23145312499999998 0.43087890624999997 0.22370312499999997 0.41314453125000006 0.22564062499999998 0.40345703125 0.23209375 0.40667968749999994 0.242421875 0.40748046875000005 0.26371875 0.41474609375 0.281796875 0.39054687499999996 0.28889062499999996 0.3695703125 0.3024375 0.35748046875 0.316640625 0.35505859375000004 0.33018749999999997 0.34457031250000003 0.34567187499999996 0.3397265625 0.356 0.35263671875 0.366328125 0.3671484375 0.37471875 0.37521484374999997 0.37859375 0.37763671875 0.387625 0.37845703125 0.385046875 0.42201171875 0.386328125 0.420390625 0.34696875
9 0.25113281249999997 0.276765625 0.25005859375 0.27932812500000004 0.2308984375 0.286140625 0.21173828125 0.309546875 0.21599609375 0.313390625 0.22025390625000002 0.32232812499999997 0.22238281249999997 0.33723437500000003 0.22025390625000002 0.341484375 0.226640625 0.353828125 0.22876953125 0.36320312499999996 0.22876953125 0.373421875 0.23888671874999998 0.383640625 0.24917534687499998 0.383734375 0.258655134375 0.3811897328125 0.25946397656250003 0.383828125 0.25591796875 0.38879687500000004 0.255390625 0.40326562499999996 0.33894531250000004 0.40412499999999996 0.33894531250000004 0.39815625 0.33255859375 0.38879687500000004 0.331484375 0.384484375 0.33255859375 0.378953125 0.3277734375 0.37512500000000004 0.33095703125 0.37128125 0.32669921875 0.36575 0.32669921875 0.35765625 0.33626953125000003 0.357234375 0.35330078125000003 0.33553125 0.34052734375 0.3253125 0.33468749999999997 0.316796875 0.331484375 0.2955 0.326171875 0.29081250000000003 0.3048828125 0.281875 0.29423828125 0.282296875 0.292109375 0.27975 0.2931640625 0.275921875 0.29689453125 0.27421875 0.2990234375 0.269953125 0.30115234375 0.249515625 0.29423828125 0.239734375 0.28572265625000004 0.23546874999999998 0.2761328125 0.234625 0.2591015625 0.238875 0.25326171875000003 0.2456875 0.25326171875000003 0.26059375 0.25751953125 0.26953125 0.2564453125 0.272515625 0.25113281249999997 0.276765625
8 0.51787109375 0.5845 0.528359375 0.5903125 0.5453125 0.60128125 0.56384765625 0.6038593750000001 0.5816015625000001 0.592890625 0.58482421875 0.5703125 0.5840234375 0.54384375 0.5743359375 0.5212656250000001 0.55982421875 0.489 0.542890625 0.47221875 0.52513671875 0.461890625 0.510625 0.46253124999999995 0.498515625 0.46898437499999995 0.49529296875 0.482546875 0.4944921875 0.509 0.50013671875 0.552234375 0.49287109375 0.57740625 0.48802734374999995 0.591609375 0.49689453125 0.589015625 0.50416015625 0.5903125 0.51787109375 0.5845
9 0.13501953125 0.38196875 0.1309765625 0.38456250000000003 0.1253125 0.401375 0.25306640625 0.40395312499999997 0.2562890625 0.401375 0.25427734375 0.39328124999999997 0.2562890625 0.389734375 0.25710937500000003 0.383265625 0.2469352203125 0.3831575515625 0.24982421875 0.37292187499999996 0.2328515625 0.3586875 0.22556640625000002 0.35675 0.2215234375 0.33992187500000004 0.22234375 0.3289375 0.21667968750000002 0.30953125 0.20617187499999998 0.304359375 0.19322265624999999 0.304359375 0.1770703125 0.310171875 0.1770703125 0.319875 0.173828125 0.33021875 0.17625 0.35285937500000003 0.15603515625 0.3515625 0.13582031249999998 0.36126562500000003 0.13541992187500002 0.3716171875 0.14519368593749998 0.3820768234375 0.141419271875 0.3849934890625 0.13501953125 0.38196875
9 0.24025390624999998 0.26496875000000003 0.2276953125 0.260953125 0.23585937499999998 0.245859375 0.23523437500000002 0.2363125 0.23146484374999998 0.21971875000000002 0.21261718749999997 0.21017187499999998 0.20128906249999998 0.20865625 0.18431640625 0.21871875 0.179921875 0.23479687500000002 0.17867187499999998 0.25390625 0.18998046875000002 0.267984375 0.15855468749999999 0.290109375 0.22265625 0.29665625 0.23208984375 0.28307812499999996 0.25408203125 0.27603125 0.2484375 0.269 0.24025390624999998 0.26496875000000003
9 1 0.351375 0.97767578125 0.33014062499999997 0.94890625 0.31065624999999997 0.9179296875 0.31243750000000003 0.90066796875 0.331553125 0.88916015625 0.344296875 0.90021484375 0.365546875 0.9422656249999999 0.39209375 0.9955588953125 0.4836081734375 0.98330078125 0.6363984375 0.9666015625 0.64525 0.9820898437500001 0.655875 1 0.655875 1 0.64171875 0.991650390625 0.63197265625 1 0.627546875 1 0.351375
9 0.5324023437500001 0.3096875 0.53734375 0.31821875 0.5463671875 0.324125 0.54390625 0.28145312499999997 0.5480078125000001 0.22890625 0.54390625 0.20592187499999998 0.5291210937499999 0.212484375 0.52009765625 0.22890625 0.52583984375 0.259125 0.53322265625 0.2788125 0.51681640625 0.293265625 0.5324023437500001 0.3096875
9 0.542265625 0.207625 0.54306640625 0.20568749999999997 0.5426562500000001 0.2008125 0.54103515625 0.19821875 0.53779296875 0.1975625 0.5349609375 0.19659374999999998 0.5329296875 0.19659374999999998 0.5288671875000001 0.19659374999999998 0.5264257812500001 0.19723437500000002 0.5235937500000001 0.19789062500000001 0.5203515624999999 0.198859375 0.51953125 0.19918750000000002 0.5187109375000001 0.203078125 0.5227734374999999 0.20665624999999999 0.5252148437499999 0.20795312500000002 0.51953125 0.207625 0.51505859375 0.20828125000000003 0.511015625 0.20990625000000002 0.50451171875 0.21184375000000003 0.506953125 0.21509375 0.506953125 0.218015625 0.5020703125 0.21834375 0.494765625 0.21964062499999998 0.49111328125 0.220609375 0.48218750000000005 0.22385937500000003 0.481796875 0.22840625 0.47408203125000004 0.23003125 0.467578125 0.231984375 0.46068359374999995 0.23523437500000002 0.45541015625 0.23815624999999999 0.446484375 0.242375 0.45013671874999994 0.24496875 0.450546875 0.24821875000000002 0.45093750000000005 0.2508125 0.45134765625 0.25210937499999997 0.45255859374999996 0.25503125 0.45255859374999996 0.256328125 0.45216796875 0.25990625 0.45255859374999996 0.262171875 0.45744140624999996 0.266078125 0.45906250000000004 0.266390625 0.46189453125 0.26737500000000003 0.46392578125000006 0.26834375 0.46515625 0.270296875 0.46595703125 0.27515625 0.46677734375 0.2774375 0.46798828124999997 0.278078125 0.47042968749999997 0.279390625 0.47164062500000004 0.2774375 0.47408203125000004 0.27678125 0.4769140625 0.27484375 0.48138671874999994 0.271921875 0.4850390625 0.26964062499999997 0.48707031250000005 0.26964062499999997 0.49234375 0.269 0.49841796875 0.26768749999999997 0.50126953125 0.26768749999999997 0.50654296875 0.26768749999999997 0.50939453125 0.268015625 0.5134375 0.271265625 0.5134375 0.2741875 0.51505859375 0.277765625 0.51669921875 0.281 0.51669921875 0.28490625 0.5162890625000001 0.285546875 0.51994140625 0.285546875 0.5203515624999999 0.28912499999999997 0.5215625 0.290421875 0.5211523437500001 0.294 0.52197265625 0.294640625 0.52724609375 0.29367187499999997 0.5276562499999999 0.28523437500000004 0.5308984375 0.28165625 0.53455078125 0.278734375 0.5369921875 0.27678125 0.536171875 0.27321875 0.53455078125 0.26964062499999997 0.53576171875 0.26671875 0.5333203125 0.26379687500000004 0.53455078125 0.260875 0.5313085937500001 0.258609375 0.528046875 0.25665625 0.5313085937500001 0.252765625 0.53251953125 0.250484375 0.52966796875 0.24821875000000002 0.5288671875000001 0.24496875 0.528046875 0.24139062500000003 0.52724609375 0.23815624999999999 0.5264257812500001 0.235875 0.525625 0.233921875 0.5248046875 0.23132812500000002 0.52400390625 0.23003125 0.51953125 0.23132812500000002 0.5175 0.2323125 0.51708984375 0.22939062500000001 0.51994140625 0.22548437500000001 0.51994140625 0.22321875000000002 0.5215625 0.2209375 0.5252148437499999 0.217375 0.5276562499999999 0.214453125 0.530078125 0.2125 0.5288671875000001 0.2125 0.53251953125 0.21023437500000003 0.5369921875 0.20828125000000003 0.540234375 0.207625 0.542265625 0.207625
9 0.682421875 0.372203125 0.6854882812499999 0.41643749999999996 0.682421875 0.45698437500000005 0.6977734375 0.46312499999999995 0.70853515625 0.508578125 0.7039257812499999 0.584765625 0.6778125 0.59090625 0.6532421875 0.605640625 0.6578515625 0.6179375 0.6977734375 0.624078125 0.7208203125 0.628984375 0.78685546875 0.624078125 0.7853320312500001 0.604421875 0.7745703125000001 0.59828125 0.7883984374999999 0.53315625 0.77611328125 0.461890625 0.773046875 0.438546875 0.7684375 0.41889062499999996 0.7976171875 0.40660937500000005 0.7883984374999999 0.386953125 0.7837890625 0.375890625 0.7837890625 0.33534375 0.77150390625 0.310765625 0.7699609374999999 0.2800625 0.7407812500000001 0.24196875 0.7392578125 0.22599999999999998 0.74845703125 0.20387499999999997 0.7361718749999999 0.185453125 0.70853515625 0.178078125 0.6931835937499999 0.1793125 0.68857421875 0.194046875 0.6670703125 0.197734375 0.6778125 0.208796875 0.68857421875 0.23337500000000003 0.69931640625 0.24196875 0.7008593750000001 0.25425 0.69625 0.2505625 0.6762890625 0.2800625 0.68396484375 0.30709375 0.6793554687500001 0.35009375 0.682421875 0.372203125
9 0 0.396875 0.00390625 0.409375 0.009765625 0.4140625 0.0625 0.409375 0.068359375 0.403125 0.068359375 0.3984375 0.048828125 0.3875 0.03515625 0.35 0.021484375 0.3359375 0.0335582375 0.3069602265625 0.04296875 0.2921875 0.068359375 0.2921875 0.078125 0.278125 0.080078125 0.2703125 0.0625 0.2484375 0.052734375 0.2484375 0.046875 0.253125 0.046875 0.2625 0.05078125 0.26875 0.04296875 0.26875 0.037109375 0.2734375 0.041015625 0.2921875 0.026041665624999998 0.3135416671875 0.0298295453125 0.314346590625 0.0261008515625 0.32173295468749996 0.0217013890625 0.32118055624999997 0.022372157812499998 0.32911931875 0.0173611109375 0.32881944375 0.017578125 0.334375 0.001953125 0.3359375 0.001953125 0.3515625 0.004340278125 0.3517361109375 0 0.359375 0.00372869375 0.3660511359375 0 0.3734375 0 0.396875