9 0.37984375 0.5839906109374999 0.355 0.578661971875 0.355 0.5493427234375 0.346125 0.52 0.33903125 0.5306572765625 0.342578125 0.6 0.355 0.63732394375 0.3195 0.6960093890625 0.26446875 0.781338028125 0.360328125 0.7360093890625 0.37453125 0.701338028125 0.378078125 0.7146713609375 0.386953125 0.72 0.42067187500000003 0.7280046953125 0.45084375000000004 0.7280046953125 0.47215625 0.7333333328125 0.482796875 0.75732394375 0.48634374999999996 0.76 0.49878125000000006 0.778661971875 0.5094218749999999 0.7893427234375 0.518296875 0.7760093890624999 0.493453125 0.6719953046875 0.48634374999999996 0.6506572765625 0.46859375 0.618661971875 0.46859375 0.6133333328125 0.47215625 0.6106572765625 0.48990625000000004 0.5573239437499999 0.5005468750000001 0.5626760562500001 0.51475 0.5519953046875 0.511203125 0.541338028125 0.502328125 0.5146713609375 0.493453125 0.49600938906250003 0.48634374999999996 0.4880046953125 0.46859375 0.5146713609375 0.466828125 0.52267605625 0.46328125 0.5333333328125 0.45795312499999996 0.5493427234375 0.452625 0.5573239437499999 0.447296875 0.538661971875 0.39582812500000003 0.5866666671874999 0.37984375 0.5839906109374999
9 0.840625 0.02697183125 0.837640625 0.0539436625 0.8211875 0.0539436625 0.80921875 0.07640845 0.824171875 0.09213615 0.8855000000000001 0.09213615 0.8869999999999999 0.02697183125 0.87653125 0.0089906109375 0.85409375 0.0089906109375 0.840625 0.02697183125
9 0.748546875 0.0789201875 0.769828125 0.066713615625 0.784859375 0.0723474171875 0.798625 0.077042253125 0.807390625 0.0704694828125 0.8199062500000001 0.05448356875 0.8192812500000001 0.045070421875 0.8130312500000001 0.0253286390625 0.808015625 0.016854459375 0.805515625 0.014037559375 0.7929999999999999 0.014037559375 0.791109375 0.006525821875 0.7873593750000001 0.0002112671875 0.7529375 0.0002112671875 0.7554375 0.01338028125 0.7591875 0.0227934265625 0.762328125 0.025610328124999998 0.77296875 0.019037559375 0.77546875 0.021854459375 0.77546875 0.02373239375 0.7673281249999999 0.029366196875 0.7610625 0.0350234734375 0.7579374999999999 0.038779342187499996 0.7579374999999999 0.043474178125 0.747296875 0.055704224999999996 0.73728125 0.055704224999999996 0.7341562500000001 0.05194835625000001 0.73228125 0.055422535937499996 0.73290625 0.0657511734375 0.729140625 0.07516431875 0.73728125 0.083638496875 0.748546875 0.0789201875
9 0.9661406250000001 0.11230046875 0.9676406249999999 0.0739201875 0.9676406249999999 0.0355633796875 0.958625 0.0061971828125 0.958625 0.0039436625 0.8883281249999999 0.00194835625 0.8865000000000001 0.0220187796875 0.8865000000000001 0.0468309859375 0.892515625 0.082957746875 0.963125 0.1303521125 0.9661406250000001 0.11230046875
8 0.43228125000000006 0.8494366203125001 0.490625 0.856173709375 0.505578125 0.81124413125 0.490625 0.7505633796875 0.471171875 0.7101173703125 0.41732812499999994 0.705610328125 0.36198437499999997 0.6898826296875 0.347015625 0.69661971875 0.315609375 0.759553990625 0.315609375 0.8067370890625 0.369453125 0.8269718312500001 0.43228125000000006 0.8494366203125001
9 0.419546875 0.216525821875 0.45496875000000003 0.1783333328125 0.47585937500000003 0.156502346875 0.48312499999999997 0.1251173703125 0.491296875 0.050093896875 0.48312499999999997 0.0009624406250000001 0.356890625 0 0.356890625 0.028262910937500003 0.358703125 0.0855633796875 0.36234375 0.11011737031249999 0.37687499999999996 0.1264788734375 0.3805 0.13603286406249998 0.383234375 0.1701408453125 0.383234375 0.22335680781249997 0.389578125 0.2765492953125 0.39321875 0.2806572765625 0.404109375 0.2642723 0.419546875 0.216525821875
9 0.543734375 0.06730046875 0.536453125 0.0235446015625 0.53190625 0.00302816875 0.5264375 0.0016666671875 0.524625 0.024906103125000002 0.5328125 0.0659389671875 0.527359375 0.0946478875 0.5218906249999999 0.09875586875 0.512796875 0.097394365625 0.5100625 0.0864553984375 0.5100625 0.05910798125 0.51096875 0.0358450703125 0.506421875 0.0098826296875 0.50278125 0.0057746484375 0.49459375000000005 0.020821596875 0.49185937500000004 0.029014084375 0.490046875 0.056361503125000004 0.490953125 0.0782394359375 0.490953125 0.093286384375 0.492765625 0.1138028171875 0.4955 0.1219953046875 0.508234375 0.1219953046875 0.507328125 0.1274647890625 0.5218906249999999 0.1261032859375 0.530078125 0.10422535156249998 0.53190625 0.0919248828125 0.543734375 0.06730046875
9 0.652140625 0.0376291078125 0.659046875 0.0483568078125 0.6622656250000001 0.0455868546875 0.6634218749999999 0.0511267609375 0.672625 0.057347417187500006 0.673546875 0.0673708921875 0.6712343749999999 0.096431925 0.672859375 0.0978169015625 0.691265625 0.0957277 0.7087656250000001 0.0971126765625 0.713359375 0.07809859218750001 0.710828125 0.066690140625 0.710828125 0.053192487499999996 0.7131406250000001 0.037300468749999996 0.71359375 0.0196478875 0.71175 0.006173709375 0.7073750000000001 0 0.672859375 0.000281690625 0.66271875 0.008943662500000001 0.645234375 0.018262910937499998 0.641546875 0.0217370890625 0.6422343749999999 0.0327934265625 0.644765625 0.0355633796875 0.652140625 0.0376291078125
9 0.734828125 0.0459389671875 0.734828125 0.0527934265625 0.72875 0.0741314546875 0.721140625 0.094718309375 0.738384375 0.094718309375 0.73940625 0.086338028125 0.74700625 0.094718309375 0.76425 0.094718309375 0.762234375 0.072605634375 0.758671875 0.06957746406250001 0.76030625 0.059042253125 0.758378125 0.0454788734375 0.7551249999999999 0.043661971875 0.75645 0.0319154921875 0.751578125 0.02232394375 0.754521875 0.0183521125 0.7525937500000001 0.0047887328125 0.74903125 0.000985915625 0.717078125 0.0002112671875 0.71403125 0.0047887328125 0.717078125 0.026877934375000002 0.723171875 0.0428873234375 0.734828125 0.0459389671875
9 0.5604322921875 0 0.56453125 0.014647887500000002 0.5570625 0.011361503125 0.553109375 0.0067370890625 0.5514973953125 0 0.546078125 0.0120187796875 0.5425625000000001 0 0.538171875 0.0001408453125 0.539921875 0.010704225000000001 0.5425625000000001 0.010704225000000001 0.570684375 0.0402723 0.571453125 0.04321009375 0.57024375 0.052680751562499996 0.5716171875 0.05616490625 0.569803125 0.0650892015625 0.57178125 0.06911971875 0.5693625 0.077497653125 0.5719453125 0.08207453125 0.568921875 0.089906103125 0.5721093749999999 0.0950293421875 0.5695859375000001 0.101795775 0.5722734375 0.1079841546875 0.5702499999999999 0.1136854453125 0.5724375 0.1209389671875 0.604953125 0.1044366203125 0.6032031250000001 0.05096244062500001 0.5979375 0.038427229687499995 0.5800625 0.0313849765625 0.5712890625 0.03025528125 0.567609375 0.015305164062500001 0.571125 0.01730046875 0.572890625 0.015305164062500001 0.590453125 0.015985915625 0.5979375 0.0034272296874999996 0.596609375 0 0.5604322921875 0
9 0.6526562499999999 0.014389671875000001 0.651875 0 0.609328125 0.00161971875 0.607 0.01730046875 0.598484375 0.0114788734375 0.59578125 0.007417840625 0.586890625 0.012652582812499999 0.59075 0.025446009375000002 0.593078125 0.033568075 0.597328125 0.023122065625 0.605453125 0.0242723 0.612796875 0.030680751562500004 0.6131875 0.036478873437499997 0.614734375 0.0388028171875 0.617453125 0.0283333328125 0.6309843749999999 0.030680751562500004 0.6418125 0.0318309859375 0.642203125 0.019037559375 0.6526562499999999 0.014389671875000001