0 0.96926 0.5758258265625 0.95638 0.586216215625 0.94946 0.595135134375 0.9316599999999999 0.615915915625 0.92276 0.6278078078125 0.9188000000000001 0.6337537531249999 0.9 0.6575375375 0.899 0.7050450453125 0.9178000000000001 0.7318018015625001 0.93858 0.70951951875 0.9613400000000001 0.6783183187499999 0.9761799999999999 0.650090090625 0.9870599999999999 0.6426726734375 0.9860599999999999 0.6530630625 0.98112 0.69168168125 0.9989399999999999 0.7318018015625001 0.99794 0.63078078125 0.992 0.6337537531249999 0.99102 0.6233633640625 0.9860599999999999 0.615915915625 0.95638 0.6129729734375 0.9583600000000001 0.60108108125 0.96926 0.5758258265625
2 0.38682 0.6429729734375 0.38682 0.6550450453125001 0.38798 0.6429729734375 0.39771999999999996 0.623153153125 0.38682 0.6076576578124999 0.38224 0.6119519515625 0.37936000000000003 0.6024924921875 0.37764000000000003 0.5594294296875 0.38395999999999997 0.5551051046875 0.3765 0.5473573578125001 0.35584 0.543933934375 0.32544 0.556846846875 0.31568 0.5852552546875 0.31052 0.5861261265625 0.30996 0.5921621625 0.31396 0.5947447453125 0.30938 0.60936936875 0.31052 0.657627628125 0.32716 0.6602102109375 0.32946 0.6455555562499999 0.38682 0.6429729734375
7 0.59224 0.7052852859375001 0.59099 0.7221321328125 0.58631 0.7216666671875 0.58974 0.7389789796875 0.60782 0.7315015015624999 0.6121800000000001 0.7530330328125 0.63276 0.7970270265625 0.64772 0.8035735734375 0.6514599999999999 0.8213813812499999 0.65832 0.8241741734374999 0.6708000000000001 0.8185585578125 0.67766 0.7923423421875 0.67766 0.771771771875 0.6932400000000001 0.7605105109375 0.70072 0.7249549546875 0.69386 0.6828228234375 0.68326 0.6593994000000001 0.639 0.6603603609375 0.6123160000000001 0.6034294296875 0.61344 0.5714114109375 0.5959800000000001 0.5554954953125 0.59348 0.5657957953125 0.60158 0.586396396875 0.60034 0.6219719734375 0.611754 0.6194384390625001 0.611192 0.635447446875 0.59972 0.639759759375 0.61063 0.65145645625 0.6100679999999999 0.6674654656250001 0.59255 0.6533333328125 0.58538 0.66690690625 0.5885 0.6828228234375 0.595773334375 0.690310309375 0.5828800000000001 0.7043543546875 0.59224 0.7052852859375001
7 0.41382 0.623903903125 0.41434 0.6391891890625 0.41434 0.643003003125 0.40772 0.6559759765625001 0.40212000000000003 0.67660660625 0.39855999999999997 0.6918918921875 0.3955 0.705615615625 0.38992 0.72015015 0.3894 0.7232132124999999 0.395 0.7392492500000001 0.395 0.7438138140625 0.395 0.7583483484375 0.40008 0.7705705703125 0.4006 0.774384384375 0.40822 0.774384384375 0.41332 0.7675075078125 0.41635999999999995 0.7598498499999999 0.41992 0.7575675671875 0.42146 0.76444444375 0.42604 0.785075075 0.43518 0.7888888890625 0.43926 0.7820120125 0.44028 0.774384384375 0.44028 0.7651951953125 0.44028 0.76063063125 0.4418 0.7545045046875 0.44688 0.753003003125 0.45045999999999997 0.752222221875 0.45045999999999997 0.7453453453125001 0.45045999999999997 0.732372371875 0.44943999999999995 0.7224324328125 0.44943999999999995 0.7163363359375 0.44943999999999995 0.7079279281249999 0.44993999999999995 0.69876876875 0.45045999999999997 0.685765765625 0.453 0.6781381375 0.46012000000000003 0.6781381375 0.46265999999999996 0.6758258265625 0.46216 0.6712612609375 0.4596 0.6712612609375 0.45402 0.6712612609375 0.44943999999999995 0.6666666671875 0.44688 0.6597897890625 0.44588 0.6521621625 0.44638 0.6498798796874999 0.44943999999999995 0.644534534375 0.4535 0.642222221875 0.45758 0.6323123125000001 0.46012000000000003 0.6246546546875 0.4596 0.6078678671875 0.45553999999999994 0.598678678125 0.44332000000000005 0.5941141140624999 0.43773999999999996 0.5941141140624999 0.42347999999999997 0.5933333328125 0.41790000000000005 0.6040240234375001 0.41586 0.6139639640625 0.41382 0.623903903125
7 0.26682 0.6316516515624999 0.26502 0.615465465625 0.28178000000000003 0.61816816875 0.29374 0.6011111109375 0.28058 0.5867267265625 0.28715999999999997 0.56429429375 0.28237999999999996 0.56429429375 0.27042 0.5984084078125 0.25964 0.59123123125 0.24948 0.5867267265625 0.23812000000000003 0.5894294296875 0.22854000000000002 0.5984084078125 0.21958000000000003 0.6020120125 0.21478000000000003 0.5795495500000001 0.20402 0.5705705703125 0.20642 0.5840540546875 0.20402 0.5975075078125001 0.2082 0.6172672671874999 0.21417999999999998 0.6199699703125 0.23512 0.6199699703125 0.23812000000000003 0.6253453453125 0.23572 0.637927928125 0.23271999999999998 0.6567867875 0.23452 0.6864264265625 0.22913999999999998 0.70168168125 0.22136 0.731321321875 0.22136 0.743903903125 0.23034 0.7618618625 0.23632 0.795075075 0.2435 0.795075075 0.24528 0.769939940625 0.24708000000000002 0.7690390390624999 0.24948 0.7968768765625 0.25068 0.8049549546874999 0.25606 0.8067567562500001 0.26144 0.7636636640625001 0.26982 0.75555555625 0.2722 0.6666666671875 0.26682 0.6316516515624999
8 0.15232 0.34888888906250004 0.15232 0.203153153125 0.12842 0.203153153125 0.10751999999999999 0.20537537499999997 0.1105 0.34216216250000003 0.11648 0.355615615625 0.14186 0.35111111093749997 0.15232 0.34888888906250004
8 0.84306 0.30507507500000003 0.84762 0.29867867812500004 0.84762 0.2935735734375 0.84618 0.28459459531250003 0.8511599999999999 0.27615615625 0.8497999999999999 0.2722522515625 0.84534 0.26594594531250004 0.84398 0.26408408437499997 0.84846 0.260690690625 0.85158 0.25516516562499997 0.8541399999999999 0.24876876874999998 0.85472 0.2440540546875 0.85472 0.23681681718749997 0.85358 0.2312612609375 0.84932 0.2252852859375 0.84932 0.22102102031249998 0.8518800000000001 0.21675675625 0.85358 0.20906906875 0.8538600000000001 0.1996696703125 0.85244 0.1924324328125 0.8496 0.18516516562500002 0.84534 0.181321321875 0.8388 0.1791891890625 0.83482 0.1791891890625 0.83056 0.1830330328125 0.8263 0.1907207203125 0.82488 0.1996696703125 0.82602 0.212072071875 0.8302799999999999 0.22060059999999998 0.8317 0.2252852859375 0.82772 0.23297297343749998 0.8265800000000001 0.2406606609375 0.8265800000000001 0.251321321875 0.83084 0.2602702703125 0.83368 0.26453453437499996 0.8297000000000001 0.26924925 0.82602 0.28075075 0.8265800000000001 0.2905705703125 0.83084 0.3029429421875 0.83056 0.302522521875 0.83198 0.30507507500000003 0.84306 0.30507507500000003
8 0.76142 0.5634834828125 0.75498 0.5434834828125 0.7489600000000001 0.5421921921874999 0.74122 0.5609009015625 0.7394999999999999 0.5886486484375 0.7408 0.5996096093750001 0.74208 0.614474475 0.74682 0.612522521875 0.7653 0.612522521875 0.76444 0.61123123125 0.77046 0.589309309375 0.76142 0.5634834828125
8 0.63548 0.6521621625 0.6213599999999999 0.583453453125 0.61258 0.5761261265625001 0.59944 0.59951951875 0.59798 0.6368168171875 0.61016 0.67630630625 0.62816 0.683603603125 0.63206 0.6843243250000001 0.6378999999999999 0.66093093125 0.63548 0.6521621625
9 0 0.703003003125 0.003 0.703003003125 0.02994 0.685015015625 0.02844 0.7254654656249999 0.02844 0.754684684375 0.022439999999999998 0.79063063125 0.01796 0.817597596875 0.011980000000000001 0.8445645640624999 0.011980000000000001 0.8580480484375 0.02694 0.8648048046874999 0.046400000000000004 0.8648048046874999 0.0479 0.8333333328125001 0.04938 0.79063063125 0.06734 0.840060059375 0.06734 0.8535435437500001 0.07632 0.8648048046874999 0.10178000000000001 0.817597596875 0.0898 0.8018618625 0.061360000000000005 0.743453453125 0.07932 0.696246246875 0.0868 0.7097297296875 0.09578 0.71198198125 0.09878 0.6872672671875 0.09428 0.6670270265625 0.0898 0.63108108125 0.0868 0.6131231234375 0.07782 0.588378378125 0.06586 0.5636636640625 0.06436 0.5569369375 0.061360000000000005 0.5389489484375 0.05538 0.525465465625 0.04938 0.507477478125 0.03292 0.514234234375 0.02394 0.5209609609375 0.022439999999999998 0.536696696875 0.022439999999999998 0.56816816875 0.01646 0.577147146875 0.011980000000000001 0.6018618625000001 0.00898 0.6333333328124999 0 0.662552553125 0 0.703003003125
9 0.44000000000000006 0.5932732734374999 0.45946 0.6067267265625 0.46694 0.5977477484375 0.46396 0.5595495500000001 0.44000000000000006 0.5213513515625 0.43552 0.48540540468750004 0.42203999999999997 0.47639639687499996 0.40708 0.4786486484375 0.40408 0.4921321328125 0.40858 0.523603603125 0.3981 0.534834834375 0.37566 0.5820120125 0.38014000000000003 0.6067267265625 0.4011 0.5932732734374999 0.39512 0.6224624624999999 0.37566 0.671921921875 0.36668 0.76630630625 0.38614000000000004 0.7707807812499999 0.39211999999999997 0.7101201203125 0.42055999999999993 0.6381981984375 0.41756000000000004 0.6269669671875 0.42055999999999993 0.5977477484375 0.44000000000000006 0.5932732734374999
9 0.23234 0.654684684375 0.23506 0.63831831875 0.24051999999999998 0.6246546546875 0.23052 0.6205705703125 0.23052 0.5973873875 0.23416 0.5851051046875 0.24688 0.5851051046875 0.26505999999999996 0.5905405406249999 0.2705 0.6096396390625001 0.25688 0.6260360359375 0.26686 0.6355855859374999 0.27686 0.6505705703125 0.27778 0.6396696703125 0.2814 0.6219219218750001 0.28776 0.612372371875 0.29232 0.6028228234374999 0.28958 0.58645645625 0.28686 0.5741741734375 0.28232 0.5618918921875 0.27868 0.5496396390625 0.27324000000000004 0.5441741734375001 0.26778 0.530540540625 0.26868 0.5236936937500001 0.26778 0.50324324375 0.26686 0.497777778125 0.2596 0.4827627625 0.25142000000000003 0.48414414375000003 0.24506 0.5045945953125 0.24234 0.520990990625 0.22416 0.534624625 0.21417999999999998 0.5523423421875 0.20326 0.5851051046875 0.20236 0.6137537531249999 0.21236000000000002 0.6287387390625 0.21054 0.662852853125 0.20236 0.7433633640624999 0.18964 0.78429429375 0.21236000000000002 0.78429429375 0.23325999999999997 0.6819519515625 0.23144 0.6765165171875 0.23144 0.6696696703125 0.23234 0.654684684375
9 0.60114 0.5651951953125 0.61192 0.58138138125 0.61192 0.54555555625 0.62346 0.5317117109375 0.62192 0.523603603125 0.62114 0.512072071875 0.61806 0.4970570578125 0.6096 0.49243243281250004 0.60114 0.4970570578125 0.60344 0.525915915625 0.5873 0.5386186187499999 0.56728 0.57444444375 0.5665199999999999 0.5929129125 0.5772999999999999 0.591771771875 0.59036 0.5698198203125 0.58806 0.6044744750000001 0.5749799999999999 0.6472072078125 0.56728 0.724624625 0.56036 0.7465765765625 0.5772999999999999 0.7500300296875 0.5796 0.73384384375 0.58498 0.669159159375 0.5996 0.6391291296875 0.5996 0.5929129125 0.5957600000000001 0.5640540546875 0.60114 0.5651951953125
9 0.9841599999999999 0.517477478125 0.96608 0.5336636640625 0.96004 0.5446546546875 0.95488 0.55630630625 0.95272 0.5685885890625 0.95702 0.5905705703125 0.96262 0.592522521875 0.9664999999999999 0.586696696875 0.9669399999999999 0.583453453125 0.97082 0.5873573578125 0.9734 0.6138738734375 0.9776999999999999 0.6416816812499999 0.9789999999999999 0.6604204203124999 0.9858800000000001 0.710240240625 0.9962199999999999 0.7276876875 0.9945 0.6940540546875 0.99322 0.672072071875 0.99752 0.6636636640625 0.99968 0.6157957953125 0.9841599999999999 0.6132132125 0.9824400000000001 0.5873573578125 0.9824400000000001 0.56921921875 0.99192 0.5666366359375 0.99968 0.5685885890625 0.99924 0.49615615625 0.99494 0.4903303296875 0.98848 0.4929129125 0.9837400000000001 0.5071471468750001 0.9841599999999999 0.517477478125
9 0.52154 0.5663363359375 0.52454 0.5654954953125 0.52398 0.5567867875 0.52322 0.548078078125 0.5193 0.5447147140624999 0.5191 0.5421921921874999 0.51854 0.5326426421875 0.5178 0.5298198203125 0.51424 0.52615615625 0.5118199999999999 0.52954955 0.51124 0.5447147140624999 0.5099400000000001 0.5478078078124999 0.50508 0.554534534375 0.5045200000000001 0.564384384375 0.50732 0.564384384375 0.5147999999999999 0.559609609375 0.51874 0.560990990625 0.52154 0.5663363359375
9 0.61982 0.747477478125 0.6272599999999999 0.745315315625 0.62798 0.7402702703124999 0.6263 0.7262162156249999 0.62102 0.7092792796875 0.62366 0.695225225 0.63086 0.68801801875 0.63422 0.6851351343750001 0.64166 0.662402403125 0.64046 0.6418618625 0.64166 0.626366365625 0.6469400000000001 0.6151951953125 0.6582399999999999 0.6068768765625 0.6690400000000001 0.6032732734375 0.67264 0.607597596875 0.67744 0.6123123125000001 0.68536 0.6231231234375 0.68824 0.628528528125 0.68704 0.6415015015625001 0.6844 0.6519519515625001 0.682 0.6591591593749999 0.6868000000000001 0.6670870875 0.68392 0.672852853125 0.68584 0.6768168171875 0.69016 0.6966666671875 0.69664 0.705675675 0.6928 0.7136036031249999 0.6906399999999999 0.7172072078125 0.68824 0.7276576578125 0.68752 0.7388288281250001 0.68896 0.73954955 0.6952 0.744234234375 0.70146 0.7136036031249999 0.70338 0.6876576578125 0.70314 0.6735735734375 0.69978 0.6382582578125 0.6916 0.6299699703125 0.68728 0.6177177171875 0.6834399999999999 0.6068768765625 0.6808 0.598228228125 0.68056 0.5903003 0.68224 0.57048048125 0.6796 0.5539039031249999 0.67672 0.5441741734375001 0.6659200000000001 0.531171171875 0.65896 0.529009009375 0.65054 0.522522521875 0.65174 0.5023423421875 0.64646 0.4987387390625 0.64454 0.49369369374999994 0.64142 0.48756756718750005 0.63086 0.4861261265625 0.6214999999999999 0.4933333328125 0.62006 0.4990990984375 0.61982 0.5081081078125 0.62054 0.515315315625 0.6260600000000001 0.53369369375 0.62558 0.5387387390625 0.62174 0.54309309375 0.62054 0.5524624625000001 0.61792 0.5725825828125 0.62398 0.5924624625 0.6284 0.610690690625 0.63116 0.6272372374999999 0.63502 0.660390390625 0.6333599999999999 0.6785885890625 0.62398 0.6827327328125 0.61184 0.6727927921875 0.6102000000000001 0.688528528125 0.60854 0.71339339375 0.60798 0.7365765765625001 0.6119 0.7485585578125 0.61598 0.7485585578125 0.61982 0.747477478125
0 0.74744 0.6064864859375 0.74192 0.6164264265625 0.74414 0.6305105109375 0.73918 0.6354654656250001 0.7342 0.64045045 0.73366 0.6454054046875 0.73366 0.6611411406250001 0.7342 0.6685885890625001 0.7342 0.6826726734374999 0.73366 0.6909609609375 0.7331000000000001 0.7000600593749999 0.72704 0.7042042046875 0.7237199999999999 0.706696696875 0.72924 0.7340240234375 0.7375200000000001 0.743153153125 0.74578 0.741471471875 0.74578 0.7307207203125 0.74854 0.717477478125 0.75076 0.735675675 0.75076 0.7506006000000001 0.75738 0.7547447453125 0.76178 0.7547447453125 0.76178 0.724924925 0.77226 0.72078078125 0.76786 0.702552553125 0.7673 0.67936936875 0.7695000000000001 0.6478978984375 0.77116 0.622222221875 0.764 0.6081381375 0.74744 0.6064864859375
8 0.8911 0.6475675671875 0.88744 0.639309309375 0.88508 0.6310210203125 0.87852 0.6314114109375 0.8769399999999999 0.6381081078124999 0.8717 0.643633634375 0.86934 0.6522822828125 0.8709199999999999 0.6613513515625 0.86148 0.66015015 0.8604200000000001 0.6814114109375 0.8695999999999999 0.6833933937500001 0.8695999999999999 0.6983483484375 0.8745799999999999 0.7050450453125 0.88796 0.7015015015625 0.8892599999999999 0.6578078078125 0.8918799999999999 0.65660660625 0.8918799999999999 0.6522822828125 0.8911 0.6475675671875
8 0.00172 0.7952552546875 0.04288 0.7767267265625 0.0398 0.7148948953125001 0.018179999999999998 0.7133633640625 0.01304 0.6948048046874999 0.0027400000000000002 0.6978978984374999 0 0.733453453125 0.00172 0.7952552546875
9 0.7411 0.6224624624999999 0.73908 0.6239639640625 0.73958 0.5988888890624999 0.7411 0.562372371875 0.75022 0.5433633640625 0.75984 0.55630630625 0.76644 0.573783784375 0.7694799999999999 0.595075075 0.77504 0.601921921875 0.7791 0.5966066062500001 0.78214 0.5836636640624999 0.7791 0.5570570578125 0.76644 0.5281681687499999 0.7567999999999999 0.521321321875 0.76036 0.5076276281250001 0.73958 0.495465465625 0.733 0.508378378125 0.73756 0.5281681687499999 0.7335200000000001 0.5327327328125 0.7239 0.535765765625 0.72136 0.5509609609375 0.71478 0.574534534375 0.70464 0.58444444375 0.70464 0.5958258265625 0.71934 0.5988888890624999 0.72592 0.5867267265625 0.73402 0.5715015015625 0.7299599999999999 0.5905105109375001 0.72288 0.6110510515625001 0.7183200000000001 0.629309309375 0.71984 0.6528828828125001 0.71984 0.6840540546875 0.71528 0.6901201203125 0.7233799999999999 0.69924925 0.733 0.6984984984375 0.7350399999999999 0.6840540546875 0.73402 0.6642642640624999 0.73604 0.641471471875 0.73858 0.6384084078125001 0.74262 0.6323423421875 0.7411 0.6224624624999999
9 0.56822 0.58630630625 0.56936 0.5721621625 0.57848 0.5588888890625 0.5801999999999999 0.5498798796875 0.57848 0.544324325 0.5736399999999999 0.53876876875 0.57478 0.5323423421875 0.57392 0.5263363359375 0.56992 0.525465465625 0.56508 0.5284684687500001 0.5642199999999999 0.535765765625 0.56308 0.5430330328124999 0.55852 0.5473273265625 0.5568 0.5550450453125 0.55852 0.5824324328125 0.56108 0.6012912906250001 0.5628 0.632552553125 0.56764 0.632552553125 0.56764 0.6094294296875 0.56822 0.58630630625
9 0.3698 0.5307207203125001 0.36912 0.52309309375 0.36574 0.522072071875 0.36506 0.5271771765625 0.36608 0.5327627625 0.36168 0.5373273265625 0.36236 0.5464864859375 0.37184 0.5464864859375 0.37252 0.54444444375 0.37252 0.53630630625 0.3698 0.5307207203125001
7 0.57881 0.620915915625 0.57246 0.635375375 0.57576 0.6466666671875 0.5879800000000001 0.6170270265625 0.581393334375 0.59238238125 0.57742 0.5652852859374999 0.58098 0.5513813812499999 0.57172 0.5428228234375 0.56246 0.5545945953125 0.57386 0.564234234375 0.577626665625 0.578308309375 0.57881 0.620915915625
7 0.50376 0.5696396390625 0.50892 0.575765765625 0.50848 0.5938738734375 0.51106 0.6058258265625 0.51258 0.6071171171875 0.51688 0.6103303296875 0.51796 0.6090390390625 0.51924 0.604834834375 0.5233399999999999 0.5990390390625 0.52248 0.5744744749999999 0.52162 0.5586486484375001 0.51042 0.559309309375 0.50806 0.55801801875 0.50634 0.5609309312499999 0.50376 0.5696396390625
8 0.26276 0.6287387390625 0.27042 0.6358858859375001 0.2754 0.6405705703125 0.281 0.637447446875 0.28162 0.6252852859375 0.27976 0.6196997 0.27396 0.6140840843750001 0.26732 0.612522521875 0.25964 0.6156456453125 0.25736 0.6215615609375 0.25817999999999997 0.625915915625 0.26276 0.6287387390625