8 0.380546875 0.4170634921875 0.37320312499999997 0.424338625 0.371765625 0.42920634843750005 0.37320312499999997 0.43515872968749997 0.37528125 0.434867725 0.379265625 0.4321693125 0.38915625 0.4311111109375 0.393140625 0.4270370375 0.392671875 0.4259788359375 0.380546875 0.4170634921875
9 0.405265625 0.3953174609375 0.41090625000000003 0.4089417984375 0.3988125 0.434867725 0.389953125 0.4294179890625 0.37625000000000003 0.419867725 0.371421875 0.42669312187499997 0.378671875 0.449867725 0.38753125 0.47851851874999995 0.36578125 0.48791005312499997 0.325484375 0.48656084687499995 0.3013125 0.47973545 0.2940625 0.48791005312499997 0.29003125 0.49338624375 0.2723125 0.5534126984375 0.25215624999999997 0.60798941875 0.21912500000000001 0.6257142859375 0.21509375 0.6298148140625 0.21187499999999998 0.6393650796875 0.22234375 0.6611904765625 0.26828124999999997 0.6830158734375 0.26828124999999997 0.6557142859375 0.26828124999999997 0.62161375625 0.28359375 0.594338625 0.29325 0.614788359375 0.30615625 0.6898412703125001 0.291640625 0.70621693125 0.281984375 0.729391534375 0.285203125 0.73621693125 0.321453125 0.7321164015625 0.334359375 0.714391534375 0.329515625 0.6734656078125 0.32709375 0.62161375625 0.316625 0.6011640218750001 0.341609375 0.5820634921875001 0.360140625 0.5752380953125 0.40203125 0.569788359375 0.43346875 0.5684126984375 0.44232812499999996 0.47428571406250003 0.46246875000000004 0.4688095234375 0.4665 0.41015872968749995 0.46328125 0.385608465625 0.45521874999999995 0.35423280468749996 0.45199999999999996 0.317380953125 0.43990625000000005 0.2969312171875 0.431046875 0.3078306875 0.415734375 0.29555555624999996 0.40123437500000003 0.302380953125 0.3915625 0.31465608437500003 0.38673437499999996 0.343306878125 0.38834375 0.35029100468749996 0.39075000000000004 0.36666666718749996 0.405265625 0.3953174609375
9 0.30798437500000003 0.42219576718749996 0.2986875 0.45592592656250003 0.28675 0.48513227499999995 0.245609375 0.5030952375 0.231 0.4986243390625 0.215078125 0.5053439156249999 0.209765625 0.5502910046875 0.22568749999999999 0.548042328125 0.24428125 0.5435449734375 0.2641875 0.530079365625 0.276125 0.512089946875 0.297359375 0.48513227499999995 0.293390625 0.48063492031250005 0.3199375 0.49412698437499997 0.34249999999999997 0.49412698437499997 0.355765625 0.48962962968749996 0.39028125 0.48513227499999995 0.3823125 0.46264550312499997 0.377 0.4469312171875 0.3716875 0.42444444375 0.363734375 0.4109788359375 0.347796875 0.38174603125 0.34640624999999997 0.365608465625 0.34640624999999997 0.3633597890625 0.3424375 0.3521164015625 0.33978125000000003 0.347619046875 0.3211875 0.3071693125 0.30260937499999996 0.3071693125 0.2866875 0.3251587296875 0.2866875 0.34312169375 0.292 0.3611111109375 0.288015625 0.365608465625 0.28403125 0.374603175 0.28535937499999997 0.383571428125 0.292 0.39256613749999997 0.29465625 0.39481481406249996 0.29596875 0.3970634921875 0.30665624999999996 0.4109788359375 0.30798437500000003 0.4042328046875 0.30798437500000003 0.42219576718749996
0 0.07634375 0.40121693125 0.047125 0.39201058125 0.000265625 0.388571428125 0.000265625 0.46907407343749996 0.042375 0.564523809375 0.042375 0.5932804234375 0.046453125 0.616269840625 0.059359375000000006 0.6254761906249999 0.062078125 0.6116666671875 0.081765625 0.615132275 0.09059375 0.63121693125 0.1035 0.6404232796875 0.121171875 0.6542328046875 0.159203125 0.6576719578125 0.19248437499999999 0.6231746031250001 0.20675 0.5817724875 0.20675 0.5415343921875 0.2013125 0.4955291 0.187734375 0.4575661375 0.174140625 0.44148148125000003 0.153765625 0.42880952343749995 0.113015625 0.4265343921875 0.09603125 0.40582010625000003 0.084484375 0.390873015625 0.07634375 0.40121693125
9 0.2690625 0.41095238125 0.269875 0.42571428593749994 0.274234375 0.4312433859375 0.2720625 0.45685185156249997 0.27925 0.471296296875 0.290928125 0.472354496875 0.2864375 0.485740740625 0.2921077296875 0.4858465609375 0.2921891453125 0.4996296296875 0.27714062500000003 0.5309788359375001 0.269578125 0.5386243390625001 0.27335937499999996 0.5428373015625 0.269578125 0.5546957671875 0.26040625 0.550079365625 0.2612109375 0.56424603125 0.26579687500000004 0.5665542328125001 0.262015625 0.5784126984375 0.28615625 0.596957671875 0.29034375 0.61167989375 0.2779453125 0.6108597890625 0.26973437499999997 0.6247619046875 0.27103125 0.6874603171875 0.23625 0.708174603125 0.23367187500000003 0.71634920625 0.26554687499999996 0.7196296296875 0.285515625 0.71634920625 0.295828125 0.7060052906250001 0.29340625 0.6373985906249999 0.29453125 0.626402115625 0.292921875 0.6236772484374999 0.2928404609375 0.6098941796874999 0.290022321875 0.5980498859375001 0.2927590453125 0.5961111109375 0.28776785781249997 0.583873771875 0.29267763125 0.5823280421875 0.2855133921875 0.56969765625 0.2925962171875 0.5685449734375 0.292270559375 0.5134126984375 0.29541875 0.4589682546875 0.2919449015625 0.4582804234375 0.2918634875 0.44449735468749996 0.29990937500000003 0.4455820109375 0.308890625 0.4188095234375 0.30485937500000004 0.408174603125 0.29797395781249997 0.3993033515625 0.29161924375 0.4031481484375 0.2915378296875 0.3893650796875 0.284203125 0.38156084687499997 0.2914564140625 0.3755820109375 0.291375 0.3617989421875 0.28896875 0.3578571421875 0.274515625 0.3490740734375 0.26796875 0.366164021875 0.26768749999999997 0.38325396875 0.26578124999999997 0.3980158734375 0.27559374999999997 0.40354497343749995 0.2690625 0.41095238125
8 0.504796875 0.3626719578125 0.502546875 0.369523809375 0.498484375 0.374867725 0.4944375 0.412222221875 0.48814062500000005 0.47547619062499996 0.439515625 0.47243386249999997 0.43367187500000004 0.47243386249999997 0.42781250000000004 0.48082010625000005 0.42017187500000003 0.47701058124999995 0.407109375 0.47775132343750004 0.39315625 0.47775132343750004 0.385953125 0.48690476250000003 0.385953125 0.496825396875 0.38865625000000004 0.5036772484375 0.3918125 0.508994709375 0.39631249999999996 0.5128306874999999 0.397203125 0.5128306874999999 0.397203125 0.6019841265625 0.396765625 0.666005290625 0.398109375 0.7574603171875001 0.411609375 0.7551851859375 0.41792187500000005 0.7437566140625 0.41567187499999997 0.6248412703125 0.434578125 0.6233333328125 0.432140625 0.76108465625 0.45290625 0.76108465625 0.456453125 0.616693121875 0.46460937500000005 0.4974338625 0.47573437500000004 0.482380953125 0.529859375 0.48111111093750003 0.543203125 0.38320105781249997 0.554328125 0.373174603125 0.556546875 0.37066137499999996 0.5550625 0.3643650796875 0.5506249999999999 0.36060846562500004 0.5387500000000001 0.3593650796875 0.53584375 0.3817195765625 0.51784375 0.3771693125 0.515140625 0.36648148125 0.51109375 0.3626719578125 0.504796875 0.3626719578125
8 0.54215625 0.41653439218750005 0.5316875 0.47613756562500004 0.50409375 0.4809788359375 0.506 0.4842063484375 0.501234375 0.5019312171875 0.5097968749999999 0.521269840625 0.5231250000000001 0.5325396828125 0.5193125000000001 0.5534920640625 0.51878125 0.5882275124999999 0.51028125 0.782645503125 0.514 0.790740740625 0.535265625 0.788042328125 0.537390625 0.6350264546875 0.549609375 0.6305291000000001 0.541640625 0.7898412703125001 0.55015625 0.7970370375 0.549609375 0.6989417984374999 0.5528125 0.6620370375 0.553875 0.6071164015625 0.5528125 0.544126984375 0.55121875 0.5063227515625 0.545359375 0.5063227515625 0.538453125 0.480211640625 0.558125 0.4703174609375 0.580984375 0.46492063437500003 0.589484375 0.3965079359375 0.60225 0.3641005296875 0.589484375 0.359603175 0.584171875 0.373994709375 0.5490781250000001 0.3748941796875 0.583078125 0.3682010578125 0.5469062499999999 0.3698148140625 0.54215625 0.41653439218750005
8 0.5443749999999999 0.4777248671875 0.5384218749999999 0.48378306875000004 0.5392187500000001 0.4978835984375 0.5443749999999999 0.5059788359375 0.555109375 0.509338625 0.5543125 0.5187566140625 0.5523281250000001 0.5409259265624999 0.550328125 0.5496825390625 0.546765625 0.62298941875 0.54278125 0.757486771875 0.5431874999999999 0.7917989421875 0.557484375 0.7965079359375 0.570984375 0.79582010625 0.5721875 0.7507671953124999 0.58290625 0.752777778125 0.59403125 0.7521164015624999 0.5941562499999999 0.8171693124999999 0.60753125 0.819391534375 0.61040625 0.819391534375 0.61109375 0.8016931218750001 0.613875 0.6819841265625 0.61625 0.5656349203125 0.619828125 0.544126984375 0.619828125 0.5205820109375 0.617046875 0.5192328046875 0.5994531249999999 0.5202380953125 0.5992031250000001 0.515343915625 0.592125 0.5126984125 0.585828125 0.51134920625 0.58740625 0.49272486718749997 0.59684375 0.4780687828125 0.621203125 0.4749735453125 0.633 0.3817989421875 0.65109375 0.3693650796875 0.6505625 0.3622751328125 0.64453125 0.356957671875 0.636671875 0.3520634921875 0.633796875 0.353835978125 0.629078125 0.3631481484375 0.6243593749999999 0.3733597890625 0.608375 0.37026455 0.6075781250000001 0.3684920640625 0.60234375 0.359603175 0.5934375000000001 0.355608465625 0.59028125 0.3560582015625 0.58896875 0.35738095312499996 0.586625 0.364920634375 0.5864843750000001 0.36944444375 0.57615625 0.464259259375 0.5443749999999999 0.4777248671875
8 0.830859375 0.862910053125 0.836171875 0.8516931218750001 0.842796875 0.685396825 0.84146875 0.6651587296875 0.842796875 0.6404497359375 0.842796875 0.6067460312499999 0.84146875 0.5955026453125 0.826875 0.584259259375 0.817578125 0.5752910046874999 0.817578125 0.5528042328125 0.830859375 0.5325925921875 0.9224375 0.5415608468750001 0.9675625 0.539338625 0.979515625 0.537089946875 0.9941093750000001 0.49888888906249995 0.9967656249999999 0.43370370312500006 1 0.3595502640625 0.979515625 0.373042328125 0.954296875 0.379788359375 0.9304062500000001 0.384259259375 0.929078125 0.36854497343750003 0.9184531249999999 0.379788359375 0.875984375 0.512354496875 0.805640625 0.523597884375 0.7127343749999999 0.5168518515625 0.69415625 0.5280952375 0.7034374999999999 0.5617989421875 0.7127343749999999 0.584259259375 0.71140625 0.6426984124999999 0.707421875 0.820211640625 0.71140625 0.869656084375 0.7140625 0.8831481484375001 0.727328125 0.8966402109375 0.743265625 0.8966402109375 0.7419374999999999 0.8247089953125 0.7326406249999999 0.7280952375 0.73928125 0.7078571421875 0.765828125 0.7573015875 0.7618437499999999 0.8853968249999999 0.7591875 0.937089946875 0.7870625 0.9258465609375 0.78971875 0.8853968249999999 0.8003281250000001 0.8539417984375 0.830859375 0.862910053125
8 0.617171875 0.5865079359375 0.614515625 0.6539417984375 0.66096875 0.676402115625 0.6569843750000001 0.7887566140625 0.663625 0.78201058125 0.667609375 0.784259259375 0.667609375 0.6 0.66628125 0.537089946875 0.6583125 0.5325925921875 0.651671875 0.514603175 0.66628125 0.49888888906249995 0.690171875 0.49888888906249995 0.775109375 0.487645503125 0.792359375 0.348306878125 0.78971875 0.337089946875 0.7737812500000001 0.330343915625 0.765828125 0.3595502640625 0.729984375 0.35730158749999996 0.7339687500000001 0.337089946875 0.7246718750000001 0.341560846875 0.71671875 0.47415343906249996 0.637078125 0.476402115625 0.607875 0.4808994703125 0.606546875 0.514603175 0.619828125 0.5280952375 0.6211562500000001 0.5617989421875 0.617171875 0.5865079359375
8 0.67121875 0.5550264546875 0.6659375 0.6378042328125 0.6659375 0.8592857140625 0.6894218750000001 0.8642857140625001 0.6894218750000001 0.6871957671875 0.7084374999999999 0.70904761875 0.714546875 0.586005290625 0.709796875 0.5733333328125 0.6955312499999999 0.5469047625 0.6955312499999999 0.5330952375 0.73225 0.5184656078125001 0.835 0.5184656078125001 0.85740625 0.37417989375 0.8788281250000001 0.370052909375 0.880296875 0.3617989421875 0.8724999999999999 0.347777778125 0.86228125 0.3453174609375 0.8564375 0.35108465624999996 0.849609375 0.3684126984375 0.8286718750000001 0.3634656078125 0.8213593749999999 0.355211640625 0.820875 0.35026455 0.815515625 0.338730159375 0.8091875 0.33542327968749996 0.800421875 0.3403703703125 0.7950625 0.35851851875 0.775109375 0.48301587343749997 0.6540468749999999 0.5080423281249999 0.65271875 0.5169841265625 0.67121875 0.5550264546875
8 0.8713749999999999 0.508862434375 0.92434375 0.37208994687499997 0.901828125 0.374338625 0.86871875 0.36984127031249997 0.8647500000000001 0.36984127031249997 0.834296875 0.5155820109375 0.8713749999999999 0.508862434375
8 0.8992968749999999 0.7425925921875 0.889640625 0.9786243390625 0.9194531250000001 0.9854232796875 0.9194531250000001 0.8953968250000001 0.95409375 0.89674603125 0.9500624999999999 0.9949735453124999 0.979078125 0.9977248671875 0.9814999999999999 0.889947090625 1 0.889947090625 0.99921875 0.862645503125 0.9847187500000001 0.8585714281250001 0.986328125 0.84082010625 0.99921875 0.8380952374999999 0.9960000000000001 0.6580158734375 0.996796875 0.6552910046875 0.99921875 0.6157142859375 0.99921875 0.5925396828125 0.993578125 0.5857142859375 0.975046875 0.5884391531250001 0.953296875 0.5857142859375 0.9275 0.5747883593750001 0.9001093750000001 0.573439153125 0.882390625 0.584338625 0.87675 0.6143650796875 0.87996875 0.6198148140625 0.90171875 0.6225396828124999 0.8992968749999999 0.7425925921875
8 0.319796875 0.518835978125 0.32565625 0.5205026453125 0.33690625 0.5221428578125 0.334953125 0.680343915625 0.3354375 0.7333597890625 0.350125 0.730052909375 0.352078125 0.634788359375 0.361859375 0.6306613750000001 0.364796875 0.74661375625 0.37115624999999997 0.74661375625 0.36821875 0.5900793656250001 0.36578125 0.5528042328125 0.367734375 0.5370634921875 0.3643125 0.526296296875 0.35745312500000004 0.5147089953124999 0.35696875 0.5080687828125 0.355015625 0.49648148125 0.35403125 0.49566137499999996 0.33006250000000004 0.4898412703125 0.323703125 0.49812169375000004 0.319796875 0.50973545 0.319796875 0.518835978125
8 0.825421875 0.5412169312499999 0.82278125 0.5649206343750001 0.830671875 0.58568783125 0.8455625 0.5767989421874999 0.843796875 0.7028042328125 0.8385468749999999 0.9355820109374999 0.8621874999999999 0.94595238125 0.8586874999999999 0.8777513234375001 0.8902187500000001 0.8925925921875001 0.89634375 0.766560846875 0.8972187500000001 0.7369047625 0.90246875 0.6242328046875001 0.89459375 0.6286772484375 0.881453125 0.5990211640625 0.8972187500000001 0.5767989421874999 0.993546875 0.590132275 1 0.54417989375 0.998796875 0.54417989375 0.9086093749999999 0.5367460312500001 0.8332968749999999 0.53378306875 0.8630625000000001 0.5263756609375 0.8332968749999999 0.5278571421875 0.825421875 0.5412169312499999
8 0.519703125 0.5513227515625 0.52342608125 0.5624521765625 0.5176875 0.562619046875 0.5176875 0.5829629625 0.5136875 0.5908730156249999 0.511015625 0.788730159375 0.53371875 0.789867725 0.53371875 0.7333333328125 0.53571875 0.6474074078125 0.54640625 0.633835978125 0.55040625 0.5829629625 0.547078125 0.5761904765625 0.541734375 0.5761904765625 0.540390625 0.57391534375 0.540390625 0.56148148125 0.5362157453124999 0.5462983312499999 0.5681899031250001 0.5059137171875 0.6385625 0.5945767203125001 0.6394968750000001 0.5810105812499999 0.6462421875000001 0.5894841265624999 0.653921875 0.584391534375 0.661265625 0.5697089953125001 0.66459375 0.5448148140625 0.643234375 0.52674603125 0.6584977671875001 0.47958049999999997 0.66259375 0.470211640625 0.7046718750000001 0.47134920625000004 0.72485243125 0.369832453125 0.733375 0.33904761875 0.727375 0.3571428578125 0.72203125 0.34018518593749997 0.7146874999999999 0.35375661406250003 0.70934375 0.3582804234375 0.69665625 0.3616666671875 0.6928404015625 0.37345805 0.683296875 0.3605291 0.680708984375 0.37423941875 0.67690204375 0.36860602343750004 0.5745847359375 0.49783679375 0.541734375 0.5026984125 0.538390625 0.48349206406249995 0.5136875 0.485740740625 0.50434375 0.49592592656249995 0.50434375 0.5094709 0.51903125 0.5253174609375 0.519703125 0.5513227515625
8 0.7525625 0.851296296875 0.7600156250000001 0.9143650796875 0.7814375 0.9206878312500001 0.7898125 0.8702116406249999 0.8307968750000001 0.874947090625 0.8438437499999999 0.66365079375 0.8512812500000001 0.5769312171875 0.821484375 0.5721957671875 0.8224218750000001 0.5564285718749999 0.83265625 0.528042328125 0.8559374999999999 0.5248941796875 0.9080937499999999 0.542222221875 0.9854062499999999 0.5501058203125 0.9965781249999999 0.370343915625 0.986328125 0.36404761875 0.977953125 0.375079365625 0.940703125 0.3782275125 0.9276562500000001 0.3624603171875 0.914625 0.3782275125 0.893203125 0.5012433859375001 0.8717812500000001 0.5201587296875 0.815890625 0.5264550265625 0.755359375 0.5248941796875 0.7097187500000001 0.5217195765625 0.7050625 0.5264550265625 0.70040625 0.537513228125 0.713453125 0.565873015625 0.71065625 0.8985978843750001 0.7339375 0.904920634375 0.7367343749999999 0.8497089953125 0.7525625 0.851296296875
9 0.01596875 0.40690476249999996 0.0127916671875 0.421957671875 0.00453125 0.448835978125 0.0107265625 0.45891534375000004 0.021968750000000002 0.4586719578125 0.016921875 0.468994709375 0.04835625 0.42174074062500005 0.05645312500000001 0.42544973593749996 0.05645312500000001 0.520704365625 0.061978124999999995 0.5211005296875 0.072640625 0.4649735453125 0.072171875 0.43272486718750003 0.070734375 0.42544973593749996 0.078359375 0.409338625 0.080734375 0.40690476249999996 0.083125 0.397222221875 0.090265625 0.4004497359375 0.09503125 0.41013227499999994 0.095984375 0.420608465625 0.10503124999999999 0.434338625 0.11503125 0.43674603125000006 0.14503125 0.42383597812499996 0.175046875 0.43835978906250006 0.177421875 0.3915873015625 0.16790624999999998 0.2157936515625 0.16409374999999998 0.20370370312500002 0.15409375 0.210132275 0.14265624999999998 0.23351851875000001 0.139328125 0.274656084375 0.1521875 0.309338625 0.1296432296875 0.32586860624999997 0.131703125 0.334325396875 0.122128471875 0.33137859999999997 0.122171875 0.33835978906249997 0.114613715625 0.3368885953125 0.1070989578125 0.342398590625 0.1047135421875 0.33890652656250003 0.0995842015625 0.34790858125 0.095984375 0.33917989375 0.051203125 0.3302910046875 0.033109375 0.34724867656249997 0.01978125 0.3899735453125 0.029625000000000002 0.39212522031249997 0.0319513890625 0.3974985296875 0.02443663125 0.4030085234375 0.026437500000000003 0.409338625 0.024065625 0.41061375624999996 0.01596875 0.40690476249999996
8 1 0.5844179890625 0.9956250000000001 0.5844179890625 0.882109375 0.5740211640624999 0.87596875 0.610396825 0.888234375 0.6259788359375 0.9081875 0.6259788359375 0.8974375 0.75325396875 0.8928437499999999 0.9818253968749999 0.918921875 0.9844179890625 0.918921875 0.89351851875 0.954203125 0.89351851875 0.9511406250000001 0.9870105812500001 0.972609375 0.9844179890625 0.97875 0.95325396875 1 0.95325396875 0.9818125 0.877910053125 1 0.8701322749999999 1 0.85973545 0.987953125 0.8571428578125 0.984890625 0.8337566140625 1 0.8441534390625 1 0.5844179890625
8 0.826875 0.55325396875 0.826875 0.568835978125 0.851421875 0.5792328046875 0.84375 0.6857142859375001 0.839140625 0.8908994703124999 0.8376093750000001 0.9428571421875 0.86215625 0.9506613749999999 0.86215625 0.8805291000000001 0.8928437499999999 0.877910053125 0.906640625 0.6259788359375 0.8805624999999999 0.6155820109375 0.87903125 0.5921957671875 0.883640625 0.581825396875 0.966484375 0.5896031749999999 0.9986875 0.5921957671875 0.9986875 0.5324603171875 0.99715625 0.5272751328124999 0.989484375 0.548042328125 0.860625 0.529867725 0.8406874999999999 0.5272751328124999 0.826875 0.55325396875
8 0.5192812499999999 0.5644973546875 0.522078125 0.5361111109375 0.510890625 0.5234920640625 0.502515625 0.5045767203125 0.5090312499999999 0.479338625 0.47084374999999995 0.479338625 0.46060937500000004 0.4982804234375 0.4764375 0.520343915625 0.4764375 0.5455820109375 0.4680625 0.621269840625 0.46898437499999995 0.7789417984375 0.49692187499999996 0.7789417984375 0.502515625 0.6370370375000001 0.5192812499999999 0.6370370375000001 0.5192812499999999 0.5644973546875
8 0.366046875 0.53174603125 0.368734375 0.548730159375 0.36739062499999997 0.5702910046875 0.36739062499999997 0.5986243390625 0.368734375 0.6439682546875 0.3700625 0.6961111109375 0.370734375 0.7471164015625 0.394171875 0.7448412703125 0.39484375 0.61674603125 0.40354687499999997 0.61674603125 0.40018750000000003 0.562354496875 0.400984375 0.509126984375 0.387234375 0.5065343921875 0.384171875 0.491005290625 0.38546874999999997 0.48867724843750004 0.36203124999999997 0.48640211562499996 0.354 0.4965873015625 0.3586875 0.51701058125 0.366046875 0.53174603125
8 0.60840625 0.478703703125 0.71765625 0.47423280468750006 0.7202968750000001 0.40187830625 0.7233906250000001 0.36830687812499996 0.7242656249999999 0.3451851859375 0.7339687500000001 0.335476190625 0.7322031250000001 0.3459259265625 0.737046875 0.349656084375 0.74409375 0.3451851859375 0.73528125 0.33325396875 0.722953125 0.3362433859375 0.7119375 0.3578571421875 0.686828125 0.36904761875 0.6951875000000001 0.3578571421875 0.6881406250000001 0.352645503125 0.678890625 0.3645767203125 0.665234375 0.4667724875 0.643203125 0.47050264531249997 0.601796875 0.4734656078125 0.5872499999999999 0.4906349203125 0.586375 0.50555555625 0.59121875 0.5137566140625001 0.606640625 0.5189682546875 0.6044375 0.5092857140625 0.6044375 0.49362433906250003 0.60840625 0.478703703125