9 0.5137968749999999 0.802564103125 0.52103125 0.7862564109375 0.533671875 0.784794871875 0.54090625 0.7684615390625 0.538203125 0.764025640625 0.5300625 0.74623076875 0.534578125 0.7269487171875 0.535484375 0.7002820515625 0.527359375 0.6824871796875 0.52103125 0.676564103125 0.5174218749999999 0.648384615625 0.5137968749999999 0.6291025640625 0.508375 0.612794871875 0.493921875 0.6068717953125 0.47946875 0.6231794875000001 0.48218750000000005 0.6528205125000001 0.485796875 0.6750769234375 0.466828125 0.691384615625 0.46771874999999996 0.74623076875 0.466828125 0.7551282046875001 0.455078125 0.75958974375 0.446953125 0.7655128203125 0.44784375 0.7758974359375 0.455078125 0.7907179484375 0.46140625 0.796641025 0.45689062500000005 0.8011025640625 0.455078125 0.8248205125 0.45689062500000005 0.8248205125 0.47946875 0.83223076875 0.493921875 0.8248205125 0.502953125 0.81741025625 0.5137968749999999 0.802564103125
9 0.539015625 0.767 0.54059375 0.776025640625 0.536265625 0.7844102562499999 0.526046875 0.7850512828125 0.51503125 0.792153846875 0.5134531250000001 0.7966666671875 0.512671875 0.8031282046875001 0.5134531250000001 0.82376923125 0.51621875 0.8366923078124999 0.524859375 0.8444358968750001 0.5319375 0.843794871875 0.5480625 0.8418461531249999 0.581890625 0.84958974375 0.605484375 0.8528205124999999 0.6094062499999999 0.840564103125 0.603125 0.8276410249999999 0.5991875 0.818615384375 0.5995781250000001 0.8141025640624999 0.6011562500000001 0.8044102562500001 0.6011562500000001 0.796025640625 0.598796875 0.786358975 0.594078125 0.772153846875 0.591328125 0.7553846156249999 0.592890625 0.746974359375 0.59525 0.7276153843750001 0.59840625 0.713435896875 0.5936874999999999 0.690205128125 0.591328125 0.67923076875 0.5826718750000001 0.6663076921875 0.58109375 0.659205128125 0.58109375 0.6540512828125 0.5822812500000001 0.6469487171875 0.5803125 0.6379230765624999 0.575203125 0.619846153125 0.574015625 0.6127435890624999 0.570875 0.6037179484374999 0.56065625 0.598564103125 0.55003125 0.602435896875 0.54334375 0.61341025625 0.54178125 0.6192051281250001 0.54334375 0.6366410250000001 0.5453125 0.6501794875 0.5465 0.661153846875 0.546890625 0.6708461531250001 0.545703125 0.675358975 0.5425625000000001 0.67858974375 0.5378437500000001 0.6882564109375 0.536265625 0.7037435890625 0.5319375 0.74376923125 0.53115625 0.746974359375 0.5370625 0.7624615390625 0.539015625 0.767
9 0.999390625 0.15948717968749998 0.989859375 0.1585128203125 0.9844843750000001 0.1604615390625 0.979125 0.1682820515625 0.979125 0.174153846875 0.9803124999999999 0.187846153125 0.9815156249999999 0.2025128203125 0.97971875 0.2123076921875 0.968390625 0.226974359375 0.97853125 0.23576923125000002 0.9827031249999999 0.24848717968749998 0.982109375 0.2592564109375 0.9779375 0.27197435937500003 0.9844843750000001 0.295435896875 0.9880625000000001 0.287615384375 1 0.286641025 0.999390625 0.15948717968749998
9 0.7778906250000001 0.6765897437499999 0.7797031249999999 0.6558205125 0.776078125 0.6232051281250001 0.7634375 0.608384615625 0.738140625 0.6246923078125 0.739046875 0.6573076921875 0.74484375 0.68676923125 0.727140625 0.7022564109375 0.72871875 0.7338717953125 0.72596875 0.7764615390625 0.711015625 0.79776923125 0.73225 0.81776923125 0.7369687500000001 0.826794871875 0.726359375 0.8506923078125 0.72203125 0.8674615390625 0.719171875 0.8678205125 0.80409375 0.863384615625 0.81403125 0.777384615625 0.805 0.7077179484375 0.7778906250000001 0.6765897437499999
9 0.726953125 0.7058717953125 0.70975 0.6870512828125 0.7068749999999999 0.6211794875 0.69396875 0.60941025625 0.6810625 0.6188205124999999 0.67246875 0.6635384609375 0.678203125 0.6964615390625 0.6595625 0.7105897437500001 0.661 0.7647179484375 0.6595625 0.7858717953125 0.6480937499999999 0.7952820515625 0.630875 0.7952820515625 0.63375 0.83058974375 0.639484375 0.8635384609375001 0.725515625 0.8635384609375001 0.71978125 0.8588205125 0.73125 0.8188205125 0.7154843750000001 0.8 0.7298125 0.7741282046875 0.726953125 0.7058717953125
9 0.8847968749999999 0.5715897437499999 0.8832656249999999 0.5569743593750001 0.879265625 0.5483846156250001 0.8682187499999999 0.5438717953125 0.858390625 0.5488974359375 0.8507031250000001 0.5599743593750001 0.849171875 0.57458974375 0.849171875 0.579641025 0.847640625 0.5902307687499999 0.851625 0.5967692312499999 0.85346875 0.6018205125 0.8537812499999999 0.610384615625 0.8522500000000001 0.622974359375 0.8507031250000001 0.6305384609375 0.8537812499999999 0.6244871796875 0.869140625 0.6023076921875 0.8817187499999999 0.6003076921875 0.8844843750000001 0.5952564109375 0.8847968749999999 0.5715897437499999
9 0.9690312499999999 0.45717948750000004 0.95728125 0.41507692343749997 0.9369531249999999 0.42033333281249996 0.9284062499999999 0.43964102499999996 0.9284062499999999 0.45894871718749997 0.9348124999999999 0.49756410312500005 0.9348124999999999 0.5028205125 0.912359375 0.5221282046875 0.90915625 0.5677435890625 0.9177031250000001 0.5835384609375 0.9198437500000001 0.5940769234375 0.9262656249999999 0.57476923125 0.9316093750000001 0.5624871796875001 0.9465781249999999 0.5607179484375 0.951921875 0.5677435890625 0.956203125 0.5923076921875 0.95728125 0.613384615625 0.970109375 0.6168717953125 0.984015625 0.613384615625 0.9914999999999999 0.62741025625 0.99684375 0.590564103125 0.99790625 0.5853076921875 0.98828125 0.516846153125 0.9669062500000001 0.4993076921875 0.9647656250000001 0.4852564109375 0.9690312499999999 0.45717948750000004
9 0.8295312499999999 0.229641025 0.8295312499999999 0.230615384375 0.8295312499999999 0.2462564109375 0.8283437499999999 0.258 0.8259531250000001 0.2687435890625 0.827140625 0.27658974375 0.834296875 0.28441025625 0.8360937500000001 0.2824615390625 0.8390625 0.274615384375 0.8450312500000001 0.2687435890625 0.851578125 0.2658205125 0.8545624999999999 0.2599487171875 0.8557499999999999 0.2521282046875 0.8569531250000001 0.2462564109375 0.856359375 0.23746153906249998 0.856359375 0.228641025 0.85515625 0.222794871875 0.85515625 0.21494871718750003 0.8557499999999999 0.2081025640625 0.86053125 0.195384615625 0.86171875 0.19246153906250002 0.856359375 0.18658974374999998 0.849796875 0.1807179484375 0.8492031250000001 0.1758205125 0.850390625 0.1719230765625 0.8521875 0.167025640625 0.8545624999999999 0.1601794875 0.8569531250000001 0.1533333328125 0.856359375 0.142564103125 0.8545624999999999 0.13671794843750001 0.84740625 0.1318205125 0.83846875 0.130846153125 0.833109375 0.132794871875 0.830125 0.1357179484375 0.827734375 0.1445384609375 0.827734375 0.1543076921875 0.8289375 0.1728974359375 0.8325156249999999 0.1807179484375 0.824171875 0.18658974374999998 0.8134375 0.195384615625 0.8116562500000001 0.1993076921875 0.8104531250000001 0.22571794843749998 0.818796875 0.2266923078125 0.8223750000000001 0.2276666671875 0.8295312499999999 0.229641025
9 0.601140625 0.43376923125 0.60428125 0.46151282031249996 0.609 0.5131282046875 0.627484375 0.513794871875 0.6125468749999999 0.4292564109375 0.62709375 0.40923076875 0.609 0.3911794875 0.6101875 0.3873076921875 0.6144999999999999 0.3679487171875 0.6125468749999999 0.351153846875 0.6035 0.3363076921875 0.59603125 0.3363076921875 0.58815625 0.3388974359375 0.581078125 0.346 0.57871875 0.36276923125 0.5795 0.3763333328125 0.5861875000000001 0.3873076921875 0.57203125 0.40535897500000007 0.5846250000000001 0.4118205125 0.594453125 0.420205128125 0.601140625 0.43376923125
9 0.5352187500000001 0.449205128125 0.5403125 0.428615384375 0.56121875 0.42938461562499997 0.5677187499999999 0.437 0.572359375 0.4553076921875 0.5695781249999999 0.47741025625000005 0.569109375 0.502564103125 0.576078125 0.5162820515625001 0.577015625 0.5002564109375001 0.585828125 0.47969230781250005 0.6011562500000001 0.4835128203125 0.6090625000000001 0.497974359375 0.59884375 0.44464102499999997 0.595125 0.4194871796875 0.57515625 0.4065128203125 0.578875 0.38671794843749996 0.57746875 0.360794871875 0.5681875 0.34556410312499997 0.56121875 0.340974359375 0.5403125 0.34556410312499997 0.539390625 0.373 0.543578125 0.389 0.5472812499999999 0.40423076875 0.54078125 0.4111025640625 0.52128125 0.41566666718749995 0.515234375 0.445384615625 0.51803125 0.462153846875 0.51803125 0.46976923125000003 0.5124531250000001 0.5002564109375001 0.52175 0.5078974359374999 0.528703125 0.5223589750000001 0.543109375 0.49569230781250007 0.539859375 0.4827435890625 0.539859375 0.47282051249999996 0.5352187500000001 0.449205128125
9 0.46453125 0.5188461531249999 0.46271874999999996 0.506974359375 0.44465625 0.48325641093750005 0.448265625 0.4699230765625 0.446453125 0.4417435890625 0.446453125 0.425435896875 0.42748437499999997 0.4150512828125 0.415734375 0.4358205125 0.4139375 0.45953846093750006 0.42296875 0.4773333328125 0.41484375 0.49512820468749996 0.398578125 0.5099487171875 0.400390625 0.5128974359375 0.40942187499999994 0.5499743593749999 0.42115625 0.5484871796874999 0.43200000000000005 0.5662820515625 0.440140625 0.5870512828125001 0.45187499999999997 0.5811025640625 0.45459375 0.5811025640625 0.459109375 0.5469999999999999 0.46453125 0.5188461531249999
9 0.27228125 0.41497435937500005 0.265984375 0.47058974375 0.271109375 0.479641025 0.275828125 0.5048717953125 0.276625 0.5074615390625 0.275046875 0.5223333328125 0.27228125 0.5275128203125 0.27621875 0.5352564109375 0.29278125 0.559846153125 0.297515625 0.559846153125 0.308546875 0.561794871875 0.317609375 0.5624358968750001 0.31603125 0.5559743593750001 0.3038125 0.544974359375 0.30303125 0.5378461531250001 0.295546875 0.5216923078125 0.29081250000000003 0.49064102500000006 0.300265625 0.4725384609375 0.31209375 0.4718717953125 0.329046875 0.48028205156250003 0.329828125 0.5029230765625 0.33140625 0.5307435890625001 0.33259375 0.534615384375 0.33614062499999997 0.544974359375 0.34046875 0.5191025640625 0.342828125 0.4776923078125 0.342828125 0.4693076921875 0.34440624999999997 0.4369487171875 0.342828125 0.4272564109375 0.338890625 0.41497435937500005 0.3243125 0.40010256406250005 0.3270625 0.39038461562500004 0.330625 0.38133333281250004 0.33021875 0.368384615625 0.32509375 0.3645128203125 0.32115625 0.3431794875 0.30815625 0.3341282046875 0.29909375 0.34900000000000003 0.29909375 0.3664615390625 0.296328125 0.362564103125 0.29671875000000003 0.381974359375 0.301453125 0.398153846875 0.29159375 0.4052564109375 0.28253125 0.4052564109375 0.27228125 0.41497435937500005
8 0.28153125 0.6520512828125 0.28128125000000004 0.6601282046875 0.279984375 0.678025640625 0.27971875 0.6971794874999999 0.290625 0.7005897437499999 0.28803125 0.6886666671875 0.28698437499999996 0.67376923125 0.286734375 0.661 0.290625 0.6503333328124999 0.28646875 0.647794871875 0.285421875 0.6473589750000001 0.28309375000000003 0.647794871875 0.28153125 0.6520512828125
8 0.36779687499999997 0.6857435890625 0.37115624999999997 0.6627179484375 0.36526562500000004 0.6539487171875 0.368359375 0.6484358968749999 0.3703125 0.64658974375 0.367515625 0.6428974359375 0.362734375 0.6428974359375 0.35909375 0.6475128203125 0.36134374999999996 0.664564103125 0.36779687499999997 0.6857435890625
8 0.37124999999999997 0.5546666671875 0.375578125 0.5579230765625 0.37834375 0.543025640625 0.377953125 0.5320512828124999 0.37479687500000003 0.5210512828125 0.37440625 0.51458974375 0.375984375 0.512641025 0.3751875 0.50876923125 0.37203125 0.5109230765625 0.370859375 0.5197435890625 0.366515625 0.5307435890625001 0.366515625 0.5495128203124999 0.37124999999999997 0.5546666671875
8 0.56034375 0.7359230765625 0.558546875 0.70441025625 0.56034375 0.6985128203125 0.56125 0.691615384375 0.558859375 0.689153846875 0.5546562500000001 0.6931025640625 0.555859375 0.7029487171875 0.54865625 0.7250769234375001 0.5495625000000001 0.7413333328125 0.56034375 0.7359230765625
8 0.8224375 0.7298974359375 0.828453125 0.7304615390625 0.8323281250000001 0.7235128203125 0.8383437499999999 0.7278717953125 0.83940625 0.7261282046875001 0.8379843749999999 0.7101794875 0.83534375 0.6988717953125 0.83321875 0.6951025640624999 0.83184375 0.682641025 0.8237187499999999 0.6853076921875 0.8241250000000001 0.6919487171875 0.8243750000000001 0.68841025625 0.82509375 0.6971282046875 0.824203125 0.7005897437499999 0.8243750000000001 0.723794871875 0.8224375 0.7298974359375
8 0.714640625 0.5118205125 0.70921875 0.50776923125 0.706265625 0.5097948718749999 0.7045312499999999 0.511 0.707734375 0.5162564109375001 0.70528125 0.5166666671875 0.70503125 0.5777435890625 0.706265625 0.5789487171875 0.71365625 0.5789487171875 0.714390625 0.5162564109375001 0.71390625 0.512205128125 0.714640625 0.5118205125
8 0.599171875 0.409846153125 0.5983906250000001 0.40535897500000007 0.593703125 0.4021282046875 0.59175 0.406641025 0.5921406250000001 0.41692307656249994 0.592921875 0.41692307656249994 0.5964375000000001 0.41692307656249994 0.599171875 0.409846153125
8 0.764484375 0.7260512828125 0.7639375 0.7357435890625 0.770390625 0.753358975 0.784875 0.756 0.773609375 0.7260512828125 0.76878125 0.7225128203125 0.768234375 0.708435896875 0.76071875 0.705794871875 0.762328125 0.7075384609375 0.758578125 0.7093076921875 0.764484375 0.7260512828125
8 0.943546875 0.6731794875 0.941078125 0.6512820515625 0.94059375 0.6488461531249999 0.93959375 0.64723076875 0.937625 0.6537179484375 0.9386093750000001 0.663435896875 0.941078125 0.674794871875 0.943546875 0.6731794875
8 0.059687500000000004 0.5328974359374999 0.060203125 0.5214615390625 0.049625 0.516384615625 0.053234375 0.5261282046875 0.053234375 0.5405384609375 0.053234375 0.541384615625 0.057359375000000004 0.5426666671875 0.059687500000000004 0.5328974359374999
8 0.11173437500000001 0.5520256406249999 0.11290625000000001 0.5524615390625 0.11590625000000002 0.5524615390625 0.11485937500000001 0.5404615390624999 0.113171875 0.533615384375 0.11564062500000001 0.5301794875 0.11564062500000001 0.5265384609375 0.111984375 0.5256923078125 0.11081250000000001 0.5235384609375 0.107546875 0.533384615625 0.10846875 0.5368205125000001 0.10846875 0.5458205125 0.11173437500000001 0.5520256406249999
8 0.6486875000000001 0.543641025 0.6536875 0.5346923078125 0.6523125000000001 0.516025640625 0.65321875 0.513794871875 0.6486875000000001 0.5093333328125 0.6500468749999999 0.5123076921874999 0.64640625 0.516025640625 0.64959375 0.5182820515625 0.6486875000000001 0.52723076875 0.6486875000000001 0.543641025
9 0.539203125 0.5771282046875 0.54384375 0.5881282046874999 0.540234375 0.5906666671874999 0.5371406249999999 0.6016410249999999 0.540234375 0.6134871796875 0.54846875 0.6041794875 0.557234375 0.596564103125 0.562890625 0.5948974359375 0.565984375 0.5720769234375 0.581421875 0.5534871796874999 0.5819375 0.5501025640625 0.5860624999999999 0.5357435890625 0.5819375 0.5247435890625 0.5788593750000001 0.51376923125 0.571125 0.5053076921875 0.570609375 0.4824871796875 0.573703125 0.458 0.5700937500000001 0.43687179531250003 0.562890625 0.4292564109375 0.5412656250000001 0.42841025625 0.535078125 0.4520769234375 0.539203125 0.46643589687500003 0.540234375 0.48417948749999995 0.543328125 0.4943333328125 0.5299375000000001 0.5230512828125 0.53303125 0.545025640625 0.535078125 0.545025640625 0.539203125 0.5644615390625 0.539203125 0.5771282046875
8 0.471671875 0.412974359375 0.471671875 0.441564103125 0.47325 0.457153846875 0.48274999999999996 0.436358975 0.471671875 0.412974359375
8 0.22150735312499997 0.3752639515625 0.216015625 0.375641025 0.2158203125 0.38952991406250004 0.22040441249999998 0.38823529375 0.2200469765625 0.402362996875 0.215625 0.403418803125 0.21510416718749997 0.416381765625 0.21819852968750003 0.414177978125 0.21968954218749998 0.41649069843750003 0.21709558750000002 0.427149321875 0.21458333281250003 0.4293447296875 0.21599264687500003 0.44012066406250006 0.2140625 0.44230769218750005 0.2131663609375 0.45797511249999995 0.2186172390625 0.45887380625 0.2182598046875 0.47300150781249994 0.21227022031249998 0.473642534375 0.21137408125 0.4893099546875 0.21790236875 0.4871292109375 0.217544934375 0.5012569124999999 0.210477940625 0.504977375 0.2125 0.515384615625 0.209375 0.5179487171875 0.20989583281250002 0.5324786328125 0.21770833281250002 0.5299145296875001 0.2182291671875 0.54444444375 0.2104166671875 0.547008546875 0.2109375 0.5615384609375 0.21875 0.558974359375 0.234375 0.4512820515625 0.2421875 0.45384615312500004 0.24392361093749998 0.42678062656250004 0.291840278125 0.41823361875 0.3046875 0.4205128203125 0.3046875 0.446153846875 0.3125 0.4487179484375 0.315625 0.41794871718750004 0.3697115390625 0.37337278125 0.38125 0.4230769234375 0.3796875 0.43589743593749997 0.3869140625 0.43269230781249995 0.3875 0.4384615390625 0.392578125 0.44230769218750005 0.4208984375 0.490384615625 0.42864583281249996 0.4871794875 0.434375 0.497435896875 0.4265625 0.5 0.421875 0.5102564109375 0.421875 0.5333333328125 0.4359375 0.5333333328125 0.440625 0.5230769234375 0.440625 0.5128205125 0.43072916718750004 0.474358975 0.44739583281249995 0.37179487187500004 0.4515625 0.3769230765625 0.4609375 0.3769230765625 0.465625 0.36666666718749996 0.465625 0.35641025625 0.4609375 0.346153846875 0.475 0.3102564109375 0.484375 0.3102564109375 0.4890625 0.3 0.5487980765625 0.37337278125 0.5540865390625 0.3982248515625 0.5578125 0.43589743593749997 0.565625 0.4384615390625 0.5671875 0.425641025 0.559375 0.4230769234375 0.5567307687499999 0.4106508875 0.5630756578125 0.41106612656249997 0.581578946875 0.3510121453125 0.6203125 0.274358975 0.628125 0.271794871875 0.6513139203125 0.2871794875 0.6506076390625 0.324045584375 0.6447240265625 0.4047619046875 0.65 0.415384615625 0.64375 0.41794871718750004 0.6453125 0.43076923125000005 0.653125 0.428205128125 0.653125 0.41794871718750004 0.65008680625 0.4023361828125 0.6501736109375 0.38928775 0.646672078125 0.378388278125 0.6502604171875 0.376239315625 0.647646103125 0.365201465625 0.6503472218749999 0.3631908828125 0.6486201296874999 0.3520146515625 0.6504340281250001 0.35014245 0.6495941562499999 0.3388278390625 0.6505208328125 0.3370940171875 0.677008928125 0.3446886453125 0.685216346875 0.3443786984375 0.68125 0.35641025625 0.6796875 0.384615384375 0.6875 0.3871794875 0.690625 0.374358975 0.690625 0.35641025625 0.732890625 0.3529487171875 0.7360887093749999 0.35839536875 0.7328776046875001 0.36720085468749997 0.7364919359375001 0.37138130625 0.73375 0.37641025625 0.7328645828125 0.3814529921875 0.7368951609375001 0.3843672453125 0.7339583328125 0.389401709375 0.7328515624999999 0.395705128125 0.7341666671875 0.4023931625 0.7328385421875 0.409957265625 0.7375 0.415384615625 0.7381048390625 0.4233250625 0.7328255203125 0.4242094015625 0.7328125 0.4384615390625 0.7375 0.44102564062500005 0.738911290625 0.4492969390625 0.73671245 0.45504549218749996 0.7393145156250001 0.462282878125 0.7374873984375 0.46906534375 0.7397177421875 0.47526881718749997 0.74217060625 0.4769117625 0.7421875 0.4384615390625 0.7385080640624999 0.43631100156249997 0.7421875 0.41794871718750004 0.8552083328125001 0.410921178125 0.884375 0.5051282046875001 0.8828125 0.528205128125 0.890625 0.5307692312500001 0.89375 0.525641025 0.89375 0.5051282046875001 0.93125 0.5029304031249999 0.934375 0.5102564109375 0.934375 0.525641025 0.9390625 0.5333333328125 0.9484375 0.5333333328125 0.953125 0.5230769234375 0.953125 0.5128205125 0.944866071875 0.49157509218750006 0.9622767859374999 0.45860805937500004 0.9734375 0.45384615312500004 0.978125 0.4615384609375 0.9875 0.4615384609375 0.9921875 0.4512820515625 0.9921875 0.4384615390625 0.9875 0.425641025 0.9796875 0.425641025 0.9680803578124999 0.447619046875 0.8921875 0.5047619046875 0.8515625 0.3991452984375 0.7932291671875 0.21073124375000002 0.7921875 0.202564103125 0.79375 0.1897435890625 0.7895833328124999 0.198955365625 0.784375 0.2 0.7859375 0.1871794875 0.7416666671875001 0.1978632484375 0.740625 0.202564103125 0.7328125 0.2 0.728846153125 0.2120315578125 0.73125 0.22051282031250002 0.7248798078124999 0.224063115625 0.6891826921875001 0.332347140625 0.6727678578125 0.3329670328125 0.6600446421874999 0.2978021984375 0.6609375 0.284615384375 0.655803571875 0.2860805859375 0.659375 0.271794871875 0.6515625 0.274358975 0.6369791671875 0.22136752187500003 0.6390625 0.21538461562500003 0.6390625 0.1948717953125 0.635 0.208205128125 0.6333333328124999 0.20811965781250003 0.63125 0.2179487171875 0.6259868421875 0.20688259062499997 0.5852796046875001 0.33900135 0.546153846875 0.36094674531250004 0.5302884609375 0.2863905328125 0.5328125 0.2820512828125 0.5265625 0.2820512828125 0.5234375 0.27692307656250004 0.534375 0.2666666671875 0.53125 0.2615384609375 0.525 0.2615384609375 0.4916666671875 0.2735042734375 0.4890625 0.27692307656250004 0.48333333281249996 0.2764957265625 0.48125 0.274358975 0.475 0.2794871796875 0.4703125 0.2871794875 0.4703125 0.30256410312500004 0.4671875 0.30170940156250003 0.4515625 0.346153846875 0.446875 0.353846153125 0.44947916718750003 0.358974359375 0.446875 0.36923076875 0.3890625 0.425641025 0.3668269234375 0.36094674531250004 0.34951923125 0.2863905328125 0.3515625 0.2641025640625 0.34375 0.2615384609375 0.34663461562500003 0.273964496875 0.3407552078125 0.274358975 0.3421875 0.2820512828125 0.3377604171875 0.2871794875 0.3078125 0.415384615625 0.29982638906250003 0.4168091171875 0.2340625 0.41461538437499995 0.2265625 0.3602564109375 0.22371323593749998 0.3493212671875 0.2248161765625 0.336349925 0.2228125 0.3330769234375 0.2234375 0.32564102500000003 0.2265625 0.3230769234375 0.2209375 0.31948717968749996 0.2190625 0.3058974359375 0.228125 0.3102564109375 0.2296875 0.297435896875 0.221875 0.2820512828125 0.2171875 0.29230769218749997 0.191875 0.27999999999999997 0.1875 0.284615384375 0.18125 0.271794871875 0.175 0.271794871875 0.1734375 0.2948717953125 0.2169921875 0.30619658125 0.2162109375 0.3617521375 0.22261029375 0.36229260937499996 0.22150735312499997 0.3752639515625
9 0.009375 0.528205128125 0.00625 0.541025640625 0.009375 0.5538461531250001 0.003125 0.5794871796875001 0.00625 0.6051282046875001 0.0015625 0.6358974359375 0.0015625 0.8769230765625 0.0375 0.8794871796875 0.05625 0.8717948718749999 0.071875 0.85641025625 0.1046875 0.85641025625 0.11875 0.84358974375 0.1390625 0.8512820515625 0.215625 0.8487179484375 0.234375 0.8589743593750001 0.3203125 0.8589743593750001 0.34375 0.8487179484375 0.365625 0.8487179484375 0.375 0.84358974375 0.4359375 0.846153846875 0.453125 0.8384615390624999 0.4640625 0.8384615390624999 0.4703125 0.84358974375 0.490625 0.8487179484375 0.5578125 0.846153846875 0.575 0.8641025640625 0.6078125 0.8846153843750001 0.646875 0.8897435890625 0.665625 0.9 0.740625 0.897435896875 0.7484375 0.9015082953125001 0.7625 0.9 0.7640625 0.9030165921875 0.7640625 0.9 0.7703125 0.9 0.771875 0.9037707390625 0.771875 0.9 0.778125 0.9 0.7796875 0.9045248875 0.7796875 0.9 0.784375 0.9 0.7875 0.9052790359375 0.7890625 0.9 0.79375 0.9 0.7953125 0.9060331828124999 0.7953125 0.9 0.8015625 0.9 0.803125 0.90678733125 0.803125 0.9 0.809375 0.9 0.8109375 0.9075414765625001 0.8109375 0.9 0.81875 0.9 0.81875 0.908295625 0.865625 0.9128205125 0.871875 0.9076923078125001 0.8734375 0.9135746609375 0.875 0.9076923078125001 0.88125 0.9102564109375001 0.88125 0.9143288078125 0.903125 0.9179487171874999 0.9171875 0.93076923125 0.9421875 0.9410256406249999 0.9734375 0.9410256406249999 0.990625 0.9333333328125001 0.9984375 0.925641025 0.990625 0.6282051281250001 0.996875 0.5923076921875 0.996875 0.5794871796875001 0.9875 0.5179487171875 0.9671875 0.5 0.965625 0.4820512828125 0.96875 0.45641025625 0.95625 0.415384615625 0.984375 0.297435896875 0.9984375 0.2871794875 0.9859375 0.29230769218749997 0.9828125 0.28974358906250003 0.978125 0.274358975 0.98125 0.2641025640625 0.98125 0.24615384687500003 0.978125 0.23589743593749998 0.9703125 0.23076923124999998 0.9703125 0.225641025 0.9796875 0.2128205125 0.98125 0.2 0.9778515625 0.1873076921875 0.9894921875 0.1701282046875 0.9875 0.1615384609375 0.9984375 0.1615384609375 0.99375 0.15897435937499999 0.9984375 0.1358974359375 0.878125 0.141025640625 0.85625 0.1384615390625 0.85625 0.15641025625 0.8515625 0.16923076875 0.8335999015625 0.170866140625 0.828125 0.1615384609375 0.828125 0.1384615390625 0.8171875 0.1384615390625 0.8 0.13076923125 0.7640625 0.13076923125 0.73125 0.12051282031249999 0.675 0.12051282031249999 0.6421875 0.1384615390625 0.625 0.13076923125 0.584375 0.12564102500000002 0.571875 0.1179487171875 0.5453125 0.11538461562499999 0.534375 0.11025641093750001 0.4609375 0.1128205125 0.45 0.10769230781250001 0.4 0.11025641093750001 0.371875 0.10512820468749999 0.3390625 0.10512820468749999 0.328125 0.1 0.175 0.1 0.1203125 0.11538461562499999 0.0921875 0.1179487171875 0.05625 0.141025640625 0.04375 0.141025640625 0.025 0.1487179484375 0.0046875 0.16923076875 0.0015625 0.2179487171875 0.0015625 0.5205128203125 0.003125 0.528205128125 0.009375 0.528205128125