8 0.7225409843749999 0.5094218749999999 0.7294877046875 0.48928125 0.7976434421875 0.49140625 0.8032172125000001 0.498828125 0.8018237703125 0.5094218749999999 0.8185245906249999 0.5009375 0.8060040984375 0.4330625 0.8004303281249999 0.40018750000000003 0.8240778687500001 0.353515625 0.807397540625 0.35034375 0.7851229515625 0.359890625 0.7239344265625001 0.35564062500000004 0.704446721875 0.34609375 0.683586065625 0.394890625 0.6710655734375 0.399125 0.6682991796875 0.41609375000000004 0.6794262296875 0.42670312499999996 0.672459015625 0.445796875 0.7002868859375 0.481859375 0.71836065625 0.50625 0.7225409843749999 0.5094218749999999
8 1 0.43803125 0.9376844265625 0.44540625 0.8834836062500001 0.364234375 0.8794877046874999 0.36120312499999996 0.876475409375 0.373859375 0.89854508125 0.415953125 0.8937704921874999 0.440265625 0.8869877046875001 0.4426875 0.8869877046875001 0.44907812500000005 0.8642827875 0.5180625 0.868258196875 0.5192812499999999 0.8722540984375 0.509859375 0.875430328125 0.5137968749999999 0.8730327875 0.526265625 0.8786270484375001 0.528390625 0.9033401640625 0.466703125 0.931618853125 0.46457812499999995 0.9690983609374999 0.528390625 0.9894262296875 0.52809375 0.9467827874999999 0.46365625 0.9609016390624999 0.4586875 1 0.4586875 1 0.45131249999999995 1 0.43803125
8 0 0.413 0.0004713109375 0.43029687499999997 0.010881146875 0.427421875 0.016536885937500002 0.455171875 0.0184426234375 0.47681250000000003 0 0.48004687500000004 0.0018852453125 0.49159375 0.0029508203125 0.49282812500000006 0.024959015625 0.485734375 0.02663934375 0.49670312499999997 0.0342622953125 0.49670312499999997 0.0283401640625 0.457328125 0.016495901562500002 0.403125 0.016495901562500002 0.39860937500000004 0.023258196875 0.385703125 0.031721310937500004 0.365046875 0.032561475 0.35731250000000003 0.0257991796875 0.355375 0.0231762296875 0.359640625 0.017971310937500002 0.36 0 0.36 0 0.413
8 1 0.373140625 0.998975409375 0.36978125 0.9813729515625 0.36978125 0.97770491875 0.366703125 0.9707377046874999 0.3641875 0.968913934375 0.36893750000000003 0.9655368859375001 0.3872875 0.9755122953124999 0.394109375 0.9755122953124999 0.39914062499999997 0.9638483609374999 0.3964625 0.9604713109375 0.41481250000000003 0.9604713109375 0.42403124999999997 0.9538729515625001 0.426828125 0.9564344265625 0.43410937499999996 0.9608401640625001 0.43689062500000003 0.9621789609375 0.44342708281250004 0.9679234984375 0.45274479218749997 0.9739631140625 0.46995 0.974258196875 0.47783749999999997 0.9826536890625001 0.4796796875 0.974553278125 0.48572499999999996 0.98310963125 0.48862890625000005 0.9748483609375 0.49361249999999995 0.9835655734375001 0.497578125 0.9751434421875 0.5015 0.9810040984375 0.5101718749999999 1 0.507921875 0.9986065578125001 0.497859375 0.9971516390625 0.497578125 0.9821977453124999 0.47073046874999996 0.981741803125 0.46178125000000003 0.9736680328125 0.46206250000000004 0.9795491796875 0.43634375 0.9795491796875 0.405859375 1 0.394390625 0.987756146875 0.39425 1 0.383765625 1 0.373140625
9 0.349836065625 0.180953125 0.388913934375 0.20823437500000003 0.36508196718749997 0.245609375 0.3756557375 0.2561875 0.3749544625 0.2720486109375 0.3900204921875 0.274109375 0.3822015875 0.279197265625 0.3746038265625 0.2799791671875 0.3742531890625 0.287909721875 0.36656378125 0.289373046875 0.3118314546875 0.32498828125 0.3031381734375 0.3286071421875 0.3040125515625 0.330076171875 0.296193646875 0.33516406249999997 0.29157786875 0.32878124999999997 0.26338114687499997 0.34134375 0.239118853125 0.339375 0.228790984375 0.335453125 0.2272540984375 0.32521875 0.21536885312499998 0.31340625 0.20092213124999997 0.30946875 0.193688525 0.32128125 0.21176229531250002 0.3248125 0.202725409375 0.33053125 0.21176229531250002 0.33978125000000003 0.22362704843749998 0.346859375 0.2649180328125 0.355515625 0.28837474375 0.340251953125 0.29411885312499997 0.3462 0.297930328125 0.372328125 0.2901229515625 0.4206875 0.26348360625 0.47260937500000005 0.30491803281249996 0.522265625 0.42334016406249997 0.46584375 0.4529508203125 0.51325 0.4174180328125 0.585484375 0.35229508125 0.675765625 0.3434016390625 0.799921875 0.25163934375 0.847328125 0.25163934375 0.8811875 0.3996516390625 0.86990625 0.4114959015625 0.8112187499999999 0.44405737656250005 0.68028125 0.5180737703125 0.608046875 0.5713729515625 0.666734375 0.639446721875 0.65771875 0.7371516390624999 0.83378125 0.7282786890625 0.8811875 0.6601844265625 0.937625 0.6927459015624999 0.9579375000000001 0.8259631140625 0.9082812499999999 0.7993237703125 0.8044375 0.7667622953125 0.7209218749999999 0.7280122953125 0.633421875 0.7190368859375 0.514203125 0.63276639375 0.40182812500000004 0.5713729515625 0.2288125 0.5151229515625 0.192703125 0.5073040468750001 0.197791015625 0.507594775 0.186072265625 0.45489754062500004 0.13965624999999998 0.46442622968749997 0.11182812499999999 0.45172131093749995 0.103359375 0.443790984375 0.0936875 0.38827868906249996 0.04409375 0.30735655781250004 0.059812500000000005 0.30508196718749997 0.084703125 0.32858606562500003 0.1403125 0.32610655781250003 0.153515625 0.349836065625 0.180953125
9 0.0020286890625 0.34249999999999997 0.0598594859375 0.3400669640625 0.059528689062499994 0.356828125 0.07237704843750001 0.355984375 0.072930328125 0.3461875 0.07142564375 0.3395803578125 0.0840983609375 0.34065625 0.082991803125 0.33909375 0.087459015625 0.334265625 0.07182377031250001 0.304171875 0.078524590625 0.29225 0.0695901640625 0.280328125 0.0494877046875 0.265 0.054508196875000005 0.2581875 0.053954918750000004 0.24584375 0.0355327875 0.24159375 0.022684426562500002 0.24925000000000003 0.023790984374999997 0.25989062500000004 0.0288319671875 0.27225 0.01038934375 0.27778125 0.00145491875 0.301625 0.0031352453125 0.3148125 0.0109631140625 0.319078125 0.0003483609375 0.337390625 0.0020286890625 0.34249999999999997
9 0.08760245901639344 0.336953125 0.09659836065573771 0.356015625 0.0865983606557377 0.37734375 0.08059426229508196 0.38268749999999996 0.09358606557377049 0.387265625 0.1080840163934426 0.385734375 0.11608606557377048 0.37715624999999997 0.10309426229508196 0.3630625 0.10625 0.3610885421875 0.10759221311475409 0.354109375 0.11891393442622951 0.3608333328125 0.13157786885245898 0.360578125 0.11858606557377047 0.352203125 0.11557786885245902 0.34609999999999996 0.1485655737704918 0.35525 0.18254098360655735 0.352203125 0.17489071106557375 0.3405104171875 0.1855532786885246 0.33999999999999997 0.1835450819672131 0.333140625 0.18055327868852458 0.32895703125 0.18954918032786885 0.324765625 0.1855532786885246 0.308 0.18454918032786885 0.289703125 0.17954918032786885 0.2729375 0.15756147540983606 0.254640625 0.14256147540983605 0.23940625 0.11858606557377047 0.238640625 0.11557377049180326 0.25389062500000004 0.12057377049180326 0.27140624999999996 0.11157786885245902 0.278265625 0.10858606557377048 0.29884374999999996 0.10358606557377048 0.31637499999999996 0.08858606557377048 0.324 0.10457991803278688 0.34190624999999997 0.09358606557377049 0.33999999999999997 0.08760245901639344 0.336953125
9 0.7018237703125 0.31232812499999996 0.7028073765625 0.308078125 0.7008606562499999 0.301609375 0.6952868859375 0.29346875 0.6950409843750001 0.27923437500000003 0.6972131140625 0.273125 0.6952868859375 0.265359375 0.6901844265625 0.257046875 0.6860655734375001 0.25296875 0.6894672125 0.250375 0.687274590625 0.24317187499999998 0.67782786875 0.2370625 0.6693442625 0.238921875 0.6608401640625 0.24260937500000002 0.6610860656249999 0.25020312499999997 0.6545491796875 0.250375 0.64895491875 0.25389062500000004 0.6470286890625 0.259625 0.6467827875000001 0.26646875 0.6431352453125 0.289578125 0.6445901640625 0.2956875 0.643381146875 0.3003125 0.63854508125 0.303453125 0.6387704921874999 0.314171875 0.6528483609375 0.31584375 0.6969877046875 0.313984375 0.7018237703125 0.31232812499999996
9 0.6073770484375001 0.32059375 0.6258401640625 0.31778125 0.6282991796874999 0.30839062500000003 0.6184631140625 0.2849375 0.62461065625 0.270859375 0.6221516390625 0.260546875 0.603688525 0.25303125 0.6086065578125 0.24928124999999998 0.5975409843749999 0.230515625 0.5803073765625 0.238015625 0.5803073765625 0.25303125 0.5913934421875 0.282125 0.6012295078125 0.298078125 0.6073770484375001 0.32059375
2 0.9020491796875 0.22915625 0.8376434421875001 0.22940624999999998 0.8176434421875 0.23484375000000002 0.8135655734375 0.243359375 0.8159426234374999 0.24725000000000003 0.8278073765625 0.24698437499999998 0.9169672125 0.24698437499999998 0.9122131140624999 0.2376875 0.9020491796875 0.22915625
8 0.3092622953125 0.23153125000000002 0.29663934375 0.22084375 0.27840163906250004 0.21335937500000002 0.24895491875000003 0.22190625000000003 0.2138934421875 0.24543750000000003 0.2068852453125 0.261484375 0.20407786875 0.30212500000000003 0.20407786875 0.314953125 0.22231557343750002 0.32243750000000004 0.233524590625 0.33528125000000003 0.2601844265625 0.34168750000000003 0.2713934421875 0.3780625 0.2826229515625 0.42190625 0.285430328125 0.430453125 0.3148770484375 0.43153125000000003 0.285430328125 0.337421875 0.3176844265625 0.2839375 0.31627049218750003 0.24971875 0.3092622953125 0.23153125000000002
8 0.145881146875 0.40257812499999995 0.1581352453125 0.40214062500000003 0.20157786875 0.46459374999999997 0.214959015625 0.46331249999999996 0.20047131093749998 0.44165625000000003 0.20381147500000002 0.43782812499999996 0.210491803125 0.444625 0.2177459015625 0.44632812499999996 0.22387295156250003 0.44590625 0.185430328125 0.40171875 0.21940573749999998 0.39959375 0.22831967187500002 0.387703125 0.2255327875 0.38175 0.1731762296875 0.38303125 0.1274795078125 0.330359375 0.12135245937500001 0.330359375 0.1196926234375 0.33587500000000003 0.115225409375 0.33671875 0.11188524531249999 0.34182812500000004 0.13473360625 0.378359375 0.1169057375 0.46118750000000003 0.1219262296875 0.46331249999999996 0.13473360625 0.45015625000000004 0.145881146875 0.40257812499999995
9 0.5863729515625 0.20878125 0.59026639375 0.19809375 0.5824795078125 0.1796875 0.5863729515625 0.17553125 0.6120696718749999 0.18384375 0.6206352453124999 0.17553125 0.6089549187500001 0.17196875 0.5863729515625 0.163640625 0.5894877046875 0.154140625 0.588709015625 0.152953125 0.57625 0.148796875 0.5754713109375 0.148203125 0.56145491875 0.157703125 0.557561475 0.16721875 0.557561475 0.1844375 0.5606762296875 0.19275 0.5653483609375 0.20640624999999999 0.5707991796874999 0.2165 0.5746926234374999 0.23312499999999997 0.5824795078125 0.22659375 0.5832581968749999 0.22599999999999998 0.5863729515625 0.20878125
9 0.65979508125 0.248453125 0.65979508125 0.21437499999999998 0.649631146875 0.2004375 0.6516598359375 0.174109375 0.6414959015624999 0.163265625 0.6354098359375 0.14003125 0.615102459375 0.14621875 0.6293237703125001 0.1570625 0.617131146875 0.161703125 0.615102459375 0.17875000000000002 0.617131146875 0.20198437500000002 0.615102459375 0.242265625 0.6293237703125001 0.24070312500000002 0.637438525 0.22057812499999999 0.6354098359375 0.2360625 0.6414959015624999 0.23142187500000003 0.6455737703125 0.248453125 0.65979508125 0.248453125
9 0.0975 0.24867187500000001 0.103913934375 0.24684374999999997 0.1035040984375 0.24256250000000001 0.10993852500000001 0.23675000000000002 0.1035040984375 0.2245 0.099897540625 0.22174999999999997 0.0982991796875 0.21931250000000002 0.0950819671875 0.21501562500000002 0.09026639374999999 0.21349999999999997 0.08465163906249999 0.214109375 0.0818442625 0.21717187500000001 0.0814344265625 0.224203125 0.066188525 0.230625 0.07422131093749999 0.23735937499999998 0.07182377031250001 0.240421875 0.0678073765625 0.248375 0.0975 0.24867187500000001
9 0.09473360625 0.31209375 0.102336065625 0.283765625 0.08967213125 0.27603125 0.082069671875 0.26315625 0.0761680328125 0.2515625 0.0694057375 0.242546875 0.057581967187500006 0.247703125 0.0482991796875 0.258 0.051680328124999994 0.275390625 0.0694057375 0.28698437499999996 0.0694057375 0.299859375 0.0744672125 0.31015625 0.082069671875 0.32432812499999997 0.0964344265625 0.32496875 0.0964344265625 0.3236875 0.09473360625 0.31209375
9 0 0.29690625000000004 0.00282786875 0.29895312500000004 0.006290984375 0.29104687500000004 0.0112704921875 0.272609375 0.0231762296875 0.25592187499999997 0.025860656250000003 0.24596874999999999 0.0101229515625 0.24100000000000002 0 0.242453125 0 0.259140625 0 0.26909375 0 0.29690625000000004
9 0.11942622968750001 0.243015625 0.1211270484375 0.24075000000000002 0.1240983609375 0.23912499999999998 0.12836065624999998 0.23815624999999999 0.1347540984375 0.237828125 0.133053278125 0.23653125 0.130491803125 0.23424999999999999 0.12836065624999998 0.228078125 0.125819671875 0.22678125 0.1245286890625 0.224515625 0.1245286890625 0.22126562500000002 0.12368852500000001 0.218015625 0.1219877046875 0.21575000000000003 0.11899590156249999 0.21575000000000003 0.1164344265625 0.217046875 0.11516393437500001 0.21964062499999998 0.11473360625 0.22223437499999998 0.11473360625 0.22484375 0.1138934421875 0.22678125 0.11260245937499999 0.22743750000000001 0.10836065624999999 0.228078125 0.10706967187500001 0.2290625 0.10706967187500001 0.231 0.10836065624999999 0.23328125000000002 0.110491803125 0.235875 0.1121926234375 0.23879687500000002 0.1113319671875 0.24171874999999998 0.11090163906249999 0.2459375 0.1113319671875 0.2459375 0.11516393437500001 0.24626562500000002 0.11942622968750001 0.243015625
8 0.7719262296875 0.298234375 0.78354508125 0.303640625 0.91973360625 0.297734375 0.921024590625 0.29478125 0.8887499999999999 0.29281250000000003 0.7719262296875 0.298234375
8 0.9622540984375 0.31575000000000003 0.94092213125 0.314 0.792274590625 0.31865625 0.7945696718749999 0.327375 0.8349590156250001 0.32271875 0.9607377046875 0.3198125 0.9622540984375 0.31575000000000003
9 0.7124795078124999 0.234375 0.7001844265625 0.236578125 0.6929713109375 0.245953125 0.7023565578125 0.25201562499999997 0.7045286890625 0.25753125 0.69729508125 0.261390625 0.693688525 0.271859375 0.6922336062500001 0.288390625 0.69657786875 0.296109375 0.703811475 0.2983125 0.7001844265625 0.300515625 0.70092213125 0.3131875 0.6929713109375 0.33028124999999997 0.6893442624999999 0.350109375 0.7088729515625001 0.3468125 0.7131967218749999 0.324765625 0.718258196875 0.319796875 0.7197131140625 0.324765625 0.718258196875 0.34515625 0.7117622953125 0.350109375 0.722602459375 0.35176562499999997 0.7406762296875 0.349015625 0.7406762296875 0.31925 0.7652459015625 0.313734375 0.7645286890625 0.29334375 0.7587295078125 0.28507812499999996 0.7558401640625 0.26303125 0.7290983609375 0.2465 0.723319671875 0.24704687500000003 0.722602459375 0.23878125 0.7124795078124999 0.234375
9 0.9442213109375001 0.385046875 0.9528893437500001 0.39775 0.9555532781249999 0.42571875 0.997561475 0.434859375 0.9988934421875 0.30471875000000004 0.9648975406250001 0.32556250000000003 0.9442213109375001 0.385046875