8 0.568859375 0.45744730625 0.570946875017135 0.5114426229432134 0.575390625 0.38325526875000004 0.574078125 0.2668618265625 0.572765625 0.2619672125 0.562984375 0.25805620625 0.55515625 0.2629508203125 0.55971875 0.35278688593749996 0.568859375 0.45744730625
8 0.3581875 0.714543325 0.36209375 0.7336065578125 0.383609375 0.754847775 0.389953125 0.7504449656250001 0.39435937499999996 0.732131146875 0.39534375 0.7284777515624999 0.39778125000000003 0.708688525 0.401203125 0.696955503125 0.401203125 0.6815690859375 0.4016875 0.674988290625 0.403640625 0.66325526875 0.39631249999999996 0.6544730671875 0.37871875 0.650796253125 0.36698437500000003 0.6537236531249999 0.36503125000000003 0.6771662765625 0.36503125000000003 0.6925761125000001 0.36062500000000003 0.7072131140625 0.3581875 0.714543325
9 0.540640625 0.8366978921875001 0.5546875 0.7910772828125 0.59215625 0.7208899296875 0.636640625 0.6594613578125 0.653046875 0.6594613578125 0.678796875 0.6734894609375 0.726796875 0.7033255265625 0.7443593749999999 0.8121311468749999 0.749046875 0.8384543328125 0.7502187499999999 0.8700468390625 0.8005625000000001 0.8805854796875 0.8099375 0.8735597187499999 0.8064218750000001 0.8577517562500001 0.784171875 0.831428571875 0.78534375 0.8209133484375 0.770125 0.712107728125 0.75725 0.6734894609375 0.7396874999999999 0.6348946140625 0.703390625 0.5980327875 0.69753125 0.5804918031249999 0.683484375 0.56644028125 0.685828125 0.5506557375 0.685828125 0.5331147546875 0.683484375 0.5173067921875 0.6823125 0.508548009375 0.696359375 0.4997658078125 0.69284375 0.4839812640625 0.694015625 0.45238875937499995 0.694015625 0.42606557343749996 0.6823125 0.405011709375 0.668265625 0.3997423890625 0.658890625 0.3909601875 0.656546875 0.36639344218750003 0.646015625 0.33831381718750003 0.6249374999999999 0.33304449687500004 0.607375 0.34709601874999996 0.600359375 0.36639344218750003 0.598015625 0.40676815 0.59215625 0.4190398125 0.573421875 0.44185011718749995 0.5757656250000001 0.45941452031249996 0.568734375 0.45414519843749995 0.5453281249999999 0.48573770468750005 0.5289375 0.52608899375 0.531265625 0.5453864171875 0.55 0.5453864171875 0.55703125 0.5331147546875 0.56171875 0.524332553125 0.565234375 0.5296018734375 0.5699062500000001 0.52608899375 0.5839531250000001 0.5296018734375 0.59684375 0.5418735359375 0.590984375 0.55416861875 0.59215625 0.5699531609374999 0.585125 0.584004684375 0.5640625 0.6892974234375 0.551171875 0.69805620625 0.53478125 0.740187353125 0.52425 0.78932084375 0.5113749999999999 0.8016159249999999 0.5113749999999999 0.8156440281249999 0.49264062500000005 0.848992975 0.498484375 0.8612646375 0.52659375 0.859508196875 0.527765625 0.84548009375 0.540640625 0.8366978921875001
9 0.344390625 0.6484777515625 0.3399895828125 0.6586494921875 0.3431875 0.7059484781250001 0.33599999999999997 0.7400936765624999 0.358171875 0.74906323125 0.361765625 0.7382903984375 0.358171875 0.7068618265625 0.35996875 0.697868853125 0.3431875 0.6879859484375 0.35996875 0.6574707265625 0.376140625 0.64936768125 0.38153125 0.6359016390625001 0.38932812499999997 0.626932084375 0.40610937500000005 0.6287119437500001 0.41509375000000004 0.6323185015624999 0.427078125 0.6403981265625001 0.4216875 0.6718266984375 0.4085 0.7131381734375 0.413296875 0.72840749375 0.427078125 0.7355971890624999 0.43726562500000005 0.7373770484375 0.438453125 0.722131146875 0.451640625 0.6466744734375001 0.454640625 0.618852459375 0.452234375 0.6116627640625001 0.43785937500000005 0.6026697890625 0.425875 0.591007025 0.42467187500000003 0.5389227171875001 0.41928124999999994 0.508384075 0.407296875 0.4868384078125 0.395921875 0.4715690859375 0.3953125 0.46526932031249996 0.400703125 0.44192037500000003 0.39471875 0.419484778125 0.385734375 0.4131850109375 0.368953125 0.42126463750000004 0.365953125 0.4320374703125 0.36715624999999996 0.4526932078125 0.37075 0.4670726 0.368359375 0.4706557375 0.35876562500000003 0.4778454328125 0.34559375000000003 0.4931147546875 0.338390625 0.5326229515625001 0.33959375 0.5613583140625 0.33959375 0.6197423890625 0.338390625 0.6439812640625 0.344390625 0.6484777515625
9 0.3669375 0.4378454328125 0.371859375 0.42098360625 0.385234375 0.414660421875 0.39859374999999997 0.4241451984375 0.400703125 0.44416861875 0.39578125000000003 0.469484778125 0.40210937500000005 0.47053864218749997 0.404921875 0.42098360625 0.41618750000000004 0.4136065578125 0.416890625 0.371428571875 0.40914062500000004 0.3450585484375 0.403515625 0.33873536249999997 0.38453125 0.3334660421875 0.377484375 0.325035128125 0.377484375 0.3102810296875 0.383828125 0.30604215468749996 0.383828125 0.2965573765625 0.38101562499999997 0.2923419203125 0.3781875 0.2702107734375 0.367640625 0.25967213125 0.3585 0.2638875875 0.350765625 0.26810304375 0.34725 0.2923419203125 0.34725 0.30604215468749996 0.35146875 0.31976580781249997 0.35146875 0.32819672187500004 0.3310625 0.3429508203125 0.327546875 0.3629976578125 0.32965625 0.3925058546875 0.33246875 0.4093911 0.3366875 0.426252928125 0.333171875 0.4536533953125 0.338796875 0.47580796249999996 0.337390625 0.5042622953125 0.340203125 0.5106089 0.347953125 0.485292740625 0.367640625 0.46843091406250004 0.371859375 0.462107728125 0.3669375 0.4378454328125
9 0.745328125 0.5889695546875 0.748328125 0.5934660421875 0.75584375 0.6677985953125 0.7693749999999999 0.6970726 0.7889062499999999 0.753372365625 0.797921875 0.7353629984375 0.7889062499999999 0.69482435625 0.7828906250000001 0.6250117093750001 0.781390625 0.5799531609375 0.7889062499999999 0.5574238874999999 0.79040625 0.492107728125 0.79190625 0.44482435625 0.7828906250000001 0.390772834375 0.75734375 0.370491803125 0.75884375 0.32093676875 0.7438281250000001 0.2984309140625 0.725796875 0.3074238875 0.728796875 0.361475409375 0.71828125 0.377259953125 0.695734375 0.41779859531249997 0.6972343750000001 0.4583372359375 0.710765625 0.492107728125 0.71828125 0.609227165625 0.72128125 0.6250117093750001 0.7468281250000001 0.6475175640625 0.745328125 0.5889695546875
9 0.534203125 0.41742388750000003 0.5398125 0.42644028125 0.5367968750000001 0.4658079625 0.5514375 0.4755035125 0.554453125 0.47419203750000005 0.56865625 0.454847775 0.56865625 0.4458079625 0.57421875 0.440515221875 0.56801171875 0.43193208437499997 0.574140625 0.4275008359375 0.5823229171875 0.430850896875 0.59853125 0.41152224843749996 0.597984375 0.400772834375 0.591359375 0.35934426249999996 0.5827890625000001 0.3510655734375 0.57375 0.36242890625 0.57421875 0.3427868859375 0.56561875 0.319723653125 0.5587500000000001 0.33093676875 0.5573177078125 0.3191100703125 0.5613187500000001 0.3081920375 0.5558854171875 0.307283371875 0.55701875 0.296660421875 0.554453125 0.295456675 0.55271875 0.28512880625000003 0.5385156249999999 0.2883372359375 0.531625 0.29674473125 0.531203125 0.31674473124999997 0.5281875 0.32255269375 0.532921875 0.3348009375 0.5359375 0.3380327875 0.536359375 0.3412646375 0.51053125 0.361920375 0.505359375 0.39805620625000004 0.50278125 0.42451990625 0.508375 0.42838407500000003 0.519140625 0.4141920375 0.534203125 0.41742388750000003
9 0.948140625 0.530163934375 0.945640625 0.5068852453125 0.9436406249999999 0.49562060937499997 0.936125 0.4836299765625 0.92359375 0.47761124062500004 0.933609375 0.43782201406250004 0.9306093750000001 0.4205620609375 0.9205937499999999 0.41906323125 0.909078125 0.4160655734375 0.9045624999999999 0.43782201406250004 0.897546875 0.4468384078125 0.9035624999999999 0.4603512875 0.889546875 0.46259953125 0.8725156249999999 0.47461358281250005 0.8619843749999999 0.5031381734375 0.855484375 0.5474238875 0.84946875 0.5864637 0.8519687499999999 0.6202576109375 0.8699999999999999 0.6292505859374999 0.8699999999999999 0.664543325 0.8675 0.7155971890624999 0.869 0.736604215625 0.88853125 0.73810304375 0.890046875 0.68255269375 0.894546875 0.6074941453125 0.92109375 0.6187587828125001 0.91859375 0.6255035125 0.939125 0.6420140515625 0.9491406250000001 0.6352693203124999 0.952140625 0.614988290625 0.9506406249999999 0.6142388765625 0.947640625 0.5977283375 0.933609375 0.59098360625 0.952140625 0.5729508203125 0.948140625 0.530163934375
9 0.13490625 0.81674473125 0.142875 0.819555034375 0.1363125 0.8399063234374999 0.146609375 0.85391100625 0.15971875 0.8693442625 0.1765625 0.8770726 0.199953125 0.8763700234374999 0.214453125 0.8553161593749999 0.22521874999999997 0.8581264640624999 0.248140625 0.8553161593749999 0.2575 0.8602341921875001 0.269203125 0.8581264640624999 0.273875 0.8462060890625 0.27528125000000003 0.834988290625 0.31459375 0.80063231875 0.337046875 0.7739812640625 0.337515625 0.750819671875 0.334234375 0.738899296875 0.322078125 0.722084309375 0.3094375 0.7157611234375 0.30007812500000003 0.7213817328125 0.287921875 0.7227868859375 0.28698437499999996 0.7115456671875 0.27949999999999997 0.7017330203125 0.27014062499999997 0.6947306796875 0.244875 0.68840749375 0.25001562499999996 0.66386416875 0.27949999999999997 0.673676815625 0.29071875 0.6617564406249999 0.34265625 0.6870023421875 0.3679375 0.7010304453125 0.367 0.6617564406249999 0.34828125 0.6484309140625 0.29071875 0.60775175625 0.287921875 0.597236534375 0.27996875 0.5804215453125 0.26125 0.5804215453125 0.264515625 0.56709601875 0.269671875 0.5418501171875 0.264515625 0.5095784546875 0.24674999999999997 0.49906323124999996 0.212578125 0.4941451984375 0.195734375 0.49836065625000003 0.184046875 0.5151990625 0.182640625 0.5418501171875 0.18778125 0.560772834375 0.164859375 0.5874238875 0.131640625 0.617587821875 0.095140625 0.7101639343749999 0.11759375000000001 0.8097423890625001 0.120875 0.8181498828124999 0.13490625 0.81674473125
9 0.168828125 0.44629976562499996 0.18021875 0.407611240625 0.18021875 0.34960187343750004 0.163515625 0.32456674531249996 0.152125 0.3222716625 0.121 0.3256908671875 0.10809375000000002 0.3734894609375 0.0640625 0.4121779859375 0.001046875 0.480444965625 0.00028125 0.8696018734375001 0.03825 0.8741451984375 0.021546875 0.8297658078125 0.032937499999999995 0.8297658078125 0.040515625 0.8274941453125001 0.04584375 0.7876814984375 0.05190625 0.6590866515625 0.058750000000000004 0.6625058546875 0.0640625 0.675035128125 0.078484375 0.7046135828125 0.086078125 0.812716628125 0.083796875 0.8343325531250001 0.08303125 0.8457142859375001 0.149078125 0.8525292734375001 0.145296875 0.819531615625 0.12251562499999999 0.8081498828125 0.117203125 0.795644028125 0.096703125 0.7080327875 0.121 0.6408899296875 0.10960937500000001 0.6203981265625 0.09821875 0.6135831375 0.08834375 0.6044730671874999 0.09290625 0.5566744734375 0.12175 0.54416861875 0.152125 0.4713348953125 0.168828125 0.44629976562499996
9 0.41531250000000003 0.40224824375 0.42579687499999996 0.408992975 0.433296875 0.46517564375 0.433296875 0.591007025 0.45128124999999997 0.6112412171875 0.44529687500000004 0.7123653390625 0.46628125000000004 0.7325761125 0.45878125000000003 0.59325526875 0.46628125000000004 0.5236065578125 0.48726562500000004 0.561803278125 0.48426562500000003 0.48313817343750004 0.503765625 0.47416861875 0.512765625 0.391007025 0.49176562500000004 0.328079625 0.47228125 0.33482435625 0.47978125 0.26967213125 0.45428125 0.2516861828125 0.439296875 0.2786416859375 0.442296875 0.32583138125 0.41829687499999996 0.35955503437499997 0.424296875 0.35056206093750003 0.41381249999999997 0.3550585484375 0.41531250000000003 0.40224824375
9 1 0.38208430937500004 0.9995312500000001 0.343044496875 0.9930625 0.338220140625 0.9803750000000001 0.328852459375 0.9840781249999999 0.319203746875 0.989359375 0.30222482500000003 0.9924843750000001 0.2913817328125 0.9885781250000001 0.2870023421875 0.9875937499999999 0.2776346609375 0.985453125 0.265339578125 0.9766562499999999 0.2618266984375 0.9704062499999999 0.2618266984375 0.9635781250000001 0.26386416874999996 0.9586874999999999 0.2831850109375 0.95615625 0.290515221875 0.9557656250000001 0.30163934375 0.9586874999999999 0.309531615625 0.9606406249999999 0.3180327875 0.9553750000000001 0.3233021078125 0.9491250000000001 0.3279859484375 0.932515625 0.3420374703125 0.9254843749999999 0.3525761125 0.9186562500000001 0.37861826718749997 0.9125937499999999 0.40086651093750003 0.9127968750000001 0.40613583125 0.9141562499999999 0.4096487125 0.9260781250000001 0.417259953125 0.93271875 0.43892271718750003 0.9305625 0.4480093671875 0.9276406250000001 0.45971897031250003 0.9258749999999999 0.470843090625 0.9348593749999999 0.47990632343749995 0.9358437500000001 0.483419203125 0.9471718750000001 0.5050819671875 0.9528281249999999 0.55163934375 0.9549843750000001 0.5926229515625 0.9530312500000001 0.607540984375 0.9516562499999999 0.619555034375 0.9457968749999999 0.6382903984375 0.9391562499999999 0.6441451984375 0.9338906250000001 0.6470726 0.93446875 0.6886416859375 0.9377968750000001 0.70386416875 0.9372031249999999 0.711756440625 0.9358437500000001 0.721124121875 0.9358437500000001 0.7290398125 0.9582968749999999 0.7407494140625001 0.9797812499999999 0.740163934375 0.9829062499999999 0.73810304375 0.9862343750000001 0.730491803125 0.9979531250000001 0.7313817328125001 1 0.7328337234375 1 0.7144028109375 0.991109375 0.7091334890625001 0.9889687500000001 0.6965339578124999 0.9938437499999999 0.6918501171875 0.9920937500000001 0.6822014046875 0.98740625 0.66901639375 0.9903437500000001 0.658079625 0.9906406249999999 0.6145901640625 0.9927187500000001 0.5990632312499999 0.995078125 0.5355971890625 0.995671875 0.47437939062499995 1 0.46149882968749995 1 0.43932084375 1 0.38208430937500004
9 0.6159687500000001 0.2802341921875 0.610890625 0.2881264640625 0.607953125 0.3056908671875 0.6116718750000001 0.3214988296875 0.6116718750000001 0.328524590625 0.595265625 0.3452224828125 0.5905781250000001 0.35283372343749997 0.5866718750000001 0.3642388765625 0.5933125 0.382107728125 0.596828125 0.3923419203125 0.59975 0.381803278125 0.5999531250000001 0.361311475 0.602484375 0.35283372343749997 0.6101093750000001 0.340819671875 0.6325624999999999 0.31740046875 0.62846875 0.30744730625 0.627484375 0.296627634375 0.629828125 0.28608899375 0.626515625 0.2781733015625 0.621625 0.2781733015625 0.6159687500000001 0.2802341921875
9 0.50653125 0.4331850109375 0.50596875 0.456276346875 0.507625 0.46451990624999995 0.5070781249999999 0.46533957812500004 0.492765625 0.47936768125 0.477921875 0.5024590156250001 0.47462499999999996 0.5502810296875 0.48012499999999997 0.5733723656249999 0.49057812500000003 0.58325526875 0.49167187500000004 0.5849180328125 0.488375 0.5931615921875 0.48451562499999995 0.5997423890625 0.48287500000000005 0.6137704921875 0.4850625 0.6368618265625 0.488375 0.6492271656249999 0.490015625 0.6822014046875 0.491125 0.6896252921875 0.48892187500000006 0.7088056203125 0.48451562499999995 0.7310772828125 0.4850625 0.7384777515625001 0.50046875 0.7434426234375 0.50653125 0.740140515625 0.507625 0.726955503125 0.50596875 0.706323184375 0.502125 0.6989227171875 0.50871875 0.6642857140625 0.510375 0.6428337234375 0.5120312499999999 0.6296487125 0.5142187500000001 0.6263466046875 0.5131249999999999 0.6151990625 0.507625 0.6044730671874999 0.507625 0.5929274 0.5114687499999999 0.5855035125 0.519171875 0.5822248250000001 0.527421875 0.584683840625 0.5329375 0.5879859484375001 0.5384375 0.592107728125 0.5373281249999999 0.5987119437499999 0.5290781250000001 0.6160187359375 0.5373281249999999 0.629203746875 0.542828125 0.6316861828125 0.544484375 0.6457142859375 0.5505312499999999 0.6753864171874999 0.555484375 0.6943559718750001 0.5593281250000001 0.6935363 0.56703125 0.6836299765625 0.571984375 0.64323185 0.5703437499999999 0.609203746875 0.562640625 0.5894145203125001 0.5576875 0.5844730671875 0.56484375 0.558079625 0.57253125 0.54901639375 0.579140625 0.5399531609375 0.582984375 0.5317096015625 0.574734375 0.527587821875 0.5631875 0.5308665109375 0.553828125 0.5374707265625001 0.551078125 0.542412178125 0.53953125 0.5465339578124999 0.536234375 0.5465339578124999 0.532375 0.5349882906250001 0.532375 0.5218032781249999 0.54228125 0.5011943796875 0.5461406249999999 0.4805854796875 0.551078125 0.47564402812499995 0.5439375 0.4723419203125 0.5384375 0.4673770484375 0.5384375 0.436651053125 0.53953125 0.434847775 0.53678125 0.420819671875 0.521375 0.4142388765625 0.510921875 0.4233021078125 0.50653125 0.4331850109375
9 0.6970156249999999 0.33756440312499997 0.7024843749999999 0.35770491875 0.6985 0.374847775 0.6865625 0.38903981249999997 0.6880468750000001 0.406932084375 0.69253125 0.4375175640625 0.6915312499999999 0.4733255265625 0.694515625 0.508384075 0.6865625 0.5508899296875 0.687546875 0.5747540984375 0.702984375 0.5934192031250001 0.7089531250000001 0.5934192031250001 0.715421875 0.5807259953125 0.7184062499999999 0.5658079625 0.71790625 0.5337470718749999 0.71790625 0.500163934375 0.7089531250000001 0.485995315625 0.7005 0.46957845468750004 0.6985 0.4472131140625 0.6985 0.42110070312500003 0.70546875 0.39873536249999997 0.71740625 0.3793442625 0.725875 0.3726229515625 0.729359375 0.366651053125 0.722890625 0.3584543328125 0.7238749999999999 0.33384075 0.722890625 0.321147540625 0.7169218749999999 0.304004684375 0.700984375 0.3025058546875 0.696515625 0.313700234375 0.6970156249999999 0.33756440312499997
8 0.3051510421875 0.6027400468749999 0.3133707390625 0.5966851171875 0.3137421875 0.6023302109374999 0.3212279828125 0.596789971875 0.3223333328125 0.601920375 0.3290852265625 0.5968948265625 0.3309244796875 0.6015105390625 0.336942471875 0.59699968125 0.339515625 0.601100703125 0.4076576703125 0.5979433671875001 0.470515625 0.5987822015625001 0.6587109375 0.59391100625 0.7687467453125 0.5933782203125 0.776453125 0.5949180328125 0.84734375 0.5929976578125 0.848625 0.5834426234375 0.805109375 0.5834426234375 0.800185546875 0.5932259953125001 0.79640625 0.5834426234375 0.7923258468750001 0.5932640515625 0.787703125 0.5834426234375 0.7844661453125 0.5933021078125 0.7766064453125 0.5933401640625 0.779 0.5834426234375 0.6508512375 0.5939490625 0.48579752656249997 0.59474824375 0.480171875 0.5974707265625 0.477937825 0.5947863 0.479296875 0.584964871875 0.470078125 0.59482435625 0.464359375 0.586276346875 0.39980042656250003 0.5978385125 0.344799715625 0.597104534375 0.341484375 0.5907494140625 0.3097790171875 0.5899063234375 0.30551349375000003 0.5965802640625 0.301852678125 0.58969555 0.29765625 0.596475409375 0.2939263390625 0.589484778125 0.28698437499999996 0.594683840625 0.286 0.5892740046875 0.2819417609375 0.596265703125 0.2713927171875 0.596124925 0.28796875 0.6035597187499999 0.28979900625 0.5963705546875 0.29655989531250004 0.6031498828124999 0.3051510421875 0.6027400468749999
8 0.1428125 0.602084309375 0.14986875 0.604875878125 0.2681748640625 0.596081984375 0.1562258515625 0.594588034375 0.154671875 0.59615925 0.1483686078125 0.5944831796875001 0.124796875 0.59416861875 0.12567187500000002 0.6066744734375 0.141803125 0.605475409375 0.1428125 0.602084309375
9 0.6 0.7119437937499999 0.59375 0.7189695546875 0.59375 0.7330210765625 0.6015625 0.7447306796875 0.61875 0.7470726 0.6234375 0.742388759375 0.6291666671875 0.72677595625 0.646875 0.7236533953125 0.65625 0.73770491875 0.665625 0.7400468390625 0.6734375 0.7494145203125 0.6828125 0.7494145203125 0.6875 0.7447306796875 0.690625 0.7353629984375 0.690625 0.721311475 0.6828125 0.707259953125 0.684375 0.679156909375 0.6671875 0.6674473062499999 0.6625 0.6697892265625 0.6536458328125 0.6526151453125 0.6875 0.41451990624999996 0.6828125 0.40749414531249994 0.6875 0.400468384375 0.6875 0.3887587828125 0.690625 0.3864168625 0.6796875 0.337236534375 0.6734375 0.32786885312499997 0.6671875 0.3255269328125 0.6640625 0.2763466046875 0.6484375 0.2599531609375 0.63125 0.2599531609375 0.625 0.26463700156250003 0.6265625 0.278688525 0.6234375 0.278688525 0.63125 0.31615925 0.6265625 0.3255269328125 0.6140625 0.337236534375 0.6015625 0.35597189687499997 0.6 0.3629976578125 0.18313899375 0.5283302453125 0.5976330265625001 0.542069634375 0.5939655171875 0.7070176859374999 0.6 0.7119437937499999