8 0.333171875 0.34434375 0.32010937500000003 0.3259375 0.320703125 0.27665625 0.331984375 0.270125 0.331984375 0.26775000000000004 0.343265625 0.2725 0.353953125 0.27071875 0.361078125 0.24517187499999998 0.37475 0.241609375 0.381875 0.229734375 0.38246875 0.226765625 0.37 0.222609375 0.36703125000000003 0.218453125 0.36584374999999997 0.198859375 0.36524999999999996 0.191140625 0.324265625 0.189359375 0.323078125 0.181640625 0.339109375 0.168578125 0.342078125 0.148390625 0.333171875 0.135921875 0.318921875 0.13115625 0.314171875 0.096125 0.299328125 0.08425 0.298734375 0.08009374999999999 0.301703125 0.07296875 0.301703125 0.06525 0.300515625 0.062281249999999996 0.283890625 0.05871875 0.280921875 0.049812499999999996 0.267265625 0.049812499999999996 0.26370312500000004 0.05990625000000001 0.248265625 0.06346874999999999 0.249453125 0.08009374999999999 0.251234375 0.08365625 0.23815624999999999 0.09078125000000001 0.2328125 0.110375 0.23162500000000003 0.127 0.2114375 0.139484375 0.20490624999999998 0.153140625 0.21025 0.172734375 0.22746875000000003 0.181640625 0.22865625 0.21726562500000002 0.23221875 0.32653125 0.22390625000000003 0.33187500000000003 0.21618750000000003 0.346125 0.217375 0.36096875 0.226875 0.379390625 0.24767187499999999 0.387109375 0.265484375 0.39245312499999996 0.310015625 0.38651562500000003 0.33020312500000004 0.366921875 0.333171875 0.34434375
8 0.745109375 0.442 0.746265625 0.42698437499999997 0.747421875 0.40965625 0.738171875 0.393484375 0.743953125 0.365765625 0.7578125 0.361140625 0.7693749999999999 0.355375 0.7751406249999999 0.346125 0.7682187500000001 0.33804687499999997 0.76359375 0.325328125 0.749734375 0.32303125 0.742796875 0.31262500000000004 0.7624375 0.28721874999999997 0.75665625 0.268734375 0.747421875 0.257171875 0.739328125 0.23984375 0.7277812499999999 0.227140625 0.72315625 0.20173437500000002 0.7196875 0.195953125 0.706984375 0.195953125 0.69428125 0.22137500000000002 0.6804218750000001 0.24678125 0.6619375 0.268734375 0.66309375 0.294140625 0.650390625 0.301078125 0.641140625 0.304546875 0.655 0.324171875 0.645765625 0.33573437500000003 0.643453125 0.35998437499999997 0.66309375 0.379625 0.675796875 0.38656250000000003 0.6734843749999999 0.395796875 0.6665625000000001 0.402734375 0.66540625 0.42698437499999997 0.670015625 0.43392187499999996 0.66309375 0.45703125 0.7000625 0.47896875000000005 0.7266250000000001 0.47204687500000003 0.7416406249999999 0.455875 0.745109375 0.442
9 0.731625 0.9059062499999999 0.734953125 0.8593125 0.733296875 0.802734375 0.7407812500000001 0.771125 0.729140625 0.741171875 0.702515625 0.7461562500000001 0.6958593750000001 0.771125 0.693359375 0.771125 0.671734375 0.78359375 0.660921875 0.8301875000000001 0.64178125 0.9050625 0.6750625 0.9583125000000001 0.731625 0.9674687499999999 0.731625 0.9059062499999999
9 0.732609375 0.9276562500000001 0.732609375 0.95528125 0.740046875 0.959546875 0.804890625 0.960609375 0.800640625 0.900015625 0.797453125 0.8776875000000001 0.8123437499999999 0.8649374999999999 0.8123437499999999 0.8532343750000001 0.800640625 0.81496875 0.7953281249999999 0.79796875 0.7953281249999999 0.7969062499999999 0.793203125 0.780953125 0.786828125 0.753328125 0.779390625 0.7426875 0.76875 0.73525 0.7655624999999999 0.7384375000000001 0.7528125 0.758640625 0.756 0.7894687499999999 0.737921875 0.80965625 0.737921875 0.8117812499999999 0.731546875 0.9106406249999999 0.732609375 0.9276562500000001
9 0.303375 0.613484375 0.296625 0.568546875 0.24270312500000002 0.62246875 0.26965625000000004 0.710109375 0.22471875 0.831453125 0.26965625000000004 0.9303437499999999 0.305625 0.9752812499999999 0.337078125 0.9550625 0.316859375 0.8898906249999999 0.361796875 0.8741562500000001 0.364046875 0.72359375 0.303375 0.613484375
9 0.918546875 0.873234375 0.91121875 0.884953125 0.9068125 0.9010781250000001 0.909015625 0.92453125 0.91121875 0.9443125 0.9119531249999999 0.95896875 0.956640625 0.95896875 0.958109375 0.734015625 0.956640625 0.734015625 0.9397968750000001 0.734015625 0.9317343749999999 0.7384062499999999 0.920734375 0.74428125 0.9134062500000001 0.7530625 0.9141406249999999 0.761859375 0.9156093750000001 0.768453125 0.917078125 0.7721250000000001 0.9060937499999999 0.77578125 0.89215625 0.780171875 0.8841093750000001 0.786046875 0.9229375 0.8549218749999999 0.9236718749999999 0.865171875 0.918546875 0.873234375
8 0.92009375 0.837515625 0.9220312500000001 0.845265625 0.924609375 0.8626875 0.9007343750000001 0.87365625 0.907828125 0.8807499999999999 0.933 0.8781718749999999 0.9407343750000001 0.8601093750000001 0.9588125 0.84590625 0.956234375 0.8381718749999999 0.9433281250000001 0.8491406250000001 0.929125 0.802671875 0.92590625 0.8000937499999999 0.936875 0.783953125 0.954296875 0.7794375 0.945265625 0.774921875 0.9271874999999999 0.782015625 0.92396875 0.791703125 0.9149218749999999 0.78525 0.9149218749999999 0.774921875 0.907828125 0.774921875 0.9091250000000001 0.802671875 0.902015625 0.8046093750000001 0.92009375 0.837515625
8 0.572975 0.868078125 0.57996875 0.865154890625 0.58135625 0.866859375 0.58765625 0.8630839 0.5897375 0.8656406249999999 0.59534375 0.8610129078125001 0.59811875 0.864421875 0.60303125 0.8589419156250001 0.6065 0.8632031250000001 0.61071875 0.8568709234374999 0.6156484375 0.86244140625 0.624796875 0.8616796875 0.6184062499999999 0.8547999328125 0.63378125 0.8506579484375001 0.6339453125000001 0.8609179687499999 0.644609375 0.86015625 0.6507031249999999 0.8532968750000001 0.64915625 0.8465159640625 0.656046875 0.841859375 0.65684375 0.8444449734375 0.78753125 0.8092381109375 0.7894166671875 0.80325 0.7970312500000001 0.8022343749999999 0.7943710937499999 0.80985546875 0.80084375 0.8144218750000001 0.7993255203125 0.8164609374999999 0.8042799484375 0.82306640625 0.80846875 0.835765625 0.809234375 0.8296718750000001 0.8154802078125 0.8317510421875 0.8855947921875 0.7916052078125 0.87978125 0.784386209375 0.88746875 0.7823152171875 0.89260625 0.787590625 0.896109375 0.78240625 0.8996177078125 0.7835760421875 0.9028437500000001 0.778173234375 0.9066291671875 0.7795614578125 0.91053125 0.7761022421875 0.91821875 0.77403125 0.9083125000000001 0.7603125000000001 0.86334375 0.7610781249999999 0.856484375 0.7763125 0.8660078125 0.7816484375 0.86440625 0.7885281921875 0.8182812500000001 0.80095414375 0.8130468750000001 0.7991718750000001 0.825234375 0.7885156249999999 0.826 0.7793593750000001 0.818375 0.7671718750000001 0.8229531250000001 0.751171875 0.8130468750000001 0.7481093750000001 0.789421875 0.747359375 0.793234375 0.76640625 0.791703125 0.780890625 0.793984375 0.7923125 0.7844622390625 0.79664453125 0.7596901046875 0.7636171875 0.7539765625 0.7698359375 0.7513124999999999 0.761828125 0.7547356765625 0.7570117187500001 0.7520781249999999 0.751171875 0.730734375 0.747359375 0.7284531249999999 0.7359218750000001 0.7200624999999999 0.7321093750000001 0.7246406249999999 0.7282968750000001 0.7208281249999999 0.7206718750000001 0.7261562500000001 0.7191562499999999 0.72996875 0.716109375 0.733015625 0.7046718750000001 0.729203125 0.6955312499999999 0.7223437500000001 0.6947656249999999 0.7192968750000001 0.6680937499999999 0.71778125 0.6673281249999999 0.7154843750000001 0.6566562499999999 0.71778125 0.6444687499999999 0.7170156249999999 0.6116875 0.6880468750000001 0.6116875 0.6849999999999999 0.633796875 0.683484375 0.6581875 0.6621406249999999 0.659703125 0.667021875 0.668096875 0.6629031249999999 0.6690031249999999 0.6673250000000001 0.677240625 0.6636656249999999 0.678303125 0.667628125 0.686384375 0.6644281249999999 0.687603125 0.66793125 0.6955281249999999 0.6651906249999999 0.696903125 0.668234375 0.7046718750000001 0.6659531249999999 0.706203125 0.6583281249999999 0.7031562499999999 0.6507031249999999 0.6879062499999999 0.63546875 0.674953125 0.6308906249999999 0.6642812499999999 0.6194531249999999 0.6627500000000001 0.61565625 0.6658125 0.61565625 0.6673281249999999 0.598890625 0.677234375 0.587453125 0.681046875 0.5760156249999999 0.6901875000000001 0.56915625 0.6978125000000001 0.569921875 0.7054375 0.56153125 0.710765625 0.55925 0.71534375 0.566109375 0.71534375 0.57678125 0.7191562499999999 0.5683906249999999 0.761828125 0.55696875 0.769453125 0.50971875 0.773265625 0.5074296875 0.8231875000000001 0.505140625 0.873109375 0.56459375 0.8692968750000001 0.57228125 0.8672258828125001 0.572975 0.868078125
8 0.24603125 0.7989375 0.24075000000000002 0.817421875 0.234578125 0.839453125 0.23898437499999997 0.8465 0.24867187500000001 0.848265625 0.25925 0.848265625 0.25484375 0.783953125 0.26453125 0.7249375 0.275109375 0.69321875 0.271578125 0.6985 0.260125 0.719640625 0.256609375 0.7355 0.251328125 0.773390625 0.24603125 0.7989375
8 0.73615625 0.889984375 0.729765625 0.8880156250000001 0.7228749999999999 0.90278125 0.719921875 0.927875 0.7258281249999999 0.9298437500000001 0.73221875 0.9298437500000001 0.737140625 0.913109375 0.73615625 0.889984375
9 0.902390625 0.8891718750000001 0.902390625 0.8777968749999999 0.9251250000000001 0.87021875 0.9219687499999999 0.8430624999999999 0.9067968750000001 0.80959375 0.893546875 0.793796875 0.8796406250000001 0.788109375 0.860703125 0.7824375 0.8600625000000001 0.77675 0.8600625000000001 0.769171875 0.863859375 0.766640625 0.86321875 0.7584375 0.86196875 0.754015625 0.857546875 0.7521093750000001 0.857546875 0.745796875 0.8480624999999999 0.736953125 0.83859375 0.7344375000000001 0.8278593750000001 0.7401093750000001 0.8190156249999999 0.748953125 0.8190156249999999 0.766015625 0.8190156249999999 0.7710625 0.8259531250000001 0.77990625 0.8303750000000001 0.787484375 0.829125 0.790640625 0.829125 0.793796875 0.8202812500000001 0.7988593749999999 0.810796875 0.8026406250000001 0.810171875 0.822859375 0.80953125 0.83675 0.80953125 0.843703125 0.81459375 0.8620156250000001 0.81459375 0.867703125 0.8215468749999999 0.8721249999999999 0.8196406250000001 0.8784375000000001 0.8158593749999999 0.88221875 0.818375 0.891703125 0.818375 0.892328125 0.8240624999999999 0.897375 0.8202812500000001 0.9043281249999999 0.8202812500000001 0.915703125 0.8259531250000001 0.925796875 0.82659375 0.9599062500000001 0.913125 0.961171875 0.9087031250000001 0.930859375 0.91121875 0.913171875 0.90428125 0.903703125 0.902390625 0.8891718750000001