8 0.196515625 0.249965278125 0.18890625 0.238715278125 0.1890625 0.231215278125 0.181265625 0.2299826390625 0.175140625 0.22069444374999997 0.1695625 0.22131944374999998 0.165671875 0.23184027812500002 0.16734374999999999 0.23741319375 0.16009374999999998 0.2491666671875 0.160203125 0.2500173609375 0.16273437500000001 0.3222395828125 0.193125 0.3213020828125 0.193125 0.2622048609375 0.196515625 0.249965278125
9 0.357046875 0.4049479171875 0.3635052078125 0.4212557859375 0.3699771640625 0.42171273906250006 0.366734375 0.42940972187500004 0.3685540859375 0.43033153124999995 0.372015625 0.437233796875 0.367131009375 0.438950321875 0.311631009375 0.775083134375 0.317 0.776987846875 0.3102079328125 0.7837019234375 0.30878485625 0.7923207140625 0.304234375 0.790190971875 0.3039375 0.799646990625 0.307361778125 0.800939503125 0.3059387015625 0.80955829375 0.303640625 0.809103009375 0.30451562499999996 0.8181770828125 0.303375 0.819878471875 0.317546875 0.8386111109375 0.32675 0.844565971875 0.33785937499999996 0.845 0.34934375 0.8390451390625 0.35739062499999996 0.8288194437499999 0.364671875 0.81647569375 0.39725 0.7909201390625 0.40453124999999995 0.7913541671875 0.43940625000000005 0.8088020828125 0.47503124999999996 0.8139236109375 0.48460937499999995 0.80710069375 0.504921875 0.7888020828125 0.5137343750000001 0.77602430625 0.530984375 0.7568576390625 0.569296875 0.67852430625 0.590765625 0.640625 0.614515625 0.59210069375 0.631375 0.5886979171875 0.64134375 0.5955034718750001 0.66203125 0.6061458328125 0.687328125 0.6231770828125 0.70265625 0.64616319375 0.7045625 0.6729861109375 0.7160624999999999 0.68875 0.7336875 0.7245138890625 0.75553125 0.73984375 0.76434375 0.7692187500000001 0.765484375 0.7998611109375 0.768171875 0.8105208328125 0.77353125 0.815625 0.77584375 0.8279687499999999 0.7712343749999999 0.8343576390624999 0.770859375 0.8573437500000001 0.77621875 0.866284721875 0.81684375 0.8650173609375 0.826421875 0.8611805562500001 0.8329375000000001 0.8543576390625001 0.8329375000000001 0.8339236109374999 0.830640625 0.8015798609375 0.827953125 0.7913541671875 0.8202812500000001 0.7832638890625 0.8114687500000001 0.777309028125 0.8041874999999999 0.76149305625 0.79921875 0.73211805625 0.8007500000000001 0.7267708328125 0.8007500000000001 0.720815971875 0.8026562500000001 0.71868055625 0.8065 0.703784721875 0.80803125 0.6884548609375 0.79959375 0.6761111109375 0.782734375 0.6337152781250001 0.7777499999999999 0.612847221875 0.7616562499999999 0.5653645828125 0.75246875 0.5619444437500001 0.744796875 0.5517361109375 0.744421875 0.54491319375 0.73790625 0.54109375 0.727171875 0.5210763890625 0.70609375 0.49765625 0.697796875 0.479722221875 0.6912812500000001 0.47461805625000003 0.6916562500000001 0.46609375000000003 0.687828125 0.4558854171875 0.6839999999999999 0.45248263906249997 0.6698125 0.4533333328125 0.6538906250000001 0.4170833328125 0.647375 0.3945138890625 0.64853125 0.387465278125 0.6376875 0.35100694374999997 0.62009375 0.30993055625 0.6192031250000001 0.26395833281250003 0.604234375 0.22482638906250002 0.59209375 0.20149305625 0.57625 0.195625 0.5524843749999999 0.20149305625 0.551609375 0.19368055625 0.562171875 0.1878125 0.56921875 0.1506423609375 0.5568906250000001 0.1340104171875 0.54896875 0.11347222187499999 0.542796875 0.08803819375000001 0.520796875 0.0635763890625 0.49349999999999994 0.0538020828125 0.44948437500000005 0.061631943749999994 0.43276562500000004 0.09586805625 0.42659375 0.12717013906250002 0.42659375 0.145746528125 0.42923437499999995 0.1799826390625 0.43628125000000006 0.2054166671875 0.46709375 0.2259548609375 0.46796875 0.2445486109375 0.44507812500000005 0.26215277812500004 0.42659375 0.2787673609375 0.408984375 0.2973611109375 0.40546875 0.31789930625 0.365859375 0.33550347187499996 0.365859375 0.3257291671875 0.362328125 0.30225694375 0.35617187499999997 0.28758680625 0.341203125 0.28758680625 0.3394375 0.2973611109375 0.327125 0.3032291671875 0.305109375 0.33159722187499996 0.2971875 0.3492013890625 0.29513541718749997 0.359959490625 0.29103124999999996 0.38147569375 0.34296875 0.3834375 0.349125 0.39126736093750003 0.357046875 0.4049479171875
9 0.60471875 0.22472222187500002 0.6249374999999999 0.30336805624999996 0.657296875 0.33708333281249997 0.6755 0.1820138890625 0.7220156249999999 0.177534721875 0.707859375 0.3123611109375 0.768546875 0.33708333281249997 0.80696875 0.09663194375 0.7422500000000001 0.0044965281250000004 0.594609375 0.0067361109375 0.572359375 0.11685763906249999 0.5683125 0.13708333281250001 0.5743750000000001 0.2 0.60471875 0.22472222187500002
9 0.86359375 0.0041145828125 0.861578125 0.010868056249999999 0.8575312500000001 0.01984375 0.8554999999999999 0.0333333328125 0.8534843750000001 0.0468229171875 0.861578125 0.100746528125 0.861578125 0.12322916718750002 0.8534843750000001 0.147934028125 0.8534843750000001 0.1659201390625 0.8554999999999999 0.19288194375 0.861578125 0.2041145828125 0.86359375 0.2041145828125 0.8676406249999999 0.20637152812499998 0.8919062500000001 0.20187499999999997 0.9202187500000001 0.19513888906250001 0.9283125 0.197378471875 0.9364062499999999 0.21310763906250002 0.9364062499999999 0.21760416718750003 0.9364062499999999 0.2468229171875 0.940453125 0.2647916671875 0.946515625 0.282777778125 0.96471875 0.34119791718750003 0.9728125000000001 0.36366319375 0.9728125000000001 0.38838541718749997 0.9728125000000001 0.41086805625 0.9768593750000001 0.43109374999999994 0.991015625 0.42883680625 0.997078125 0.426597221875 0.9990937499999999 0.4176041671875 0.9990937499999999 0.39737847187500003 1 0.4176041671875 0.9990937499999999 0.001875 0.86359375 0.0041145828125
8 0.33725 0.35328125 0.43679687500000003 0.18171874999999998 0.434765625 0.11399305625 0.314890625 0.339722221875 0.33725 0.35328125
9 0.18453124999999998 0.215 0.21776562500000002 0.22593749999999999 0.23498437499999997 0.22593749999999999 0.24975 0.292934028125 0.24114062500000003 0.309340278125 0.243609375 0.31755208281249997 0.310046875 0.320277778125 0.31990625 0.309340278125 0.310046875 0.29020833281249997 0.31990625 0.251909721875 0.334671875 0.21772569375 0.35681250000000003 0.142534721875 0.354359375 0.0987673609375 0.3408125 0.08647569375 0.32604687499999996 0.0851041671875 0.334671875 0.0645833328125 0.3329984375 0.0455876734375 0.3408125 0.0454513890625 0.35681250000000003 0.0003298609375 0.34932201093750004 0.0033023859375 0.348726190625 0.00045965625 0.341831521875 0.006274909375 0.34063988125 0.0005894515625 0.3343410328125 0.009247434374999999 0.332553571875 0.000719246875 0.187 0.00305555625 0.18453124999999998 0.0372395828125 0.1923453125 0.0480407984375 0.18453124999999998 0.0481770828125 0.1920217390625 0.0657253921875 0.18453124999999998 0.0686979171875 0.173453125 0.137065971875 0.1746875 0.1452604171875 0.172234375 0.158940971875 0.172234375 0.191753471875 0.18453124999999998 0.215
8 0.11001562499999999 0.350277778125 0.106375 0.4372916671875 0.0954375 0.43932291718750005 0.0954375 0.44944444375000003 0.106375 0.4534895828125 0.106375 0.5789583328125001 0.119125 0.57694444375 0.119125 0.5647916671875 0.16465625 0.562777778125 0.16465625 0.5870486109375 0.17740625000000002 0.5890798609375001 0.17740625000000002 0.562777778125 0.181046875 0.558715278125 0.224765625 0.5567013890625 0.224765625 0.593125 0.24298437499999997 0.593125 0.24115625000000002 0.5607465281249999 0.268484375 0.5607465281249999 0.275765625 0.5789583328125001 0.29215625 0.5890798609375001 0.29215625 0.625503471875 0.306734375 0.6234895828125 0.306734375 0.5809895828125 0.357734375 0.5789583328125001 0.357734375 0.625503471875 0.37048437500000003 0.6234895828125 0.3759375 0.5567013890625 0.50709375 0.558715278125 0.49434374999999997 0.5384895828125 0.374125 0.5445486109375001 0.372296875 0.4534895828125 0.383234375 0.44944444375000003 0.36865625 0.42920138906250005 0.2356875 0.4271701390625 0.23934375000000002 0.350277778125 0.301265625 0.34420138906250003 0.31765625000000003 0.3259895828125 0.1209375 0.3259895828125 0.12276562499999999 0.26527777812500003 0.161015625 0.26729166718749997 0.161015625 0.22883680625 0.068125 0.22883680625 0.08815625 0.2511111109375 0.106375 0.2511111109375 0.10818749999999999 0.330034721875 0.07540625 0.332065971875 0.07359375 0.33407986093750003 0.07359375 0.35432291718750003 0.11001562499999999 0.350277778125
9 0.350484375 0 0.333125 0.070815971875 0.35028125 0.153125 0.347078125 0.185277778125 0.35671875000000003 0.2299479171875 0.40012499999999995 0.185277778125 0.42585937500000004 0.1442013890625 0.43228125000000006 0.106684028125 0.440328125 0.07274305625000001 0.462828125 0.053090278125 0.50303125 0.054878471875 0.5094531250000001 0.0280729171875 0.4998125 0.0030729171875 0.49176562500000004 0 0.350484375 0
8 1 0.320190971875 0.626671875 0.320190971875 0.61965625 0.3617361109375 0.7949843750000001 0.35654513906249996 0.8510937500000001 0.4292708328125 0.652390625 0.4188888890625 0.664078125 0.45005208281250003 0.881484375 0.45524305624999994 0.9188906250000001 0.5305729171875 0.7365468749999999 0.5357638890625 0.75525 0.5617361109375001 0.9632968749999999 0.56953125 1 0.6032986109375 1 0.5357638890625 0.97265625 0.51758680625 0.904859375 0.45265625 1 0.45265625 1 0.4188888890625 0.88615625 0.42668402812500006 0.844078125 0.34875 1 0.36694444375 1 0.320190971875
8 0.37017968749999997 0.2804629640625 0.37150994375 0.2833649 0.362234375 0.299097221875 0.362234375 0.3020833328125 0.3669375 0.31477430625 0.380359375 0.3170138890625 0.39915625 0.3162673609375 0.3992734375 0.30134259218750004 0.406546875 0.30656249999999996 0.45218749999999996 0.25956597187499997 0.46092187500000004 0.25434027812500004 0.462265625 0.24017361093749998 0.46025 0.22600694375 0.43071875000000004 0.20362847187500002 0.41325 0.21256944375 0.40397443125 0.2283017671875 0.388421875 0.20736111093749998 0.385232421875 0.21584635468750002 0.3796953125 0.20474826406250002 0.37096874999999996 0.2021354171875 0.353515625 0.213315971875 0.34209375 0.23793402812500003 0.33359375 0.275734953125 0.338734375 0.28269097187500003 0.33146875 0.2851851859375 0.32934375 0.29463541718749997 0.35217187499999997 0.2789583328125 0.36290625 0.27524305625 0.37017968749999997 0.2804629640625
8 0.316015625 0.39498263906250003 0.34521875 0.375503471875 0.348140625 0.3495486109375 0.36565625 0.31925347187500003 0.343265625 0.28788194375 0.30529687499999997 0.33006944374999997 0.30140625 0.3408854171875 0.28971874999999997 0.37335069375 0.316015625 0.39498263906250003