8 0.0080580359375 0.4645223203125 0.0107166390625 0.4694048421875 0.205661740625 0.37268074375000004 0.28064062500000003 0.36343749999999997 0.348390625 0.6 0.38870312500000004 0.5569791671875 0.42418750000000005 0.5032291671875 0.42257812499999997 0.494625 0.40321875 0.4537708328125 0.42096875 0.41720833281249997 0.4088723953125 0.3670173609375 0.4161700890625 0.36553214375 0.4081977671875 0.3654089296875 0.40645312499999997 0.3569791671875 0.40022544687500006 0.3652857140625 0.39858984375 0.35563541718749997 0.28064062500000003 0.33547916718750004 0.21315962812499997 0.3689605859375 0.07096875 0.3526875 0.05321875 0.3010833328125 0.0080625 0.2989166671875 0.0032187500000000003 0.3075208328125 0.0032187500000000003 0.473125 0.0080580359375 0.4645223203125
8 0.577421875 0.5419375 0.6419374999999999 0.6580625 0.6548437500000001 0.662375 0.67903125 0.5096875 0.740328125 0.43656249999999996 0.85484375 0.3569791671875 0.6854843749999999 0.3419375 0.559671875 0.36775 0.4879209828125 0.3666410703125 0.551609375 0.5225833328125 0.54678125 0.5483958328125 0.577421875 0.5419375
9 1 0.8497708328125 0.998875 0.0313958328125 0.9719687499999999 0.049333332812500005 0.9702968750000001 0.0403541671875 0.94675 0.0672708328125 0.923203125 0.107625 0.9114375000000001 0.1636875 0.88453125 0.320625 0.8677187500000001 0.3565 0.835765625 0.394625 0.734859375 0.46637500000000004 0.6945 0.5672708328125 0.6793750000000001 0.6479791671874999 0.655828125 0.7242083328125 0.622203125 0.8116666671875 0.610421875 0.8834166671875 0.5852031249999999 0.961875 0.583515625 0.9641249999999999 0.57175 0.9865416671875 0.65078125 0.9843125 0.684421875 0.966375 0.699546875 0.9192916671875 0.70459375 0.8654791671875 0.7146874999999999 0.820625 0.7331875 0.7690625 0.7516875 0.7152499999999999 0.773546875 0.6883333328125001 0.79540625 0.6995416671875 0.8071718750000001 0.751125 0.802125 0.820625 0.818953125 0.8677083328125 0.89125 0.9013541671875 0.9417031250000001 0.8789166671875 0.9803750000000001 0.8789166671875 1 0.8744375 1 0.8497708328125
9 0.57471875 0.9640416671875001 0.57978125 0.905625 0.586515625 0.8494375 0.596625 0.7842708328125 0.5915781250000001 0.6966249999999999 0.593265625 0.6359583328125 0.5882031249999999 0.5820208328125 0.57471875 0.5730416671875 0.5545 0.5573125 0.542703125 0.5303333328125001 0.5561875 0.4651666671875 0.5646093750000001 0.3910208328125 0.5545 0.3550625 0.542703125 0.3280833328125 0.5123593750000001 0.303375 0.47021875 0.2898958328125 0.434828125 0.3101041671875 0.41798437499999996 0.37752083281250004 0.4061875 0.4494375 0.43314062499999995 0.5258333328125 0.41460937500000006 0.5415833328125 0.387640625 0.5505625000000001 0.358984375 0.5617916671875001 0.34381249999999997 0.5820208328125 0.3 0.6494375 0.27134375 0.7213541671875 0.28145312499999997 0.7550625 0.3016875 0.8 0.32528125 0.8314583328125 0.40112500000000006 0.9460625 0.3994375 0.9887708328124999 0.57134375 0.9842708328124999 0.57471875 0.9640416671875001
9 0.40514062500000003 0.2047916671875 0.40834374999999995 0.226125 0.387015625 0.2431666671875 0.37634375000000003 0.2645 0.37101562499999996 0.3156875 0.42753125000000003 0.3199583328125 0.431796875 0.3142708328125 0.469125 0.2886666671875 0.4883125 0.2886666671875 0.5043124999999999 0.29293749999999996 0.5267031249999999 0.3085833328125 0.5224375 0.2801458328125 0.511765625 0.2502916671875 0.49790625000000005 0.2289583328125 0.486171875 0.2346458328125 0.48724999999999996 0.2204375 0.49043749999999997 0.203375 0.491515625 0.18345833281249999 0.489375 0.1720833328125 0.48084375 0.1621458328125 0.47657812499999996 0.1493333328125 0.48084375 0.1521875 0.48084375 0.1208958328125 0.46271874999999996 0.0981458328125 0.437125 0.09672916718749999 0.430734375 0.11520833281250001 0.415796875 0.135125 0.41153125 0.1635625 0.41153125 0.1663958328125 0.40620312500000005 0.18487499999999998 0.40514062500000003 0.2047916671875
9 0.331078125 0.5867083328125 0.334453125 0.496625 0.322640625 0.44706250000000003 0.290546875 0.4132916671875 0.268578125 0.36825 0.25 0.2781458328125 0.233109375 0.1993333328125 0.20607812499999997 0.1632916671875 0.16384375 0.1497708328125 0.128375 0.1497708328125 0.1233125 0.1497708328125 0.08784375 0.1745416671875 0.06925 0.2128333328125 0.057437499999999996 0.2691458328125 0.057437499999999996 0.28039583281249997 0.06587499999999999 0.3412083328125 0.06925 0.3705 0.03546875 0.4020208328125 0.0033750000000000004 0.42679166718749995 0.0016875000000000002 0.9335625000000001 0.03715625 0.9042708328125 0.057437499999999996 0.8952708328125001 0.0641875 0.8569791671875 0.06925 0.8164374999999999 0.06925 0.8141875000000001 0.0675625 0.8029375 0.106421875 0.7803958328125 0.136828125 0.7713958328125 0.1875 0.7691458328125 0.21453125 0.7871666671875001 0.233109375 0.8119375 0.28884375 0.8457291671875 0.327703125 0.8479791671875001 0.271953125 0.7263541671875 0.293921875 0.6700416671875 0.322640625 0.62725 0.331078125 0.5867083328125
9 0.796703125 0.32618749999999996 0.801359375 0.3417083328125 0.8056875 0.3430416671875 0.82565625 0.3412708328125 0.844625 0.3408333328125 0.84928125 0.2662916671875 0.8592656249999999 0.23566666718749998 0.87225 0.1997291671875 0.8669218750000001 0.13716666718749998 0.851953125 0.09456250000000001 0.832984375 0.0830208328125 0.8206562500000001 0.07814583281250001 0.8053593749999999 0.0737083328125 0.8066875 0.1056666671875 0.805015625 0.14781249999999999 0.800359375 0.174 0.799703125 0.2347708328125 0.7950468749999999 0.3071041671875 0.796703125 0.32618749999999996
9 0.8981406249999999 0.1040416671875 0.9142812499999999 0.09229166718750001 0.923078125 0.055125 0.913546875 0.04925 0.90840625 0.0512083328125 0.8952031249999999 0.07175000000000001 0.893734375 0.09229166718750001 0.88640625 0.09229166718750001 0.875390625 0.1118541671875 0.865859375 0.13729166718750002 0.8710000000000001 0.1822916671875 0.8732031250000001 0.1803333328125 0.882 0.1490208328125 0.8981406249999999 0.1040416671875
8 0.1335625 1 0.140234375 0.9891249999999999 0.154578125 0.966 0.154578125 0.9268541671875001 0.146234375 0.9095000000000001 0.13089062499999998 0.8966041671875 0.10753125 0.8948333328125001 0.08184375 0.8966041671875 0.05215625 0.9041666671874999 0.034140625 0.9135 0.03046875 0.9148541671875 0.0014375 0.9410833328124999 0.00043750000000000006 1 0.1335625 1
9 0.9217656249999999 0.1150208328125 0.9633125 0.0476875 0.95015625 0.0455833328125 0.936484375 0.044187500000000005 0.924390625 0.0505 0.91596875 0.0876666671875 0.904921875 0.10729166718750001 0.89440625 0.1185208328125 0.8802031250000001 0.1633958328125 0.871796875 0.1991666671875 0.85075 0.260875 0.846015625 0.3380208328125 0.85759375 0.3394375 0.877578125 0.3394375 0.8959843749999999 0.2503541671875 0.899140625 0.22722916718750003 0.9217656249999999 0.1150208328125
9 0.589015625 0.185125 0.598546875 0.22425 0.602953125 0.2320833328125 0.602953125 0.2418541671875 0.60221875 0.25652083281250004 0.598546875 0.2594583328125 0.583140625 0.2614166671875 0.569203125 0.26729166718749997 0.556734375 0.2712083328125 0.5501406249999999 0.2819583328125 0.544265625 0.296625 0.539859375 0.30935416718750003 0.536921875 0.31716666718750003 0.538390625 0.3259791671875 0.5479375 0.3289166671875 0.798828125 0.3445625 0.791484375 0.3054375 0.781953125 0.285875 0.770953125 0.274125 0.762140625 0.2663125 0.749671875 0.2604375 0.732796875 0.2594583328125 0.71665625 0.2575 0.6968593750000001 0.2496875 0.6880468750000001 0.2398958328125 0.701984375 0.1988125 0.7027187500000001 0.1538333328125 0.693921875 0.1371875 0.685125 0.13133333281249998 0.673375 0.1244791671875 0.660171875 0.1195833328125 0.6506406250000001 0.1166458328125 0.6425625 0.1137291671875 0.625703125 0.1117708328125 0.597078125 0.146 0.593421875 0.16458333281249998 0.59121875 0.17533333281250002 0.589015625 0.185125
9 0.361046875 0.2988541671875 0.364859375 0.29122916718749997 0.36675 0.2734583328125 0.365796875 0.2620416671875 0.365796875 0.24300000000000002 0.369609375 0.2341041671875 0.364859375 0.22522916718750002 0.362953125 0.2036458328125 0.371515625 0.1896875 0.365796875 0.16683333281249998 0.34199999999999997 0.1401875 0.30012500000000003 0.1389166671875 0.27537500000000004 0.1503333328125 0.25060937499999997 0.19477083281250002 0.252515625 0.2772708328125 0.2591875 0.2937708328125 0.263 0.3153541671875 0.272515625 0.3153541671875 0.37246875 0.3128125 0.361046875 0.2988541671875
8 1 0.886125 0.9920937500000001 0.8835833328125 0.9749375 0.8810416671875 0.95840625 0.8835833328125 0.95015625 0.8869583328124999 0.943796875 0.897125 0.9387187499999999 0.9115416671875 0.9374375 1 1 0.9996458328125 1 0.886125
8 0.0038593750000000004 0.647 0.005953125 0.6637500000000001 0.034203125 0.6637500000000001 0.04153125 0.6637500000000001 0.073984375 0.6735208328125 0.071890625 0.6581666671875 0.0143125 0.638625 0.0038593750000000004 0.647
9 0.603875 0.2587083328125 0.604171875 0.2494791671875 0.604171875 0.2334583328125 0.602671875 0.22943750000000002 0.5990624999999999 0.21781250000000002 0.590046875 0.21341666718750002 0.58434375 0.2190208328125 0.578328125 0.2266458328125 0.5723125 0.239875 0.5693125 0.2494791671875 0.5663125 0.267125 0.567515625 0.271125 0.5990624999999999 0.2619166671875 0.603875 0.2587083328125
9 0.8691875 0.0540625 0.8641406249999999 0.0450833328125 0.849546875 0.0533125 0.8439375 0.0735208328125 0.8372187500000001 0.0862291671875 0.849546875 0.1034166671875 0.862453125 0.1266041671875 0.8669375 0.1423125 0.8669375 0.1430625 0.884328125 0.1026875 0.874796875 0.1004375 0.8770312499999999 0.07575 0.874796875 0.0615416671875 0.8691875 0.0540625