2 0.59690625 0.7476112406250001 0.603015625 0.7496487125 0.617265625 0.7496487125 0.617265625 0.7364168624999999 0.626765625 0.7404918031250001 0.6444062500000001 0.759836065625 0.6579843750000001 0.7720374703124999 0.672921875 0.7740749421875 0.6878437500000001 0.7588056203125 0.739421875 0.759836065625 0.7652187500000001 0.759836065625 0.766578125 0.7740749421875 0.785578125 0.773044496875 0.78965625 0.7588056203125 0.7950781250000001 0.73032786875 0.7950781250000001 0.7282903984375 0.795765625 0.693700234375 0.766578125 0.6662295078125 0.769296875 0.660140515625 0.766578125 0.6560655734374999 0.7597968749999999 0.6489461359375001 0.7584375 0.6550585484375 0.7150000000000001 0.6041920375000001 0.6274375 0.6051990625 0.609109375 0.6326697890624999 0.6084375 0.633676815625 0.585359375 0.6641920375 0.58671875 0.6977751750000001 0.585359375 0.7323653390625 0.59690625 0.7476112406250001
1 0.446296875 0.68355971875 0.45531249999999995 0.67906323125 0.5605 0.6858079625 0.562 0.7128337234375001 0.5755312499999999 0.7128337234375001 0.58303125 0.6925761125000001 0.58303125 0.6520374703125 0.610078125 0.631756440625 0.610078125 0.6002341921875 0.6266093749999999 0.6002341921875 0.623609375 0.5574238874999999 0.6145937499999999 0.55969555 0.6145937499999999 0.5889695546875 0.608578125 0.5889695546875 0.605578125 0.505620609375 0.6070781249999999 0.4785948484375 0.602578125 0.47185011718750003 0.467328125 0.46508196718750006 0.40271875 0.48536299843749997 0.40121874999999996 0.5101405156250001 0.40121874999999996 0.5078922718750001 0.396703125 0.5889695546875 0.42074999999999996 0.6430210765625 0.44178125 0.6587822015625 0.446296875 0.68355971875
9 0.071484375 0.674379390625 0.071015625 0.6708899296874999 0.069609375 0.665971896875 0.07523437499999999 0.6645667453125 0.0775625 0.674379390625 0.08645312499999999 0.6687822015625 0.086 0.6589695546875001 0.084125 0.6512412171874999 0.0831875 0.64002341875 0.0831875 0.62810304375 0.0879375 0.5979625296875 0.0873125 0.587775175 0.083921875 0.57159250625 0.070640625 0.5702107734374999 0.061390625 0.5521545671875 0.056140625 0.5544730671875 0.055203125 0.5590866515624999 0.05428125 0.5660421546875 0.054593749999999996 0.5706557375 0.057984375 0.57159250625 0.0570625 0.581311475 0.0570625 0.585456675 0.054906250000000004 0.5882435593750001 0.052125 0.5984309140625 0.05675 0.6016627640625 0.058609375 0.60583138125 0.057671875 0.6599531609375 0.05890625000000001 0.6650585484375 0.065703125 0.6645901640625 0.0630625 0.669484778125 0.06446874999999999 0.673676815625 0.071484375 0.674379390625
9 0.02425 0.5981498828125 0.024515625 0.600491803125 0.030265625 0.6008899296875 0.03053125 0.6036299765625001 0.02975 0.6122482437500001 0.028703125000000003 0.61615925 0.027125 0.6283138171875 0.027125 0.6330210765625 0.026609375 0.6424121781250001 0.025296875000000003 0.6490866515625 0.027390625000000002 0.65259953125 0.028437499999999998 0.653395784375 0.039671875 0.6573067921875 0.038640625 0.6565105390625 0.038890625 0.6561358312500001 0.041515625 0.6435831375000001 0.041765625 0.6400702578125 0.042546875 0.633395784375 0.045953125 0.620468384375 0.046468749999999996 0.6145901640625 0.0483125 0.60871194375 0.049609375 0.6036299765625001 0.0511875 0.5989227171875 0.053015625 0.59578454375 0.053796875 0.5922716625 0.054843750000000004 0.589531615625 0.055625 0.5828571421875 0.056671875000000003 0.5785480093750001 0.056406250000000005 0.5742388765625 0.055359375 0.571100703125 0.054578125 0.567587821875 0.0543125 0.5648477749999999 0.05014062500000001 0.5515222484375 0.04778125 0.545644028125 0.047515625 0.5433021078125 0.047515625 0.5405620609375 0.047265625 0.5385948484374999 0.0454375 0.5362529281249999 0.041765625 0.5350585484375 0.04071875 0.5350585484375 0.03915625 0.5362529281249999 0.038375 0.5385948484374999 0.038375 0.5417330203125 0.036015625 0.5491803281250001 0.03471875 0.549555034375 0.02975 0.5550585484375 0.027921875000000002 0.5589695546875 0.025296875000000003 0.5793442625 0.02425 0.584028103125 0.024 0.591475409375 0.02425 0.5981498828125
2 0.8209687499999999 0.6949414515625 0.8224218750000001 0.709531615625 0.8360468750000001 0.7117096015625 0.8399531250000001 0.6971194374999999 0.8696406250000001 0.7022248249999999 0.8686562500000001 0.7088056203125 0.8720625 0.7204683843749999 0.8881249999999999 0.717564403125 0.8876406250000001 0.7102576109375 0.8905625 0.7073536296875 0.9041874999999999 0.700772834375 0.908078125 0.6934894609375 0.910515625 0.6810772828125 0.9090624999999999 0.6635831375000001 0.91246875 0.6511709609375 0.92365625 0.6438875875 0.9392343750000001 0.6344028109375001 0.9372812500000001 0.6329274 0.943125 0.6205386421875 0.941171875 0.617611240625 0.92609375 0.611779859375 0.888609375 0.608875878125 0.8608750000000001 0.611779859375 0.8491875 0.6234660421875 0.83021875 0.6409601875 0.81853125 0.650444965625 0.81609375 0.6905620609375 0.8209687499999999 0.6949414515625
13 0.2165625 0.478524590625 0.21201562499999999 0.478524590625 0.208765625 0.56032786875 0.21395312500000002 0.5622716624999999 0.21590625000000002 0.5690866515625 0.21979687499999997 0.5700702578125 0.21979687499999997 0.6557611234375 0.21979687499999997 0.6635363 0.22174999999999997 0.6713348953125 0.221109375 0.704683840625 0.225 0.709555034375 0.230203125 0.7056674468749999 0.23149999999999998 0.7056674468749999 0.23215625 0.694964871875 0.23670312500000001 0.6686651046875001 0.254234375 0.6686651046875001 0.25878125 0.6667213109375 0.260078125 0.6345901640625 0.267984375 0.61840749375 0.27959375 0.5901170953125 0.282859375 0.58578454375 0.282859375 0.5808665109375 0.32315625 0.5770725999999999 0.3296875 0.577611240625 0.32859375 0.484051521875 0.32859375 0.4611943796875 0.32604687499999996 0.457939109375 0.2165625 0.4629508203125 0.214609375 0.4648946140625 0.21525 0.46878220156249994 0.2185 0.46878220156249994 0.2165625 0.478524590625
2 0.6065625 0.5850819671874999 0.60728125 0.6340983609374999 0.624328125 0.6063934421875 0.673375 0.60320843125 0.67621875 0.597868853125 0.66840625 0.58189695625 0.625046875 0.5776346609375 0.624328125 0.5893442624999999 0.612953125 0.5904215453125 0.610828125 0.5797658078125 0.6065625 0.5850819671874999
2 0.9303593749999999 0.7435831375 0.9396875 0.731147540625 0.981109375 0.731147540625 0.9821562500000001 0.7466744734375 0.987328125 0.7466744734375 0.999765625 0.7466744734375 0.999765625 0.599203746875 0.98525 0.5929976578125 0.9604062499999999 0.5976580796875 0.9417500000000001 0.616276346875 0.935546875 0.6426697890625 0.91171875 0.658196721875 0.90446875 0.70320843125 0.9055 0.7342622953125 0.9303593749999999 0.7435831375
8 0.196125 0.3727868859375 0.17320312499999999 0.374028103125 0.173625 0.44208430937500004 0.196125 0.4439578453125 0.196125 0.3727868859375
9 0.5604375 0.58384075 0.575234375 0.5852459015625 0.5855625 0.5852459015625 0.582265625 0.570819671875 0.578515625 0.5613348953124999 0.575703125 0.54901639375 0.573109375 0.5412646375 0.56959375 0.5384543328125 0.56465625 0.5402107734375 0.561140625 0.547236534375 0.5595 0.559555034375 0.5550312500000001 0.5641451984375 0.555265625 0.5701170953125 0.55315625 0.5884309140624999 0.55409375 0.5944028109375 0.558328125 0.5965105390625001 0.5604375 0.58384075
9 0.10259375 0.5822716625 0.103515625 0.5829742390625 0.105546875 0.5829742390625 0.10678125000000001 0.5799531609375 0.10693749999999999 0.5708665109375 0.108640625 0.5655035125000001 0.10787500000000001 0.5582903984375001 0.1075625 0.5557377046875 0.10693749999999999 0.5531615921874999 0.10584374999999999 0.5517798593750001 0.10398437499999999 0.55224824375 0.103671875 0.5557377046875 0.103671875 0.557587821875 0.10196875000000001 0.5610772828124999 0.1024375 0.571100703125 0.10275000000000001 0.57482435625 0.10228124999999999 0.5797189703125001 0.10259375 0.5822716625
2 0.28078125 0.75674473125 0.2835625 0.7328103046875001 0.29118750000000004 0.7286416859375 0.29396875 0.745292740625 0.296046875 0.7608899296875 0.298140625 0.773395784375 0.31270312499999997 0.7775409843750001 0.325890625 0.7671428578125 0.324515625 0.7536065578125 0.36546875 0.7473770484375 0.4085 0.7442622953125 0.40989062499999995 0.7671428578125 0.432796875 0.7681733015625001 0.45153125000000005 0.7629742390625001 0.455703125 0.727611240625 0.45153125000000005 0.7109601875 0.447359375 0.684964871875 0.44251562499999997 0.6641451984375 0.43070312499999996 0.653747071875 0.422375 0.6360655734375 0.397390625 0.60067915625 0.39184375 0.5819672125 0.373796875 0.56740046875 0.364078125 0.5684309140625 0.348796875 0.5736299765624999 0.30993750000000003 0.574683840625 0.285640625 0.574683840625 0.27731249999999996 0.5881967218749999 0.269671875 0.6131615921875 0.259953125 0.635011709375 0.2585625 0.6568618265625 0.25579687500000003 0.6828805625000001 0.259953125 0.6953629984374999 0.26065625 0.7348946140625 0.263421875 0.7473770484375 0.262734375 0.74840749375 0.26134375 0.757775175 0.28078125 0.75674473125
13 0.680921875 0.6079664328125001 0.789921875 0.7039539421875001 0.7937864578125 0.7006947703125 0.797578125 0.7131147546875 0.807265625 0.7112177984375 0.805578125 0.699227165625 0.794203125 0.6979625296874999 0.786203125 0.6758548015625 0.7926614578125 0.6773302109375 0.8131718749999999 0.67648711875 0.817796875 0.6486885250000001 0.8148593749999999 0.6291100703125 0.809796875 0.6234426234375 0.804734375 0.6209133484375 0.7950468749999999 0.6209133484375 0.7929375000000001 0.6278454328125 0.770609375 0.6240749421875 0.7531927078125 0.6236533953125 0.75965625 0.58805620625 0.764703125 0.5874238875 0.7617499999999999 0.579859484375 0.756703125 0.5785948484375 0.7516406250000001 0.588688525 0.7444843750000001 0.58679156875 0.743640625 0.5830210765625 0.74659375 0.579227165625 0.742796875 0.5785948484375 0.74321875 0.5754332546875001 0.7381562500000001 0.5754332546875001 0.73657118125 0.58840749375 0.7286579859375 0.59002341875 0.723828125 0.5754332546875001 0.7177864578125 0.58616705625 0.7158203125 0.5754332546875001 0.712831596875 0.59325526875 0.708234375 0.58679156875 0.7078125 0.5754332546875001 0.6939062500000001 0.5754332546875001 0.701078125 0.595011709375 0.6970052078125 0.59648711875 0.6912447921875 0.60323185 0.6890920140625 0.59810304375 0.6811788187500001 0.5997189703125 0.6799999999999999 0.5842857140625 0.67284375 0.595644028125 0.673265625 0.6013348953125 0.6826770828125001 0.60259953125 0.680921875 0.6079664328125001