1 0.0037031250000000003 0.7844705875 0.073765625 0.7786117640625 0.055609375 0.71023529375 0.04521875 0.6594117640625 0.056906250000000005 0.516752940625 0.0595 0.465952940625 0.0711875 0.43861176406249996 0.08415625 0.4347058828125 0.103609375 0.4503294125 0.106203125 0.4679058828125 0.1075 0.47574117656250003 0.10490625 0.5089411765625 0.12437499999999999 0.5245882359375 0.12567187500000002 0.43861176406249996 0.11659375000000001 0.29985882343750003 0.12178125 0.278352940625 0.133453125 0.245152940625 0.14903125 0.25296470625 0.156828125 0.2803058828125 0.180171875 0.30376470625 0.199640625 0.3389411765625 0.19834374999999999 0.3545882359375 0.191859375 0.4307764703125 0.204828125 0.44056470625 0.226890625 0.43861176406249996 0.232078125 0.4268705875 0.2385625 0.40538823593749995 0.246359375 0.3995294125 0.26971875 0.40343529375 0.278796875 0.432752940625 0.29696875 0.45228235312500004 0.271015625 0.27056470625 0.246359375 0.12790588281249998 0.30474999999999997 0.145482353125 0.31771875 0.16894117656250002 0.32551562500000003 0.180682353125 0.34496875 0.278352940625 0.352765625 0.28423529375 0.339796875 0.1435294125 0.23726562499999998 0.0985882359375 0.2281875 0.06536470625 0.106203125 0.0008941171875000001 0.106203125 0.0106588234375 0.00240625 0.0067529406249999995 0.0037031250000000003 0.7844705875
9 0.197859375 0.4868941171875 0.19624999999999998 0.49291764687499995 0.184234375 0.4953411765625 0.174609375 0.5037882359375 0.16018749999999998 0.5388 0.15135937500000002 0.57016470625 0.14575 0.5846588234375 0.14815625 0.6051764703125 0.1505625 0.6124235296875 0.159375 0.619647059375 0.16178125000000002 0.63776470625 0.16259375 0.660682353125 0.169796875 0.6739764703125 0.17540625 0.6932705875 0.181828125 0.7222352937500001 0.185828125 0.7379294125 0.18743749999999998 0.7560470593749999 0.18984375 0.7825882359375 0.190640625 0.8176 0.19225 0.84896470625 0.197859375 0.8634588234375 0.20265624999999998 0.8767294124999999 0.20587499999999997 0.8851764703124999 0.22590625000000003 0.8851764703124999 0.22189062499999998 0.8695058828125 0.21949999999999997 0.84656470625 0.226703125 0.8151764703125 0.2283125 0.7862117640624999 0.224296875 0.757247059375 0.22189062499999998 0.7379294125 0.224296875 0.70896470625 0.237921875 0.6703529406250001 0.2419375 0.64983529375 0.242734375 0.64016470625 0.24674999999999997 0.6341411765625 0.2555625 0.6268941171875 0.265984375 0.6075764703125001 0.26278125 0.562917646875 0.25315625 0.532752940625 0.24434375 0.51343529375 0.23712499999999997 0.50016470625 0.23953125000000003 0.4953411765625 0.242734375 0.480847059375 0.2419375 0.46637647031249996 0.238734375 0.4482588234375 0.23071875 0.4398117640625 0.21949999999999997 0.4349882359375 0.20987499999999998 0.43136470625 0.20587499999999997 0.43861176406249996 0.199453125 0.44948235312499996 0.197859375 0.461552940625 0.197859375 0.4736235296875 0.197859375 0.4868941171875
9 0.311484375 0.771647059375 0.30915625 0.73136470625 0.30334374999999997 0.7138588234375 0.305671875 0.6998588234375 0.3103125 0.67183529375 0.316125 0.6245647062499999 0.31496875 0.586047059375 0.3219375 0.5772941171875 0.317296875 0.5492705875 0.306828125 0.49498823593749997 0.294046875 0.45647058749999997 0.27428125 0.43896470625 0.267296875 0.40218823593749997 0.260328125 0.3969411765625 0.23939062500000002 0.3969411765625 0.23009374999999999 0.41618823593750004 0.238234375 0.4407058828125 0.2486875 0.45647058749999997 0.25915625000000003 0.47047058750000004 0.256828125 0.4809882359375 0.2638125 0.5037411765625001 0.2545 0.502 0.24753124999999998 0.510752940625 0.260328125 0.5352705875 0.262640625 0.5440235296875 0.262640625 0.5667764703125 0.2638125 0.5965411765625 0.27078125000000003 0.6210588234375 0.27078125000000003 0.663082353125 0.273109375 0.706847059375 0.27428125 0.7436235296875 0.273109375 0.7681411765624999 0.2754375 0.7908941171875 0.25915625000000003 0.789152940625 0.260328125 0.799647059375 0.267296875 0.8066588234375001 0.2870625 0.799647059375 0.284734375 0.8206588234375 0.262640625 0.8346823531249999 0.2754375 0.848682353125 0.3138125 0.8381647062500001 0.317296875 0.8224235296875 0.30915625 0.803152940625 0.311484375 0.771647059375
9 0.12375 0.2655764703125 0.12375 0.2824235296875 0.12628124999999998 0.28896470625 0.129171875 0.3003764703125 0.120140625 0.3031058828125 0.11868749999999999 0.3052705875 0.11651562499999998 0.31616470625000004 0.115796875 0.322682353125 0.11471875000000001 0.36023529375 0.11471875000000001 0.3721882359375 0.11978124999999999 0.396117646875 0.12446874999999999 0.426047059375 0.12446874999999999 0.4309411765625 0.12446874999999999 0.43748235312499995 0.12410937500000001 0.4445411765625 0.12375 0.4472705875 0.123390625 0.45216470624999994 0.12375 0.44943529375 0.12303125 0.45759999999999995 0.12303125 0.5664 0.125546875 0.44576470625000003 0.134953125 0.4327058828125 0.15409375 0.4261882359375 0.1548125 0.42564705937499997 0.158421875 0.42400000000000004 0.157703125 0.412047059375 0.15590625 0.4006117640625 0.156625 0.395717646875 0.159875 0.39028235312500004 0.16240625 0.387552940625 0.16709374999999999 0.38103529375 0.1681875 0.38103529375 0.18696875 0.382117646875 0.19021875 0.3886588234375 0.19021875 0.3756 0.190578125 0.37505882343749997 0.1909375 0.36416470625 0.197078125 0.346752940625 0.201421875 0.3364235296875 0.20214062500000002 0.3353411765625 0.178296875 0.30583529375 0.164203125 0.29983529375 0.16240625 0.298752940625 0.16059375 0.29548235312500004 0.158421875 0.290047059375 0.158421875 0.287882353125 0.157703125 0.256047059375 0.153734375 0.25115294062500004 0.151203125 0.24844705937499997 0.143984375 0.24409411718750001 0.133859375 0.24463529374999998 0.133859375 0.24517647031249998 0.127359375 0.254682353125 0.13025 0.2530588234375 0.12446874999999999 0.2639294125 0.12375 0.2655764703125
9 0.844625 0.69663529375 0.846125 0.712352940625 0.86253125 0.7438117640625 0.8774531250000001 0.7438117640625 0.8655156249999999 0.712352940625 0.8655156249999999 0.6764 0.8685 0.6427058828125001 0.8893906250000001 0.62023529375 0.896859375 0.6179764703124999 0.9058125 0.593247059375 0.8849218750000001 0.55056470625 0.8819375 0.5325882359375 0.8744687499999999 0.5213411765625 0.872984375 0.49663529375 0.878953125 0.47416470625 0.8819375 0.43145882343749997 0.8416406249999999 0.4044941171875 0.8267187500000001 0.43145882343749997 0.82225 0.44943529375 0.8088124999999999 0.47416470625 0.8088124999999999 0.5056235296875 0.805828125 0.512352940625 0.807765625 0.5888235296875 0.808359375 0.6059294125 0.8173281250000001 0.600517646875 0.8185156250000001 0.5879294125000001 0.8221093749999999 0.5951294125000001 0.8232968749999999 0.6266352937499999 0.822703125 0.6716235296875 0.821515625 0.7031294124999999 0.8149374999999999 0.7265411765625001 0.8256875000000001 0.7301411765625 0.832265625 0.7247294125 0.8328749999999999 0.7121411765625 0.841234375 0.7067294125 0.8418281249999999 0.67703529375 0.846015625 0.6293176468749999 0.846125 0.6382117640625 0.846125 0.6674117640625 0.844625 0.69663529375
9 0.042265625 0.678047059375 0.064796875 0.7165882359375 0.0658125 0.7721176468750001 0.06889062500000001 0.8168235296875 0.072984375 0.8769647062500001 0.07503125000000001 0.901647059375 0.094484375 0.8892941171875 0.091421875 0.9186117640625 0.131359375 0.9201411765625 0.1508125 0.9000941171875001 0.125203125 0.8924 0.12315625 0.8846823531249999 0.12009375 0.8245411765625 0.0975625 0.8137411765625 0.090390625 0.74896470625 0.091421875 0.73663529375 0.09653125 0.7227529406250001 0.104734375 0.72583529375 0.1190625 0.7165882359375 0.1375 0.704 0.13646875 0.6777882359375 0.14159375000000002 0.6454117640625 0.134421875 0.588352940625 0.138515625 0.566752940625 0.1293125 0.5513411765625 0.12315625 0.5544235296875 0.117015625 0.5420941171875 0.099609375 0.5174117640625 0.10882812500000001 0.477317646875 0.10370312500000001 0.46343529375000003 0.099609375 0.4480235296875 0.087328125 0.44030588281250005 0.064796875 0.4464705875 0.059671875 0.48040000000000005 0.063765625 0.509717646875 0.053531249999999996 0.5405411765625 0.0494375 0.5775529406250001 0.04840625 0.63 0.045328125000000004 0.639482353125 0.041234375000000004 0.654917646875 0.042265625 0.678047059375
9 0.797078125 0.4976235296875 0.7964687500000001 0.500352940625 0.796875 0.5024941171874999 0.8005156250000001 0.5076941171875 0.80821875 0.5088470593750001 0.8110625 0.5008941171875 0.812078125 0.49541176406250004 0.812875 0.49357647031249996 0.8136875 0.49174117656250005 0.8136875 0.48319999999999996 0.813078125 0.4786117640625 0.812078125 0.47435294062500005 0.8104531250000001 0.46731764687500005 0.8102499999999999 0.46456470625 0.8110625 0.4630588234375 0.81409375 0.4532 0.8157187499999999 0.4562588234375 0.8169375000000001 0.4587058828125 0.817546875 0.45931764687500004 0.8187656249999999 0.4580941171875 0.8195781249999999 0.4562588234375 0.8197812499999999 0.4547294125 0.819171875 0.4513882359375 0.817546875 0.4464941171875 0.81653125 0.44160000000000005 0.8157187499999999 0.4391764703125 0.81653125 0.4355058828125 0.81775 0.43336470625 0.8185625 0.4303058828125 0.818359375 0.42818823593750005 0.816734375 0.42421176406249994 0.81653125 0.42421176406249994 0.8159218750000001 0.42390588281249997 0.81409375 0.42390588281249997 0.813484375 0.426047059375 0.8122812500000001 0.4284941171875 0.811671875 0.429082353125 0.808421875 0.4303058828125 0.807 0.4321411765625 0.80315625 0.43672941249999997 0.8005156250000001 0.4409882359375 0.798078125 0.4468 0.7956562500000001 0.454117646875 0.795453125 0.45564705937500005 0.795453125 0.45656470625 0.7960625 0.459152940625 0.79746875 0.47501176406249995 0.798078125 0.4832705875 0.797671875 0.4918117640625 0.797078125 0.4976235296875
9 0.883625 0.45152941249999995 0.883625 0.46496470624999997 0.8897187499999999 0.4845411765625 0.8941874999999999 0.48698823593749996 0.896609375 0.4961411765625 0.902703125 0.49430588281250004 0.9043281249999999 0.48392941250000004 0.902703125 0.481482353125 0.902703125 0.4808705875 0.8970156250000001 0.45275294062500004 0.8958125000000001 0.44296470625 0.8909375 0.43256470625 0.88809375 0.4221882359375 0.883625 0.416682353125 0.8795624999999999 0.427082353125 0.882 0.4264705875 0.8807812500000001 0.43684705937499996 0.883625 0.45152941249999995
8 0.15659375 0.7975294125 0.148328125 0.7244705875 0.146671875 0.721152940625 0.14170312499999999 0.71783529375 0.13564062500000001 0.7161647062500001 0.131234375 0.723647059375 0.12628124999999998 0.703717646875 0.126828125 0.7120235296875 0.127375 0.72863529375 0.127375 0.730282353125 0.11856249999999999 0.7311058828125 0.119109375 0.712847059375 0.116359375 0.7112 0.11304687499999999 0.714517646875 0.095953125 0.7277882359375 0.091546875 0.7394117640625 0.0904375 0.7444 0.09871875 0.8199294125 0.11525 0.818282353125 0.1521875 0.7958588234375 0.15659375 0.7975294125
8 0.21837499999999999 0.7504 0.22290625 0.764047059375 0.279078125 0.7435764703125 0.274546875 0.6972 0.266390625 0.6903764703124999 0.258234375 0.62896470625 0.25190625 0.6330588234375 0.2419375 0.61943529375 0.232875 0.6780941171875 0.2310625 0.6903764703124999 0.21837499999999999 0.6903764703124999 0.21837499999999999 0.7504
9 0.17676562499999998 0.74583529375 0.186734375 0.738917646875 0.176 0.6915529406250001 0.16218749999999998 0.662682353125 0.16065625 0.621082353125 0.15375 0.610682353125 0.146078125 0.5818117640625 0.16218749999999998 0.5390588234375 0.17676562499999998 0.50903529375 0.195953125 0.4951764703125 0.20054687499999999 0.44896470624999996 0.19134374999999998 0.4328 0.19671875 0.39235294062500004 0.18596875 0.3831058828125 0.16603125000000002 0.38543529374999996 0.155296875 0.40044705937499997 0.158359375 0.42355294062500004 0.136875 0.42931764687499996 0.127671875 0.45357647031250004 0.12384375 0.5309882359375 0.12690625 0.555247059375 0.15145312500000002 0.5425411765625 0.149921875 0.56216470625 0.136875 0.5795058828124999 0.136875 0.6072235296875 0.154515625 0.7308235296875 0.152984375 0.749317646875 0.16373437500000002 0.75623529375 0.17676562499999998 0.74583529375
8 0.88609375 0.53423529375 0.8827343750000001 0.5512941171875 0.878546875 0.5519294125 0.8600937500000001 0.5601411765625001 0.8626093750000001 0.615082353125 0.8760312499999999 0.6188705875 0.9011875 0.6068705875 0.894484375 0.5582352937499999 0.889875 0.5525411765625 0.88609375 0.53423529375
2 0.32810937500000004 0.46625882343749997 0.328875 0.476682353125 0.3235 0.4830588234375 0.328875 0.48654117656249996 0.342359375 0.4824941171875 0.35390625 0.48364705937499997 0.352359375 0.469152940625 0.358140625 0.46336470625 0.3600625 0.44943529375 0.358140625 0.44131764687499997 0.3308125 0.42103529375 0.32234375000000004 0.41814117656249994 0.3221484375 0.43523529375000003 0.31540625 0.4332 0.314640625 0.43089411718750004 0.30924999999999997 0.44305882343749997 0.321953125 0.45232941249999997 0.325796875 0.4581411765625 0.32810937500000004 0.46625882343749997
2 0.76728125 0.45376470625 0.768640625 0.5003294125 0.777140625 0.5033882359375 0.77815625 0.5136235296875 0.7839375000000001 0.51463529375 0.7863125 0.498282353125 0.7873281249999999 0.471152940625 0.7801875 0.44557647031250003 0.77815625 0.43176470624999996 0.777140625 0.427152940625 0.765234375 0.42663529375 0.7615000000000001 0.43124705937499996 0.7618437499999999 0.43687058749999996 0.7645625 0.44301176406250004 0.76728125 0.45376470625
1 0.53325 0.57943529375 0.546125 0.57943529375 0.564453125 0.5846588234375 0.563953125 0.615247059375 0.571875 0.6130117640625 0.574359375 0.6234588234375 0.5926875 0.6346352937499999 0.6184375 0.6398588234375 0.63875 0.636117646875 0.6506406250000001 0.5928705875 0.66846875 0.5868941171875 0.6714375 0.5936 0.67540625 0.59063529375 0.674421875 0.5861411765625 0.69225 0.576447059375 0.693734375 0.543647059375 0.7170156249999999 0.5399058828125 0.731375 0.54736470625 0.732375 0.560047059375 0.735828125 0.5578117640625 0.739796875 0.5801882359375 0.7516875 0.57943529375 0.756140625 0.5742117640625 0.7640625 0.536917646875 0.770015625 0.522752940625 0.76803125 0.5011294125 0.766046875 0.4586117640625 0.758625 0.4474117640625 0.76109375 0.4429411765625 0.760609375 0.40712941249999995 0.752765625 0.4083294125 0.74821875 0.43058823593750006 0.744796875 0.43058823593750006 0.71634375 0.37576470624999997 0.708375 0.341482353125 0.681078125 0.300352940625 0.46371874999999996 0.24724705937499997 0.41478125 0.2609411765625 0.371546875 0.2849411765625 0.35675 0.4665882359375 0.35903125 0.5574117640625 0.35446875 0.5625411765624999 0.35903125 0.5951058828125 0.468265625 0.6276705875 0.48875 0.6293882359375 0.51834375 0.6276705875 0.51640625 0.6256941171875 0.517390625 0.5839058828125 0.53325 0.57943529375