2 0.8966 0.2134357546875 0.91616 0.2172067046875 0.9188599999999999 0.24360335156250001 0.92696 0.25019553125 0.9418200000000001 0.24642458125000002 0.94518 0.22662011249999997 0.9499000000000001 0.221927375 0.95396 0.1521787703125 0.9229200000000001 0.15877095000000002 0.89794 0.1644134078125 0.89458 0.18326815624999998 0.8966 0.2134357546875
8 0 0.5705307265624999 0.00162 0.988156425 0.9907600000000001 0.988156425 0.8744 0.9294692734375 0.8259000000000001 0.9543016765625 0.77256 0.95203910625 0.7499399999999999 0.9317039109374999 0.77256 0.8865642453125 0.62388 0.8233519546875 0.5479 0.8301396640625001 0.53822 0.8075698328125 0.51558 0.7849999999999999 0.1196 0.56377095 0.10182 0.5456983234375 0.08728 0.536675978125 0.07433999999999999 0.5344134078125 0.09052 0.5412011171875 0.0064600000000000005 0.5456983234375 0 0.5705307265624999
9 0.76408 0.9332402234374999 0.76732 0.958072625 0.8093400000000001 0.958072625 0.82874 0.958072625 0.8449 0.9490223468749999 0.84812 0.9219553078124999 0.84812 0.9084078218749999 0.84812 0.8858379890625001 0.84974 0.8429329609374999 0.84974 0.8226256984375 0.84812 0.78877095 0.84812 0.7571508375 0.84328 0.71877095 0.83682 0.678156425 0.8449 0.6443016765625 0.8449 0.6149441343750001 0.8400399999999999 0.599134078125 0.8271200000000001 0.5539944140624999 0.8125600000000001 0.5178770953125 0.8012600000000001 0.5020670390624999 0.78832 0.4163128484375 0.79964 0.3892178765625 0.8093400000000001 0.36212290468749997 0.81096 0.34407821250000004 0.81096 0.3147206703125 0.79156 0.25377095 0.7867 0.23572625625 0.77054 0.1747765359375 0.7689199999999999 0.1408938546875 0.7592399999999999 0.10703910624999999 0.73822 0.12058659218750001 0.7269 0.1476815640625 0.7139800000000001 0.19282122968749998 0.68166 0.244748603125 0.6396200000000001 0.28762569843749997 0.62994 0.355363128125 0.64932 0.4140502796875 0.6509400000000001 0.42533519531249997 0.64286 0.45243016718750007 0.62346 0.4817597765625 0.61538 0.49756983281249995 0.6073000000000001 0.54949720625 0.60568 0.5833519546875 0.60568 0.62173184375 0.60084 0.6600837984375 0.60246 0.6939664796875 0.60246 0.71877095 0.60246 0.73458100625 0.60246 0.741368715625 0.58468 0.784245809375 0.5766 0.784245809375 0.55396 0.7910055859375 0.54912 0.82488826875 0.58468 0.8316480453124999 0.64286 0.82488826875 0.6509400000000001 0.8136033515625 0.6509400000000001 0.784245809375 0.64932 0.763938546875 0.64932 0.741368715625 0.65418 0.71877095 0.65902 0.689441340625 0.66388 0.68265363125 0.6671 0.68265363125 0.6865 0.689441340625 0.6913400000000001 0.6939664796875 0.7139800000000001 0.709748603125 0.72368 0.7210335203125 0.73014 0.7503910609375 0.73822 0.7752234640625 0.74306 0.7910055859375 0.7463 0.8090782125 0.75276 0.8474581000000001 0.75276 0.8677653624999999 0.756 0.8677653624999999 0.756 0.8993575421875001 0.75438 0.9151675984375001 0.7511599999999999 0.9241899437500001 0.76408 0.9332402234374999
9 0.0985 0.4748324015625 0.1008 0.4916201125 0.10496000000000001 0.49418994375 0.09896 0.5187150843749999 0.10034000000000001 0.5329329609375 0.09387999999999999 0.5477653625000001 0.09618 0.5658379890624999 0.0948 0.5729329609375 0.11098 0.5871229046875001 0.135 0.584553071875 0.16688 0.586480446875 0.17196 0.5787430171875 0.18722 0.5748603359375 0.1983 0.5748603359375 0.20661999999999997 0.5813128484375001 0.20754 0.6026256984375 0.20246 0.6129329609374999 0.21356000000000003 0.6303631281250001 0.22139999999999999 0.6342458093750001 0.22555999999999998 0.6277932953125 0.23757999999999999 0.6271508375 0.25328 0.6394134078125 0.29626 0.6406983234375 0.32028 0.651675978125 0.35486 0.6494413406249999 0.35624 0.6578212296875 0.36964 0.6584636875000001 0.36547999999999997 0.6726815640625 0.37288 0.675251396875 0.3835 0.6584636875000001 0.38998 0.6520111734375 0.40846 0.65265363125 0.42602 0.64234636875 0.4408 0.6274860328125 0.4468 0.62427374375 0.45328 0.629441340625 0.4565 0.6546089390625001 0.45836 0.7172067046875 0.46066 0.7423743015625 0.46714 0.7481843578125 0.46390000000000003 0.7552793296875 0.46390000000000003 0.7649441343750001 0.46852 0.76622905 0.47359999999999997 0.7643016765625 0.47822 0.766899440625 0.48792 0.7655865921875 0.49024 0.7675419 0.49623999999999996 0.7655865921875 0.49948 0.7533240218749999 0.5595399999999999 0.7843016765625 0.57804 0.7791620109374999 0.57248 0.733324021875 0.5623199999999999 0.72234636875 0.56972 0.7146089390625 0.5711 0.689441340625 0.58312 0.6558938546874999 0.58728 0.6223184359375 0.58126 0.5713407828125 0.57294 0.5577932953125 0.55458 0.55203910625 0.54568 0.5169553078125 0.5551 0.4811452515625 0.5551 0.4657821234375 0.5619 0.4613966484375 0.55614 0.4153351953125 0.5441 0.389022346875 0.5281399999999999 0.274594971875 0.512293334375 0.2790999390625 0.5151418546875 0.2708942875 0.47972000000000004 0.3729329609375 0.46924 0.3824301671875 0.45564 0.41022346406250004 0.44936 0.43726257031250004 0.44726 0.4570111734375 0.45826 0.49868715156250004 0.3027225 0.49709846406249997 0.30596 0.47226257031249996 0.31244 0.44837988749999996 0.29764 0.4096648046875 0.29118 0.3986871515625 0.27362000000000003 0.281899440625 0.27178 0.281899440625 0.23572 0.39094972031249997 0.22418 0.397402234375 0.21586 0.41547486093749997 0.20939999999999998 0.43871508437499995 0.20800000000000002 0.4567597765625 0.21032 0.4935474859375 0.20939999999999998 0.4961452515625 0.19978400000000002 0.49361173125 0.18997999999999998 0.49678770937500005 0.189248 0.493675978125 0.18444 0.50388268125 0.18028 0.5064525140625 0.178712 0.4937402234375 0.17428 0.48905027968750003 0.1849 0.4651675984375 0.18398 0.45030726249999997 0.18675999999999998 0.44385474843750006 0.17844 0.40642458125 0.1678 0.39159217812499997 0.13591999999999999 0.2844692734375 0.13084 0.2831843578125 0.1059 0.40128491562499996 0.09758 0.40642458125 0.09202 0.43804469218750003 0.09434000000000001 0.46256983281249997 0.0985 0.4748324015625
8 0.44742 0.7137430171875 0.43845999999999996 0.7025698328125001 0.4183 0.70122905 0.40965999999999997 0.701675978125 0.40102000000000004 0.7132960890625 0.40006 0.7150837984375 0.3975 0.72 0.40678000000000003 0.7874860328125 0.42885999999999996 0.792402234375 0.4423 0.7821229046875 0.44742 0.7137430171875
8 0.17316 0.6665642453125 0.1853 0.66550279375 0.19046000000000002 0.6611731843750001 0.19072 0.6139385468749999 0.19562 0.600614525 0.18608 0.598072625 0.17265999999999998 0.591592178125 0.16646 0.5926815640624999 0.15689999999999998 0.5991620109375 0.15898 0.61357541875 0.16 0.6438547484375 0.16155999999999998 0.6622346375 0.16594 0.667290503125 0.17316 0.6665642453125
8 0.09609999999999999 0.5349720671875 0.09522 0.5423184359375 0.09631999999999999 0.550558659375 0.09808 0.5548603359375 0.10136 0.566787709375 0.1018 0.5903351953125 0.10507999999999999 0.5897206703125 0.11188000000000001 0.5891061453125 0.10728 0.586368715625 0.10529999999999999 0.5842178765625 0.10442 0.5774860328125 0.10464 0.568938546875 0.10791999999999999 0.566173184375 0.10968 0.558826815625 0.11339999999999999 0.5551675984375 0.1248 0.554245809375 0.12632000000000002 0.545670390625 0.12786 0.538016759375 0.13113999999999998 0.5349720671875 0.12698 0.5297765359375 0.11252 0.5303631281250001 0.09981999999999999 0.5318994406249999 0.09609999999999999 0.5349720671875
8 0.18992 0.59918994375 0.19519999999999998 0.602597765625 0.19032 0.6151117312500001 0.19154 0.6605865921875 0.20293999999999998 0.656592178125 0.20456 0.6503351953125 0.20659999999999998 0.62703910625 0.20579999999999998 0.5798603359375 0.20293999999999998 0.5764525140625001 0.18992 0.574748603125 0.17568 0.5764525140625001 0.16714 0.5810055859375 0.16754 0.5906703906249999 0.17202 0.59122905 0.17568 0.5940782125 0.18992 0.59918994375
8 0.3872 0.6784636875000001 0.39456 0.67203910625 0.39456 0.665614525 0.38306 0.662402234375 0.38122 0.6585474859375 0.38029999999999997 0.6598324015625 0.35546 0.6386592171875 0.35684 0.631592178125 0.35546 0.638016759375 0.293636 0.5855493484375 0.2653 0.53458100625 0.25379999999999997 0.5410055859375 0.25173 0.53361731875 0.23816 0.53265363125 0.23034 0.5243016765624999 0.22896 0.5268715078125 0.22344 0.5223743015625 0.22298 0.5255865921875 0.284804 0.578054003125 0.378 0.6784636875000001 0.3872 0.6784636875000001
8 0.28764 0.7626815640625 0.29316 0.7689944140625 0.35794000000000004 0.777402234375 0.37751999999999997 0.7689944140625 0.373 0.729022346875 0.36948 0.729022346875 0.30419999999999997 0.7493575421875 0.28764 0.7626815640625
8 0.25044 0.6863407828125 0.2589 0.70011173125 0.26736 0.7034078218750001 0.27818 0.696173184375 0.27488 0.6830446921875 0.2918 0.6731843578125 0.28616 0.64888268125 0.23774 0.6705586593749999 0.23679999999999998 0.6830446921875 0.2415 0.6869832406249999 0.25044 0.6863407828125