4 0.46520312500000005 0.6496487125 0.468125 0.668899296875 0.47046875000000005 0.67416861875 0.47046875000000005 0.6811709609375 0.47162499999999996 0.6890398125 0.47396874999999994 0.6951756437500001 0.47339062500000006 0.701311475 0.47396874999999994 0.7162060890624999 0.47396874999999994 0.7266978921875 0.475140625 0.7345901640625 0.47689062499999996 0.7503512875 0.47689062499999996 0.7626229515625 0.4798125 0.77487119375 0.48039062499999996 0.7792505859375 0.48390625 0.8037704921875 0.48390625 0.8072833718749999 0.479234375 0.813419203125 0.475140625 0.8221779859374999 0.47631249999999997 0.8283138171875001 0.4815625 0.8265573765625 0.486234375 0.8265573765625 0.49909375 0.8291803281250001 0.4996875 0.8265573765625 0.4996875 0.8055269328125 0.500265625 0.782763465625 0.498515625 0.7547306796875 0.5031875 0.76 0.507859375 0.7634894609375 0.5137031249999999 0.7573536296875 0.514875 0.7617330203125 0.515453125 0.782763465625 0.51428125 0.7976580796875 0.5137031249999999 0.8064168625000001 0.5137031249999999 0.8160421546875 0.51253125 0.8230444968749999 0.51428125 0.825667446875 0.51428125 0.8300468390625 0.511359375 0.835316159375 0.5137031249999999 0.8423185015625 0.517203125 0.8449414515625 0.523046875 0.8449414515625 0.525390625 0.8449414515625 0.5288906250000001 0.8423185015625 0.5329843750000001 0.8379391093749999 0.5365 0.8370491796874999 0.5376562500000001 0.8326932078124999 0.533578125 0.8265573765625 0.53065625 0.816908665625 0.53415625 0.7976580796875 0.5370781250000001 0.7634894609375 0.53825 0.733723653125 0.538828125 0.7485948484375 0.5370781250000001 0.782763465625 0.5329843750000001 0.8090398125 0.53415625 0.8107962531249999 0.547015625 0.8107962531249999 0.554609375 0.8107962531249999 0.5551875 0.8081498828125 0.5499375 0.7932786890625 0.552265625 0.7634894609375 0.554015625 0.7477283375 0.5569375 0.721451990625 0.556359375 0.7039344265625 0.55928125 0.6864168625 0.55928125 0.660140515625 0.550515625 0.6426229515624999 0.5376562500000001 0.6303747078125 0.5510937499999999 0.604964871875 0.5528593749999999 0.5909601875 0.538828125 0.6067213109375 0.529484375 0.6198594843749999 0.525390625 0.6198594843749999 0.5031875 0.61548009375 0.49734375000000003 0.61548009375 0.48915625 0.61548009375 0.482734375 0.617236534375 0.475140625 0.623372365625 0.47571874999999997 0.6242388765625 0.46987500000000004 0.6347540984375 0.46520312500000005 0.6496487125
9 0.35453125 0.0067213109375 0.336578125 0.011217798437499999 0.338078125 0.022412178125 0.3470625 0.044847775 0.35154687500000004 0.053817329687500005 0.353046875 0.06725995312500001 0.35903125 0.0851990625 0.3695 0.08969555 0.37996875 0.091920375 0.37996875 0.09416861875 0.365015625 0.18161592499999998 0.35753124999999997 0.199555034375 0.348546875 0.2264637 0.30667187500000004 0.300444965625 0.27825 0.3071662765625 0.27375 0.3228805625 0.27825 0.336323184375 0.296203125 0.34529274062500004 0.302171875 0.33857142812499996 0.3440625 0.30269320781250003 0.37098437500000003 0.289227165625 0.387453125 0.293723653125 0.3904375 0.43049180312499996 0.420359375 0.5515690859375 0.4368125 0.6659250578125 0.44578125 0.706276346875 0.442796875 0.73093676875 0.41587500000000005 0.751124121875 0.399421875 0.7735363000000001 0.408390625 0.77578454375 0.43382812499999995 0.7780327875 0.45775 0.77578454375 0.478703125 0.7668149890625 0.47121874999999996 0.7152459015625 0.47121874999999996 0.68608899375 0.46224999999999994 0.6547072593750001 0.46373437500000003 0.6434894609375 0.47421875 0.6210772828125 0.48767187500000003 0.614355971875 0.505625 0.6277985953125 0.502640625 0.59416861875 0.4846875 0.5112177984375 0.4846875 0.45740046875000007 0.4846875 0.4215222484375 0.4846875 0.35651053906249996 0.486171875 0.30269320781250003 0.4831875 0.2421545671875 0.4846875 0.1748946140625 0.48020312499999995 0.13901639375 0.47421875 0.1233255265625 0.42784374999999997 0.071756440625 0.430828125 0.0560421546875 0.4383125 0.04709601875 0.42334375 0.0313817328125 0.42334375 0.022412178125 0.420359375 0.0134426234375 0.42334375 0.0156908671875 0.418859375 0.004473067187500001 0.35453125 0.0067213109375
8 0.022593750000000003 0 0.021703125 0.037540984375 0.0236875 0.08255269374999999 0.025484374999999997 0.0927868859375 0.030515625 0.0984543328125 0.034640625 0.087939109375 0.031406250000000004 0.02163934375 0.031234374999999998 0 0.022593750000000003 0
8 0.27828125 0.29770491875 0.25846874999999997 0.3036533953125 0.25568749999999996 0.3036533953125 0.250546875 0.3036533953125 0.24895312500000003 0.304847775 0.250546875 0.31138173281250003 0.2533125 0.31850117031249997 0.256484375 0.329180328125 0.256484375 0.333348946875 0.2580625 0.3357142859375 0.25965625000000003 0.3374941453125 0.26440625 0.33810304375 0.270359375 0.33810304375 0.2743125 0.3374941453125 0.283828125 0.3036533953125 0.283828125 0.2983138171875 0.27828125 0.29770491875
8 0.577046875 0.165971896875 0.5744374999999999 0.17067915625000002 0.57234375 0.17224824375 0.57103125 0.178899296875 0.565015625 0.1868384078125 0.56815625 0.2041451984375 0.5734375 0.20304449687499998 0.5811875 0.1997423890625 0.589765625 0.1955269328125 0.59159375 0.1943091328125 0.594015625 0.18583138125 0.591015625 0.1790866515625 0.586921875 0.1723185015625 0.582796875 0.17381732968750002 0.5815 0.1691100703125 0.579140625 0.165971896875 0.578609375 0.165971896875 0.577046875 0.165971896875
8 0.074484375 0.0828571421875 0.076875 0.084660421875 0.080828125 0.1161124125 0.083203125 0.1161124125 0.076078125 0.0009133484375 0.07053125 0.002107728125 0.070921875 0.0270491796875 0.072515625 0.069812646875 0.06815625 0.0822716625 0.074890625 0.1167213109375 0.074484375 0.0828571421875
8 0.124921875 0.12035128749999999 0.12690625 0.115011709375 0.126515625 0.110843090625 0.123734375 0.10430913281250001 0.117390625 0.09540983593749999 0.11660937499999999 0.0930210765625 0.1134375 0.08590163906250001 0.1134375 0.0568149890625 0.11264062500000001 0.0003981265625 0.10709375000000002 0.004543325 0.11225 0.0930210765625 0.108671875 0.092435596875 0.109078125 0.10847775156249999 0.11421875 0.1161826703125 0.118984375 0.11679156875 0.124921875 0.12035128749999999
8 0.130703125 0.152131146875 0.129546875 0.15405152187499999 0.12884374999999998 0.157540984375 0.12871875 0.16508196718749998 0.128375 0.178220140625 0.128609375 0.1873067921875 0.12884374999999998 0.1911709609375 0.128140625 0.1978220140625 0.1291875 0.2057142859375 0.132 0.2123653390625 0.133625 0.212716628125 0.1345625 0.21112412187500001 0.135140625 0.20868852499999999 0.135140625 0.19992974218749998 0.13421875 0.19519906250000002 0.133390625 0.17978922656250002 0.13234375 0.1573770484375 0.133046875 0.15615925 0.132921875 0.1551053859375 0.130703125 0.152131146875
8 0.524734375 0.153372365625 0.5233125000000001 0.154660421875 0.520734375 0.15615925 0.517015625 0.1617330203125 0.518015625 0.169859484375 0.51859375 0.176299765625 0.5214531250000001 0.1805854796875 0.5235937500000001 0.180140515625 0.527453125 0.1797189703125 0.530015625 0.17693208437500002 0.5343125 0.17009367656250002 0.5374531250000001 0.16451990625 0.539171875 0.159156909375 0.538453125 0.15229508125 0.535875 0.1480093671875 0.532734375 0.14674473125 0.531171875 0.145667446875 0.531171875 0.143747071875 0.529015625 0.1413817328125 0.527015625 0.1413817328125 0.524015625 0.14224824375 0.522734375 0.144379390625 0.522734375 0.1480093671875 0.522453125 0.1542388765625 0.530171875 0.1484543328125 0.52715625 0.1516627640625 0.524734375 0.153372365625
8 0.539984375 0.1992505859375 0.536828125 0.19079625312499998 0.530015625 0.18824355937499998 0.52515625 0.1947306796875 0.520828125 0.20416861874999997 0.5178125 0.21557377031249997 0.519 0.21911007031250002 0.521484375 0.225011709375 0.526859375 0.22676815 0.530265625 0.22224824375000002 0.5363125 0.227564403125 0.54103125 0.2271662765625 0.538015625 0.2100702578125 0.53853125 0.2092740046875 0.539453125 0.20632318437500002 0.539984375 0.1992505859375
8 0.52834375 0.233044496875 0.52834375 0.237611240625 0.52834375 0.239555034375 0.5231250000000001 0.24346604218749998 0.5227031249999999 0.25323185000000004 0.5235624999999999 0.2590866515625 0.5250781250000001 0.26103044531249997 0.52834375 0.26332552656249997 0.5315937500000001 0.2639578453125 0.534859375 0.2629976578125 0.547890625 0.248992975 0.547015625 0.2428103046875 0.54659375 0.237611240625 0.543328125 0.23337236562500002 0.54225 0.23140515156250002 0.5383281249999999 0.22978922656249998 0.53725 0.22978922656249998 0.535296875 0.2278454328125 0.531390625 0.2236065578125 0.52834375 0.22686182656249998 0.52834375 0.233044496875
8 0.568953125 0.16517564375 0.58059375 0.1503747078125 0.58096875 0.1450819671875 0.579203125 0.135971896875 0.57565625 0.1293442625 0.573640625 0.12346604218749999 0.5699687499999999 0.120796253125 0.566296875 0.122131146875 0.56490625 0.1266744734375 0.56503125 0.1352224828125 0.557828125 0.1441217796875 0.5563125 0.14754098437500002 0.555671875 0.152459015625 0.561109375 0.16421545625 0.563015625 0.1687587828125 0.56415625 0.16838407500000002 0.568953125 0.16517564375
8 0.5476093750000001 0.24733021093750002 0.5488593749999999 0.2535363 0.55134375 0.2560187359375 0.553421875 0.25665105312500003 0.556109375 0.2547775171875 0.56046875 0.249508196875 0.561703125 0.24608899375 0.5606718749999999 0.240187353125 0.560046875 0.23459016406250002 0.561921875 0.2296252921875 0.56046875 0.22526932031250002 0.557359375 0.22030444999999999 0.55425 0.21440281093750002 0.548234375 0.2175175640625 0.54865625 0.224964871875 0.54615625 0.231475409375 0.545953125 0.233348946875 0.54678125 0.23864168593750001 0.5476093750000001 0.24733021093750002
8 0.56515625 0.2160421546875 0.565453125 0.22644028125000001 0.5609375 0.2336533953125 0.56034375 0.24224824374999998 0.5660624999999999 0.250819671875 0.5696718749999999 0.24992974218750003 0.583546875 0.240444965625 0.585953125 0.230491803125 0.583234375 0.221920375 0.579625 0.2178454328125 0.575109375 0.2187587828125 0.575109375 0.2160421546875 0.5702812500000001 0.214683840625 0.56515625 0.2160421546875
8 0.5644375 0.18768149843749998 0.5639375 0.1809601875 0.5634375 0.1794613578125 0.559953125 0.17498829062500001 0.5524843749999999 0.17498829062500001 0.5519999999999999 0.1839344265625 0.5475156250000001 0.1899063234375 0.546515625 0.194379390625 0.5519999999999999 0.20929742343750002 0.553984375 0.21004683906250002 0.56940625 0.201100703125 0.5644375 0.18768149843749998
8 0.372515625 0.3138875875 0.365515625 0.322459015625 0.362984375 0.3329274 0.3604375 0.33388758749999997 0.35853125 0.3281733015625 0.317234375 0.32531615937499997 0.310875 0.3329274 0.30896875 0.3386416859375 0.309609375 0.3529274 0.387125 0.3586416859375 0.38903125 0.33388758749999997 0.384578125 0.3176814984375 0.372515625 0.3138875875
8 0.09634374999999999 0.2012177984375 0.09584375 0.1870023421875 0.09334375 0.1765339578125 0.08735937499999999 0.165316159375 0.08735937499999999 0.15709601875 0.09035937499999999 0.142131146875 0.085859375 0.144379390625 0.081875 0.17355971875 0.078375 0.1914988296875 0.085359375 0.2057142859375 0.09634374999999999 0.2012177984375
8 0.5734375 0.353723653125 0.55790625 0.3560421546875 0.5603906249999999 0.3630210765625 0.556046875 0.36536299843750003 0.554484375 0.3723419203125 0.556046875 0.37861826718749997 0.555265625 0.37932084375 0.567375 0.37770491875 0.566921875 0.364660421875 0.5734375 0.3630210765625 0.5734375 0.353723653125
8 0.5270312500000001 0.320140515625 0.524203125 0.34131147500000003 0.537859375 0.342716628125 0.541390625 0.32648711874999997 0.5270312500000001 0.320140515625
8 0.539078125 0.16580796250000002 0.5409843750000001 0.16892271718750002 0.5430625 0.173747071875 0.546671875 0.1734660421875 0.5551875 0.16608899375 0.55709375 0.1629742390625 0.5565156250000001 0.15871194375 0.555578125 0.155011709375 0.5551875 0.1507494140625 0.555578125 0.1444964875 0.5546249999999999 0.1413817328125 0.552921875 0.1388290390625 0.55121875 0.13740046875 0.550828125 0.13512880625 0.5495 0.133700234375 0.547984375 0.133700234375 0.54534375 0.1342857140625 0.543828125 0.1356908671875 0.54003125 0.143091334375 0.53984375 0.14676815 0.5383281249999999 0.152740046875 0.537765625 0.1538875875 0.538140625 0.158992975 0.539078125 0.16580796250000002
8 0.547296875 0.362084309375 0.54625 0.3573302109375 0.5465 0.34742388750000003 0.544921875 0.34426229531249997 0.536203125 0.34543325468749997 0.532765625 0.36644028125 0.5388437500000001 0.36880562031249997 0.5475625 0.3668384078125 0.547296875 0.362084309375