2 0.44576562500000005 0.61625 0.44460937500000003 0.6214791671875 0.44460937500000003 0.6217708328125 0.44299999999999995 0.6325416671874999 0.44507812500000005 0.6380625 0.44945312499999995 0.638375 0.46098437499999995 0.638375 0.474125 0.6374583328125001 0.4755 0.6319166671875001 0.47689062499999996 0.623625 0.47757812499999996 0.6177916671875 0.4761875 0.6168541671875001 0.474125 0.6131666671875 0.474125 0.6113333328125 0.463046875 0.6085625 0.455671875 0.6079375 0.44853125 0.6103958328125 0.44921875 0.6125625 0.448078125 0.6143958328125 0.44576562500000005 0.61625
2 0.19153125 0.608375 0.19342187500000002 0.608375 0.194890625 0.6108958328125 0.19971875 0.6058541671875 0.20056250000000003 0.6100416671875 0.20768749999999997 0.6103333328125 0.2089375 0.6128541671875001 0.21334375 0.6117291671875 0.21376562500000001 0.6103333328125 0.220484375 0.6103333328125 0.22215625 0.6133958328125 0.22740624999999998 0.6133958328125 0.22928125000000002 0.6108958328125 0.23075 0.6030625 0.22949999999999998 0.5924375000000001 0.22404687499999998 0.5851666671875 0.20642187500000003 0.5851666671875 0.19824999999999998 0.5938333328125001 0.198671875 0.5968958328125 0.190703125 0.5980208328125001 0.19153125 0.608375
8 0.321078125 0.4773333328125 0.32078125 0.4655208328125 0.32018749999999996 0.456875 0.318703125 0.4564791671875 0.310734375 0.45568749999999997 0.306015625 0.45843749999999994 0.30246875 0.48324999999999996 0.309265625 0.4911041671875 0.317234375 0.4903333328125 0.321078125 0.4773333328125
8 0.3745625 0.4434583328125 0.37865625 0.4639375 0.37853125 0.4765416671875 0.37853125 0.49735416718750003 0.38479687500000004 0.5005833328125 0.388375 0.4818333328125 0.38696875 0.4490833328125 0.385046875 0.44329166718749996 0.3745625 0.4434583328125
8 0.77575 0.6067916671875 0.7755156249999999 0.5964166671875 0.771859375 0.5903125 0.765453125 0.590625 0.763625 0.6052708328125 0.7652187500000001 0.6159583328125 0.7711718750000001 0.6156458328125 0.77575 0.6067916671875
8 0.8139531249999999 0.5980208328125001 0.812703125 0.5987291671875 0.8114531250000001 0.5999166671875 0.8103906249999999 0.6001458328125 0.8105625 0.6096458328125001 0.8159062499999999 0.6079791671875 0.8157343750000001 0.5977916671875 0.8139531249999999 0.5980208328125001
8 0.20607812499999997 0.3468541671875 0.1858125 0.3468541671875 0.1824375 0.41441666718750003 0.1891875 0.41891666718750004 0.201015625 0.41891666718750004 0.20607812499999997 0.3468541671875
8 0.116484375 0.3949375 0.10759375 0.3856875 0.10489062499999999 0.39237500000000003 0.10393749999999999 0.3962291671875 0.101609375 0.4307083328125 0.11203125 0.43122916718750004 0.11378124999999999 0.4062708328125 0.116484375 0.3949375
8 0.43025 0.4763333328125 0.42734375 0.48187499999999994 0.42609375 0.4885 0.42485937500000004 0.4995416671875 0.43190625000000005 0.5061666671875 0.44349999999999995 0.5089375 0.441015625 0.4796666671875 0.436046875 0.474125 0.43025 0.4763333328125
8 0.77534375 0.5248958328125 0.775015625 0.472 0.760734375 0.47133333281249995 0.7604062500000001 0.5244583328125 0.77534375 0.5248958328125
8 0.152046875 0.41977083281249994 0.1550625 0.41172916718749997 0.150546875 0.40737500000000004 0.14828125 0.40437500000000004 0.150546875 0.39968750000000003 0.152796875 0.4027083328125 0.1550625 0.4027083328125 0.1565625 0.3936666671875 0.1558125 0.3883125 0.150546875 0.38797916718750003 0.150546875 0.384625 0.1558125 0.3856458328125 0.1565625 0.3766041671875 0.150546875 0.3725833328125 0.149796875 0.3685625 0.143265625 0.3695833328125 0.14151562499999998 0.3695833328125 0.13999999999999999 0.4201041671875 0.152046875 0.41977083281249994