2 0.7201528390624999 0.3434375 0.7456331875 0.3434375 0.7490174671875 0.349515625 0.7600655015625 0.35164062500000004 0.761768559375 0.34465625 0.761768559375 0.33401562500000004 0.7613537125 0.32125 0.763034934375 0.32125 0.764737990625 0.32003125 0.7613537125 0.31790625 0.7562445421875 0.319734375 0.75242358125 0.31275 0.7477510921875 0.307578125 0.7409606984375 0.30575 0.7252401749999999 0.304234375 0.709104803125 0.30484374999999997 0.7010480343750001 0.306359375 0.698908296875 0.31060937499999997 0.6938209609375 0.3194375 0.6891484718750001 0.33340625 0.6900000000000001 0.341609375 0.6942576421875 0.348609375 0.6963755453125 0.348 0.7035807859375 0.342828125 0.7201528390624999 0.3434375
2 0.64519650625 0.347359375 0.647205240625 0.35095312500000003 0.651746725 0.3513125 0.6527510921874999 0.34700000000000003 0.6572925765625001 0.34554687500000003 0.6552838421875 0.323921875 0.6537554578125 0.31959375 0.6462008734375 0.319234375 0.6396506546875 0.307703125 0.594825328125 0.30842187499999996 0.5887772921875001 0.32175 0.582227075 0.326078125 0.5812227078125 0.349875 0.582227075 0.35095312500000003 0.5988427953125 0.349875 0.64519650625 0.347359375
2 0.44742358125 0.33071875 0.45074235781249994 0.31765625000000003 0.4631877734375 0.31706249999999997 0.4548908296875 0.30103125 0.40510917031250004 0.30221875 0.40427947656249996 0.30281250000000004 0.3918340609375 0.31884375 0.3959825328125 0.3336875 0.44161572031249996 0.3313125 0.44742358125 0.33071875
8 0.4713973796875 0.24634375 0.47218340625 0.199640625 0.45467248906249996 0.199640625 0.45148471562500003 0.1985 0.450698690625 0.244640625 0.4713973796875 0.24634375
2 0.66582969375 0.321984375 0.6666375546875 0.3206875 0.680895196875 0.32040625 0.680895196875 0.3225625 0.6855021828125001 0.321265625 0.6877074234375 0.319546875 0.6871179046875 0.31465624999999997 0.6822925765625001 0.3080625 0.667641921875 0.307921875 0.662227075 0.31251562499999996 0.6614192140624999 0.32184375 0.66582969375 0.321984375
2 0.5713100437499999 0.31074999999999997 0.572008734375 0.32042187499999997 0.5737991265625 0.32334375 0.5746724890625 0.32487499999999997 0.5755676859375 0.3284375 0.583034934375 0.325375 0.5855240171875 0.32232812499999997 0.586048034375 0.318890625 0.587838428125 0.316734375 0.5880131000000001 0.30134375 0.581965065625 0.30171875 0.5755676859375 0.301984375 0.5729039296875 0.304140625 0.5713100437499999 0.31074999999999997
1 0.70980349375 0.30540625 0.7259606984375 0.3040625 0.749585153125 0.3071875 0.7464628828125 0.267140625 0.7396288203125 0.264484375 0.7054366812499999 0.264484375 0.6911572046875001 0.272046875 0.6911572046875001 0.31740625 0.696746725 0.31829687500000003 0.697358078125 0.31340625 0.7035807859375 0.308078125 0.70980349375 0.30540625
13 0.6529257640624999 0.31746875 0.65451965 0.31746875 0.6561135375 0.31575000000000003 0.656921396875 0.309484375 0.6648689953125 0.304359375 0.6600873359375 0.2650625 0.5892576421875 0.266765625 0.59004366875 0.284421875 0.5892576421875 0.30321875 0.58606986875 0.3151875 0.59004366875 0.3151875 0.5964192140625 0.30778125 0.6386026203124999 0.306640625 0.649737990625 0.31632812499999996 0.6529257640624999 0.31746875
13 0.5968340609375 0.346015625 0.6428820953125001 0.34740625 0.6468122265625 0.353015625 0.653668121875 0.3523125 0.6556331875 0.346015625 0.659541484375 0.338296875 0.6624890828125001 0.338296875 0.6663973796875 0.32146875 0.6624890828125001 0.310234375 0.643864628125 0.315859375 0.64091703125 0.310234375 0.6125109171875 0.310234375 0.5958515281250001 0.311640625 0.5870305671875 0.315859375 0.5811353718750001 0.327078125 0.5811353718750001 0.341796875 0.58408296875 0.350921875 0.58995633125 0.353015625 0.5929039296874999 0.350921875 0.5968340609375 0.346015625
9 0.2241921390625 0.32101562499999997 0.2233624453125 0.324359375 0.22530567656249997 0.333625 0.220895196875 0.336390625 0.221724890625 0.340125 0.22364628749999999 0.34446875 0.227227075 0.33914062500000003 0.23135371249999998 0.3348125 0.23163755468749997 0.33046875 0.23163755468749997 0.335984375 0.23135371249999998 0.343484375 0.2371397375 0.34367187499999996 0.23851528437499997 0.33165625 0.23768558906249998 0.319625 0.23825327500000001 0.3208125 0.240458515625 0.318453125 0.2365938859375 0.30978125 0.2355021828125 0.30484374999999997 0.23384279531250002 0.30484374999999997 0.23384279531250002 0.300515625 0.22805676875 0.300515625 0.22530567656249997 0.302875 0.2275109171875 0.306234375 0.22006550156250002 0.30839062500000003 0.21980349375000002 0.31490625 0.2241921390625 0.32101562499999997
9 0.8512008734375 0.29853125 0.849388646875 0.299171875 0.849388646875 0.30281250000000004 0.844301309375 0.305421875 0.847401746875 0.309578125 0.8488427953125001 0.328171875 0.8570305671874999 0.32687499999999997 0.8579257640625 0.304375 0.854301309375 0.301515625 0.85393013125 0.2993125 0.8512008734375 0.29853125
9 0.8198253281250001 0.30696875 0.8183187765625 0.30421875 0.8159825328125001 0.303140625 0.8146506546875001 0.30062500000000003 0.8141484718750001 0.2991875 0.8124672484375 0.298828125 0.8099563312500001 0.299796875 0.8089519656249999 0.303140625 0.807445415625 0.30457812500000003 0.8066157203125 0.3078125 0.8079475984375 0.315828125 0.8099563312500001 0.31546875 0.81329694375 0.313671875 0.81480349375 0.31246874999999996 0.8205021828125 0.31128125 0.8198253281250001 0.30696875
8 0.4929475984375 0.228171875 0.491921396875 0.273671875 0.5044323140625 0.27440625 0.505458515625 0.23040625 0.4929475984375 0.228171875