8 0.742421875 0.7795550343750001 0.74321875 0.8008665109375 0.774046875 0.76770491875 0.8131875000000001 0.8174707265625001 0.8195 0.8079859484374999 0.779578125 0.7629508203124999 0.78471875 0.7611709609374999 0.8206875 0.797915690625 0.8230625 0.78901639375 0.78828125 0.751100703125 0.810421875 0.7191100703125 0.8242499999999999 0.6989695546875 0.819109375 0.6847540984375 0.814765625 0.6592740046875 0.813578125 0.6373536296875 0.8112031249999999 0.601803278125 0.78115625 0.6065339578125 0.736890625 0.601803278125 0.727 0.5994379390625 0.7262187499999999 0.6100936765625 0.729765625 0.6426697890625 0.728984375 0.70548009375 0.731359375 0.7173302109375 0.733328125 0.7191100703125 0.737671875 0.7208899296875 0.760609375 0.7558548015625 0.742421875 0.7795550343750001
8 0.666578125 0.5429976578125 0.65709375 0.5292271656249999 0.653546875 0.5492037468750001 0.654734375 0.5571896953125 0.693733934375 0.5535955828125 0.668640625 0.5292271656249999 0.6677500000000001 0.5265573765625 0.666578125 0.5429976578125
9 0.718484375 0.3141217796875 0.719203125 0.3055971890625 0.727015625 0.299203746875 0.71990625 0.2438173296875 0.7149375 0.22782201406249997 0.704984375 0.2225058546875 0.6985781249999999 0.21611241250000002 0.697171875 0.183091334375 0.6857968750000001 0.1766978921875 0.6694375 0.1820140515625 0.6694375 0.210772834375 0.661625 0.22463700156250002 0.652390625 0.23208430937500002 0.6445624999999999 0.26405152187500003 0.643140625 0.2928103046875 0.6445624999999999 0.2960187359375 0.6467031249999999 0.3066744734375 0.63959375 0.31946135781249996 0.638171875 0.3823185015625 0.6545156249999999 0.3844496484375 0.65521875 0.34608899375 0.673 0.3503512875 0.687921875 0.35674473125 0.697171875 0.3471428578125 0.70640625 0.348220140625 0.70853125 0.3503512875 0.70925 0.372716628125 0.713515625 0.38976580781250003 0.7284375 0.386580796875 0.727734375 0.35140515156249996 0.72275 0.3311709609375 0.718484375 0.3141217796875
9 0.43432812500000006 0.3549414515625 0.4399375 0.3491334890625 0.438640625 0.3387822015625 0.4390625 0.3284309140625 0.440359375 0.31936768125000004 0.44684375000000004 0.29608899375000003 0.449 0.29480093749999997 0.45503125000000005 0.29480093749999997 0.460640625 0.29932084375 0.46884375 0.2941451984375 0.47273437500000004 0.2922014046875 0.479203125 0.3303747078125 0.479203125 0.3368384078125 0.47790625000000003 0.3465339578125 0.47834374999999996 0.3536533953125 0.48265624999999995 0.3529976578125 0.48998437499999997 0.3510538640625 0.49603125 0.3465339578125 0.49603125 0.3426463703125 0.49387499999999995 0.3400702578125 0.49171875 0.3355503515625 0.4895625 0.324543325 0.490421875 0.31290398124999996 0.49171875 0.30384075 0.49818749999999995 0.30060889999999996 0.505953125 0.29285714218750003 0.506390625 0.261147540625 0.50465625 0.245644028125 0.5029375 0.2184777515625 0.49431250000000004 0.19325526875000001 0.48826562500000004 0.17836065625 0.4848125 0.1731850109375 0.47315625 0.1596018734375 0.474890625 0.1460187359375 0.47273437500000004 0.132459015625 0.46754687500000003 0.12533957812500002 0.457625 0.121451990625 0.45503125000000005 0.122740046875 0.452453125 0.124683840625 0.44640625 0.1421545671875 0.44640625 0.15185011718750002 0.44554687499999995 0.16932084375 0.44165625000000003 0.16932084375 0.43432812500000006 0.1770726 0.42612500000000003 0.2048946140625 0.42612500000000003 0.2262295078125 0.42698437499999997 0.248875878125 0.42828125000000006 0.255995315625 0.42828125000000006 0.2760421546875 0.42828125000000006 0.29997658125000004 0.42914062499999994 0.32002341875 0.424828125 0.3413583140625 0.423109375 0.3465339578125 0.424390625 0.3549414515625 0.43432812500000006 0.3549414515625
9 0 0.39604215468750004 0.0131875 0.394707259375 0.013484375000000002 0.369859484375 0.01584375 0.3587587828125 0.026203125 0.337915690625 0.029765625 0.3268149890625 0.0300625 0.31971897031249996 0.019109375 0.2935363 0.016734375000000003 0.2544964875 0.014374999999999999 0.24871194375 0 0.23939110000000002 0 0.31971897031249996 0 0.39604215468750004
8 0.644828125 0.7553629984375 0.643109375 0.777939109375 0.6345 0.769555034375 0.6146874999999999 0.8063466046875 0.6146874999999999 0.8173067921875001 0.6228671875 0.8108548015625001 0.6212916671875 0.7992427796875 0.6345 0.785035128125 0.63578125 0.79310304375 0.631046875 0.8044028109375001 0.640515625 0.7818032781250001 0.6465468750000001 0.7773067921875 0.6495625 0.7811709609374999 0.654296875 0.7701873531250001 0.6566640625 0.7553512875 0.6515026046875 0.748372365625 0.6648515625 0.7343911000000001 0.6736718749999999 0.7680484 0.671515625 0.7811709609374999 0.68615625 0.7979508203125001 0.6898958328125 0.7886963296875 0.6970729171875 0.796221703125 0.6934765625 0.80634075 0.700796875 0.8147306796875 0.70425 0.803747071875 0.702515625 0.7985948484375001 0.7046718750000001 0.7908430906249999 0.6984296875 0.78310304375 0.6936953124999999 0.7879508203125 0.6921875 0.7753629984375 0.684875 0.7773067921875 0.6859453125 0.7676229515624999 0.675828125 0.7549258390625 0.6779843750000001 0.741803278125 0.6805625 0.737939109375 0.67884375 0.727611240625 0.68853125 0.727283371875 0.684875 0.713419203125 0.6965 0.716627634375 0.70553125 0.709531615625 0.70209375 0.705011709375 0.6579609375000001 0.724379390625 0.6568906250000001 0.7082435593749999 0.6573125 0.675339578125 0.6706562500000001 0.611451990625 0.6706562500000001 0.598548009375 0.6261640625 0.5996213890625001 0.618140625 0.595316159375 0.617265625 0.599836065625 0.61125 0.595316159375 0.612109375 0.650819671875 0.6069375 0.656627634375 0.6065 0.665644028125 0.61125 0.674683840625 0.61253125 0.7108196718750001 0.644828125 0.7553629984375
8 0.2673854171875 0.33263075625 0.275140625 0.3388173296875 0.2690364578125 0.3479547234375 0.27439843750000004 0.353272834375 0.272171875 0.35659250625 0.2706875 0.3632786890625 0.27365625 0.3677283375 0.27625 0.3927312640625 0.27365625 0.3944028109375 0.277609375 0.4047775171875 0.26970312500000004 0.40922716562500006 0.276125 0.41701405156250004 0.26871093749999997 0.42183840781250004 0.274640625 0.4292505859375 0.26771875 0.4344496484375 0.27315625 0.44148711875 0.26771875 0.44808899375 0.271671875 0.45372365312499996 0.26771875 0.46172833750000003 0.271671875 0.4714988296875 0.26771875 0.47536768125 0.27959375 0.4789227171875 0.276125 0.4855854796875 0.26771875 0.489007025 0.26890625 0.5512740046875 0.2766145828125 0.5515612812499999 0.27365625 0.56194379375 0.269203125 0.5634309140625 0.26949999999999996 0.575587821875 0.275825 0.5758735359375 0.276025 0.58832786875 0.269796875 0.58774473125 0.27009375 0.5999016390625 0.276225 0.6007822015625 0.270390625 0.6120585484375 0.27642500000000003 0.613236534375 0.2706875 0.62421545625 0.276625 0.6256908671875 0.3053125 0.6064168624999999 0.313649553125 0.6074774171875 0.306296875 0.62421545625 0.3472790171875 0.62421545625 0.34699776718750003 0.6117196390624999 0.355334821875 0.61278019375 0.355475446875 0.62421545625 0.363671875 0.62421545625 0.365640625 0.6820374703125001 0.308265625 0.6820374703125001 0.306296875 0.6968618265625001 0.356319196875 0.7057544328125 0.367625 0.754683840625 0.371578125 0.754683840625 0.3668828125 0.7428220140625 0.37256640625 0.7405971890624999 0.366140625 0.7309601875 0.3653984375 0.7190983609375 0.3735546875 0.7265105390625 0.37553125 0.6983372359375 0.380484375 0.6968618265625001 0.3953125 0.6731381734374999 0.3953125 0.6597892265625 0.389390625 0.6049414515625 0.386421875 0.49224824375000004 0.3785 0.346955503125 0.38740625 0.2891334890625 0.377515625 0.301007025 0.36910807343749996 0.301748634375 0.36465625 0.30840749375 0.3607005203125 0.30249024062499996 0.276625 0.3099063234375 0.266734375 0.30840749375 0.26573437499999997 0.3173067921875 0.26809375 0.320453746875 0.26945312499999996 0.3325 0.2673854171875 0.33263075625
9 0.22349999999999998 0.19334894687499998 0.22571875000000002 0.19583138125 0.22737500000000002 0.199156909375 0.236765625 0.20163934375 0.23896875 0.1974941453125 0.24339062500000003 0.1867213109375 0.24284374999999997 0.1734894609375 0.241734375 0.1660187359375 0.240078125 0.156908665625 0.240078125 0.151124121875 0.24504687500000003 0.15608899375000002 0.255 0.152763465625 0.2583125 0.139531615625 0.254453125 0.1229508203125 0.256109375 0.10887587812499999 0.25334375 0.10887587812499999 0.25003125000000004 0.10391100625000001 0.24946875 0.076580796875 0.25003125000000004 0.06995316093750001 0.250578125 0.0616627640625 0.251125 0.052552693750000004 0.243953125 0.041779859375 0.238421875 0.0310304453125 0.23896875 0.02936768125 0.23896875 0.0210772828125 0.23454687500000002 0.0128103046875 0.22184374999999998 0.0061826703125 0.212453125 0.011147540625 0.20637500000000003 0.021920375 0.212453125 0.0384777515625 0.20471875 0.040140515625 0.20084375 0.0641451984375 0.19918750000000002 0.0823653390625 0.194765625 0.0873536296875 0.19421875 0.103091334375 0.20029687499999999 0.1113583140625 0.19918750000000002 0.1196487125 0.199734375 0.133723653125 0.20140625 0.15028102968749998 0.21134375 0.151124121875 0.214109375 0.158571428125 0.21798437499999998 0.1850819671875 0.20803124999999997 0.19334894687499998 0.210796875 0.1966744734375 0.216875 0.1983372359375 0.22349999999999998 0.19334894687499998
9 0.62940625 0.049953160937500005 0.6315625 0.0434894609375 0.631125 0.0376580796875 0.63759375 0.0227868859375 0.6764375 0.018899296875 0.6734218750000001 0.0460655734375 0.682484375 0.047353629687499996 0.6898125 0.0421779859375 0.6855 0.0305386421875 0.677734375 0.0305386421875 0.6824765625 0.015269320312500001 0.679453125 0 0.664359375 0.0046838406249999995 0.644078125 0 0.6408359375 0.0113934421875 0.6347968749999999 0.0003981265625 0.625515625 0.000796253125 0.621203125 0.0227868859375 0.6229218750000001 0.0331381734375 0.619046875 0.039601873437500004 0.6216406250000001 0.0486651046875 0.62940625 0.049953160937500005
9 0.07796875 0.8044964875 0.06896875 0.8449414515625 0.10795312500000001 0.8539344265625 0.1169375 0.838196721875 0.088453125 0.8202341921875 0.091453125 0.7887587828125 0.097453125 0.7460655734375 0.092953125 0.66067915625 0.097453125 0.6584309140625 0.101953125 0.633700234375 0.089953125 0.6044964875 0.08545312499999999 0.566299765625 0.07646875 0.501124121875 0.094453125 0.4516861828125 0.08395312499999999 0.4426932078125 0.06446874999999999 0.4247306796875 0.029984375 0.4539344265625 0.041984375000000004 0.507868853125 0.046484375 0.629203746875 0.07346875 0.7191100703125 0.0165 0.8 0.031484374999999995 0.829203746875 0.049484375000000004 0.8471896953125 0.044984375 0.7865105390625 0.07646875 0.766299765625 0.07796875 0.8044964875
9 0.16421875 0.0373770484375 0.159796875 0.0528103046875 0.181859375 0.0566744734375 0.198046875 0.053372365624999994 0.1973125 0.0517096015625 0.193625 0.04674473125 0.199515625 0.026908665625 0.2031875 0.011475409374999999 0.201359375 0 0.14876562499999998 0.0015456671875 0.15465625 0.019180328125 0.16090625 0.020304449999999998 0.16715625 0.014238876562499999 0.16421875 0.0373770484375
9 0.574234375 0 0.571890625 0.01482435625 0.58046875 0.044028103125 0.578125 0.07088992968749999 0.571890625 0.0895784546875 0.5929375 0.0813817328125 0.5929375 0.0615456671875 0.5929375 0.0475175640625 0.61396875 0.05451990625000001 0.61553125 0.040515221875 0.60775 0.0288290390625 0.6116406249999999 0 0.597609375 0 0.574234375 0
9 0.27912499999999996 0.19503512812499998 0.2883671875 0.19469555 0.28453125 0.2031381734375 0.28453125 0.216311475 0.29084374999999996 0.2173302109375 0.28453125 0.229484778125 0.2876875 0.2315222484375 0.29715625 0.2173302109375 0.299421875 0.2193442625 0.301671875 0.2322014046875 0.31475 0.2274707265625 0.3215 0.2031381734375 0.314065625 0.20028805625 0.3174479171875 0.19163934375 0.32556250000000003 0.19163934375 0.334578125 0.165971896875 0.336828125 0.155152225 0.335484375 0.1288056203125 0.340890625 0.1213817328125 0.34134375 0.10786885312500001 0.300519096875 0.10824616093749999 0.294575 0.11412021718750001 0.2811125 0.069611240625 0.287243303125 0.035848109375 0.3196986609375 0.0350853140625 0.318796875 0.0236299765625 0.29670312499999996 0.0162060890625 0.294 0.010796253124999999 0.2935625 0.0013348953125 0.26965625000000004 0.0033723656249999997 0.2728125 0.0303981265625 0.27146875000000004 0.031756440625 0.271015625 0.0362295078125 0.2791294640625 0.036038807812500004 0.27438125 0.0473567515625 0.277746875 0.0584839984375 0.2841892359375 0.1083970859375 0.267859375 0.108548009375 0.26740624999999996 0.11597189687500001 0.272590625 0.1235292734375 0.260640625 0.1281264640625 0.25884375 0.14163934375 0.258390625 0.155152225 0.26334375 0.173395784375 0.27912499999999996 0.19503512812499998
8 0.3851875 0.0953864171875 0.39034375 0.03351288125 0.2648125 0.03351288125 0.245890625 0.0747540984375 0.247609375 0.10569086718750001 0.25278125 0.110843090625 0.371421875 0.10826697968750001 0.3851875 0.0953864171875
8 0.317625 0.355339578125 0.2971875 0.38119437968750003 0.343171875 0.3831147546875 0.337421875 0.3649180328125 0.317625 0.355339578125
8 0 0.807915690625 0.014765625 0.824004684375 0.022671875 0.8206089000000001 0.005156249999999999 0.7977283374999999 0.014765625 0.7867213109375 0.017578125 0.7935128812500001 0.025500000000000002 0.7867213109375 0.004578125000000001 0.753676815625 0.035109375 0.7087822015625 0.034546875 0.6045667453125 0 0.6088056203125001 0 0.807915690625
9 0.9291406249999999 0.0815456671875 0.922390625 0.0973067921875 0.922390625 0.11641686250000001 0.922390625 0.1287822015625 0.921640625 0.1490398125 0.922390625 0.1614051515625 0.9178906250000001 0.17377049218750001 0.9186406249999999 0.1827868859375 0.9276406250000001 0.1827868859375 0.9321406250000001 0.1614051515625 0.934390625 0.1490398125 0.938140625 0.144543325 0.9418906249999999 0.12203747031250001 0.9516562499999999 0.14679156875 0.95465625 0.15241217812500002 0.96440625 0.1625292734375 0.96290625 0.13215456718750002 0.9704062499999999 0.12091334843749998 0.9711718749999999 0.11416861874999999 0.9689062500000001 0.09393442656249999 0.973421875 0.0871662765625 0.974171875 0.073676815625 0.974171875 0.05569086718750001 0.974171875 0.0365573765625 0.9696562500000001 0.0241920375 0.95915625 0.021943793750000003 0.95765625 0.01969555 0.95390625 0.0118266984375 0.95615625 0.0050585484375 0.95615625 0 0.9358906250000001 0.0016861828124999998 0.9366406250000001 0.023067915624999998 0.9373906249999999 0.0241920375 0.922390625 0.033185010937499995 0.9201406249999999 0.052318501562499994 0.9231406249999999 0.064683840625 0.9291406249999999 0.0815456671875
9 0.0625625 0.2908665109375 0.061546875 0.295035128125 0.06331250000000001 0.309836065625 0.07090625 0.3459016390625 0.06946875 0.3542622953125 0.07090625 0.3690398125 0.07596875 0.370187353125 0.07938867187500001 0.36416861875 0.0828125 0.37093676875 0.074453125 0.391803278125 0.08559375 0.3929508203125 0.08154687499999999 0.3800468390625 0.08787109374999999 0.36421545625 0.091921875 0.36639344218750003 0.093703125 0.371311475 0.095984375 0.3823185015625 0.096734375 0.3940983609375 0.096353515625 0.3642622953125 0.09801171875 0.35596018749999997 0.1048359375 0.3643091328125 0.1063671875 0.35880562031249996 0.11331835937500001 0.364355971875 0.11472265625 0.361651053125 0.123078125 0.36449648749999997 0.12281249999999999 0.391803278125 0.1326875 0.3940983609375 0.13953125 0.3929508203125 0.14028125 0.3880093671875 0.1375 0.384988290625 0.135984375 0.3800468390625 0.135984375 0.37320843125000003 0.138015625 0.371311475 0.138765625 0.36449648749999997 0.139015625 0.35159250625 0.13674999999999998 0.35081967187499996 0.138015625 0.3459016390625 0.141046875 0.342107728125 0.13573437500000002 0.337915690625 0.143328125 0.3329976578125 0.148640625 0.301124121875 0.1428125 0.2768149890625 0.14054687500000002 0.2726463703125 0.14028125 0.2601170953125 0.1428125 0.25709601875 0.14509375 0.24913348906250002 0.14256249999999998 0.2180093671875 0.13953125 0.202435596875 0.12154687500000001 0.1876346609375 0.12181249999999999 0.1758782203125 0.11573437499999999 0.159180328125 0.109390625 0.155011709375 0.10484374999999999 0.15576112343749998 0.099015625 0.1588056203125 0.09571874999999999 0.16334894687499998 0.094453125 0.170187353125 0.094453125 0.18840749375000002 0.084328125 0.19674473125 0.07698437500000001 0.20775175625000003 0.0729375 0.2286416859375 0.067109375 0.24419203750000001 0.066359375 0.25103044531249996 0.071671875 0.2620374703125 0.07015625 0.27 0.0724375 0.2791100703125 0.0625625 0.2908665109375
9 0.859546875 0 0.86128125 0.020772834375 0.8456875 0.0311709609375 0.84221875 0.0597423890625 0.84221875 0.077915690625 0.847421875 0.0883138171875 0.8387499999999999 0.10648711875000001 0.8387499999999999 0.1402576109375 0.8387499999999999 0.176627634375 0.8387499999999999 0.1870023421875 0.8491406250000001 0.1870023421875 0.85434375 0.17922716562500002 0.85434375 0.1506557375 0.8578125 0.1376580796875 0.866484375 0.1350585484375 0.8786093749999999 0.1402576109375 0.889 0.14805620625 0.8907343750000001 0.174028103125 0.8959374999999999 0.1870023421875 0.9063281249999999 0.1844262296875 0.909796875 0.18960187343749998 0.909796875 0.14545667499999998 0.909796875 0.127283371875 0.913265625 0.11428571406250002 0.91153125 0.10648711875000001 0.91153125 0.077915690625 0.9063281249999999 0.038969554687500005 0.894203125 0.023372365625 0.8872656250000001 0.0181733015625 0.885546875 0 0.859546875 0
9 0.278125 0.4238875875 0.28125 0.43793910937499997 0.28125 0.46370023437499996 0.290625 0.4800936765625 0.30625 0.482435596875 0.3140625 0.473067915625 0.3171875 0.46370023437499996 0.33125 0.468384075 0.3421875 0.4847775171875 0.3546875 0.4847775171875 0.3625 0.47540983593749997 0.3734375 0.4426229515625 0.37611607187499996 0.423553028125 0.471875 0.4800936765625 0.5734375 0.56674473125 0.575 0.5714285718750001 0.584375 0.5831381734375001 0.5830357140625 0.58548009375 0.6484375 0.716627634375 0.6375 0.80093676875 0.6125 0.8032786890624999 0.6046875 0.8173302109374999 0.60625 0.8407494140624999 0.6125 0.8501170953124999 0.628125 0.8571428578125 0.6578125 0.8548009375 0.66875 0.8290398124999999 0.6765625 0.80093676875 0.67734375 0.7880562062500001 0.6838169640625 0.7822014046875 0.7078125 0.8290398124999999 0.7 0.843091334375 0.7015625 0.8665105390625 0.7109375 0.878220140625 0.740625 0.8758782203125 0.7484375 0.86416861875 0.753125 0.8454332546875 0.7161305140625001 0.783716765625 0.7171875 0.770491803125 0.753125 0.7634660421875 0.7359375 0.6814988296875 0.7375 0.6018735359375 0.7328125 0.580796253125 0.7390625 0.5597189703125001 0.7390625 0.54098360625 0.734375 0.4941451984375 0.7296875 0.4800936765625 0.7109375 0.4566744734375 0.7140625 0.43325526875 0.7140625 0.4168618265625 0.7109375 0.40749414531249994 0.703125 0.3981264640625 0.690625 0.3981264640625 0.68125 0.40983606562499997 0.6671875 0.40749414531249994 0.6578125 0.41920374687499995 0.65625 0.4426229515625 0.6640625 0.4566744734375 0.6734375 0.45901639375 0.675 0.4707259953125 0.6734375 0.4871194375 0.6703125 0.4941451984375 0.66875 0.52224824375 0.6625 0.5433255265625 0.6421875 0.5433255265625 0.6359375 0.5339578453125 0.625 0.5292740046875 0.584375 0.5292740046875 0.575 0.54098360625 0.5734375 0.545667446875 0.567633928125 0.536634325 0.47924107187500004 0.4844429578125 0.3765625 0.4121779859375 0.3765625 0.3536299765625 0.371875 0.32786885312499997 0.3625 0.2997658078125 0.38125 0.28571428593750003 0.3890625 0.26932084375 0.3953125 0.17798594843749999 0.3875 0.16159250625 0.378125 0.156908665625 0.3671875 0.140515221875 0.35 0.140515221875 0.3375 0.156908665625 0.334375 0.1967213109375 0.3265625 0.20608899374999998 0.303125 0.2529274 0.2796875 0.33255269374999996 0.27265625 0.34543325468749997 0.272991071875 0.3626630984375 0.265625 0.3583138171875 0.2625 0.3676814984375 0.2625 0.40281030468749995 0.2703125 0.4168618265625 0.278125 0.4238875875