8 0.62815625 0.6372291671875 0.6115468749999999 0.6878958328125 0.627828125 0.7045 0.633265625 0.6836249999999999 0.61953125 0.5449791671875001 0.621453125 0.5424166671874999 0.630390625 0.4998333328125 0.6249687500000001 0.49302083281250003 0.6257083328124999 0.5087777765625 0.620171875 0.5117499999999999 0.6121875 0.5113333328125 0.60740625 0.5160208328125 0.60309375 0.5175104171875 0.59878125 0.4998333328125 0.593671875 0.5083541671875 0.612515625 0.5266666671875 0.6105937499999999 0.6155208328125 0.62815625 0.6372291671875
9 0.459453125 0.8914375 0.47128125 0.8666666671875 0.47634375 0.9072083328125 0.46284375000000005 0.9837916671875 0.53378125 0.9747708328125 0.53378125 0.7292708328125 0.52534375 0.5603541671875 0.53378125 0.48604166718749997 0.5540468749999999 0.43422916718750004 0.581078125 0.3936875 0.577703125 0.34639583281249997 0.552359375 0.1864791671875 0.53715625 0.1639583328125 0.5016875 0.191 0.5270312500000001 0.2157708328125 0.5354687499999999 0.2653125 0.540546875 0.330625 0.53715625 0.3734166671875 0.515203125 0.43422916718750004 0.47634375 0.43872916718750005 0.48479687499999996 0.4072083328125 0.48479687499999996 0.3869375 0.4949375 0.3441458328125 0.496625 0.323875 0.47973437499999994 0.2900833328125 0.4324375 0.2923333328125 0.42567187500000003 0.330625 0.415546875 0.40045833281250004 0.41384375 0.43197916718749996 0.359796875 0.4882916671875 0.354734375 0.6031458328125 0.34965625 0.6594583328125 0.395265625 0.6752291671874999 0.391890625 0.9860416671875001 0.41046875 0.9860416671875001 0.44932812499999997 0.9702708328125 0.459453125 0.8914375
9 0.642140625 0.9842708328124999 0.6455 0.9415833328125001 0.6438125 0.9123541671875 0.6438125 0.8786458328125001 0.6438125 0.8359583328125 0.6455 0.8022500000000001 0.65225 0.8516875 0.660671875 0.8876458328125001 0.6623593750000001 0.9438124999999999 0.67246875 0.9865208328125 0.701125 0.9887708328124999 0.7045 0.9707916671874999 0.69775 0.9258333328124999 0.6893281250000001 0.8426875 0.694375 0.7910208328125 0.69775 0.7348333328125001 0.694375 0.7146041671875001 0.694375 0.6786458328125 0.684265625 0.6157291671875 0.682578125 0.5955 0.7028125000000001 0.6 0.7213437500000001 0.5842708328125 0.71965625 0.5617916671875001 0.716296875 0.5325833328125 0.69775 0.5303333328125001 0.6758437500000001 0.48989583281250004 0.658984375 0.4808958328125 0.638765625 0.47864583281249995 0.6286562499999999 0.4606666671875 0.635390625 0.4426875 0.63034375 0.4134791671875 0.6235937500000001 0.3887708328125 0.6151718749999999 0.37752083281250004 0.5915781250000001 0.3707916671875 0.581453125 0.3797708328125 0.57303125 0.3955 0.5780937500000001 0.4134791671875 0.5780937500000001 0.4337083328125 0.5780937500000001 0.44718749999999996 0.5882031249999999 0.4763958328125 0.593265625 0.48989583281250004 0.566296875 0.5191041671875001 0.559546875 0.5483125 0.5578593749999999 0.5730416671875 0.5511250000000001 0.5955 0.54775 0.6202291671875 0.54775 0.6516875 0.5545 0.6719166671875 0.5882031249999999 0.6674166671874999 0.5882031249999999 0.7101041671874999 0.5915781250000001 0.7505625 0.5915781250000001 0.7955 0.5915781250000001 0.8426875 0.603375 0.905625 0.603375 0.9460625 0.6016874999999999 0.9842708328124999 0.6050625000000001 0.9887708328124999 0.640453125 0.9887708328124999 0.642140625 0.9842708328124999
9 0.224828125 0.7889583328125 0.22315625 0.7151458328125 0.23490625 0.7509375 0.24496875 0.78225 0.248328125 0.7956666671875 0.25503125 0.8158125 0.26175000000000004 0.8516041671875 0.275171875 0.8516041671875 0.27684375 0.8202916671875 0.275171875 0.7934375 0.268453125 0.7576458328125 0.268453125 0.7084166671875 0.258390625 0.672625 0.253359375 0.6390833328125 0.251671875 0.6032708328124999 0.253359375 0.56525 0.251671875 0.5383958328125 0.258390625 0.52275 0.258390625 0.4891875 0.26509375 0.45787500000000003 0.25503125 0.3862708328125 0.25671875 0.35943749999999997 0.25 0.3549583328125 0.241609375 0.34602083281249996 0.23825 0.3549583328125 0.23825 0.37956249999999997 0.24496875 0.41312499999999996 0.24496875 0.4287916671875 0.23825 0.4533958328125 0.23154687499999999 0.4533958328125 0.22146875000000002 0.42654166718750003 0.20973437499999997 0.42654166718750003 0.187921875 0.4735208328125 0.18456250000000002 0.4444375 0.181203125 0.4176041671875 0.18456250000000002 0.393 0.194625 0.37956249999999997 0.197984375 0.3661458328125 0.187921875 0.3639166671875 0.17953125 0.370625 0.17281249999999998 0.3840416671875 0.16107812500000002 0.41089583281250003 0.15435937500000002 0.4533958328125 0.15771875 0.47800000000000004 0.16778125 0.5048541671875 0.17450000000000002 0.5272083328125 0.17450000000000002 0.5495833328125 0.17281249999999998 0.5719583328125 0.17953125 0.5988125 0.177859375 0.6234166671875 0.17450000000000002 0.6435416671875 0.17450000000000002 0.6636875 0.177859375 0.6793541671875001 0.18456250000000002 0.6994791671875 0.186234375 0.7240833328125 0.187921875 0.7576458328125 0.199671875 0.8225208328125 0.203015625 0.8381875000000001 0.20470312499999999 0.8560833328124999 0.20470312499999999 0.8605416671875 0.20470312499999999 0.8784583328125001 0.21979687499999997 0.8873958328124999 0.2281875 0.8695 0.224828125 0.8247500000000001 0.224828125 0.7889583328125
9 0.121921875 0.4599375 0.123984375 0.49412500000000004 0.140390625 0.5078125 0.14551562499999998 0.5447291671875 0.144484375 0.5570208328125 0.139359375 0.5775416671875 0.1373125 0.58575 0.13218749999999999 0.6144583328125 0.140390625 0.6253958328125 0.14140625 0.6240208328125 0.1526875 0.5816458328125 0.161921875 0.60625 0.16499999999999998 0.6226666671875 0.17320312499999999 0.6390625 0.17115625 0.6171875 0.170125 0.58575 0.17115625 0.5515625 0.166015625 0.5296875 0.161921875 0.516 0.159875 0.5118958328125001 0.1578125 0.5078125 0.1578125 0.47087500000000004 0.16499999999999998 0.4093541671875 0.14756249999999999 0.41891666718750004 0.14346874999999998 0.429875 0.14653125 0.44216666718750003 0.14140625 0.4367083328125 0.129109375 0.44216666718750003 0.121921875 0.4599375
9 0.000234375 0.5605416671875 0.003234375 0.5736458328125 0.001953125 0.7644583328125 0.003234375 0.7644583328125 0.00878125 0.7599166671875001 0.010499999999999999 0.7075 0.026296874999999997 0.7075 0.025875 0.7570625 0.036125000000000004 0.7684583328125 0.04553125 0.7638958328125 0.039109375 0.7422500000000001 0.036546875 0.7115 0.051500000000000004 0.7149166671875 0.058765625 0.6909791671875001 0.051500000000000004 0.6807291671875 0.036546875 0.6288958328125 0.042109375 0.6192083328125 0.039109375 0.58675 0.04553125 0.5593958328124999 0.0468125 0.5314791671875 0.014343749999999999 0.5092708328125 0.014343749999999999 0.5126875 0.001515625 0.5229375 0.000234375 0.5605416671875
8 0.15617187500000002 0.3295625 0.16312500000000002 0.3031666671875 0.171765625 0.2818125 0.1795625 0.2655208328125 0.184203125 0.257375 0.12310937500000001 0.2194583328125 0.08139062500000001 0.19137500000000002 0.05315625 0.1792916671875 0.03546875 0.21525 0.014390625 0.2700208328125 0.015453125000000002 0.2733958328125 0.018390625 0.2815416671875 0.03903125 0.3042916671875 0.075421875 0.328125 0.11629687500000001 0.34558333281250003 0.147203125 0.353375 0.14775 0.3523125 0.152171875 0.3388333328125 0.15617187500000002 0.3295625
8 0.62021875 0.5280833328125001 0.583140625 0.5393333328125001 0.5460625 0.5213541671875 0.51909375 0.5280833328125001 0.57134375 0.5550625 0.581453125 0.5797708328125 0.603375 0.6089791671875 0.6286562499999999 0.6404583328125 0.67415625 0.6539375 0.72978125 0.6719166671875 0.738203125 0.6494375 0.62696875 0.5842708328125 0.62021875 0.5280833328125001
9 0.053109375 0.44406249999999997 0.05450000000000001 0.4565625 0.06421875 0.4639583328125 0.05796875 0.47877083281250005 0.046515625 0.4847916671875 0.046171875 0.4875625 0.044437500000000005 0.49495833281249996 0.043734375 0.5005208328124999 0.04790625 0.508375 0.040625 0.52225 0.04409375 0.5250416671875 0.054843750000000004 0.52225 0.060390624999999996 0.4871041671875 0.083640625 0.476 0.085734375 0.4528541671875 0.08190625 0.43620833281250004 0.07357812500000001 0.4251041671875 0.069421875 0.4163125 0.065953125 0.40889583281249997 0.054156249999999996 0.41075 0.05242187499999999 0.42000000000000004 0.052765625000000003 0.4325 0.053109375 0.44406249999999997
9 0.043828125 0.4542916671875 0.047875 0.4521458328125 0.05059375000000001 0.4503333328125 0.052203124999999996 0.4380833328125 0.05275 0.4319375 0.05275 0.4240208328125 0.047609374999999995 0.4193333328125 0.046796875 0.4096041671875 0.04165625 0.4034583328125 0.033171875 0.40108333281249997 0.030906250000000003 0.4171666671875 0.03128125 0.4252083328125 0.022234375 0.42722916718750004 0.026828125 0.46247916718750004 0.02459375 0.47493749999999996 0.01034375 0.5028541671875 0.0156875 0.5093958328125 0.027718749999999997 0.49037499999999995 0.032171875 0.5117708328125 0.032609375 0.5171041671875 0.0370625 0.5191874999999999 0.034640625 0.4759375 0.0386875 0.4690833328125 0.0419375 0.45970833281249995 0.043828125 0.4542916671875
9 0 0.5224583328125 0.009765625 0.5123333328124999 0.01021875 0.5027916671875 0.01871875 0.487875 0.0231875 0.4759375 0.026765624999999998 0.46341666718749996 0.02765625 0.4526875 0.025421875 0.44254166718750004 0.022734375 0.4341875 0.0200625 0.4228541671875 0.0200625 0.41272916718749997 0.017374999999999998 0.4061666671875 0.01290625 0.40258333281249997 0.007531250000000001 0.4007916671875 0.003953125 0.4103333328125 0.0030625 0.4222708328125 0 0.4228541671875 0 0.48070833281249997 0 0.5224583328125
8 0.457921875 0.43152083281250003 0.46224999999999994 0.4284166671875 0.458921875 0.42795833281249995 0.437890625 0.4310833328125 0.42221875000000003 0.43375 0.416875 0.4390833328125 0.420875 0.43775000000000003 0.4335625 0.4346458328125 0.457921875 0.43152083281250003
8 0.217 0.49810416718750006 0.218890625 0.49495833281249996 0.21951562500000002 0.4905416671875 0.216359375 0.48802083281249997 0.21306250000000002 0.4869791671875 0.20990625000000002 0.48612500000000003 0.20550000000000002 0.4840416671875 0.202984375 0.48277083281250005 0.20218750000000002 0.48256249999999995 0.20203125000000002 0.4886458328125 0.20109375 0.4928541671875 0.20046875000000003 0.4951666671875 0.202828125 0.496 0.203140625 0.4962083328125 0.207859375 0.48929166718749995 0.211484375 0.49243750000000003 0.21446874999999999 0.49810416718750006 0.217 0.49810416718750006
9 0.9842656249999999 0.50625 0.9921875 0.6012708328125 0.9855937499999999 0.6417291671875 0.9948281250000001 0.7191458328125 0.976359375 0.8528541671875001 0.99746875 0.8598958328125 0.9987812500000001 0.858125 1 0.43764583281249997 0.9842656249999999 0.50625
9 0.6941328125 0.45321875 0.69715625 0.45539583281249996 0.69312890625 0.46538020781249995 0.692125 0.4775416671875 0.7015989578124999 0.4769791671875 0.702265625 0.4673611109375 0.700671875 0.4604375 0.7049531250000001 0.45618055625 0.710609375 0.46010416718749997 0.7110729171875 0.47641666718750003 0.7205468749999999 0.4758541671875 0.71140625 0.46255555625 0.7205468749999999 0.4597708328125 0.7205468749999999 0.45775 0.71275 0.4569652765625 0.7187812499999999 0.44383333281250004 0.71728125 0.4268958328125 0.706703125 0.43075 0.710484375 0.4151458328125 0.69815625 0.41179166718750004 0.695890625 0.42052083281249997 0.696390625 0.43158333281249994 0.6951367187499999 0.44105729218749995 0.6967734375 0.44348958281249995 0.6941328125 0.45321875