9 0.11521875 0.6173333328124999 0.142453125 0.7206875 0.194828125 0.6983333328125 0.24510937500000002 0.6899583328125 0.27234375 0.6676041671874999 0.287015625 0.6368958328125001 0.34776562499999997 0.6704166671875 0.3624375 0.6759999999999999 0.395953125 0.6676041671874999 0.41690625 0.6536458328125 0.40223437500000003 0.6396875 0.3708125 0.6424791671875 0.303765625 0.603375 0.301671875 0.5698541671874999 0.295390625 0.5502916671875 0.289109375 0.5028125 0.305859375 0.48604166718749997 0.295390625 0.44693750000000004 0.295390625 0.4078333328125 0.27234375 0.312875 0.22415625 0.23743750000000002 0.178078125 0.2597916671875 0.1613125 0.3184583328125 0.146640625 0.43577083281249995 0.123609375 0.48324999999999996 0.10684374999999999 0.5698541671874999 0.1173125 0.5056041671875 0.10475000000000001 0.5726458328125 0.11521875 0.6173333328124999
9 0.45270312500000004 0.6936875 0.43918749999999995 0.7072083328125001 0.427359375 0.7252291671875 0.4324375 0.7274791671874999 0.451015625 0.7319791671875 0.46790624999999997 0.7319791671875 0.483109375 0.7229791671875 0.510140625 0.7184583328125 0.5354687499999999 0.7319791671875 0.5354687499999999 0.7229791671875 0.5422343749999999 0.6779375 0.543921875 0.6486458328125 0.547296875 0.6103541671875 0.565875 0.5991041671875 0.5827656250000001 0.5855833328125 0.5895312500000001 0.5698125 0.59628125 0.5427916671874999 0.59628125 0.49775 0.59628125 0.4684583328125 0.5895312500000001 0.4459375 0.5675625 0.4166666671875 0.550671875 0.3873958328125 0.5608125 0.364875 0.572640625 0.32658333281249996 0.572640625 0.2882916671875 0.547296875 0.2612708328125 0.53209375 0.2612708328125 0.516890625 0.2680208328125 0.5 0.2837916671875 0.5 0.3130625 0.49325 0.3513541671875 0.489859375 0.3626041671875 0.489859375 0.371625 0.47973437499999994 0.3918958328125 0.46959375000000003 0.4031458328125 0.42904687499999994 0.4459375 0.41384375 0.4369375 0.40709375000000003 0.42341666718750004 0.396953125 0.40089583281249996 0.395265625 0.3873958328125 0.42229687499999996 0.369375 0.43581250000000005 0.3355833328125 0.44932812499999997 0.32658333281249996 0.44595312500000006 0.3175625 0.418921875 0.3175625 0.3766875 0.3198125 0.35134375 0.3355833328125 0.35134375 0.3536041671875 0.353046875 0.371625 0.418921875 0.45945833281250004 0.418921875 0.50225 0.415546875 0.5630625 0.41723437499999994 0.6058541671875 0.41723437499999994 0.6441458328125 0.42904687499999994 0.6599166671875001 0.447640625 0.6711666671875001 0.45270312500000004 0.6936875
9 0 0.7250416671875 0.00671875 0.7138541671875 0.0335625 0.7138541671875 0.05871875 0.7675625 0.085578125 0.7474166671875 0.083890625 0.7205833328125 0.07046875 0.6713541671875001 0.078859375 0.6915 0.09228125000000001 0.734 0.10234375 0.7451875 0.11576562500000001 0.7362291671875 0.144296875 0.7205833328125 0.134234375 0.7026666671874999 0.134234375 0.68925 0.127515625 0.6355625 0.112421875 0.5885833328125 0.10403124999999999 0.5438333328125 0.078859375 0.4767291671875 0.067109375 0.452125 0.03690625 0.42750000000000005 0.023484375 0.41185416718749995 0.01175 0.4006666671875 0.003359375 0.3917083328125 0 0.40514583281250005 0.003359375 0.4185625 0.0016718750000000002 0.4677708328125 0 0.537125 0.00503125 0.5729166671875 0.003359375 0.6512291671875 0 0.6870208328125 0 0.7250416671875
8 0.50790625 0.5282916671875 0.508984375 0.5239791671875 0.51384375 0.5228958328125 0.516828125 0.5228958328125 0.5176406250000001 0.5228958328125 0.51790625 0.5221666671875 0.515203125 0.5192916671875001 0.510609375 0.5174791671875 0.505203125 0.5124375 0.504390625 0.5113541671874999 0.511421875 0.5091875 0.514125 0.5102708328125 0.518171875 0.5113541671874999 0.5214218749999999 0.5095625 0.51384375 0.5052291671875 0.50925 0.5034166671875 0.512234375 0.4976458328125 0.5149375 0.49802083281250004 0.5176406250000001 0.49802083281250004 0.5189843749999999 0.49802083281250004 0.52278125 0.495125 0.522234375 0.49368749999999995 0.516828125 0.489 0.516828125 0.4879166671875 0.519796875 0.48287500000000005 0.520609375 0.4825208328125 0.5214218749999999 0.4814375 0.5189843749999999 0.4810625 0.514390625 0.47927083281250005 0.512234375 0.47927083281250005 0.50709375 0.47818750000000004 0.5016875 0.47927083281250005 0.49465624999999996 0.4825208328125 0.49384375 0.4832291671875 0.49059375000000005 0.4850416671875 0.49979687500000003 0.535875 0.5165625 0.535875 0.516828125 0.5329791671875 0.50790625 0.5282916671875
8 0.588984375 0.8687708328125 0.59528125 0.7966875 0.5916875 0.7594375 0.57546875 0.7510208328125 0.567359375 0.7510208328125 0.5543125 0.7608958328125001 0.55540625 0.8177916671875 0.5592343750000001 0.8615625 0.57996875 0.8687708328125 0.588984375 0.8687708328125
8 0.22762500000000002 0.8936249999999999 0.24303124999999998 0.8838333328125 0.27971875 0.8339583328125 0.29659375 0.7958125 0.291453125 0.7146250000000001 0.27604687499999997 0.6764791671875 0.112453125 0.743 0.10365625 0.7625625 0.11685937500000002 0.826125 0.127859375 0.8349375 0.138859375 0.8750416671875 0.146203125 0.8995 0.16307812500000002 0.9092708328124999 0.179953125 0.9092708328124999 0.200484375 0.9053541671875 0.22762500000000002 0.8936249999999999
8 0.32459375 0.6999791671875 0.317953125 0.6939375 0.3046875 0.6770416671875 0.298046875 0.6693958328125 0.290203125 0.663375 0.28718750000000004 0.6609583328124999 0.28114062500000003 0.6593541671875001 0.274203125 0.6593541671875001 0.263046875 0.6661875 0.259421875 0.6677916671874999 0.2573125 0.6714166671874999 0.257015625 0.674625 0.254296875 0.6778541671875 0.252484375 0.6786666671875 0.249171875 0.6826875 0.24796875 0.6862916671875 0.270890625 0.679875 0.2835625 0.674625 0.291109375 0.6722291671875 0.29290625000000003 0.672625 0.29653125 0.6790625 0.305578125 0.7084166671875 0.30528125 0.7084166671875 0.33484375 0.7212916671875 0.3375625 0.716875 0.33425 0.707625 0.32459375 0.6999791671875
8 0.012765625 0.9043333328125 0.032609375 0.8714166671875001 0.04471875 0.8249583328125001 0.040359374999999996 0.7752708328125 0.017125 0.7346041671875 0.0016406250000000002 0.7384791671875 0.0001875 0.9249791671875001 0.012765625 0.9043333328125
8 0.48835937500000004 0.8085208328125001 0.505 0.8038125 0.52921875 0.8260208328124999 0.5902499999999999 0.8858750000000001 0.612953125 0.9100833328125001 0.641703125 0.9161250000000001 0.702234375 0.8582916671874999 0.70525 0.8482083328125001 0.703734375 0.8199583328125 0.639171875 0.792375 0.634140625 0.7829583328124999 0.60740625 0.7399166671875 0.5670468750000001 0.725125 0.54434375 0.7304999999999999 0.53325 0.7399166671875 0.520140625 0.7352083328125001 0.504 0.7466458328125001 0.502984375 0.7419374999999999 0.49793750000000003 0.7264791671874999 0.474734375 0.7258125 0.462125 0.7318541671875 0.451546875 0.7298333328125 0.44095312499999995 0.7298333328125 0.434390625 0.7365625 0.435390625 0.7580833328125001 0.4465 0.7782708328125 0.449515625 0.7930625 0.455578125 0.8098750000000001 0.48835937500000004 0.8085208328125001
9 0.857671875 0.7834166671875 0.857671875 0.7438125 0.85025 0.6967916671875 0.85025 0.6720208328124999 0.870671875 0.6274791671875 0.900375 0.587875 0.911515625 0.5606458328125 0.911515625 0.5012291671875 0.911515625 0.461625 0.9022343749999999 0.44679166718749996 0.8947968749999999 0.3972708328125 0.889234375 0.36262500000000003 0.911515625 0.30320833281250004 0.917078125 0.25866666718750003 0.911515625 0.23143750000000002 0.889234375 0.211625 0.861390625 0.2141041671875 0.8558125000000001 0.2141041671875 0.8316874999999999 0.2289583328125 0.801984375 0.2537083328125 0.79084375 0.288375 0.801984375 0.3106458328125 0.801984375 0.3329166671875 0.75928125 0.288375 0.7314375 0.26608333281249996 0.69615625 0.2784583328125 0.6608906250000001 0.3106458328125 0.6404687499999999 0.3428125 0.6441874999999999 0.3848958328125 0.6627500000000001 0.3848958328125 0.686875 0.36262500000000003 0.692453125 0.35025 0.698015625 0.3205416671875 0.725859375 0.3255 0.766703125 0.3700416671875 0.766703125 0.4022291671875 0.7685625 0.41212499999999996 0.75928125 0.49877083281249995 0.75928125 0.563125 0.73515625 0.5160833328125001 0.698015625 0.49877083281249995 0.67759375 0.4962916671875 0.6608906250000001 0.5037083328125 0.6608906250000001 0.5433125000000001 0.67759375 0.5606458328125 0.707296875 0.5730208328125 0.737 0.5928125 0.742578125 0.6002500000000001 0.712875 0.6720208328124999 0.724015625 0.6843958328124999 0.725859375 0.724 0.70359375 0.7858958328125001 0.698015625 0.89975 0.705453125 0.9814375 0.829828125 0.9814375 0.8428281249999999 0.8947916671874999 0.8428281249999999 0.8799583328124999 0.8521093750000001 0.8230208328125 0.857671875 0.7834166671875
9 0.48584375 0.9793125 0.47106250000000005 0.9398958328125 0.467359375 0.8709374999999999 0.458125 0.7945833328125 0.42857812500000003 0.733 0.3786875 0.7182291671875001 0.33990624999999997 0.7231458328125 0.31034375000000003 0.7379374999999999 0.286328125 0.8044375 0.27340624999999996 0.8857083328125 0.266015625 0.9793125 0.26970312500000004 0.9867083328125 0.483984375 0.9867083328125 0.48584375 0.9793125
8 0.6608125 0.5083541671875 0.6619531249999999 0.5106458328125 0.67015625 0.5083541671875 0.67490625 0.5121875 0.6665625000000001 0.5240833328125001 0.6679999999999999 0.5348124999999999 0.665125 0.5394166671875 0.67259375 0.5417083328125 0.6815156250000001 0.5405625 0.6754765625 0.5244583328125 0.684390625 0.5248333328125 0.6875625000000001 0.5290625 0.6878437500000001 0.5102708328125 0.6893385421875 0.5006666671875 0.691609375 0.4975833328125 0.6902552078124999 0.488375 0.69421875 0.4795625 0.691171875 0.4760833328125 0.684203125 0.4755 0.67940625 0.47839583281250003 0.67025 0.4766666671875 0.65978125 0.47839583281250003 0.656734375 0.48131250000000003 0.6628437500000001 0.4975833328125 0.658484375 0.5010625 0.6608125 0.5083541671875
8 0.46498437499999995 0.7355 0.478546875 0.8044583328125 0.487875 0.8101041671875 0.487875 0.7908958328125 0.49126562500000004 0.7795833328125 0.503140625 0.7795833328125 0.503140625 0.7298333328125 0.48703124999999997 0.7241875 0.468375 0.7309791671875 0.46498437499999995 0.7355