9 0.48250000000000004 0.272 0.467265625 0.2810416671875 0.45034375000000004 0.3013541671875 0.44018750000000006 0.3036041671875 0.42325 0.33747916718750004 0.42325 0.4074583328125 0.42493749999999997 0.4526041671875 0.428328125 0.5157916671875 0.43679687500000003 0.5180625 0.458796875 0.5 0.512984375 0.4887083328125 0.541765625 0.4842083328125 0.56715625 0.4842083328125 0.62471875 0.5090208328125 0.6535 0.5157916671875 0.675515625 0.4887083328125 0.6535 0.47064583281249994 0.617953125 0.459375 0.59425 0.42777083281249995 0.599328125 0.3713333328125 0.599328125 0.3284375 0.580703125 0.2855625 0.56715625 0.272 0.582390625 0.24041666718750002 0.5857812499999999 0.193 0.5722343750000001 0.1478541671875 0.5603906249999999 0.1365625 0.543453125 0.1365625 0.52990625 0.1343125 0.514671875 0.1456041671875 0.4994375 0.19075 0.49775 0.23814583281249999 0.49604687500000005 0.25845833281249997 0.48250000000000004 0.272
9 0.36409375 0.34027083281250003 0.392625 0.34027083281250003 0.41442187500000005 0.364875 0.43792187499999996 0.3134166671875 0.498328125 0.2664375 0.498328125 0.22393749999999998 0.46309374999999997 0.19485416718749998 0.44967187500000005 0.1098333328125 0.41442187500000005 0.103125 0.3909375 0.1187916671875 0.3909375 0.1657708328125 0.40268750000000003 0.20827083281249997 0.40099999999999997 0.2843333328125 0.338921875 0.3089375 0.33725 0.31564583281249997 0.32046874999999997 0.3313125 0.36409375 0.34027083281250003
9 0.667078125 0.417875 0.68046875 0.4138958328125 0.6953437499999999 0.40397916718750004 0.661125 0.3702708328125 0.647734375 0.2730625 0.647734375 0.2710833328125 0.6640937499999999 0.2572083328125 0.6715312499999999 0.22149999999999997 0.684921875 0.1659583328125 0.635828125 0.1282708328125 0.610546875 0.14016666718749998 0.598640625 0.1718958328125 0.601609375 0.19175 0.59715625 0.2234791671875 0.58525 0.2492708328125 0.5822812500000001 0.2770416671875 0.586734375 0.281 0.59715625 0.3008333328125 0.6031093750000001 0.31074999999999997 0.6031093750000001 0.3484375 0.6031093750000001 0.37225 0.606078125 0.4000208328125 0.606078125 0.41985416718749996 0.606078125 0.4297708328125 0.620953125 0.43968749999999995 0.637328125 0.44762500000000005 0.64625 0.44762500000000005 0.632859375 0.417875 0.667078125 0.417875
9 0.88425 0.265 0.8871718749999999 0.23956249999999998 0.8776406250000001 0.2376041671875 0.8747031249999999 0.2278333328125 0.87690625 0.2307708328125 0.8827812500000001 0.2190208328125 0.88425 0.2112083328125 0.88790625 0.1984791671875 0.885703125 0.1906666671875 0.887796875 0.1858333328125 0.88946875 0.1755208328125 0.8864375000000001 0.1603333328125 0.866796875 0.1536041671875 0.8584687499999999 0.1538333328125 0.8475781250000001 0.15802083281249998 0.8446718750000001 0.1618958328125 0.839828125 0.16899999999999998 0.8393437499999999 0.1780416671875 0.8393437499999999 0.1864166671875 0.840796875 0.1941666671875 0.8417656250000001 0.1993333328125 0.8441875 0.2045 0.8475781250000001 0.2096666671875 0.849984375 0.21675 0.843703125 0.2277291671875 0.832078125 0.2419166671875 0.834359375 0.2738125 0.8497656250000001 0.2679375 0.88425 0.265
9 0.33034375 0.008979167187500001 0.244375 0.00225 0.22246875 0.044937500000000005 0.188765625 0.1505625 0.165171875 0.1730416671875 0.0994375 0.2629166671875 0.084265625 0.3842708328125 0.11629687500000001 0.6179791671875 0.21573437499999998 0.6247291671874999 0.416296875 0.6269583328125 0.40112500000000006 0.5820208328125 0.37415625 0.5528125 0.34550000000000003 0.5213541671875 0.315171875 0.492125 0.289890625 0.4763958328125 0.289890625 0.4224791671875 0.27134375 0.3348333328125 0.257859375 0.2292083328125 0.26965625000000004 0.23595833281249998 0.303375 0.2224791671875 0.310109375 0.2089791671875 0.318546875 0.19102083281249999 0.33034375 0.2045 0.337078125 0.1730416671875 0.3539375 0.1550625 0.37753125 0.1236041671875 0.35562499999999997 0.0471875 0.37415625 0.0831458328125 0.35729687499999996 0.0382083328125 0.33034375 0.008979167187500001
9 0.930703125 0.1561041671875 0.9333750000000001 0.16458333281249998 0.9333750000000001 0.17350000000000002 0.9380468750000001 0.1846458328125 0.9290312500000001 0.2069375 0.9276875 0.2153958328125 0.9350468749999999 0.194 0.942734375 0.190875 0.942734375 0.2024791671875 0.9400625 0.2069375 0.971828125 0.21852083281249998 0.984203125 0.24170833281249998 0.98653125 0.2203125 0.984203125 0.2015833328125 0.95678125 0.17706249999999998 0.960796875 0.17081249999999998 0.95978125 0.1659166671875 0.96246875 0.143625 0.954765625 0.1369375 0.9444062499999999 0.1360416671875 0.9400625 0.13827083281250002 0.9347031250000001 0.1480833328125 0.9233437500000001 0.15031250000000002 0.92634375 0.15477083281249998 0.930703125 0.1561041671875
8 0.4925 0.9819583328125001 0.501578125 0.984375 0.510640625 0.9867916671874999 0.5151875 0.984375 0.5297031249999999 0.9710625 0.5306093749999999 0.9698541671875001 0.5306093749999999 0.9565416671875001 0.52515625 0.9444583328125 0.5224375 0.9408333328125 0.5188125 0.9311458328125 0.5097343750000001 0.9178541671874999 0.504296875 0.9117916671874999 0.498859375 0.9069583328125 0.49614062499999995 0.9045416671875 0.48796875 0.8972916671875 0.473453125 0.8960625 0.467109375 0.9021250000000001 0.46256250000000004 0.909375 0.46075 0.916625 0.45984375 0.9275208328125 0.46075 0.9347708328125 0.467109375 0.9517083328125 0.46801562499999994 0.954125 0.47164062500000004 0.9529166671875 0.48071875000000003 0.9638125000000001 0.48525 0.9734791671874999 0.48978124999999995 0.9795416671874999 0.4925 0.9819583328125001
8 0.32834375 0.9772500000000001 0.3315 0.9702500000000001 0.33465625 0.9653333328124999 0.338859375 0.961125 0.34568750000000004 0.9562083328125001 0.34884375 0.9534166671875001 0.357796875 0.9484999999999999 0.36778125 0.9414999999999999 0.366734375 0.9372916671875 0.363578125 0.9323750000000001 0.359890625 0.928875 0.35357812499999997 0.9239583328125001 0.34884375 0.9239583328125001 0.342015625 0.9267708328125 0.329390625 0.9295625 0.3178125 0.9316666671875 0.308875 0.9393958328125 0.301515625 0.952 0.29571875 0.9639374999999999 0.297296875 0.9772500000000001 0.30203125000000003 0.9877708328124999 0.309921875 0.9919791671875 0.3278125 0.9891875000000001 0.328859375 0.9870833328125 0.32834375 0.9856666671875001 0.32834375 0.9772500000000001
8 0.435328125 0.6664583328125 0.442953125 0.6669166671875 0.45301562500000003 0.6687708328124999 0.4571875 0.6683125000000001 0.45996875 0.6622916671875 0.46134375 0.6553541671875001 0.46134375 0.6484166671875 0.455796875 0.6433333328125 0.44954687499999996 0.6400833328125 0.44504687499999995 0.6400833328125 0.43984375 0.6423958328125 0.435328125 0.6474791671875 0.430125 0.6502708328125 0.42665625 0.6511875 0.42629687499999996 0.6502708328125 0.419359375 0.6669166671875 0.419359375 0.670625 0.42976562500000004 0.6687708328124999 0.435328125 0.6664583328125
8 0.503296875 0.5674791671875 0.52415625 0.5680208328125 0.5357031250000001 0.5620833328125 0.5405625 0.5558541671875 0.540359375 0.5391250000000001 0.5275937500000001 0.5356041671875 0.502890625 0.5353333328125001 0.486890625 0.5399375 0.483234375 0.5447916671875 0.481421875 0.5555833328124999 0.48343749999999996 0.561 0.48668750000000005 0.5642291671875 0.503296875 0.5674791671875
8 0.581984375 0.47024999999999995 0.574703125 0.4760625 0.570828125 0.474125 0.558703125 0.4657291671875 0.55675 0.4657291671875 0.55821875 0.4793125 0.561125 0.4831875 0.565484375 0.4883541671875 0.57421875 0.4922291671875 0.5873125 0.4922291671875 0.593140625 0.4922291671875 0.598953125 0.4896458328125 0.60090625 0.48383333281249996 0.601390625 0.474125 0.601390625 0.46508333281249997 0.591203125 0.4521458328125 0.586828125 0.46118750000000003 0.584890625 0.4657291671875 0.581984375 0.47024999999999995
8 0.60184375 0.9662499999999999 0.617984375 0.9584374999999999 0.625328125 0.9222291671875 0.625328125 0.9095208328125001 0.6172500000000001 0.8958333328125001 0.6091875 0.8880000000000001 0.588640625 0.8919166671875001 0.5835 0.8919166671875001 0.563703125 0.9007083328125001 0.554890625 0.927125 0.55709375 0.9486458328125 0.5615 0.9555 0.580578125 0.9662499999999999 0.580578125 0.9691875 0.588640625 0.9721249999999999 0.60184375 0.9662499999999999
8 0.456125 0.9197708328124999 0.44421875 0.8999166671875001 0.426359375 0.8860416671875001 0.4025625 0.8820833328125 0.386203125 0.9019166671875001 0.395125 0.9316666671875 0.424875 0.9693541671875 0.45462499999999995 0.9792708328125 0.46801562499999994 0.967375 0.456125 0.9197708328124999
8 0.50934375 0.8825 0.4998125 0.8674791671875001 0.48507812499999997 0.8628541671875001 0.47815624999999995 0.8605416671875 0.46168750000000003 0.8616875 0.44956250000000003 0.8674791671875001 0.44349999999999995 0.87325 0.44349999999999995 0.8801875000000001 0.44609375 0.8963541671874999 0.44696875 0.9102083328124999 0.44523437499999996 0.9125208328125 0.4565 0.9217708328124999 0.459953125 0.9055833328125 0.48335937500000004 0.8951874999999999 0.49721875000000004 0.9067500000000001 0.51628125 0.9194583328125001 0.517140625 0.9125208328125 0.518875 0.9263958328124999 0.5292656250000001 0.9171458328125001 0.50934375 0.8825
8 0.526875 0.8700208328124999 0.5368125 0.8584375 0.5368125 0.8529166671875 0.5335 0.8385833328125001 0.5248125 0.8325208328124999 0.502484375 0.8385833328125001 0.481796875 0.8435625 0.466921875 0.8584375 0.5057968749999999 0.8733333328124999 0.5086875 0.8672708328125 0.526875 0.8700208328124999
8 0.393109375 1 0.416546875 0.9882291671875001 0.40453124999999995 0.9684166671875 0.379953125 0.9425000000000001 0.36053125 0.9432499999999999 0.32909375 0.9706875 0.32965625 0.9981249999999999 0.3428125 1 0.393109375 1
8 0.31056249999999996 0.9297291671875 0.320015625 0.9261250000000001 0.32946875000000003 0.9207291671875 0.336890625 0.9072291671875 0.336890625 0.8982291671875 0.336890625 0.8892291671875 0.333515625 0.8838333328125 0.32946875000000003 0.8802291671875 0.32406250000000003 0.8775208328125 0.30921875 0.8712291671875001 0.30178125 0.8694166671874999 0.286265625 0.8739166671874999 0.278828125 0.8757291671875 0.270734375 0.8802291671875 0.261953125 0.8829166671875001 0.25520312500000003 0.8865208328125 0.24914062499999998 0.8919166671875001 0.24710937500000002 0.9000208328125 0.24710937500000002 0.9036250000000001 0.250484375 0.9135208328125 0.2531875 0.9180208328124999 0.257234375 0.9243333328125001 0.267359375 0.9297291671875 0.2700625 0.930625 0.274109375 0.9315208328125 0.29165625 0.930625 0.3038125 0.9297291671875 0.31056249999999996 0.9297291671875
8 0.29900000000000004 0.9672708328124999 0.31334375 0.9375 0.314140625 0.9300625 0.2790625 0.9300625 0.263125 0.9258124999999999 0.232828125 0.952375 0.25675 0.9863958328125 0.25515625000000003 0.9725833328125001 0.28704687500000003 0.9768333328125 0.29900000000000004 0.9672708328124999
9 0.9620625 0.1502916671875 0.9620625 0.1573958328125 0.9625468749999999 0.1696458328125 0.97221875 0.1696458328125 0.9838437499999999 0.1793333328125 0.9872343750000001 0.2348333328125 1 0.2341875 0.9993281250000001 0.13029166718750002 0.990625 0.1238333328125 0.995453125 0.0993125 0.994 0.0883333328125 0.984328125 0.0831666671875 0.977546875 0.0838125 0.975125 0.0889791671875 0.97221875 0.0986666671875 0.97221875 0.10835416718749999 0.9717343749999999 0.1206041671875 0.968359375 0.129 0.9577031249999999 0.1393125 0.958671875 0.1386666671875 0.9620625 0.1444791671875 0.9620625 0.1502916671875
9 1 0.4217708328125 0.8843593750000001 0.3968333328125 0.8333281250000001 0.3628125 0.8163281250000001 0.3514791671875 0.80271875 0.3605416671875 0.777203125 0.3854791671875 0.77040625 0.3968333328125 0.777203125 0.41270833281249997 0.797625 0.4399166671875 0.772109375 0.4217708328125 0.7653125000000001 0.42404166718749997 0.76190625 0.43537499999999996 0.797625 0.4603125 0.81803125 0.4852708328125 0.8571406250000001 0.5079374999999999 0.9200625 0.61225 0.986390625 0.6712083328125 0.994890625 0.6712083328125 1 0.5782291671875 0.994890625 0.5510208328124999 0.8673437500000001 0.45125000000000004 0.8877499999999999 0.45804166718749995 0.9268750000000001 0.47845833281249994 1 0.5056666671875 1 0.4217708328125
9 0.83378125 0.1961458328125 0.8358281249999999 0.1415833328125 0.8153750000000001 0.12929166718750001 0.8010468749999999 0.13885416718750002 0.77853125 0.1975208328125 0.7601093750000001 0.21252083281249998 0.7601093750000001 0.2384375 0.78365625 0.2384375 0.8368593750000001 0.23162500000000003 0.8501562500000001 0.21525 0.8481093749999999 0.2057083328125 0.83378125 0.1961458328125
9 0.28145312499999997 0.2719166671875 0.27978125 0.298875 0.364046875 0.2876458328125 0.37584375 0.2763958328125 0.40112500000000006 0.2831458328125 0.40112500000000006 0.25393750000000004 0.36909375 0.1955 0.35729687499999996 0.1550625 0.337078125 0.1595416671875 0.3016875 0.2269583328125 0.28145312499999997 0.2719166671875
8 0.3319375 0.45887500000000003 0.3550625 0.45887500000000003 0.367046875 0.4491666671875 0.388890625 0.4291875 0.39359375 0.41491666718750003 0.39359375 0.4137708328125 0.39359375 0.4097708328125 0.390171875 0.4029166671875 0.384171875 0.3995 0.3721875 0.3972083328125 0.358921875 0.3937916671875 0.33921875 0.3909375 0.32937500000000003 0.3909375 0.322953125 0.3909375 0.31225 0.3932291671875 0.302828125 0.3960833328125 0.298546875 0.40064583281250005 0.29640625 0.4023541671875 0.29596875 0.4069166671875 0.295109375 0.41091666718750003 0.303671875 0.43547916718749996 0.31309375 0.44802083281250005 0.32165625000000003 0.4543125 0.3319375 0.45887500000000003
8 0.43465625 0.8002916671875001 0.46604687499999997 0.7936666671875 0.47320312500000006 0.7936666671875 0.48862500000000003 0.7863333328125 0.49800000000000005 0.7716458328125 0.504609375 0.7510833328125 0.50515625 0.7143541671875 0.509015625 0.7106874999999999 0.523328125 0.70775 0.5288385421874999 0.6852361109375 0.52828125 0.6754374999999999 0.5315937500000001 0.6754374999999999 0.531046875 0.6504791671875 0.5161718750000001 0.6379791671875 0.504046875 0.631375 0.496890625 0.6247708328125 0.49909375 0.6416666671875 0.47554687500000004 0.6365260421875 0.482015625 0.6203541671874999 0.45503125000000005 0.6174166671875 0.437625 0.6174166671875 0.4441510421875 0.629671875 0.442653125 0.6328888890625 0.43630208281250005 0.6279583328125 0.43486874999999997 0.6290208328125 0.427084375 0.6251527765625 0.428921875 0.6174166671875 0.42021875 0.6174166671875 0.41929999999999995 0.6212847234375001 0.4127552078125 0.6228177078125 0.411515625 0.6174166671875 0.40490624999999997 0.6211041671875 0.45043749999999994 0.63675694375 0.45199999999999996 0.6313854171875 0.4598489578125 0.6330989578125 0.458221875 0.640625 0.504928125 0.6638333328125 0.5101145828125 0.66075 0.5127125 0.6677013890625 0.5161718750000001 0.6717708328125 0.520496875 0.6715694437499999 0.5206550484375 0.6780368578125 0.42914062499999994 0.7092291671875001 0.33606250000000004 0.6820416671875 0.3388125 0.6570833328125001 0.3388125 0.6453333328124999 0.32559375 0.6416666671875 0.317890625 0.6504791671875 0.317328125 0.6681041671875 0.32614062499999996 0.6996666671875 0.42418750000000005 0.8010208328124999 0.43465625 0.8002916671875001
8 0.55603125 0.9314791671875 0.560359375 0.916375 0.557359375 0.9003958328125 0.5493750000000001 0.8915208328125 0.5410468749999999 0.8879791671874999 0.5340625 0.8875208328124999 0.5274062500000001 0.8893125 0.5237499999999999 0.89375 0.519078125 0.8977291671875 0.51875 0.9039583328124999 0.51875 0.9190416671875001 0.5174218749999999 0.9230416671875 0.52140625 0.9323541671875001 0.5290625 0.938125 0.545375 0.9412291671874999 0.55603125 0.9314791671875
9 0.9221875 0.2507083328125 0.9278437500000001 0.2512083328125 0.9335000000000001 0.2522083328125 0.9376562500000001 0.25975000000000004 0.9331250000000001 0.2703125 0.931625 0.2768541671875 0.9338906250000001 0.280375 0.94821875 0.28791666718750003 0.951234375 0.28439583281249997 0.9440625 0.24266666718750002 0.97046875 0.2456666671875 0.973484375 0.2512083328125 0.976875 0.2748333328125 0.9810156250000001 0.2743333328125 0.9829062499999999 0.2718125 0.9893124999999999 0.2667916671875 0.9927187500000001 0.26075 0.9810156250000001 0.2331041671875 0.969703125 0.2195208328125 0.97046875 0.2180208328125 0.974609375 0.2145 0.984796875 0.2044375 0.984421875 0.19237500000000002 0.985546875 0.1848333328125 0.9821562500000001 0.1787916671875 0.979515625 0.1757916671875 0.969328125 0.16825 0.9595312500000001 0.17075 0.95046875 0.1793125 0.9425625 0.1883541671875 0.9425625 0.1948958328125 0.9436875 0.2004166671875 0.942171875 0.2044375 0.9406718749999999 0.20695833281249998 0.93690625 0.2089791671875 0.930859375 0.21147916718749998 0.9233281249999999 0.21197916718749998 0.9176718749999999 0.2170208328125 0.9123906249999999 0.2235416671875 0.90446875 0.2481875 0.9063593750000001 0.2486875 0.9127656249999999 0.2466875 0.9221875 0.2507083328125
9 0.87184375 0.1290833328125 0.86446875 0.1361041671875 0.8641249999999999 0.1529375 0.8876250000000001 0.1627708328125 0.8900937499999999 0.161375 0.8918437499999999 0.1347083328125 0.8858750000000001 0.1295625 0.87184375 0.1290833328125
8 0.83028125 0.3905138890625 0.8311093749999999 0.37625000000000003 0.8276406250000001 0.369 0.81975 0.37033333281249997 0.825015625 0.3804236109375 0.8179453593750001 0.4323512328125 0.8518437499999999 0.41772916718750003 0.842953125 0.4098229171875 0.849375 0.40521874999999996 0.84690625 0.3927083328125 0.8390078125 0.38447916718749997 0.83028125 0.3905138890625
8 0.81760673125 0.4324973 0.788140625 0.4236458328125 0.785171875 0.41510416718750004 0.7770312500000001 0.42496875 0.770359375 0.4341875 0.7846875 0.4374791671875 0.79209375 0.4308958328125 0.793578125 0.44275000000000003 0.7965312499999999 0.4394583328125 0.8016897328124999 0.4393630953125 0.81760673125 0.4324973
9 0.792734375 0.1644791671875 0.8049062499999999 0.139875 0.7953125 0.1349583328125 0.7879375 0.1044375 0.770578125 0.1029583328125 0.7609843749999999 0.12264583281250001 0.7761250000000001 0.1580833328125 0.7720625 0.1649791671875 0.76171875 0.20433333281250002 0.7421562500000001 0.20877083281250003 0.7404843750000001 0.22304166718750001 0.798265625 0.19252083281250001 0.797890625 0.1885833328125 0.7930937499999999 0.18120833281249998 0.792734375 0.1644791671875
8 0.32090625 0.24885416718750003 0.317125 0.2525416671875 0.3473125 0.3008333328125 0.353859375 0.3015 0.3375 0.2770208328125 0.334734375 0.2696458328125 0.32090625 0.24885416718750003
8 0.5859375 1 0.584375 0.9708333328125001 0.5609375 0.95625 0.5546875 0.9354166671874999 0.546875 0.9416666671874999 0.5296875 0.9458333328125 0.528125 0.9729166671874999 0.5125 0.9875 0.4921875 0.9833333328125 0.472265625 0.9567708328125001 0.4640625 0.9520833328125 0.465625 0.9479166671874999 0.4484375 0.9770833328125 0.425 0.9708333328125001 0.3953125 0.9333333328125001 0.3875 0.90625 0.3875 0.9020833328125001 0.3953125 0.8895833328125 0.3890625 0.8854166671874999 0.3703125 0.8854166671874999 0.37165178593750003 0.8779761890625 0.4296875 0.7291666671875 0.4421875 0.7333333328125 0.4578125 0.7291666671875 0.4609375 0.7333333328125 0.475 0.7375 0.484375 0.7354166671875 0.5 0.7208333328125 0.5109375 0.6833333328125 0.5109375 0.6645833328124999 0.5 0.6395833328125 0.509027778125 0.6155092578125 0.561284721875 0.592824075 0.5671875 0.5833333328125 0.571875 0.5979166671875 0.5796875 0.6083333328125 0.6046875 0.6208333328125 0.63125 0.61875 0.640625 0.6125 0.6484375 0.6020833328124999 0.659375 0.6104166671875 0.6703125 0.6104166671875 0.675 0.6020833328124999 0.6729166671875 0.57569444375 0.6708333328125 0.56805555625 0.671875 0.5625 0.6734375 0.5583333328125 0.684375 0.5583333328125 0.6782812500000001 0.5714583328125 0.7080729171875 0.5850694437499999 0.74375 0.61875 0.75 0.6291666671875 0.7640625 0.6291666671875 0.7734375 0.64375 0.796875 0.6458333328125 0.8171875 0.6666666671875 0.8359375 0.6645833328124999 0.85 0.6333333328124999 0.86875 0.63125 0.8765625 0.6208333328125 0.8765625 0.5958333328125 0.871875 0.5875 0.8609375 0.5854166671875001 0.8546875 0.575 0.8375 0.5625 0.8265625 0.5625 0.8171875 0.575 0.8140625 0.575 0.80625 0.5583333328125 0.7984375 0.55 0.7859375 0.55 0.7703125 0.5708333328124999 0.759375 0.5791666671875 0.7453125 0.6020833328124999 0.7155208328125 0.5884722234375 0.690625 0.5520833328125 0.696875 0.5458333328125 0.7015625 0.53125 0.7 0.5145833328125 0.696875 0.5104166671875 0.6859375 0.5104166671875 0.68125 0.5041666671875 0.6703125 0.5041666671875 0.6609375 0.5125 0.646875 0.5125 0.6421875 0.51875 0.6203125 0.5208333328125 0.6109375 0.53125 0.603125 0.53125 0.6045758921875 0.5267857140625 0.596875 0.53125 0.5970982140625 0.5235119046875 0.59375 0.53125 0.58890625 0.530625 0.584375 0.5333333328125 0.5814583328125 0.5272222234374999 0.5821428578125001 0.5169642859375 0.5740104171875 0.52381944375 0.574665178125 0.5136904765625 0.5665625000000001 0.5204166671875 0.5671875 0.5104166671875 0.5597098218750001 0.50714285625 0.5591145828124999 0.5170138890625 0.5516666671875 0.5136111109375 0.5522321421874999 0.5038690484374999 0.54421875 0.5102083328125 0.5447544640624999 0.5005952375 0.5372767859375001 0.4973214296875 0.5367708328125 0.50680555625 0.5293229171875 0.5034027765625 0.5297991078125001 0.49404761875 0.521875 0.5 0.5223214281249999 0.4907738109375 0.5144270828125 0.4965972234375 0.51484375 0.4875 0.5069791671874999 0.49319444375000004 0.507366071875 0.48422618906250003 0.49953125 0.48979166718749995 0.4998883921875 0.48095238125 0.4920833328125 0.4863888890625 0.4924107140625 0.47767857031250005 0.48463541718750003 0.4829861109375 0.48493303593750003 0.4744047625 0.4771875 0.4795833328125 0.47745535781250004 0.47113095156250007 0.4697395828125 0.47618055625 0.46997767812499996 0.46785714375 0.46229166718750003 0.47277777656250003 0.4625 0.46458333281249997 0.45484375000000005 0.469375 0.455022321875 0.4613095234375 0.44754464218749995 0.4580357140625 0.44739583281249995 0.4659722234375 0.4399479171875 0.46256944375 0.4400669640625 0.4547619046875 0.4325 0.4591666671875 0.4325892859375 0.4514880953125 0.42505208281250006 0.45576388906250004 0.4251116078125 0.4482142859375 0.4176041671875 0.45236111093750003 0.417633928125 0.4449404765625 0.41015625 0.44895833281249997 0.41015625 0.44166666718750003 0.402678571875 0.43839285625 0.4027083328125 0.44555555625 0.3952604171875 0.4421527765625 0.3952008921875 0.43511904843749993 0.3878125 0.43875000000000003 0.3877232140625 0.4318452375 0.3803645828125 0.43534722343750004 0.3802455359375 0.42857142968749995 0.3729166671875 0.43194444374999996 0.3727678578125 0.42529761875 0.36546875 0.4285416671875 0.36529017812500003 0.42202381093749997 0.35802083281249997 0.42513888906249997 0.3573939734375 0.4225818453125 0.359375 0.4125 0.3578125 0.3958333328125 0.3515625 0.3895833328125 0.3328125 0.3895833328125 0.3296875 0.38125 0.3234375 0.375 0.309375 0.375 0.30390625 0.3864583328125 0.3058854171875 0.40131944375 0.2984375 0.39791666718749996 0.2984375 0.4145833328125 0.3046875 0.425 0.3296875 0.42395833281249995 0.3282291671875 0.41152777656249995 0.343125 0.4183333328125 0.3380208328125 0.4236111109375 0.3505729171875 0.4217361109375 0.3546875 0.42291666718750004 0.35541294687499997 0.4326636890625 0.2484375 0.9770833328125 0.25625 0.9833333328125 0.25 1 0.32171875 1 0.325 0.9916666671875 0.328125 0.9895833328125001 0.3296875 1 0.3317522328125 0.9802827375 0.3498883921875 0.9337797625 0.3453125 0.9270833328125001 0.353515625 0.9244791671874999 0.3640625 0.9333333328125001 0.36875 0.94375 0.3828125 0.9458333328125 0.4046875 0.96875 0.4140625 0.9854166671875 0.4140625 0.9895833328125001 0.40625 0.99375 0.4080842390625 1 0.5859375 1
9 0.3921875 0.23958333281250002 0.3953125 0.23958333281250002 0.4 0.23125 0.3953125 0.19375 0.3859375 0.16875 0.378125 0.1583333328125 0.3828125 0.14791666718750002 0.3828125 0.1375 0.378125 0.1291666671875 0.3734375 0.1291666671875 0.3546875 0.15625 0.359375 0.1625 0.36875 0.19583333281249998 0.3921875 0.23958333281250002