1 0.33342 0.78932384375 0.34604 0.7668683281249999 0.34478 0.7376512453124999 0.34478 0.703950178125 0.32584 0.6904626328125001 0.34226 0.681459075 0.34352 0.6702135234375 0.33846 0.65 0.33468 0.627544484375 0.34226 0.6028113875 0.34478 0.5915658359375 0.33972 0.5443772234375001 0.34098 0.48370106718750006 0.33468 0.47921708125 0.33214 0.4297864765625 0.3372 0.41181494687500003 0.33846 0.38483985781249996 0.34098 0.351138790625 0.3574 0.3151601421875 0.34856 0.31067615625 0.09978000000000001 0.3398932390625 0.08588 0.3398932390625 0.0884 0.35786476875 0.09724000000000001 0.3623487546875 0.10229999999999999 0.38708185 0.07955999999999999 0.4005693953125 0.08336 0.418540925 0.09094 0.41181494687500003 0.09978000000000001 0.39604982187500004 0.11113999999999999 0.42078291874999996 0.12250000000000001 0.427544484375 0.12502 0.44551601406249997 0.10482 0.47921708125 0.10356000000000001 0.5061921703125 0.11240000000000001 0.51291815 0.11366000000000001 0.5466192171875 0.10103999999999999 0.5691103203125001 0.08588 0.5780782921875 0.06314 0.6028113875 0.04926 0.6252669046875 0.050519999999999995 0.6769750890624999 0.06314 0.703950178125 0.06694 0.7151601421875 0.06694 0.7286476875 0.08965999999999999 0.735409253125 0.10482 0.719679715625 0.11998 0.7443772234375 0.13386 0.748861209375 0.14018 0.7623487546875001 0.16418 0.7713523125 0.20459999999999998 0.7780782921875 0.22480000000000003 0.7870818500000001 0.23996 0.7713523125 0.24626 0.74213523125 0.2589 0.7264056937500001 0.29174 0.719679715625 0.29047999999999996 0.7264056937500001 0.30310000000000004 0.7668683281249999 0.33342 0.78932384375
13 0.34556 0.36824436718750003 0.34556 0.3862633453125 0.32784 0.4020284703125 0.33036 0.46056939531249996 0.33921999999999997 0.469608540625 0.33796 0.6114946625 0.35314 0.609919540625 0.35314 0.6463453484375 0.33796 0.6430249109374999 0.34176 0.71508896875 0.35314 0.7009840640625 0.35314 0.737409871875 0.34302 0.7376156578125 0.35314 0.7556227765625 0.37942922968750004 0.7511168890625 0.381 0.8051957296875001 0.3886 0.8299644125000001 0.39366 0.868256228125 0.4101 0.8862633453125 0.4253 0.881743771875 0.42910000000000004 0.8344483984375 0.44682000000000005 0.8254448406250001 0.45568 0.8119217078125001 0.46074000000000004 0.7916725984374999 0.47972000000000004 0.78491103125 0.47592 0.8479715296875 0.48226 0.9177935937499999 0.48857999999999996 0.9380782921874999 0.50884 0.953843415625 0.54174 0.94932384375 0.55946 0.9830960859375001 0.63414 0.9898576515625 0.7721199999999999 0.9718505343749999 0.84426 0.9696085406250001 0.8771800000000001 0.897508896875 0.8835000000000001 0.8389679718749999 0.86704 0.748861209375 0.8506 0.674555159375 0.8873 0.6723131671875 0.9214800000000001 0.6542704625 0.9164199999999999 0.41327402187500006 0.91199 0.3885053375 0.8987 0.3727402140625 0.9075599999999999 0.3637366546875 0.8936400000000001 0.33220640625 0.9075599999999999 0.31419928750000004 0.90122 0.29167259843750004 0.88604 0.2713879 0.86704 0.30291815 0.85692 0.2759074734375 0.843 0.28491103125 0.83794 0.307437721875 0.82528 0.307437721875 0.8037599999999999 0.23309608593750003 0.77844 0.235373665625 0.77464 0.212846975 0.7582 0.20608540937500003 0.7531399999999999 0.251138790625 0.73668 0.26690391406249997 0.73668 0.307437721875 0.72782 0.31868327343749997 0.72654 0.2984341640625 0.70376 0.29167259843750004 0.69618 0.296156584375 0.6917500000000001 0.31868327343749997 0.683268 0.323644128125 0.66706 0.2533807828125 0.64934 0.2398576515625 0.62908 0.23309608593750003 0.62908 0.2398576515625 0.56326 0.248861209375 0.56326 0.212846975 0.54554 0.19932384375 0.53288 0.2263345203125 0.52782 0.2263345203125 0.52656 0.24437722343749999 0.5063 0.2466192171875 0.49871999999999994 0.21733096093749998 0.48857999999999996 0.19932384375 0.46959999999999996 0.19932384375 0.4582 0.20384341562500002 0.4582 0.2240925265625 0.46454000000000006 0.24437722343749999 0.44048 0.251138790625 0.41580000000000006 0.2466192171875 0.41390000000000005 0.264626334375 0.40346000000000004 0.24435943125 0.39112 0.24209964374999998 0.39618000000000003 0.26690391406249997 0.41454 0.286032028125 0.41518 0.307437721875 0.37846 0.3119217078125 0.37594 0.31868327343749997 0.376085384375 0.3367013421875 0.36454 0.3277046265625 0.35314 0.336725978125 0.35188 0.32996441249999997 0.34556 0.33220640625 0.34556 0.350225384375 0.35314 0.3549388828125 0.35314 0.3731517859375 0.34556 0.36824436718750003
9 0.45641999999999994 0.2166903921875 0.45738 0.22291815 0.45641999999999994 0.2269039140625 0.4561 0.2320284703125 0.45802 0.23715302500000002 0.45705999999999997 0.2422419921875 0.45962 0.24793594375 0.46154 0.24793594375 0.46314 0.2513523125 0.46506 0.2695373671875 0.46696 0.2780782921875 0.46154 0.291708184375 0.45834 0.3019217078125 0.4641 0.37071174375 0.46696 0.366156584375 0.46984000000000004 0.3502491109375 0.47176 0.34113879062499997 0.47144 0.324661921875 0.47176 0.3133096078125 0.47207999999999994 0.3076156578125 0.4692 0.3013523125 0.46952 0.2837366546875 0.46984000000000004 0.2740925265625 0.47436 0.2683274015625 0.47602 0.26241992812500003 0.47512 0.2591814953125 0.47450000000000003 0.2586476875 0.47284 0.2540925265625 0.47284 0.24925266875 0.47148 0.24601423437499997 0.47074 0.24441281093749997 0.47012 0.24170818437500002 0.47058 0.240355871875 0.46921999999999997 0.23551601406249997 0.46968 0.232562278125 0.46875999999999995 0.2298932390625 0.46424000000000004 0.22907473281250001 0.46318000000000004 0.2247686828125 0.46407999999999994 0.2215302484375 0.4665 0.21886120937500003 0.46952 0.21804270468750003 0.47104 0.209715303125 0.47284 0.20864768749999998 0.47496 0.2070106765625 0.4692 0.202455515625 0.46058000000000004 0.20302491093750002 0.45705999999999997 0.2087188609375 0.45641999999999994 0.2166903921875
9 0.52538 0.390320284375 0.5279 0.3566192171875 0.52538 0.3386476875 0.514 0.28921708125 0.5013799999999999 0.2644839859375 0.49632 0.23975088906250003 0.48747999999999997 0.23975088906250003 0.47992 0.27348754375 0.47359999999999997 0.3026690390625 0.45970000000000005 0.36786476874999996 0.47737999999999997 0.37907473281250004 0.52538 0.392562278125 0.52538 0.390320284375
9 0.56426 0.41608540937500005 0.57064 0.4172242 0.5748 0.40754448437499996 0.58214 0.3990391453125 0.5907600000000001 0.39733096093750003 0.58822 0.35640569375000003 0.58054 0.3348042703125 0.5780000000000001 0.3274021359375 0.57926 0.3086476875 0.57384 0.293879003125 0.5617 0.28989323906250003 0.55372 0.3001423484375 0.5518 0.3274021359375 0.55628 0.3348042703125 0.55244 0.33651245625000004 0.5502 0.3416370109375 0.54414 0.39733096093750003 0.54796 0.402455515625 0.55754 0.4109608546875 0.56426 0.41608540937500005
9 0.5323800000000001 0.313167259375 0.52876 0.346014234375 0.52696 0.3891459078125 0.5280400000000001 0.398185053125 0.5432400000000001 0.39494661875000003 0.54432 0.38594306093749997 0.54686 0.352455515625 0.55374 0.33569395 0.55338 0.331850534375 0.55084 0.3215302484375 0.55156 0.3086832734375 0.557 0.2977224203125 0.5598799999999999 0.29 0.56532 0.286761565625 0.5635 0.280320284375 0.5584399999999999 0.2719572953125 0.55228 0.2616725984375 0.5494 0.2526334515625 0.54794 0.24298932343750002 0.54686 0.2313879 0.5414399999999999 0.2236654796875 0.53528 0.2230249109375 0.5284 0.22494661875 0.52514 0.2327046265625 0.52696 0.24555160156250003 0.52588 0.259715303125 0.5367200000000001 0.279679715625 0.53384 0.2854804265625 0.53384 0.29836298906250003 0.5323800000000001 0.313167259375
9 0.9020400000000001 0.3298932390625 0.9052 0.3137722421875 0.90086 0.30395017812499997 0.8977 0.2941281140625 0.89534 0.2786832734375 0.87958 0.2744839859375 0.86934 0.2906049828125 0.86736 0.3158718859375 0.8622400000000001 0.31868327343749997 0.84252 0.3327046265625 0.8275600000000001 0.37128113906250004 0.8480399999999999 0.3733807828125 0.8535600000000001 0.380391459375 0.89022 0.381067615625 0.89376 0.339715303125 0.89732 0.32708185 0.9020400000000001 0.3298932390625
9 0.8247199999999999 0.308932384375 0.81782 0.3212099640625 0.80586 0.349608540625 0.8044 0.35281138749999996 0.8134600000000001 0.382491103125 0.83958 0.3870106765625 0.84792 0.3986476875 0.8555400000000001 0.39992882500000004 0.85626 0.383167259375 0.85228 0.3741281140625 0.8276199999999999 0.37217081875 0.83232 0.35217081875 0.84974 0.32637010625 0.8457399999999999 0.315373665625 0.83958 0.3147330953125 0.8319599999999999 0.31021352343749997 0.8247199999999999 0.308932384375
9 0.75196 0.24921708125 0.7474000000000001 0.2559786484375 0.74132 0.26274021406250003 0.7379 0.27693950156249997 0.73714 0.3113879 0.73714 0.318149465625 0.73866 0.32288256249999997 0.74322 0.32355871875000003 0.75196 0.31071174375 0.75726 0.3100355875 0.76676 0.3100355875 0.76714 0.30800711718749996 0.7663800000000001 0.30056939531250004 0.76106 0.2897864765625 0.7603 0.27626334531249996 0.76258 0.26274021406250003 0.78234 0.2877580078125 0.7853600000000001 0.291814946875 0.78688 0.278291815625 0.7834800000000001 0.2688256234375 0.77702 0.25935943125 0.77284 0.2559786484375 0.77512 0.2404626328125 0.77512 0.2276156578125 0.7701800000000001 0.21882562343749998 0.76562 0.2147686828125 0.75878 0.216797153125 0.7557400000000001 0.22355871875000002 0.7534799999999999 0.2323487546875 0.7515799999999999 0.241138790625 0.75272 0.24587188593749998 0.75196 0.24921708125
9 0.69768 0.337437721875 0.68452 0.35206405625000003 0.67848 0.3930604984375 0.73498 0.38523131718750003 0.73772 0.3491459078125 0.7174400000000001 0.3383985765625 0.71524 0.3315658359375 0.71688 0.30911032031249996 0.71524 0.2944839859375 0.70866 0.28861210000000004 0.69714 0.2944839859375 0.6955 0.29352313125 0.6933 0.3101067609375 0.69768 0.337437721875
9 0.62456 0.35320284687500003 0.6221599999999999 0.357473309375 0.6078 0.3681138796875 0.61078 0.3777224203125 0.62636 0.3872953734375 0.64072 0.3872953734375 0.64372 0.3830249109375 0.6503 0.3734519578125 0.6634800000000001 0.3755871890625 0.66826 0.39263345156249996 0.67066 0.3883629890625 0.67306 0.3723843421875 0.66288 0.3318861203125 0.66288 0.3148398578125 0.6616799999999999 0.298861209375 0.6533 0.28501779374999997 0.64132 0.2828825625 0.63414 0.2914234875 0.64012 0.3223131671875 0.63832 0.33615658437499996 0.63832 0.34362989375 0.62456 0.35320284687500003
9 0.78864 0.3801067609375 0.79592 0.3900355875 0.8070600000000001 0.39078291875 0.81476 0.3930604984375 0.8267599999999999 0.3930604984375 0.8276199999999999 0.3816370109375 0.81348 0.37629893281250004 0.80534 0.36868327343749996 0.7997799999999999 0.3572597859375 0.79936 0.3313523125 0.7997799999999999 0.29629893281249997 0.80534 0.271138790625 0.8092 0.2513167265625 0.8045 0.236832740625 0.79206 0.2414234875 0.7899200000000001 0.26274021406250003 0.78822 0.28330960781250003 0.78736 0.29323843437499997 0.7753599999999999 0.3023843421875 0.76808 0.3198932390625 0.7629400000000001 0.3419928828125 0.76122 0.36028469687500003 0.76166 0.3747686828125 0.7599400000000001 0.38469750937499997 0.78736 0.396868328125 0.78608 0.38469750937499997 0.78864 0.3801067609375
9 0.8641 0.3162989328125 0.86296 0.30206405625 0.86352 0.28323843437499996 0.8575200000000001 0.2812099640625 0.84352 0.2852669046875 0.84324 0.29391459062499997 0.84324 0.31220640624999996 0.8469599999999999 0.31932384375 0.85152 0.32644128125 0.8641 0.3162989328125
9 0.7823 0.281814946875 0.7765 0.2663345203125 0.7620199999999999 0.2714946625 0.7620199999999999 0.2869395015625 0.76298 0.30928825625 0.75044 0.3144483984375 0.73982 0.33505338125 0.73982 0.35395017812499996 0.73692 0.39348754375 0.76588 0.3900355875 0.73982 0.381459075 0.7601 0.383167259375 0.76588 0.3247686828125 0.7813399999999999 0.29555160156250004 0.7823 0.281814946875
9 0.51834 0.2574021359375 0.5101600000000001 0.26362989375 0.51134 0.268861209375 0.51952 0.2813167265625 0.5253599999999999 0.3094306046875 0.531691528125 0.314546765625 0.5323800000000001 0.28238434218749997 0.544853334375 0.28931198281250003 0.557326665625 0.2868801890625 0.5586800000000001 0.26779359375 0.5698000000000001 0.2844483984375 0.5739 0.27508896875 0.56922 0.25843416406249997 0.56102 0.2386832734375 0.55928 0.21266903906249998 0.55342 0.1991459078125 0.53998 0.1991459078125 0.5317999999999999 0.207473309375 0.53004 0.22306049843750003 0.54582 0.23555160156250002 0.54992 0.255338078125 0.5312 0.27612099687499997 0.52186 0.2574021359375 0.51834 0.2574021359375
9 0.134 0.5124555156249999 0.146 0.5124555156249999 0.152 0.49822064062500004 0.15 0.45195729531250006 0.154 0.44128113906250005 0.292228571875 0.3266903921875 0.46399999999999997 0.2241992875 0.46399999999999997 0.23131672656250002 0.46799999999999997 0.23131672656250002 0.47000000000000003 0.2384341640625 0.462 0.291814946875 0.472 0.313167259375 0.466 0.27402135156249996 0.47400000000000003 0.2704626328125 0.47800000000000004 0.284697509375 0.48600000000000004 0.28113879062499997 0.488 0.2692763953125 0.49800000000000005 0.27935943124999996 0.5744 0.316014234375 0.648 0.3772242 0.642 0.38790035624999997 0.642 0.40213523125000006 0.648 0.4128113875 0.6599999999999999 0.4128113875 0.666 0.3985765125 0.6639999999999999 0.38078291875 0.65675 0.3678825625 0.67425 0.3491992875 0.716 0.3345195734375 0.72 0.3416370109375 0.732 0.3416370109375 0.738 0.3274021359375 0.736 0.30604982187499996 0.732 0.29893238437499997 0.718 0.302491103125 0.683 0.3398576515625 0.5652 0.30836298906250004 0.5192 0.27010676093749997 0.51 0.277580071875 0.51 0.262455515625 0.502 0.26690391406249997 0.504 0.25622775781249996 0.49160000000000004 0.24715302499999997 0.506 0.2241992875 0.49800000000000005 0.1957295375 0.47400000000000003 0.1957295375 0.47000000000000003 0.202846975 0.47000000000000003 0.21708185000000002 0.15862857187499999 0.40640569375 0.154 0.4270462640625 0.14908571406249999 0.41209964374999997 0.1395428578125 0.41779359375 0.136 0.4128113875 0.13 0.42348754375000003 0.128 0.4448398578125 0.124 0.45195729531250006 0.128 0.501779359375 0.134 0.5124555156249999