2 0.8450833328125 0.422 0.8398958328124999 0.43239062500000003 0.8462291671875001 0.4449375 0.8514166671875 0.454015625 0.8502708328124999 0.46439062499999995 0.8571875 0.47478125000000004 0.8589166671875 0.47651562500000005 0.8739166671874999 0.47651562500000005 0.8831458328125 0.46829687499999995 0.8860208328124999 0.46829687499999995 0.8987083328125 0.47131249999999997 0.9091041671875001 0.46482812500000004 0.928125 0.45704687499999996 0.9263958328124999 0.44925 0.9229375 0.44234375000000004 0.9241041671874999 0.431953125 0.9258333328124999 0.42028125000000005 0.9258333328124999 0.412921875 0.9327500000000001 0.40599999999999997 0.9333333328125001 0.39821875 0.9310208328125 0.39042187500000003 0.9350625000000001 0.377453125 0.9344791671875001 0.3791875 0.8912291671875 0.377453125 0.8744999999999999 0.383078125 0.8554583328125 0.40210937500000005 0.8450833328125 0.422
2 0.1550833328125 0.407328125 0.1629375 0.41832812500000005 0.1843958328125 0.41401562500000005 0.1875416671875 0.408515625 0.2001041671875 0.40459375 0.20691666718750001 0.40459375 0.2079583328125 0.38259375 0.18020833281249998 0.37120312499999997 0.10166666718749999 0.37003125 0.0938125 0.37475 0.1194791671875 0.409296875 0.1519375 0.4096875 0.1498333328125 0.40890624999999997 0.1540208328125 0.40890624999999997 0.1550833328125 0.407328125
8 0.5252916671875 0.21862499999999999 0.4832291671875 0.223140625 0.44720833281249994 0.225390625 0.44720833281249994 0.24340625 0.47422916718749997 0.24790625 0.44420833281250005 0.24790625 0.44420833281250005 0.263671875 0.47422916718749997 0.2726875 0.44420833281250005 0.2726875 0.44420833281250005 0.2816875 0.4532083328125 0.290703125 0.5282916671875 0.30421875 0.5252916671875 0.21862499999999999
9 0.28893749999999996 0.448640625 0.3039791671875 0.45542187500000003 0.2949583328125 0.47346875 0.28291666718749997 0.49379687499999997 0.267875 0.5118437499999999 0.1805833328125 0.5389375000000001 0.16252083281250002 0.557 0.19864583281249998 0.64278125 0.2859375 0.74209375 0.27087500000000003 0.800796875 0.27087500000000003 0.868515625 0.19864583281249998 0.9226875 0.19864583281249998 0.938484375 0.21970833281250002 0.985890625 0.5146666671875 0.99040625 0.5056458328125 0.94978125 0.5056458328125 0.9272031249999999 0.499625 0.827875 0.49360416718750005 0.791765625 0.49360416718750005 0.7669374999999999 0.5116666671875 0.7669374999999999 0.53575 0.7669374999999999 0.53575 0.7691874999999999 0.574875 0.7556406250000001 0.5959375 0.7556406250000001 0.6471041671875 0.7330625000000001 0.6591458328125 0.6924375 0.6410833328125001 0.658578125 0.6019583328125 0.62471875 0.5507916671875 0.561515625 0.499625 0.532171875 0.4695208328125 0.5276562499999999 0.4364166671875 0.487015625 0.4183541671875 0.466703125 0.4364166671875 0.441875 0.44845833281249997 0.41026562499999997 0.4364166671875 0.3831875 0.4063125 0.360609375 0.3882708328125 0.349328125 0.3732083328125 0.331265625 0.3641875 0.331265625 0.3551458328125 0.33578125000000003 0.3009791671875 0.37415625 0.28893749999999996 0.41026562499999997 0.28893749999999996 0.426078125 0.28893749999999996 0.448640625
9 0 0.825109375 0.035875000000000004 0.8677187500000001 0.107625 0.90134375 0.1644166671875 0.9215312499999999 0.20329166718749997 0.926015625 0.2301875 0.8991093749999999 0.2690625 0.85875 0.2750416671875 0.8295937500000001 0.284 0.771296875 0.2810208328125 0.748875 0.2720416671875 0.735421875 0.16741666718749998 0.5807187500000001 0 0.381171875 0 0.825109375
9 0.6503125 0.43034375 0.6503125 0.433890625 0.6534791671875 0.43685937499999994 0.6558541671875 0.43745312500000005 0.6597916671874999 0.435078125 0.6692708328125 0.41315625 0.6700625 0.43981250000000005 0.681125 0.43685937499999994 0.685875 0.42559375 0.6827083328125 0.40012499999999995 0.67875 0.393015625 0.6779583328125 0.38471875 0.67875 0.38115625 0.6795416671875001 0.38115625 0.6842916671875 0.38709375 0.6929791671875 0.393609375 0.6969375 0.388265625 0.6819166671875 0.36515624999999996 0.6763958328124999 0.36398437499999997 0.6740208328125 0.361609375 0.6669166671875 0.359234375 0.6645416671875 0.3556875 0.6566458328125 0.35746875 0.6542708328125 0.36515624999999996 0.6542708328125 0.368125 0.6479583328125 0.38353125 0.6542708328125 0.406640625 0.6542708328125 0.409015625 0.6503125 0.43034375
9 0.6350416671875 0.39928125 0.6350416671875 0.39442187500000003 0.6364375 0.385734375 0.6355000000000001 0.379484375 0.6313333328125 0.368015625 0.6313333328125 0.364546875 0.6271666671875 0.36003124999999997 0.6216041671875 0.358984375 0.6202291671875 0.360375 0.6192916671875001 0.3635 0.6128125 0.36906249999999996 0.6123541671875 0.36940625 0.6132708328125 0.37634375000000003 0.6146666671875 0.38121875 0.6146666671875 0.38503125 0.6123541671875 0.391984375 0.6105 0.39718749999999997 0.6105 0.40309375000000003 0.6109583328125 0.40553125 0.6132708328125 0.416640625 0.6132708328125 0.42671875000000004 0.6128125 0.43332812499999995 0.6123541671875 0.43401562499999996 0.615125 0.43401562499999996 0.6322708328125 0.43471875000000004 0.6355000000000001 0.43228125000000006 0.6355000000000001 0.42185937500000004 0.6368958328125001 0.40970312499999995 0.6355000000000001 0.40345312499999997 0.6350416671875 0.39928125
9 0.5646458328125 0.406875 0.5626666671875 0.37709375 0.55775 0.367484375 0.5511874999999999 0.36625 0.5469166671875 0.367984375 0.5488958328125 0.37512500000000004 0.5429791671875 0.380296875 0.5354375 0.377328125 0.5400208328125 0.385953125 0.53675 0.39284375 0.5426458328125 0.401453125 0.5387083328125 0.41253124999999996 0.5426458328125 0.41646875000000005 0.5459375 0.42976562500000004 0.5462708328125 0.43296875 0.5652916671875 0.43321875 0.5646458328125 0.406875
9 0.5269583328125 0.407671875 0.5291666671875 0.403703125 0.5313749999999999 0.4010625 0.5318125 0.39973437500000003 0.5318125 0.37921875 0.5309166671875001 0.37689062500000003 0.5291666671875 0.37490625 0.5287083328125 0.37292187499999996 0.5287083328125 0.368296875 0.5287083328125 0.36729687499999997 0.5273958328125 0.362328125 0.5247499999999999 0.360015625 0.5181250000000001 0.359015625 0.5150416671875 0.36067187500000003 0.5137083328125 0.362328125 0.5137083328125 0.363328125 0.5141458328125 0.36398437499999997 0.5075416671874999 0.36465625 0.5075416671874999 0.4335 0.5296041671875 0.432828125 0.5278333328125 0.42853125 0.5269583328125 0.407671875
9 0.9348333328124999 0.32584375 0.907875 0.364046875 0.9168541671874999 0.41798437499999996 0.9198541671875 0.462921875 0.9707916671874999 0.458421875 0.9767708328125 0.48989062499999997 0.9558125000000001 0.516859375 0.8749166671875 0.5483125 0.8389583328124999 0.593265625 0.7790208328125 0.67415625 0.6262083328125 0.9820156250000001 0.9767708328125 0.9752812499999999 0.99475 0.17528125 0.9827708328125 0.17528125 0.9258333328124999 0.24270312500000002 0.8029999999999999 0.28090625 0.8778958328125 0.31460937499999997 0.9348333328124999 0.32584375
8 0.4262708328125 1 0.4406875 0.9667656250000001 0.4230625 0.8105625 0.4390833328125 0.737265625 0.4855416671875 0.536609375 0.4839583328125 0.529875 0.4374791671875 0.515453125 0.41987500000000005 0.631953125 0.3958333328125 0.77134375 0.2836875 0.78815625 0.2724791671875 0.87303125 0.1939791671875 0.92590625 0.21800000000000003 1 0.4262708328125 1
9 0.6456875 0.424125 0.6455208328125 0.42771875000000004 0.6505 0.42771875000000004 0.6517916671874999 0.42328124999999994 0.654375 0.407640625 0.6528958328125001 0.402375 0.650875 0.39434375 0.6497499999999999 0.3940625 0.6495833328125 0.394203125 0.6464375 0.394203125 0.645875 0.41096875 0.6477291671875001 0.422875 0.6456875 0.424125
9 0.5995625 0.40793749999999995 0.6021666671875 0.40912499999999996 0.6000833328125 0.431453125 0.6068749999999999 0.43184374999999997 0.6089583328125 0.40403124999999995 0.6121041671875 0.3961875 0.6121041671875 0.38287499999999997 0.6115833328125 0.36759375 0.6058333328125001 0.363671875 0.6053124999999999 0.35584375 0.5948541671875 0.35348437499999996 0.5932916671874999 0.368375 0.5865 0.372296875 0.5812916671874999 0.39854687499999997 0.5906875 0.40245312499999997 0.5932916671874999 0.424796875 0.5901666671875 0.4283125 0.5938125000000001 0.428703125 0.5959166671875 0.427921875 0.5995625 0.40793749999999995
2 0.7391875 0.436234375 0.7476041671875 0.427828125 0.783125 0.42992187499999995 0.7878125 0.4369375 0.7943541671875 0.435546875 0.8074375 0.42853125 0.8158541671874999 0.436234375 0.8252083328125 0.43484375000000003 0.829875 0.42151562499999995 0.8261458328125 0.403984375 0.8261458328125 0.397671875 0.8205208328125 0.38715625 0.8111875 0.372421875 0.7419791671875 0.368921875 0.7307708328125 0.372421875 0.7157916671875 0.38854687499999996 0.7017708328125 0.407484375 0.7027083328125 0.42853125 0.7027083328125 0.432734375 0.7120625 0.432734375 0.7157916671875 0.42712500000000003 0.7223541671875 0.42712500000000003 0.7270208328125001 0.4369375 0.7391875 0.436234375
8 0.45539583281249996 0.3465 0.45539583281249996 0.3325625 0.45893750000000005 0.3249375 0.46381249999999996 0.321953125 0.4531875 0.31829687500000003 0.463375 0.315640625 0.465125 0.31 0.4518541671875 0.306359375 0.463375 0.30171875 0.46291666718749996 0.29740625 0.453625 0.29540625 0.4399166671875 0.29507812499999997 0.43637499999999996 0.29540625 0.4377083328125 0.33654687499999997 0.45539583281249996 0.3465
8 0.4217916671875 0.29534375 0.4223541671875 0.29725 0.41954166718749997 0.2985 0.413375 0.2985 0.413375 0.30481250000000004 0.415625 0.306921875 0.4220625 0.306921875 0.4217916671875 0.30839062500000003 0.4145 0.310296875 0.415625 0.314921875 0.4178541671875 0.3161875 0.4181458328125 0.32039062500000004 0.4150625 0.321234375 0.4153333328125 0.32775 0.4212291671875 0.32965625 0.43385416718750003 0.33006250000000004 0.4332916671875 0.294515625 0.4293541671875 0.29367187499999997 0.42458333281250005 0.29367187499999997 0.4217916671875 0.29534375
8 0.7424791671875 0.348671875 0.757625 0.348671875 0.76025 0.3286875 0.7419583328125 0.32203125 0.7424791671875 0.348671875
9 0.5655 0.431359375 0.568625 0.432140625 0.5705208328125 0.42681250000000004 0.57575 0.415203125 0.584125 0.376375 0.5816041671875001 0.373390625 0.5753333328125 0.366015625 0.5715625 0.36084375 0.5675833328125 0.36303125 0.567375 0.36710937499999996 0.5667500000000001 0.3699375 0.566125 0.373546875 0.5652916671875 0.37496874999999996 0.5636041671875 0.37590625 0.5655 0.431359375
9 0.4609375 0.428421875 0.45841666718749996 0.42065625000000006 0.45841666718749996 0.41709375 0.45983333281250005 0.41121875 0.45983333281250005 0.40890624999999997 0.460375 0.40659375000000003 0.4615 0.40449999999999997 0.46262499999999995 0.40428125000000004 0.46375 0.40428125000000004 0.4657083328125 0.40639062499999995 0.46654166718749995 0.407640625 0.4679375 0.40890624999999997 0.4679375 0.41100000000000003 0.467375 0.4126875 0.467375 0.41751562499999995 0.467375 0.4215 0.4676666671875 0.42485937500000004 0.467375 0.428015625 0.46683333281249995 0.43178124999999995 0.4676666671875 0.43324999999999997 0.4690625 0.43346875 0.47074999999999995 0.43346875 0.47493749999999996 0.43367187500000004 0.47829166718750005 0.43324999999999997 0.47522916718749997 0.4303125 0.4738125 0.4296875 0.4727083328125 0.427796875 0.4727083328125 0.42381250000000004 0.4732708328125 0.41898437499999996 0.4732708328125 0.41751562499999995 0.4729791671875 0.41331249999999997 0.4729791671875 0.41100000000000003 0.47466666718750006 0.40721875 0.4768958328125 0.404703125 0.4771875 0.4034375 0.4771875 0.40071874999999996 0.47775 0.39840624999999996 0.476625 0.39525 0.4763333328125 0.394 0.4763333328125 0.39273437499999997 0.4760625 0.39021875 0.4757916671875 0.386234375 0.476625 0.38853125 0.47970833281249997 0.3910625 0.48025 0.391484375 0.481375 0.391484375 0.48306250000000006 0.39 0.48333333281249996 0.38853125 0.4822291671875 0.38664062499999996 0.48166666718749995 0.38559375 0.4799791671875 0.37951562499999997 0.47914583281249995 0.37740625 0.47858333281250004 0.372796875 0.4768958328125 0.36921875000000004 0.4760625 0.3665 0.4755 0.3648125 0.4738125 0.363546875 0.47018750000000004 0.3625 0.46849999999999997 0.36165625 0.46849999999999997 0.36124999999999996 0.4679375 0.3595625 0.4693333328125 0.356828125 0.469625 0.3530625 0.46654166718749995 0.34928125 0.46206250000000004 0.350328125 0.460375 0.353265625 0.4589791671875 0.356625 0.460375 0.35935937500000004 0.4615 0.35998437499999997 0.4615 0.36165625 0.4539375 0.36271875 0.45170833281249995 0.36334374999999997 0.44945833281249997 0.3665 0.4489166671875 0.37048437500000003 0.4480625 0.37509375 0.4480625 0.378453125 0.44975 0.38309375 0.44975 0.387921875 0.450875 0.3891875 0.4533958328125 0.389390625 0.4545 0.392125 0.4545 0.393796875 0.4525416671875 0.397375 0.45422916718749995 0.401359375 0.4528333328125 0.40303125 0.45366666718750004 0.40639062499999995 0.45422916718749995 0.4085 0.45366666718750004 0.41228125000000004 0.45366666718750004 0.41584374999999996 0.45422916718749995 0.418359375 0.45422916718749995 0.42214062500000005 0.4545 0.42465624999999996 0.4545 0.42634375 0.4545 0.42739062499999997 0.45479166718749997 0.431171875 0.45618749999999997 0.43348437500000003 0.45618749999999997 0.432421875 0.4587083328125 0.43304687499999994 0.45983333281250005 0.43304687499999994 0.4609375 0.43053125000000003 0.4609375 0.428421875
9 0.0401458328125 0.443984375 0.0648125 0.469546875 0.0872916671875 0.508171875 0.1010833328125 0.50871875 0.1199375 0.5174218749999999 0.13227083281250002 0.526671875 0.1387916671875 0.533734375 0.151125 0.545703125 0.1576458328125 0.5603906249999999 0.1648958328125 0.558765625 0.172875 0.54896875 0.1859375 0.534828125 0.22872916718749997 0.5223125 0.2272916671875 0.51525 0.1852083328125 0.466828125 0.1532916671875 0.454859375 0.1206666671875 0.445609375 0.1206666671875 0.43256249999999996 0.12137500000000001 0.41025 0.1184791671875 0.399921875 0.0894791671875 0.36075 0.0735208328125 0.346609375 0.053937500000000006 0.34225 0.0241875 0.34334375 0 0.343890625 0.0017083328125000001 0.38359375 0.0350625 0.43528124999999995 0.0401458328125 0.443984375
2 0.3125208328125 0.36540625000000004 0.3109791671875 0.35939062499999996 0.2840625 0.36171875 0.2830416671875 0.386953125 0.282 0.393546875 0.2876875 0.39315625 0.2879375 0.389671875 0.2938958328125 0.3904375 0.29441666718750004 0.38928124999999997 0.29493749999999996 0.38151562499999997 0.3125208328125 0.36540625000000004
8 0.574875 0.3919375 0.5636041671875 0.389015625 0.5614375 0.37959375 0.5540833328125 0.3870625 0.5532291671875 0.40393749999999995 0.568375 0.40393749999999995 0.5701041671875 0.404265625 0.5735625 0.40037500000000004 0.574875 0.3919375
8 0.693125 0.395328125 0.6908333328125 0.388046875 0.6882708328125 0.38396875 0.6845625 0.38246875 0.683125 0.377546875 0.6814166671875 0.36940625 0.6802708328125 0.36940625 0.6765625 0.370265625 0.6765625 0.37434375000000003 0.6788541671874999 0.380125 0.6782708328125 0.38290625 0.6777083328125 0.38440625 0.6768541671875 0.3871875 0.6768541671875 0.39596875 0.6785625 0.404109375 0.6794166671874999 0.40603125 0.6877083328125 0.40646875 0.6922708328125 0.40560937499999994 0.6945625 0.40260937500000005 0.693125 0.395328125
2 0.8431458328125 0.42540625 0.8570416671875 0.39871875 0.8774374999999999 0.382765625 0.8869791671874999 0.37528125 0.8422708328124999 0.376578125 0.8240416671874999 0.394484375 0.830125 0.42573437500000005 0.8431458328125 0.42540625