8 0.905828125 0.6417291671875 0.907640625 0.5996041671875 0.904421875 0.5958541671875001 0.904421875 0.5910208328125 0.8987812500000001 0.5904791671875 0.898578125 0.596125 0.895171875 0.5987916671875 0.8925468750000001 0.6406458328125 0.905828125 0.6417291671875
2 0.882828125 0.3601458328125 0.866625 0.38175 0.86825 0.4011875 0.8925468750000001 0.43141666718750005 0.9136093750000001 0.4141458328125 0.9379062499999999 0.41197916718750005 0.9395312499999999 0.3493541671875 0.8974062500000001 0.3493541671875 0.882828125 0.3601458328125
2 0.490328125 0.4767291671875 0.49684375000000003 0.4707083328125 0.5047015625 0.47153958281249997 0.50475 0.47045572968749994 0.51265625 0.470203125 0.512559375 0.47237083281250003 0.5204171875 0.4732020828125 0.5205625 0.46995052031249995 0.52846875 0.46969791718750004 0.528275 0.4740333328125 0.5361328125 0.47486458281250005 0.5363749999999999 0.4694453125 0.5442812499999999 0.46919270781250005 0.543990625 0.4756958328125 0.5518484375 0.4765270828125 0.5521874999999999 0.4689401046875 0.56009375 0.4686875 0.55970625 0.47735833281250006 0.582703125 0.4797708328125 0.5841093749999999 0.46147916718750004 0.57821875 0.4439375 0.565828125 0.4418125 0.5690000000000001 0.4064375 0.570703125 0.3996458328125 0.577921875 0.395125 0.58046875 0.3792916671875 0.571546875 0.362875 0.571125 0.354375 0.543109375 0.354375 0.5218906249999999 0.3577708328125 0.514375 0.3624583328125 0.5033593749999999 0.37716666718749997 0.493328125 0.39587500000000003 0.47178125 0.41391666718750003 0.467765625 0.4292916671875 0.467265625 0.4647083328125 0.47178125 0.469375 0.47178125 0.47872916718749997 0.490328125 0.4767291671875
2 0.680453125 0.3553541671875 0.6836875 0.36154166718749997 0.682296875 0.36893750000000003 0.687859375 0.38068749999999996 0.6934218750000001 0.394875 0.6948125 0.4090833328125 0.7119375 0.40970833281249996 0.7119375 0.42452083281249997 0.716109375 0.42329166718750005 0.71796875 0.405375 0.72075 0.3930208328125 0.72490625 0.385 0.726765625 0.3732708328125 0.718890625 0.36091666718750004 0.7119375 0.3405416671875 0.664234375 0.3411458328125 0.666546875 0.3417708328125 0.674421875 0.35041666718750003 0.680453125 0.3553541671875
2 0.7279494484375 0.4641801484375 0.71759375 0.46597916718750004 0.7287656250000001 0.480875 0.7183125 0.4813541671875 0.7193906250000001 0.48231250000000003 0.794296875 0.4741458328125 0.8594843750000001 0.4722291671875 0.8638125000000001 0.4698333328125 0.867765625 0.44966666718750004 0.867765625 0.42325 0.863078125 0.4059583328125 0.854078125 0.3982916671875 0.8522812500000001 0.390125 0.8461562499999999 0.37764583281249997 0.844 0.3593958328125 0.835 0.3406666671875 0.8274374999999999 0.3325 0.8009648437499999 0.329265625 0.7925 0.329625 0.792140625 0.32818749999999997 0.7878612125 0.3372536765625 0.789984375 0.3459375 0.7835818015625 0.3463198515625 0.7793023890625 0.3553860296875 0.7644062500000001 0.3325 0.75540625 0.3325 0.738484375 0.3368125 0.720109375 0.3939583328125 0.716515625 0.4189375 0.715078125 0.4366875 0.7163359375 0.45133333281250004 0.7322288609375 0.4551139703125 0.7279494484375 0.4641801484375
2 0.49107812500000003 0.3982083328125 0.502328125 0.38133333281250004 0.514296875 0.3606875 0.5368125 0.3541041671875 0.552296875 0.3541041671875 0.55159375 0.3522291671875 0.546671875 0.3484791671875 0.5079687500000001 0.3466041671875 0.49740624999999994 0.3466041671875 0.492484375 0.3522291671875 0.481921875 0.37475 0.47629687499999995 0.3907083328125 0.47629687499999995 0.3944583328125 0.47559375 0.4094791671875 0.49107812500000003 0.3982083328125
7 0.337078125 0.5752708328125 0.3 0.5640416671875 0.27978125 0.5236041671875 0.261234375 0.5078750000000001 0.244375 0.47864583281249995 0.288203125 0.4269583328125 0.27471875 0.4089791671875 0.2528125 0.4494375 0.22415625 0.5191041671875001 0.22921874999999997 0.48314583281249995 0.23090625 0.4202291671875 0.212359375 0.4112291671875 0.20393750000000002 0.46741666718749997 0.185390625 0.505625 0.190453125 0.5325833328125 0.190453125 0.5865208328125 0.17190624999999998 0.5955 0.13482812500000002 0.60225 0.11629687500000001 0.6404583328125 0.109546875 0.701125 0.146625 0.7370833328125 0.212359375 0.7168541671875001 0.244375 0.6898958328125 0.27134375 0.7191041671875 0.2983125 0.7393333328125 0.33201562500000004 0.7460625000000001 0.3471875 0.7213541671875 0.362359375 0.7033750000000001 0.387640625 0.7213541671875 0.411234375 0.7640416671875 0.4483125 0.7640416671875 0.488765625 0.7415833328125 0.507296875 0.7280833328125 0.5123593750000001 0.6966249999999999 0.5123593750000001 0.6584166671875 0.482015625 0.6382083328125 0.42809375000000005 0.5820208328125 0.365734375 0.5887708328125 0.3994375 0.60675 0.38932812499999997 0.60675 0.337078125 0.5752708328125
7 0.35209375 0.4400416671875 0.34465625 0.44995833281250003 0.3409375 0.4573958328125 0.335359375 0.45822916718749995 0.32792187500000003 0.44747916718749997 0.32792187500000003 0.430125 0.32792187500000003 0.4276458328125 0.32978125 0.40449999999999997 0.3248125 0.39045833281250003 0.316765625 0.3863333328125 0.301265625 0.39045833281250003 0.28825 0.3954166671875 0.286390625 0.4102916671875 0.29817187500000003 0.4102916671875 0.315515625 0.4276458328125 0.31428124999999996 0.4425208328125 0.30993750000000003 0.4524375 0.301890625 0.45904166718750006 0.29817187500000003 0.4631875 0.294453125 0.4772291671875 0.287015625 0.49870833281250004 0.28515625 0.508625 0.28515625 0.5168958328125 0.28515625 0.5193749999999999 0.2956875 0.5251458328124999 0.29817187500000003 0.5268125 0.31365625 0.5317708328124999 0.32792187500000003 0.5392083328124999 0.339078125 0.5565625 0.349609375 0.5706041671875 0.36696875 0.5739166671875 0.364484375 0.5548958328125 0.36324999999999996 0.5358958328125001 0.353953125 0.5094583328125 0.360140625 0.45904166718750006 0.36324999999999996 0.4309583328125 0.3551875 0.4350833328125 0.35209375 0.4400416671875
9 0.558125 0.5471250000000001 0.5622812500000001 0.5369791671875 0.56159375 0.5240416671875 0.5664374999999999 0.5018541671875 0.571296875 0.504625 0.582390625 0.5018541671875 0.578921875 0.53975 0.57684375 0.5600833328125 0.57615625 0.5979791671875 0.57615625 0.657125 0.5699062500000001 0.6719375000000001 0.5525781249999999 0.68025 0.5511874999999999 0.6876458328124999 0.590703125 0.6876458328124999 0.590703125 0.6552916671875 0.59278125 0.6303333328125 0.59209375 0.5970625 0.597640625 0.5665625000000001 0.604578125 0.5443749999999999 0.6087343749999999 0.6026041671875 0.6087343749999999 0.6210833328125 0.609421875 0.66175 0.604578125 0.6756249999999999 0.590015625 0.7052083328125 0.62190625 0.7015 0.617046875 0.6857916671875001 0.626765625 0.6488125 0.625375 0.5988958328125 0.6288437499999999 0.5600833328125 0.63090625 0.4919166671875 0.632296875 0.4752916671875 0.633 0.4022708328125 0.613578125 0.3837708328125 0.612203125 0.3588125 0.605953125 0.32645833281250003 0.590015625 0.3218333328125 0.571296875 0.3310833328125 0.5726875 0.3523541671875 0.5726875 0.37174999999999997 0.5803125 0.38468749999999996 0.567828125 0.40133333281250005 0.567828125 0.42260416718749994 0.5608906250000001 0.4641875 0.55396875 0.5233541671874999 0.5511874999999999 0.5249583328125 0.553265625 0.5462291671874999 0.558125 0.5471250000000001
9 0.387671875 0.35891666718750004 0.381953125 0.3810208328125 0.36709375 0.40083333281250005 0.360234375 0.4412291671875 0.356796875 0.481625 0.35565625 0.506 0.36365625 0.5357291671875 0.368234375 0.55325 0.369375 0.5784166671875 0.393390625 0.5723125 0.387671875 0.5494375 0.39509375 0.5311458328125 0.39453125 0.5159166671875 0.39509375 0.5197291671875 0.399671875 0.5250625 0.401953125 0.5250625 0.411109375 0.5174375 0.411109375 0.513625 0.40253125 0.506 0.391671875 0.49000000000000005 0.395671875 0.48922916718750004 0.393953125 0.4800833328125 0.393953125 0.47400000000000003 0.3968125 0.47552083281249996 0.40881249999999997 0.4800833328125 0.416828125 0.48237500000000005 0.420828125 0.47400000000000003 0.420828125 0.47170833281249996 0.417390625 0.46712499999999996 0.411671875 0.46712499999999996 0.401390625 0.46256250000000004 0.393953125 0.4648541671875 0.393390625 0.45189583281249995 0.3968125 0.43970833281250005 0.393953125 0.4221666671875 0.39853125 0.40387500000000004 0.403671875 0.403125 0.40996875 0.3977708328125 0.41453125 0.3932083328125 0.416828125 0.3848333328125 0.42024999999999996 0.3779583328125 0.42424999999999996 0.3688125 0.41853125 0.3604375 0.41396875 0.3505208328125 0.40425000000000005 0.3436666671875 0.411671875 0.3429166671875 0.40081249999999996 0.3429166671875 0.387671875 0.35891666718750004
9 0.6517031249999999 0.5341458328125 0.655875 0.5785208328125 0.6447812500000001 0.6007083328125 0.67596875 0.5979166671875 0.67459375 0.5470833328125 0.66834375 0.5138125 0.67528125 0.47220833281249996 0.6738906250000001 0.44356249999999997 0.684296875 0.42877083281250006 0.696765625 0.40472916718749996 0.687765625 0.3807083328125 0.68359375 0.3659166671875 0.6641874999999999 0.3437291671875 0.6641874999999999 0.3363333328125 0.662109375 0.3104583328125 0.6503281249999999 0.3086041671875 0.6427031249999999 0.3113958328125 0.639921875 0.3307916671875 0.6413125 0.3409583328125 0.6447812500000001 0.351125 0.63715625 0.365 0.636453125 0.4176875 0.6350625 0.43616666718749997 0.6350625 0.4528125 0.632984375 0.475 0.63090625 0.5175208328124999 0.64546875 0.5729583328125 0.63853125 0.5794374999999999 0.632984375 0.5886875 0.6489375 0.5914583328125 0.6517031249999999 0.5341458328125
9 0.792140625 0.39775 0.808984375 0.4247291671875 0.7971874999999999 0.39325 0.7971874999999999 0.3797708328125 0.783703125 0.36404166718750003 0.7938125 0.35954166718749997 0.7938125 0.3303333328125 0.790453125 0.3168541671875 0.78034375 0.3146041671875 0.761796875 0.3258333328125 0.766859375 0.33708333281249997 0.758421875 0.34831249999999997 0.7483125 0.39325 0.75 0.4247291671875 0.72471875 0.5438125 0.736515625 0.5640416671875 0.763484375 0.5640416671875 0.756734375 0.5483125 0.768546875 0.48314583281249995 0.790453125 0.5258333328125 0.8072968749999999 0.5797708328125 0.8292187500000001 0.5438125 0.8140468750000001 0.5280833328125001 0.7870781250000001 0.4606666671875 0.792140625 0.4314583328125 0.792140625 0.39775
9 0.307234375 0.4086666671875 0.307234375 0.4127916671875 0.307234375 0.4185833328125 0.30846874999999996 0.42435416718749996 0.30909375 0.42602083281249997 0.3121875 0.4293125 0.314671875 0.4301458328125 0.315296875 0.43097916718749996 0.31715625 0.432625 0.317765625 0.432625 0.31839062500000004 0.43179166718750006 0.31839062500000004 0.43097916718749996 0.319625 0.42602083281249997 0.319625 0.4202291671875 0.319625 0.4144375 0.31901562499999997 0.4103125 0.315296875 0.40700000000000003 0.3121875 0.4053541671875 0.310328125 0.4037083328125 0.30971875 0.3995625 0.307859375 0.3937916671875 0.3128125 0.3904791671875 0.32396875 0.3995625 0.329546875 0.4094791671875 0.329546875 0.41195833281249994 0.3276875 0.421875 0.3276875 0.4268333328125 0.32396875 0.43922916718750005 0.32396875 0.44585416718750004 0.32459375 0.45081249999999995 0.325828125 0.4524583328125 0.3276875 0.4541041671875 0.33140625 0.45658333281249996 0.333890625 0.45658333281249996 0.33884375 0.45824999999999994 0.34565625 0.45906250000000004 0.350625 0.45658333281249996 0.350625 0.4532916671875 0.351234375 0.4450208328125 0.35309375 0.4359375 0.356203125 0.4293125 0.36115624999999996 0.42354166718749997 0.366109375 0.4169166671875 0.366109375 0.4161041671875 0.364875 0.4012291671875 0.36053125 0.38468749999999996 0.3580625 0.36404166718750003 0.35 0.3532916671875 0.347515625 0.343375 0.34565625 0.3309791671875 0.34504687500000003 0.31775000000000003 0.34504687500000003 0.3086666671875 0.343796875 0.3061875 0.340078125 0.3020625 0.33078124999999997 0.3012291671875 0.3276875 0.3045416671875 0.31839062500000004 0.3144583328125 0.319625 0.3334583328125 0.3134375 0.34420833281249996 0.310328125 0.3483333328125 0.30474999999999997 0.3532916671875 0.299796875 0.3574166671875 0.296078125 0.3665208328125 0.2973125 0.3789166671875 0.299171875 0.3896458328125 0.30103125 0.392125 0.30103125 0.4003958328125 0.30103125 0.4012291671875 0.307234375 0.4086666671875
13 0 0.41270833281249997 0.006796874999999999 0.48072916718750003 0.015312500000000001 0.48072916718750003 0.030609375 0.48072916718750003 0.02890625 0.4693958328125 0.037421875 0.4603125 0.051015624999999995 0.45125000000000004 0.056125 0.4444375 0.064625 0.4263125 0.07653125 0.40816666718750005 0.09523437500000001 0.41270833281249997 0.1054375 0.4217708328125 0.130953125 0.4603125 0.14965625 0.46712499999999996 0.159859375 0.46712499999999996 0.1700625 0.44897916718750003 0.19046875000000002 0.43537499999999996 0.198984375 0.43537499999999996 0.207484375 0.43537499999999996 0.212578125 0.45125000000000004 0.22448437499999999 0.45804166718749995 0.239796875 0.4693958328125 0.248296875 0.4693958328125 0.268703125 0.46712499999999996 0.27890625 0.4603125 0.280609375 0.44897916718750003 0.29421875000000003 0.4308333328125 0.31632812499999996 0.41722916718749997 0.3469375 0.4149583328125 0.363953125 0.403625 0.38265625000000003 0.371875 0.39456250000000004 0.3446666671875 0.397953125 0.3129166671875 0.401359375 0.2947916671875 0.397953125 0.2766458328125 0.39115625 0.2517083328125 0.38775 0.24035416718749997 0.36734374999999997 0.22675 0.35034375 0.2222291671875 0.3469375 0.21768749999999998 0.321421875 0.2131458328125 0.06803125 0.23583333281250002 0.064625 0.23583333281250002 0.051015624999999995 0.24035416718749997 0.049312499999999995 0.24035416718749997 0.022109375 0.2245 0.017 0.2245 0 0.2539583328125 0 0.27891666718749997 0 0.3582708328125 0 0.3968333328125 0 0.41270833281249997
13 0.428515625 0.3485 0.435640625 0.4068958328125 0.453984375 0.4096041671875 0.47435937499999997 0.4028333328125 0.473328125 0.3715833328125 0.5140781249999999 0.3430625 0.5140781249999999 0.3131875 0.47639062499999996 0.3091041671875 0.401015625 0.3158958328125 0.40610937500000005 0.318625 0.4101875 0.3471458328125 0.428515625 0.3485
9 0.63234375 0.4677291671875 0.63571875 0.3644791671875 0.642015625 0.3541458328125 0.6400781249999999 0.3315625 0.641046875 0.3141458328125 0.626046875 0.3263958328125 0.623625 0.357375 0.62265625 0.35672916718750003 0.6125 0.3683541671875 0.61490625 0.3831875 0.631859375 0.40512499999999996 0.63234375 0.4677291671875
2 0.8897187499999999 0.3350208328125 0.876890625 0.3355208328125 0.8648281250000001 0.3365208328125 0.859171875 0.3380208328125 0.8561562500000001 0.3435625 0.8505 0.3576458328125 0.8508749999999999 0.36466666718749996 0.864453125 0.3616666671875 0.8648281250000001 0.36266666718749996 0.864078125 0.3742291671875 0.858796875 0.37775 0.85690625 0.38127083281249996 0.85690625 0.3867916671875 0.85728125 0.3953541671875 0.858796875 0.40037500000000004 0.8614375000000001 0.40489583281249997 0.8655781250000001 0.4064166671875 0.8663437500000001 0.398875 0.8685937499999999 0.40037500000000004 0.8674687499999999 0.3893125 0.8689843749999999 0.37925 0.875015625 0.3702083328125 0.881796875 0.3641666671875 0.8878281250000001 0.357125 0.891984375 0.355125 0.914234375 0.35412499999999997 0.9161093749999999 0.3516041671875 0.9157343750000001 0.3490833328125 0.9100781250000001 0.3380208328125 0.908578125 0.3350208328125 0.8999062500000001 0.3350208328125 0.8897187499999999 0.3350208328125
13 0.6596875 0.3408125 0.665625 0.3453333328125 0.6834374999999999 0.3419375 0.68428125 0.3227083328125 0.687671875 0.3193333328125 0.665625 0.3227083328125 0.6639375000000001 0.3204583328125 0.66478125 0.3328958328125 0.6596875 0.3408125