8 0.6061458328125 0.45685937499999996 0.6326458328125 0.45603125 0.687875 0.45934375000000005 0.7033333328125 0.46265625000000005 0.7938958328125 0.455203125 0.8513125 0.451890625 0.8623541671874999 0.435328125 0.7828333328125 0.399703125 0.7099583328125 0.391421875 0.701125 0.364921875 0.6978125000000001 0.389765625 0.6492291671875 0.4021875 0.5884791671875 0.42456250000000006 0.5553541671875 0.455203125 0.5619791671875001 0.45271875 0.5906875 0.4576875 0.6061458328125 0.45685937499999996
8 0.2862916671875 0.43409375 0.2601666671875 0.42815624999999996 0.2126458328125 0.44121875 0.1801875 0.45546875 0.1952291671875 0.45903124999999995 0.23958333281250002 0.46259375 0.31875 0.45903124999999995 0.3393333328125 0.45903124999999995 0.2862916671875 0.43409375
2 0.3584166671875 0.52325 0.3649375 0.526515625 0.3685625 0.5275937500000001 0.3758125 0.5275937500000001 0.38887499999999997 0.527046875 0.396125 0.5275937500000001 0.4026458328125 0.524328125 0.42731250000000004 0.523796875 0.43166666718749996 0.5286875 0.43602083281250004 0.5286875 0.4432708328125 0.527046875 0.4447291671875 0.5227031249999999 0.4468958328125 0.5161718750000001 0.4447291671875 0.5096406250000001 0.44254166718750004 0.503125 0.42877083281250006 0.49821875000000004 0.4302083328125 0.494953125 0.4265833328125 0.4916875 0.42152083281249997 0.4916875 0.40700000000000003 0.478640625 0.3663958328125 0.47973437499999994 0.3497083328125 0.481359375 0.341 0.489515625 0.3322916671875 0.504203125 0.3417291671875 0.523796875 0.3453541671875 0.52325 0.3584166671875 0.52325
2 0.3039791671875 0.47210937499999994 0.32214583281250003 0.478921875 0.3278333328125 0.48829687499999996 0.3301041671875 0.502765625 0.3329375 0.502765625 0.3465625 0.48020312499999995 0.3687083328125 0.47850000000000004 0.3562083328125 0.46571875 0.2983125 0.464875 0.2948958328125 0.46359374999999997 0.2943333328125 0.4695625 0.3039791671875 0.47210937499999994
8 0.7683333328125 0.5863437499999999 0.7673958328125 0.6051875 0.7832291671875 0.66175 0.8027708328125 0.652671875 0.82325 0.666625 0.8241875000000001 0.6107812499999999 0.8139375 0.59471875 0.79625 0.581453125 0.7860208328125 0.564 0.771125 0.561203125 0.7813541671875 0.5849375 0.7683333328125 0.5863437499999999
0 0.9792916671875 0.5981875 0.9705833328125 0.605265625 0.9669583328125 0.61396875 0.9669583328125 0.6270156250000001 0.9705833328125 0.6384531250000001 0.9749375 0.649328125 0.9814583328125 0.660203125 0.998875 0.67 0.9996041671875 0.6661875 1 0.58840625 0.9792916671875 0.5981875
9 0.7608958328125001 0.780671875 0.7817708328124999 0.78459375 0.7922083328125 0.780671875 0.796125 0.763078125 0.784375 0.75525 0.7817708328124999 0.750359375 0.7804583328125 0.712203125 0.7804583328125 0.671125 0.7778541671875 0.639828125 0.7726458328125 0.62809375 0.7765416671875001 0.61928125 0.766125 0.587984375 0.7700208328125 0.55765625 0.7987291671875 0.56059375 0.7974166671875 0.53809375 0.77525 0.503859375 0.7517708328125 0.4891875 0.7308958328124999 0.48234374999999996 0.7400416671875 0.471578125 0.7426458328125001 0.46278125000000003 0.7348125 0.4559375 0.6930833328125 0.45984375 0.6917708328125001 0.492125 0.6656875 0.49995312500000005 0.6565624999999999 0.5136406250000001 0.6448333328125 0.54396875 0.6474375 0.5645 0.6643958328124999 0.571359375 0.6604791671875 0.588953125 0.6800416671875 0.646671875 0.6826458328125 0.6769999999999999 0.6943958328125001 0.718078125 0.7009166671875 0.750359375 0.706125 0.763078125 0.6904791671875 0.772859375 0.6865625 0.7797031249999999 0.7035208328125 0.7855624999999999 0.7256875 0.7924218749999999 0.7400416671875 0.78753125 0.736125 0.780671875 0.7504583328125001 0.771875 0.7439375 0.7581875 0.7348125 0.7288281249999999 0.7282916671875 0.69753125 0.7322083328125 0.663296875 0.7439375 0.701453125 0.7478541671875 0.7581875 0.7596041671875 0.770890625 0.7608958328125001 0.780671875
9 0.06929166718749999 1 0.06929166718749999 0.9774218749999999 0.058854167187499994 0.9598125 0.0484166671875 0.951984375 0.0314583328125 0.942203125 0.0040833328125 0.918734375 0.0042017046875 0.8833970171875001 0.0158125 0.8903593750000001 0.0379791671875 0.86296875 0.0536458328125 0.857109375 0.0810208328125 0.85515625 0.1018958328125 0.8522187499999999 0.1149375 0.8434062499999999 0.1175416671875 0.8003750000000001 0.1266666671875 0.792546875 0.1449375 0.742859375 0.1475416671875 0.72428125 0.1397083328125 0.703734375 0.125375 0.674390625 0.06929166718749999 0.618640625 0.006687500000000001 0.552125 0.0042608890625 0.8755095875000001 0.0014791671875 0.92553125 0.0014791671875 1 0.06929166718749999 1
2 0.6015625 0.50196875 0.6248333328125 0.504953125 0.6285260421875 0.4972890625 0.6248333328125 0.494734375 0.63221875 0.48962500000000003 0.6413125 0.491328125 0.6399375 0.48297656250000004 0.6472708328125 0.48451562499999995 0.6532291671875 0.477703125 0.6396041671875 0.474296875 0.6359114578125 0.48196093749999996 0.6248333328125 0.48451562499999995 0.6248333328125 0.474296875 0.5720416671875 0.47301562500000005 0.5374166671875 0.49048437500000003 0.5589791671875 0.49559375 0.5845416671875 0.494734375 0.6015625 0.50196875
8 0.0733333328125 0.45940624999999996 0.10968750000000001 0.462703125 0.13614583281249998 0.458578125 0.1680833328125 0.45940624999999996 0.1680833328125 0.4503125 0.1317291671875 0.44039062500000004 0.0733333328125 0.45940624999999996
8 0.6039583328125 0.700609375 0.6073541671875 0.699328125 0.6255208328124999 0.67421875 0.6425625 0.64909375 0.6505 0.63334375 0.6573125 0.59928125 0.6533541671875 0.595015625 0.642 0.61375 0.622125 0.6456875 0.6050833328125 0.691671875 0.6039583328125 0.700609375
8 0.8990833328125 0.624046875 0.8737291671875 0.6243593749999999 0.8737291671875 0.63325 0.8880416671875 0.63446875 0.8871197921875 0.6425234375 0.8927395828125 0.6444375 0.8906979171874999 0.6511875 0.8974375 0.65440625 0.8942760421875 0.6598515625 0.8978541671875 0.6685156250000001 0.9002916671875001 0.669734375 0.9031666671874999 0.666671875 0.9094583328124999 0.6681375 0.9084791671874999 0.676171875 0.9437447921875 0.671578125 0.951 0.67525 0.9485416671875001 0.6721874999999999 0.9542708328125 0.6700468749999999 0.9458854171875 0.66352734375 0.9519345234375001 0.662337053125 0.9452708328125 0.6442812499999999 0.9449255953125 0.6392075890625 0.9366875 0.637546875 0.9342291671874999 0.63446875 0.9425892859375 0.6314977671875 0.9362708328125 0.62834375 0.9402529765625 0.623787946875 0.9522291671875 0.5998281249999999 0.9534583328125 0.59184375 0.9460833328125 0.58909375 0.9432291671874999 0.6105625 0.935875 0.6074843750000001 0.933 0.6032031250000001 0.935875 0.60228125 0.933 0.59859375 0.9285208328125 0.596140625 0.9313645828125001 0.5875625 0.9121666671875 0.586328125 0.9219791671875001 0.601359375 0.89825 0.60165625 0.9011250000000001 0.617609375 0.8990833328125 0.624046875
8 0.8908541671875 0.58728125 0.8590833328124999 0.586640625 0.8092916671875001 0.58728125 0.8092916671875001 0.589859375 0.8204583328125 0.595015625 0.8359166671875 0.597578125 0.8384791671875 0.6948125 0.8470625 0.695453125 0.8522291671875 0.599515625 0.8865624999999999 0.5988749999999999 0.922625 0.598234375 0.9277708328125 0.605953125 0.922625 0.6799999999999999 0.9337916671875 0.682578125 0.9380833328125 0.5988749999999999 0.9277708328125 0.595015625 0.9269166671875 0.5924375000000001 0.9131875 0.58921875 0.8908541671875 0.58728125
9 0.053958332812499996 0.53703125 0.0407083328125 0.561046875 0.047333332812500004 0.5825781250000001 0.065 0.55359375 0.09372916718749999 0.5983125 0.0782708328125 0.606609375 0.0915208328125 0.6074375 0.1125 0.6057812499999999 0.0915208328125 0.5411718750000001 0.0904166671875 0.50059375 0.10145833281250001 0.537859375 0.11029166718750001 0.5353749999999999 0.092625 0.48401562499999995 0.0782708328125 0.4699375 0.05175 0.46165625 0.032979167187500005 0.457515625 0.0241458328125 0.46331249999999996 0.0241458328125 0.47242187500000005 0.02525 0.48153125 0.0351875 0.48153125 0.0528541671875 0.50059375 0.0362916671875 0.53040625 0.0506458328125 0.531234375 0.053958332812499996 0.53703125
8 0.3190833328125 0.499625 0.3190833328125 0.4850625 0.3155 0.47623437500000004 0.3083541671875 0.47509375 0.315 0.505 0.3195833328125 0.52034375 0.3236875 0.521484375 0.3190833328125 0.499625
8 0.2665833328125 0.533984375 0.2641875 0.54184375 0.2725625 0.5476875 0.3148125 0.542734375 0.3271041671875 0.538015625 0.3223125 0.528140625 0.31062500000000004 0.49173437499999995 0.3067291671875 0.48454687500000004 0.2908541671875 0.48117187499999997 0.272875 0.4843125 0.2659791671875 0.48656249999999995 0.26477083281249997 0.494421875 0.2665833328125 0.533984375
8 0.32625000000000004 0.557625 0.3250416671875 0.586984375 0.32806250000000003 0.58878125 0.33166666718750004 0.612265625 0.3382916671875 0.598265625 0.3388958328125 0.615890625 0.34129166718750004 0.619953125 0.3407083328125 0.59646875 0.346125 0.5955625 0.3575625 0.62028125 0.359375 0.62253125 0.3635833328125 0.6189218750000001 0.3599791671875 0.594078125 0.3485208328125 0.562015625 0.34310416718750003 0.548 0.3449166671875 0.543484375 0.33768750000000003 0.539421875 0.3310625 0.545296875 0.32806250000000003 0.548140625 0.3238333328125 0.55175 0.32625000000000004 0.557625
8 0.6372916671875 0.700171875 0.635125 0.725296875 0.6426875 0.70909375 0.6437708328125 0.7204375 0.6459374999999999 0.7236875 0.65675 0.70990625 0.6837708328125001 0.63046875 0.6675416671875001 0.5850625 0.6632291671874999 0.584265625 0.6426875 0.6726093750000001 0.6210833328125 0.7131406250000001 0.6210833328125 0.7188125000000001 0.6372916671875 0.700171875
9 0.257625 0.546171875 0.2570208328125 0.565640625 0.26306250000000003 0.602765625 0.2666875 0.627671875 0.264875 0.636734375 0.257625 0.6439843749999999 0.2775416671875 0.64715625 0.2853958328125 0.6439843749999999 0.2890208328125 0.6385468750000001 0.2890208328125 0.63084375 0.289625 0.6254062499999999 0.28841666718750003 0.61590625 0.28781249999999997 0.6059375 0.28781249999999997 0.59825 0.2914375 0.58646875 0.3011041671875 0.5973437500000001 0.3035 0.6023125 0.31135416718750003 0.61409375 0.318 0.6213437500000001 0.3173958328125 0.636734375 0.32525 0.63809375 0.33068749999999997 0.63084375 0.3325 0.619984375 0.3337083328125 0.61590625 0.3318958328125 0.6109218750000001 0.3270625 0.60321875 0.32464583281250003 0.593265625 0.3240416671875 0.582390625 0.321625 0.565640625 0.3222291671875 0.55975 0.3234375 0.5529531249999999 0.3234375 0.541640625 0.32464583281250003 0.5375625 0.32585416718750004 0.5285 0.3300833328125 0.535296875 0.3312916671875 0.5339375000000001 0.339125 0.53303125 0.3415416671875 0.5289531249999999 0.3403333328125 0.52534375 0.3367083328125 0.51809375 0.3325 0.504046875 0.32947916718750003 0.48140625000000004 0.3155833328125 0.47553124999999996 0.2956666671875 0.466921875 0.2944583328125 0.46103125 0.2690833328125 0.46148437500000006 0.2708958328125 0.47145312500000003 0.264875 0.475078125 0.250375 0.4805 0.24312499999999998 0.4968125 0.24312499999999998 0.5135625 0.257625 0.520359375 0.257625 0.5239843750000001 0.254 0.53846875 0.257625 0.546171875