9 0.55822 0.51888 0.57234 0.5577866671875 0.58836 0.5490133328125 0.6147199999999999 0.51512 0.6147199999999999 0.48624 0.61754 0.4674133328125 0.64296 0.372 0.6495599999999999 0.46112000000000003 0.65992 0.5038133328125001 0.6439 0.5490133328125 0.64296 0.5866666671874999 0.66274 0.58792 0.70604 0.5301866671875 0.70228 0.5075733328124999 0.6778 0.42221333281250006 0.68628 0.3481333328125 0.69004 0.26152000000000003 0.73336 0.3217866671875 0.72394 0.34687999999999997 0.73712 0.3657333328125 0.7418199999999999 0.3770133328125 0.7503 0.3820533328125 0.7615999999999999 0.3833066671875 0.76536 0.3606933328125 0.75972 0.31551999999999997 0.73618 0.24144000000000002 0.69852 0.1610933328125 0.70888 0.1221866671875 0.70888 0.0895466671875 0.69758 0.06944 0.6495599999999999 0.0757333328125 0.64108 0.09831999999999999 0.6392 0.1259466671875 0.6071799999999999 0.17992 0.56106 0.2514933328125 0.5431600000000001 0.31677333281250003 0.55164 0.35568 0.562 0.35568 0.5667 0.34687999999999997 0.5667 0.33685333281249996 0.57612 0.33936 0.57518 0.3129866671875 0.57518 0.2966666671875 0.61566 0.2690666671875 0.6071799999999999 0.3205333328125 0.57706 0.42847999999999997 0.55822 0.51888
9 0.9010199999999999 0.22360000000000002 0.8956 0.2657333328125 0.9181800000000001 0.2621333328125 0.91638 0.21394666718750002 0.91998 0.18144 0.9019199999999999 0.1236266671875 0.88566 0.1284533328125 0.88296 0.15736 0.85856 0.17904 0.8667 0.21757333281250002 0.8712199999999999 0.1982933328125 0.8820399999999999 0.19226666718750002 0.8766400000000001 0.25128 0.8820399999999999 0.27536 0.88928 0.27176 0.8946999999999999 0.22719999999999999 0.9010199999999999 0.22360000000000002
9 0.5821 0.1903733328125 0.56674 0.16304000000000002 0.56746 0.1445066671875 0.5535599999999999 0.12888 0.54478 0.1357066671875 0.5367200000000001 0.14744 0.5440400000000001 0.1601066671875 0.54478 0.1806133328125 0.53306 0.2089066671875 0.52208 0.21183999999999997 0.50598 0.2304 0.5140399999999999 0.2469866671875 0.52502 0.2567466671875 0.5535599999999999 0.25477333281250003 0.57112 0.2450133328125 0.58138 0.21576 0.5821 0.1903733328125
9 0.4285 0.0987466671875 0.4285 0.1205333328125 0.4285 0.13384000000000001 0.42576 0.1519733328125 0.42396 0.1616533328125 0.42396 0.1810133328125 0.41487999999999997 0.2088266671875 0.41034 0.23544 0.404 0.24512 0.40218 0.24512 0.40218 0.2487466671875 0.41398 0.2596533328125 0.42668 0.2596533328125 0.43212 0.2463466671875 0.44028 0.22456 0.44299999999999995 0.2088266671875 0.44572 0.22336 0.44572 0.2402933328125 0.44664000000000004 0.2705333328125 0.45208000000000004 0.2705333328125 0.47022 0.2705333328125 0.47386 0.2669066671875 0.47476 0.2402933328125 0.47748 0.21488000000000002 0.4793 0.1967466671875 0.48474000000000006 0.17496 0.49382000000000004 0.1519733328125 0.50198 0.1120533328125 0.50198 0.08424000000000001 0.50108 0.06488000000000001 0.49017999999999995 0.04432 0.48563999999999996 0.02496 0.47476 0.0189066671875 0.46568 0.02496 0.4548 0.03344 0.44664000000000004 0.03584 0.43848000000000004 0.03464 0.42668 0.055200000000000006 0.42576 0.08061333281250001 0.42668 0.0878666671875 0.4285 0.0987466671875
8 0.8907400000000001 0.27408 0.8901199999999999 0.26711999999999997 0.89994 0.26098666718749997 0.9094599999999999 0.2695733328125 0.9156000000000001 0.2691466671875 0.91744 0.2662933328125 0.91744 0.26344 0.91192 0.2560533328125 0.9097799999999999 0.25810666718749997 0.9033200000000001 0.25810666718749997 0.8965799999999999 0.2507466671875 0.89596 0.2450133328125 0.89534 0.2511466671875 0.88798 0.26424 0.87324 0.2556533328125 0.87264 0.25810666718749997 0.88582 0.2658933328125 0.88644 0.2716266671875 0.8907400000000001 0.27408
9 0.9210200000000001 0.1793333328125 0.9187200000000001 0.2055466671875 0.9198600000000001 0.2333066671875 0.9244999999999999 0.21944 0.93374 0.18087999999999999 0.92566 0.24256000000000003 0.9511 0.2472 0.9545600000000001 0.21944 0.94878 0.1500533328125 0.95688 0.13616 0.95572 0.10533333281249999 0.94878 0.0883466671875 0.94184 0.06368 0.93028 0.06368 0.92218 0.0790933328125 0.9268000000000001 0.09298666718750001 0.91062 0.10533333281249999 0.9036799999999999 0.13616 0.9210200000000001 0.1793333328125
9 0.53512 0.1589866671875 0.53736 0.1577866671875 0.536 0.1470133328125 0.5396 0.1398133328125 0.54364 0.1362133328125 0.54994 0.1308266671875 0.55668 0.1296266671875 0.56162 0.1374133328125 0.5665600000000001 0.14221333281249998 0.57014 0.1571733328125 0.5724 0.16197333281249998 0.57958 0.1667733328125 0.5732999999999999 0.1362133328125 0.57824 0.12904 0.58452 0.1260266671875 0.5957600000000001 0.0990933328125 0.59126 0.07392 0.57688 0.0571733328125 0.57194 0.0428 0.56386 0.0428 0.5647599999999999 0.0326133328125 0.56252 0.023013332812500002 0.55488 0.0188266671875 0.5454399999999999 0.0212266671875 0.53736 0.0332 0.5279200000000001 0.0421866671875 0.5198400000000001 0.061360000000000005 0.51714 0.0894933328125 0.52298 0.11346666718750001 0.53196 0.12423999999999999 0.53376 0.13024 0.53196 0.14279999999999998 0.53512 0.1589866671875
8 0.9384399999999999 0.2334666671875 0.9279 0.23674666718749998 0.92096 0.2322666671875 0.92164 0.23824 0.91266 0.2361333328125 0.9119999999999999 0.2430133328125 0.93732 0.24392 0.94696 0.2343466671875 0.9384399999999999 0.2334666671875
8 0.29142 0.21376 0.29142 0.21898666718749998 0.29534 0.21973333281250002 0.29534 0.21600000000000003 0.35744 0.2152533328125 0.35910000000000003 0.22271999999999997 0.36022 0.2234666671875 0.36134 0.21824 0.37142 0.2174933328125 0.37254 0.1936266671875 0.28582 0.19288 0.28582 0.19512000000000002 0.28525999999999996 0.21376 0.29142 0.21376
8 0.2573 0.2157066671875 0.26312 0.21383999999999997 0.2601 0.1914666671875 0.18064 0.1982933328125 0.186 0.2181866671875 0.18834 0.21754666718750001 0.25752 0.21848 0.2573 0.2157066671875
8 0.11456 0.20469333281250002 0.11402000000000001 0.21200000000000002 0.1153 0.2132266671875 0.11548 0.2154133328125 0.11712 0.2154133328125 0.1173 0.21298666718749998 0.12824 0.21223999999999998 0.1288 0.2161333328125 0.13226 0.21589333281249998 0.13244 0.2137066671875 0.14632 0.2144266671875 0.14632 0.21688000000000002 0.14814 0.21711999999999998 0.14814 0.21418666718749999 0.15398 0.21418666718749999 0.15604 0.2103733328125 0.15548 0.20888 0.151 0.20664 0.15156 0.1991733328125 0.1123 0.19616 0.11182 0.1990933328125 0.11182 0.20543999999999998 0.11456 0.20469333281250002
8 0.5093 0.60528 0.5132950000000001 0.5992933328125 0.5192599999999999 0.6092533328124999 0.5242525 0.60162 0.53521 0.6039466671875 0.5370514281250001 0.5954019046875 0.5459471421875 0.5884761890625 0.5461674999999999 0.6062733328125 0.57904 0.6132533328124999 0.59299 0.6086 0.591 0.6238666671875001 0.60992 0.6252 0.65376 0.5906666671874999 0.65774 0.5773866671875 0.662328 0.5832293328125 0.6687000000000001 0.5720799999999999 0.670896 0.5757920000000001 0.677068 0.5635786671874999 0.6794640000000001 0.5683546671874999 0.688032 0.5609173328125 0.6854359999999999 0.5550773328124999 0.6966 0.55348 0.693804 0.5465760000000001 0.702172 0.5380746671875001 0.705168 0.5460426671875 0.713736 0.5386053328125 0.7105400000000001 0.5295733328125001 0.7223040000000001 0.531168 0.71852 0.5202666671875 0.72648 0.5149600000000001 0.730872 0.5237306671875 0.73944 0.5162933328125 0.73046 0.5109600000000001 0.60694 0.6039466671875 0.58153 0.5607733328125 0.5904257140625 0.55384761875 0.58701 0.5421733328125 0.577545 0.5504733328125 0.5726342859375 0.5676990484375 0.5680799999999999 0.5587733328125 0.55912 0.5508266671875 0.55214 0.5521333328125 0.5133 0.5866933328124999 0.49436 0.5893333328125 0.49138000000000004 0.59464 0.5023375 0.5969666671875 0.5093 0.60528