0 0.8610625000000001 0.6046041671875 0.8657656250000001 0.6278958328125 0.879875 0.6431250000000001 0.90271875 0.6431250000000001 0.912125 0.6252083328125 0.922875 0.627 0.9296093750000001 0.6171458328125 0.942375 0.6180416671875 0.9450625 0.6117708328125 0.931625 0.6099791671875 0.957828125 0.5777291671875 0.959171875 0.5857916671875001 0.9477499999999999 0.6046041671875 0.95715625 0.6341666671875 0.971265625 0.6529791671875 0.9880625000000001 0.6556666671875 0.996796875 0.6395416671875 0.99746875 0.6243125 0.99075 0.6207291671874999 0.992765625 0.6117708328125 0.984703125 0.5938541671875 0.9766406249999999 0.5866875 0.9658906249999999 0.578625 0.9564843749999999 0.5517291671875 0.96253125 0.54725 0.9752968750000001 0.541875 0.9719374999999999 0.5293333328125 0.963875 0.5266458328125 0.9618593750000001 0.5284375 0.9658906249999999 0.5320208328125 0.971265625 0.5347083328125 0.9705937499999999 0.5382916671875 0.95178125 0.5481458328125 0.9369999999999999 0.5562083328125 0.942375 0.541875 0.9369999999999999 0.541875 0.9343125000000001 0.5571041671875 0.9356562500000001 0.5624791671875 0.95178125 0.5535208328125 0.953125 0.5669583328125001 0.91078125 0.5624791671875 0.9141406249999999 0.5517291671875 0.9094374999999999 0.5481458328125 0.90003125 0.5490416671875 0.9040625 0.5562083328125 0.8960000000000001 0.5660624999999999 0.8731562500000001 0.56875 0.8778593750000001 0.5723541671875 0.8657656250000001 0.5848958328125 0.8610625000000001 0.6046041671875
7 0.379796875 0.5265833328125 0.3835625 0.5353749999999999 0.385453125 0.537875 0.392984375 0.537875 0.39392187500000003 0.537875 0.39392187500000003 0.5353749999999999 0.39392187500000003 0.5127708328125 0.39109375 0.5065000000000001 0.38073437499999996 0.5065000000000001 0.382625 0.5177916671875 0.385453125 0.5203125 0.379796875 0.5265833328125
7 0.28659375 0.5753125 0.289015625 0.592625 0.29353125 0.597125 0.297671875 0.598625 0.3036875 0.592625 0.30971875 0.5840833328125 0.321375 0.5830833328125 0.32853125 0.592625 0.33604687499999997 0.5896041671875001 0.33981249999999996 0.5760625 0.343203125 0.5665208328125 0.34245312499999997 0.561 0.3375625 0.5504791671875 0.335296875 0.5444583328125 0.33153125 0.5389375000000001 0.32965625 0.5459583328125001 0.32703125 0.5534791671875 0.322515625 0.5670208328124999 0.319875 0.5700416671874999 0.317234375 0.5645208328125 0.316109375 0.5248958328125 0.316109375 0.521875 0.31837499999999996 0.5178541671875 0.31837499999999996 0.5148541671875 0.31271875 0.5093333328125 0.307078125 0.5043124999999999 0.3006875 0.5063333328125 0.299171875 0.5093333328125 0.296546875 0.5138541671875 0.29617187500000003 0.5143541671875 0.289390625 0.5158541671875 0.288640625 0.518875 0.29240625 0.522875 0.2945 0.5231250000000001 0.28885937500000003 0.5321666671874999 0.28846875 0.5467083328125 0.28546875 0.5657708328125 0.28659375 0.5753125
1 0.47865624999999995 0.6404583328125 0.6016874999999999 0.6292083328125 0.62190625 0.6808958328125 0.633703125 0.6763958328124999 0.632015625 0.6404583328125 0.6505625 0.60225 0.67246875 0.5752708328125 0.67246875 0.5595416671875 0.67078125 0.5303333328125001 0.684265625 0.48764583281249996 0.684265625 0.4606666671875 0.684265625 0.4179791671875 0.687640625 0.3820208328125 0.63034375 0.2741666671875 0.4028125 0.298875 0.39437500000000003 0.6134791671875 0.3960625 0.6134791671875 0.42134375 0.6224791671875 0.44157812500000004 0.6831458328125 0.45337500000000003 0.6831458328125 0.47865624999999995 0.6404583328125
9 0.321640625 0.4649375 0.313859375 0.46658333281250003 0.311390625 0.47041666718749997 0.31221875 0.47914583281249995 0.313859375 0.4851666671875 0.30975 0.49445833281249996 0.303203125 0.505375 0.304828125 0.5059375 0.30934375 0.5070208328125 0.31590625 0.5130208328125 0.31959375 0.5173958328125 0.32287499999999997 0.5239583328124999 0.314671875 0.522875 0.31671875 0.5562083328125 0.318359375 0.5715 0.322453125 0.5507291671875 0.333109375 0.5283333328125 0.3384375 0.50975 0.335578125 0.49389583281249994 0.327375 0.48462500000000003 0.327375 0.4851666671875 0.325734375 0.4715 0.321640625 0.4649375
9 0.696609375 0.6020416671875 0.69140625 0.6886875 0.7087343749999999 0.6898333328125 0.715671875 0.677125 0.702671875 0.6713541671875001 0.707875 0.643625 0.719125 0.5962708328125 0.721734375 0.5200208328125 0.71653125 0.5130833328125 0.7087343749999999 0.4946041671875 0.712203125 0.48189583281250004 0.707875 0.4738125 0.69834375 0.4691875 0.6931406250000001 0.4738125 0.69140625 0.49808333281249995 0.684484375 0.5061666671875 0.670609375 0.5084791671875 0.65675 0.5246458328125 0.657625 0.5350416671875 0.677546875 0.552375 0.6792812500000001 0.5847083328125 0.66715625 0.6932916671875 0.681875 0.6886875 0.6792812500000001 0.6840625 0.69140625 0.6020416671875 0.696609375 0.6020416671875
9 0.7953281249999999 0.5113749999999999 0.795921875 0.5125625 0.795921875 0.5156875000000001 0.795921875 0.5184375 0.79475 0.5235208328125001 0.794453125 0.525875 0.79415625 0.5301875 0.79621875 0.5435 0.7965 0.552125 0.796796875 0.554875 0.79915625 0.5513541671875 0.8050312500000001 0.5474375 0.807078125 0.5411666671875001 0.806203125 0.5313541671875 0.8056093750000001 0.5243125 0.806203125 0.5145208328125 0.8065 0.50825 0.80796875 0.5027708328125 0.808265625 0.5011875 0.806203125 0.4992291671875 0.8041406249999999 0.4961041671875 0.8023906249999999 0.4917916671875 0.803859375 0.48670833281250003 0.8044375 0.4835625 0.8041406249999999 0.47887500000000005 0.802671875 0.47691666718750003 0.7988593749999999 0.4765208328125 0.79796875 0.47887500000000005 0.796796875 0.4835625 0.79796875 0.4886666671875 0.798265625 0.490625 0.7985625 0.4929791671875 0.795625 0.499625 0.7932812499999999 0.5039374999999999 0.792390625 0.5078541671875 0.7953281249999999 0.5113749999999999
9 0.8897187499999999 0.5404375 0.893546875 0.5324166671875 0.8891718750000001 0.5119791671875 0.8847968749999999 0.4988541671875 0.8897187499999999 0.4879166671875 0.885890625 0.4798958328125 0.877140625 0.480625 0.8727499999999999 0.489375 0.86071875 0.5163541671874999 0.8656406249999999 0.5229375 0.8733124999999999 0.5295 0.8661875 0.568875 0.867828125 0.5820208328125 0.870015625 0.5783750000000001 0.8760468749999999 0.5659583328125 0.888625 0.5652291671875 0.88425 0.5426249999999999 0.8897187499999999 0.5404375
9 0.921109375 0.5948541671875 0.9262812500000001 0.5879583328125 0.93484375 0.5922291671875 0.935734375 0.5839166671875 0.9428750000000001 0.5905625 0.94234375 0.5777291671875 0.931453125 0.5712916671875 0.93378125 0.5654791671875 0.9425156250000001 0.564875 0.9403750000000001 0.5351458328125 0.944296875 0.5346666671875 0.9414453125 0.5205208328125 0.948046875 0.49018750000000005 0.944296875 0.4811458328125 0.9382343750000001 0.4828125 0.9321718750000001 0.4921041671875 0.9394843749999999 0.5023333328125 0.9385937500000001 0.506375 0.92503125 0.506375 0.9280781250000001 0.5529791671875001 0.9246874999999999 0.5701041671875 0.9159375000000001 0.5896250000000001 0.921109375 0.5948541671875
9 0.33587500000000003 0.4975833328125 0.33414062499999997 0.5190208328125 0.333578125 0.5282083328125 0.333 0.536625 0.333 0.5427500000000001 0.337015625 0.5503958328125 0.339890625 0.5641875 0.34734375 0.5710833328125 0.350796875 0.5657083328125 0.34734375 0.5534583328125 0.34103125 0.536625 0.34275 0.5274375 0.3485 0.5190208328125 0.34678125 0.5006458328125001 0.344484375 0.4968125 0.338734375 0.48687500000000006 0.333 0.47768750000000004 0.328984375 0.47385416718749995 0.32553125 0.48304166718749997 0.3266875 0.4838125 0.328984375 0.4883958328125 0.33587500000000003 0.4975833328125
9 0.7482968750000001 0.5735625 0.752515625 0.5705833328125001 0.7542500000000001 0.5894375000000001 0.754015625 0.6261875 0.75053125 0.6288333328125 0.75128125 0.6400833328125 0.761953125 0.6377708328125 0.7661718750000001 0.6331249999999999 0.765921875 0.6248541671875001 0.7641875 0.6102916671874999 0.7634375 0.5924166671875 0.7641875 0.5785208328125 0.7661718750000001 0.5699166671875 0.76765625 0.5765416671875 0.770140625 0.5877916671875 0.7731250000000001 0.5957291671875 0.775109375 0.6076458328125 0.780078125 0.622875 0.780078125 0.6337916671875 0.78578125 0.6344583328125 0.7895 0.6314791671875 0.7885156249999999 0.6238541671875 0.788015625 0.611625 0.7810625 0.5967291671875 0.7818125 0.5834791671875 0.7820625 0.5685833328125 0.7825624999999999 0.5520416671875 0.7790781250000001 0.5378125 0.780078125 0.5295208328125 0.7813125000000001 0.5199374999999999 0.7830468749999999 0.51 0.7830468749999999 0.503375 0.77659375 0.49775 0.77659375 0.492125 0.77684375 0.4825208328125 0.773875 0.4716041671875 0.762203125 0.47625 0.761203125 0.48220833281250003 0.7649375 0.4970833328125 0.757984375 0.5086875 0.75153125 0.5146458328125 0.749546875 0.5248958328125 0.75053125 0.5507083328125 0.75128125 0.5533541671875 0.7497812500000001 0.5599791671875 0.7482968750000001 0.5735625
9 0.790484375 0.6816666671875 0.7973125 0.6816666671875 0.805703125 0.6830833328125 0.811484375 0.6767708328125 0.816734375 0.678875 0.826171875 0.6767708328125 0.826171875 0.6662708328125 0.8251250000000001 0.6515833328125 0.824609375 0.6368958328125001 0.82303125 0.6144999999999999 0.8225 0.5991041671875 0.8267031250000001 0.5795208328125 0.82775 0.5683125 0.8303750000000001 0.5550208328124999 0.8408749999999999 0.5452291671875 0.8450625 0.529125 0.8408749999999999 0.5207291671875 0.8319531250000001 0.5123333328124999 0.824609375 0.5018333328125 0.8235468750000001 0.49204166718750003 0.816203125 0.47385416718749995 0.8104374999999999 0.4724583328125 0.805703125 0.47454166718749996 0.803609375 0.48575 0.8051875000000001 0.4976458328125 0.8078125 0.5060416671875 0.806765625 0.5151458328125 0.80728125 0.5312291671875 0.8078125 0.5480208328125 0.8083281250000001 0.5634166671874999 0.8025625 0.5767083328125 0.7920625 0.6067916671875 0.78996875 0.6214999999999999 0.79259375 0.6620833328125 0.788390625 0.6690833328125 0.77946875 0.678875 0.790484375 0.6816666671875
9 0.712296875 0.4957291671875 0.71046875 0.5000208328125 0.719546875 0.5172291671875 0.7203593749999999 0.5070208328125 0.719140625 0.49974999999999997 0.724796875 0.49035416718749997 0.7243906250000001 0.4841666671875 0.71975 0.47797916718750005 0.7132968749999999 0.4798541671875 0.712890625 0.487125 0.71309375 0.49304166718750003 0.712296875 0.4957291671875
9 0.389734375 0.47906250000000006 0.385578125 0.4794791671875 0.384625 0.4833125 0.384625 0.4914166671875 0.38334375 0.4960833328125 0.38015625000000003 0.49864583281249997 0.38015625000000003 0.5020625 0.38493750000000004 0.5067291671875 0.3878125 0.511 0.39260937500000004 0.5143958328125 0.39675 0.5143958328125 0.399625 0.5143958328125 0.39771875 0.4948125 0.397078125 0.488 0.395796875 0.48629166718750005 0.396125 0.4803333328125 0.397390625 0.4726666671875 0.397078125 0.4688333328125 0.39325 0.4684166671875 0.391015625 0.4726666671875 0.390375 0.4773541671875 0.389734375 0.47906250000000006
9 0.171015625 0.5113749999999999 0.176640625 0.5067083328125 0.179734375 0.5074791671875001 0.18167187499999998 0.5092916671875 0.18167187499999998 0.5162708328125001 0.18109375 0.5248125 0.184203125 0.5250625 0.1859375 0.5186041671875 0.18653124999999998 0.5134375 0.1859375 0.5100833328125 0.184390625 0.5082708328125001 0.18303125 0.5064583328125 0.18109375 0.5025833328125 0.178578125 0.5002500000000001 0.17896875 0.4994791671875 0.179734375 0.49791666718750005 0.18070312500000002 0.496625 0.18090625 0.49533333281249997 0.180125 0.4925 0.178578125 0.488875 0.176828125 0.48706250000000006 0.1743125 0.48266666718750006 0.17295312499999999 0.4816458328125 0.17295312499999999 0.4780208328125 0.1725625 0.4749166671875 0.170046875 0.47389583281250003 0.1686875 0.47439583281250003 0.16753125 0.47725 0.166359375 0.47983333281249996 0.16578125 0.48189583281250004 0.16403125000000002 0.4837083328125 0.162875 0.4881041671875 0.1626875 0.4917291671875 0.1626875 0.4932708328125 0.1630625 0.4994791671875 0.163265625 0.5018125 0.164625 0.508 0.16596875 0.5126666671875 0.1665625 0.5157708328124999 0.167140625 0.5222291671875 0.16771875 0.5255833328125 0.1686875 0.5317916671875 0.16790624999999998 0.5366875 0.171984375 0.5366875 0.172375 0.5312708328125 0.171015625 0.5113749999999999
9 0.2251875 0.517625 0.224265625 0.5151666671874999 0.23071875 0.5286875 0.228875 0.4918125 0.2251875 0.4721666671875 0.21782812499999998 0.4770833328125 0.21875 0.5053333328125 0.21598437499999998 0.5360416671875 0.21875 0.5421875 0.2251875 0.517625
9 0.7375 0.542 0.7402968750000001 0.5140625 0.7402968750000001 0.5010208328125 0.730515625 0.4954375 0.7333125 0.488 0.72353125 0.4824166671875 0.7207343749999999 0.4842708328125 0.7207343749999999 0.506625 0.7249375 0.52525 0.726328125 0.5513125 0.729125 0.577375 0.72771875 0.5997291671875 0.72353125 0.6127708328125 0.7333125 0.6090416671875001 0.7416875 0.6090416671875001 0.7416875 0.5885625 0.7375 0.542
9 0.0875 0.5375 0.0921875 0.5291666671875 0.1125 0.5479166671875 0.121875 0.5479166671875 0.1265625 0.5395833328124999 0.1265625 0.50625 0.1375 0.5020833328125 0.15625 0.47423245625000005 0.2265625 0.4791666671875 0.23125 0.47291666718750003 0.234375 0.48 0.228125 0.49375 0.2296875 0.5083333328124999 0.2234375 0.525 0.2234375 0.5354166671875 0.2328125 0.54375 0.2375 0.5416666671875 0.2421875 0.5333333328125 0.2484375 0.5125 0.2484375 0.4916666671875 0.24453125 0.48229166718750005 0.25 0.48166666718749995 0.2578125 0.48250000000000004 0.2609375 0.4895833328125 0.2609375 0.5104166671875 0.271875 0.5229166671875001 0.275 0.5354166671875 0.2796875 0.5416666671875 0.2890625 0.5416666671875 0.29375 0.5333333328125 0.29375 0.5166666671875 0.290625 0.50625 0.28125 0.49583333281249997 0.275 0.48333333281249996 0.33734375 0.47583333281250006 0.340625 0.48125 0.340625 0.4916666671875 0.346875 0.4916666671875 0.3453125 0.5 0.346875 0.5020833328125 0.3453125 0.5270833328125 0.3484375 0.5291666671875 0.3484375 0.5208333328125 0.35625 0.5229166671875001 0.359375 0.5125 0.353125 0.5020833328125 0.359375 0.48333333281249996 0.4265625 0.4270833328125 0.4359375 0.43541666718750005 0.459375 0.43125 0.4796875 0.43333333281249997 0.484375 0.43125 0.4890625 0.42291666718750004 0.521875 0.4291666671875 0.53125 0.4375 0.5453125 0.43125 0.55 0.42291666718750004 0.55 0.41041666718750003 0.5890625 0.41041666718750003 0.6015625 0.42291666718750004 0.621875 0.425 0.7124177625 0.46326754374999995 0.734375 0.4770833328125 0.7296875 0.48333333281249996 0.7296875 0.4875 0.7310267859375 0.49791666718750005 0.7359375 0.5 0.732366071875 0.5083333328124999 0.735546875 0.5140625 0.7337053578125 0.51875 0.7350446421875 0.5291666671875 0.7390625 0.5270833328125 0.739453125 0.5345486109375 0.736383928125 0.5395833328124999 0.74140625 0.5447916671875 0.7377232140625 0.55 0.743359375 0.5550347234374999 0.7390625 0.5604166671875 0.7453125 0.5652777765625 0.7484375 0.5729166671875 0.747265625 0.5755208328125 0.740625 0.5770833328125 0.7421875 0.6041666671875 0.7484375 0.6083333328125 0.753125 0.60625 0.74921875 0.5857638890625 0.753125 0.5791666671875 0.7803977265625 0.575 0.78125 0.5979166671875 0.7859375 0.6083333328125 0.7890625 0.6083333328125 0.79375 0.6 0.7953125 0.5875 0.8234375 0.5958333328125 0.8234375 0.6145833328125 0.8328125 0.6166666671875001 0.8375 0.6145833328125 0.8421875 0.60625 0.8421875 0.5645833328125 0.8276041671875 0.5722222234375 0.8296875 0.5604166671875 0.8328125 0.5541666671875001 0.8302083328125001 0.5475694437499999 0.840625 0.5479166671875 0.8307291671874999 0.5347222234375 0.8328125 0.5270833328125 0.83125 0.521875 0.834375 0.5166666671875 0.8453125 0.525 0.85 0.5166666671875 0.85 0.5041666671875 0.9099826390624999 0.49710648125 0.9640625 0.5125 0.9640625 0.5375 0.9671875 0.54375 0.9625 0.6020833328124999 0.95625 0.6125 0.95625 0.625 0.965625 0.6333333328124999 0.9734375 0.6291666671875 0.98125 0.6395833328125 0.9859375 0.6416666671875 0.99375 0.6354166671875 0.9984375 0.6145833328125 0.9984375 0.5083333328124999 0.9953125 0.50625 0.99375 0.48541666718750004 0.990625 0.48125 0.98125 0.48125 0.9765625 0.4875 0.9734375 0.5 0.90225694375 0.49490740781250003 0.8404513890624999 0.4773148140625 0.834375 0.47291666718750003 0.8327256937499999 0.47511574218749997 0.825 0.47291666718750003 0.8203125 0.4791666671875 0.8171875 0.47361111093749997 0.778125 0.4770833328125 0.7777698859375 0.48854166718750003 0.7693749999999999 0.4770833328125 0.751875 0.4770833328125 0.746875 0.48125 0.74375 0.4770833328125 0.705098684375 0.45866228124999997 0.6392269734375 0.4172149125 0.63125 0.4166666671875 0.6319078953124999 0.41260965 0.624588815625 0.40800438593750005 0.6328125 0.4 0.628125 0.3916666671875 0.61875 0.3916666671875 0.6140625 0.39791666718749996 0.6099506578125 0.3987938609375 0.60625 0.3895833328125 0.6026315796875 0.3941885953125 0.5953125 0.3895833328125 0.5890625 0.39791666718749996 0.58671875 0.3890625 0.5609375 0.3875 0.5546875 0.3895833328125 0.55234375 0.3869791671875 0.5546875 0.3729166671875 0.55 0.3645833328125 0.540625 0.3645833328125 0.53359375 0.375 0.53515625 0.3859375 0.5265625 0.3854166671875 0.47890625 0.396875 0.47890625 0.40208333281249997 0.47096354218750003 0.39878472343750004 0.4703125 0.39375 0.4640625 0.38125 0.4546875 0.38125 0.455078125 0.40260416718750003 0.44713541718750005 0.4045138890625 0.446875 0.39791666718749996 0.4390625 0.403125 0.43919270781249997 0.4064236109375 0.43125 0.40833333281249995 0.4265625 0.4145833328125 0.42408854218750003 0.4138888890625 0.3524739578125 0.46944444374999994 0.1484375 0.4736842109375 0.140625 0.48125 0.140625 0.47313596406249997 0.11875 0.47291666718750003 0.1171875 0.47149122656250003 0.078125 0.46875 0.0734375 0.475 0.0734375 0.53125 0.0828125 0.5395833328124999 0.0875 0.5375