2 0.46921875 0.44755555625000004 0.46878125 0.44405555625000004 0.467890625 0.43694444375 0.46517187499999996 0.43055555625 0.46290624999999996 0.42125 0.458328125 0.41958333281250004 0.45196875 0.4209166671875 0.44846874999999997 0.4263333328125 0.44810937500000003 0.4333611109375 0.44554687499999995 0.44116666718750003 0.446984375 0.45105555624999993 0.45121874999999995 0.45133333281250004 0.45304687499999996 0.44825 0.45629687499999994 0.4468611109375 0.463453125 0.447472221875 0.46439062499999995 0.44897222187499997 0.467984375 0.45027777812499997 0.46921875 0.44755555625000004
2 0.471109375 0.42194444375 0.46901562500000005 0.4228333328125 0.46654687499999997 0.42611111093750004 0.46568750000000003 0.4276388890625 0.46790624999999997 0.43269444375 0.469625 0.434 0.46987500000000004 0.437722221875 0.471109375 0.4399166671875 0.474546875 0.43969444375 0.475171875 0.43705555625 0.48637499999999995 0.4375 0.487484375 0.4385833328125 0.489328125 0.4385833328125 0.48920312499999996 0.4381666671875 0.48882812500000006 0.4350833328125 0.490796875 0.4278611109375 0.490921875 0.4276388890625 0.485265625 0.427222221875 0.4819375 0.42305555625 0.48034375 0.42194444375 0.471109375 0.42194444375
2 0.5340625 0.4278333328125 0.5340625 0.43233333281249997 0.534453125 0.43580555624999995 0.5369843750000001 0.4378888890625 0.53796875 0.43338888906250006 0.54128125 0.43302777812500004 0.5447968750000001 0.43302777812500004 0.54421875 0.42816666718749996 0.548328125 0.40905555624999995 0.545 0.40905555624999995 0.544015625 0.408722221875 0.538546875 0.408722221875 0.53815625 0.41880555625 0.53425 0.4153333328125 0.5340625 0.421222221875 0.5340625 0.4278333328125
2 0.547390625 0.44202777812500005 0.5489375 0.4398888890625 0.5489375 0.4368333328125 0.5594375 0.4356111109375 0.561328125 0.4426388890625 0.5625312499999999 0.44202777812500005 0.5630468750000001 0.439277778125 0.5630468750000001 0.4356111109375 0.563390625 0.42611111093750004 0.563390625 0.4193888890625 0.5625312499999999 0.41355555624999996 0.55909375 0.4098888890625 0.553234375 0.4098888890625 0.548078125 0.4095833328125 0.54446875 0.42641666718750004 0.544640625 0.43344444375 0.5455 0.44080555625000006 0.547390625 0.44202777812500005
2 0.44725000000000004 0.44072222187500004 0.446859375 0.42930555625 0.446265625 0.4230833328125 0.44121875 0.4223888890625 0.43596874999999996 0.423777778125 0.43265624999999996 0.4241111109375 0.43109374999999994 0.4268888890625 0.42876562500000004 0.43208333281250005 0.42973437499999995 0.43969444375 0.43032812500000006 0.4386388890625 0.43401562499999996 0.43794444375 0.43732812499999996 0.44383333281250004 0.444515625 0.4431388890625 0.44725000000000004 0.44072222187500004
2 0.6252187499999999 0.4303888890625 0.625953125 0.43724999999999997 0.62696875 0.43724999999999997 0.632015625 0.4351111109375 0.63478125 0.42125 0.649640625 0.42172222187499997 0.651578125 0.41994444375000006 0.651296875 0.409 0.63165625 0.40933333281250006 0.625046875 0.4175 0.624484375 0.420277778125 0.62146875 0.419277778125 0.61825 0.42222222187499997 0.6167812500000001 0.42419444375 0.617328125 0.43674999999999997 0.6218281250000001 0.43658333281250006 0.6252187499999999 0.4303888890625
8 0.428046875 0.38213888906250004 0.426 0.37980555625 0.4245 0.38047222187499996 0.424125 0.40105555624999994 0.426921875 0.40302777812499996 0.427671875 0.40005555625 0.427859375 0.39475 0.428046875 0.38213888906250004
8 0.523 0.3828888890625 0.523484375 0.382222221875 0.523546875 0.38144444375000003 0.52284375 0.3801111109375 0.5216093749999999 0.38030555625 0.521015625 0.3806111109375 0.520328125 0.380972221875 0.5193125000000001 0.380972221875 0.5185 0.3813611109375 0.518453125 0.384027778125 0.518453125 0.3858333328125 0.52 0.386222221875 0.5219375 0.386222221875 0.522515625 0.3851666671875 0.5226875 0.384027778125 0.523 0.3828888890625
8 0.529484375 0.39908333281249997 0.530671875 0.39655555625 0.52996875 0.3936111109375 0.526765625 0.3936111109375 0.5269999999999999 0.4035 0.529484375 0.40369444374999996 0.5309062499999999 0.40180555625 0.529484375 0.39908333281249997
2 0.516765625 0.4113333328125 0.511640625 0.41200000000000003 0.51 0.4188333328125 0.510546875 0.4289166671875 0.51878125 0.4289166671875 0.51934375 0.4188333328125 0.516765625 0.4113333328125
2 0.524234375 0.4228333328125 0.527203125 0.42144444375 0.5303125 0.42225 0.531484375 0.41616666718750006 0.532640625 0.4113333328125 0.530453125 0.41030555625 0.5264375 0.41005555625 0.5238437499999999 0.41030555625 0.5220312500000001 0.41041666718750003 0.5218281250000001 0.4123611109375 0.5193125000000001 0.41719444375 0.5194375 0.41916666718749995 0.519828125 0.4223888890625 0.52028125 0.42480555625000005 0.5216406250000001 0.42480555625000005 0.5231874999999999 0.42513888906249997 0.524234375 0.4228333328125
8 0.919984375 0.5616388890625 0.9247343750000001 0.5607777781250001 0.9370937500000001 0.5650000000000001 0.979875 0.542222221875 0.978453125 0.5016666671875 0.9760781250000001 0.3571666671875 0.97084375 0.329277778125 0.9608593750000001 0.306472221875 0.9418593749999999 0.29125 0.905734375 0.29294444375 0.8943125000000001 0.2853333328125 0.870078125 0.31069444375 0.874828125 0.55994444375 0.9195156250000001 0.56669444375 0.919984375 0.5616388890625
2 0.49046874999999995 0.44822222187499994 0.49284375 0.4478888890625 0.49339062499999997 0.44497222187499996 0.5057968749999999 0.44333333281250004 0.50653125 0.4478888890625 0.5096406250000001 0.448527778125 0.5094531250000001 0.44138888906249996 0.5098281250000001 0.42580555625 0.507453125 0.41638888906249993 0.49284375 0.41608333281250004 0.49320312499999996 0.416722221875 0.490640625 0.42774999999999996 0.489 0.435222221875 0.489921875 0.441722221875 0.49046874999999995 0.44822222187499994