8 0.4003 0.9363466671875 0.39992 0.8893866671874999 0.40214 0.88856 0.39864 0.8728533328125 0.40054 0.8279466671875 0.39164 0.8270933328125001 0.38784 0.8715999999999999 0.38242 0.8834666671875 0.38814000000000004 0.8923733328125 0.38052 0.8974399999999999 0.37642000000000003 0.9400000000000001 0.3776 0.9473066671874999 0.396 0.94888 0.4003 0.9363466671875
8 0.6460600000000001 0.5663733328125 0.63986 0.56352 0.6350399999999999 0.5666133328125 0.63426 0.5733333328125 0.63464 0.57848 0.63716 0.5823466671875 0.64296 0.58416 0.6425799999999999 0.5836533328125 0.6462600000000001 0.5813333328125 0.64876 0.5766933328125 0.64876 0.57152 0.6460600000000001 0.5663733328125
8 0.70694 1 0.70492 0.9611466671875 0.68728 0.9510666671875001 0.67368 0.9214933328124999 0.6767000000000001 0.8791733328125 0.65622 0.8507466671874999 0.59618 0.8445333328125001 0.57928 0.8546133328125001 0.58104 0.8730133328124999 0.5726 0.8848533328125001 0.57526 0.9002933328125 0.580155 0.9154133328125 0.56592 0.9174933328125 0.5588 0.9145066671875 0.55748 0.9097866671875 0.5525800000000001 0.9056266671875 0.5454600000000001 0.9139200000000001 0.5073210515625 0.8864687703125 0.44916210625 0.7913908765625 0.45350666562499997 0.7798755546875 0.47512 0.7779733328125 0.4861 0.7773333328125 0.49706 0.78752 0.50708 0.7827466671875001 0.5130399999999999 0.7713066671875 0.50946 0.77512 0.5004 0.7644666671875 0.46226 0.7461866671874999 0.43818 0.7436533328125 0.43532000000000004 0.7674933328125 0.37446666562500003 0.737697778125 0.36913999999999997 0.7378933328125 0.37006 0.7309599999999999 0.36432444375 0.73273185 0.35935 0.7285066671875 0.34864 0.7260533328125 0.34404 0.7228 0.3412230765625 0.7351610265625 0.2077184625 0.8990994875 0.19406 0.9082933328125 0.18560000000000001 0.9023466671874999 0.095155384375 0.80888205 0.084875 0.8095933328125 0.08988 0.7966933328125 0.08988 0.7877866671875 0.0761 0.7759199999999999 0.0752 0.7664266671875 0.09744 0.73856 0.09032 0.7308533328125 0.05608 0.74152 0.04896 0.7530933328125 0.04184 0.7646666671875 0.04274 0.7978666671875 0.05874 0.8150666671875 0.06764 0.81448 0.06875 0.8313866671874999 0.074865 0.8353933328125001 0.06986 0.8482933328125 0.1004307703125 0.82107076875 0.15846 0.9551466671875 0.1558 0.9628533328125 0.20162 1 0.20072 0.9373333328125 0.19406 0.92608 0.192884615625 0.9173148718749999 0.2003015375 0.9082071781250001 0.35934 0.84232 0.36486 0.8565866671875 0.36944 0.8574133328125001 0.37585999999999997 0.8692533328125001 0.38382 0.8521066671874999 0.38994 0.8476266671875001 0.5137831578125 0.89703298125 0.5396315781250001 0.9392898234375 0.5494640000000001 0.9274453328125001 0.553468 0.9409706671875 0.5460936843749999 0.9498540343749999 0.552555790625 0.9604182453125001 0.557472 0.954496 0.5614760000000001 0.9680213328124999 0.55901789375 0.97098245625 0.56548 0.9815466671875 0.5866100000000001 0.9503999999999999 0.5906100000000001 0.9483333328124999 0.59484 0.9607733328125001 0.60018 0.9596 0.6063240000000001 0.9487733328125 0.6113000000000001 0.9566399999999999 0.61498 0.9570399999999999 0.61619 0.9413333328125001 0.61086 0.9329066671874999 0.6174000000000001 0.9256266671875 0.6384000000000001 0.9443466671875 0.65956 0.9678666671875 0.66612 1 0.70694 1
9 0.18918 0.9087733328125 0.19256 0.9155466671875001 0.20270000000000002 0.9875999999999999 0.32432 0.9831200000000001 0.3272 0.8929866671875001 0.3296 0.8599733328125 0.3336 0.8589066671875001 0.3336 0.84504 0.3344 0.8365333328125001 0.3352 0.8248 0.3384 0.79072 0.34077999999999997 0.76728 0.3376 0.7555466671875 0.3344 0.74064 0.34318 0.7012266671875 0.35916000000000003 0.6777866671874999 0.36556 0.6852533328125 0.37594 0.7044266671875 0.39112 0.7193333328125 0.41509999999999997 0.7086666671875 0.4175 0.69056 0.43748 0.6511466671874999 0.44626 0.62984 0.45026 0.6085333328125 0.44946 0.5786933328125 0.45106 0.5105066671875 0.43188000000000004 0.46896000000000004 0.41109999999999997 0.44128 0.38314 0.40824 0.38234 0.3890666671875 0.38234 0.3720266671875 0.37754 0.3624266671875 0.37754 0.34858666718750003 0.39192 0.3049066671875 0.39512 0.2580266671875 0.39032 0.23992 0.37914 0.22391999999999998 0.35676 0.21754666718750001 0.3392 0.21754666718750001 0.31522 0.22925333281250002 0.30164 0.2452266671875 0.28886 0.2814666671875 0.28406 0.2814666671875 0.27926 0.2846666671875 0.27846000000000004 0.2931733328125 0.28086 0.3049066671875 0.28806 0.31023999999999996 0.28806 0.32088 0.28886 0.34752 0.28886 0.3592266671875 0.26182 0.3479733328125 0.24323999999999998 0.3412266671875 0.18412 0.3502133328125 0.14357999999999999 0.3637333328125 0.09628 0.38176 0.06926 0.4042666671875 0.06588000000000001 0.4335466671875 0.0777 0.45834666718749995 0.10642 0.48986666718749994 0.11317999999999999 0.5101333328125001 0.12332000000000001 0.54168 0.13006 0.5686933328125 0.16554 0.5822133328125 0.14696 0.6205066671874999 0.09459999999999999 0.7150933328125 0.09459999999999999 0.73536 0.08952 0.7466133328125 0.07432 0.7691466671875 0.08277999999999999 0.7826666671875 0.08784 0.7984266671875 0.07602 0.8186933328125001 0.05068 0.8862666671874999 0.0456 0.9290666671875 0.03548 0.9808533328125 0.13513999999999998 0.98536 0.15034 0.9696 0.18918 0.9087733328125
9 0.7146 0.72824 0.66404 0.75072 0.6235999999999999 0.75072 0.60506 0.75072 0.5882 0.7529600000000001 0.57978 0.7552 0.52078 0.7529600000000001 0.5140399999999999 0.7552 0.50056 0.8518399999999999 0.54606 0.8765599999999999 0.7820199999999999 0.77544 0.7382 0.9844266671874999 1 0.9709333328125 0.9977600000000001 0.8518399999999999 0.9943799999999999 0.7327466671875 0.9994400000000001 0.6293599999999999 1 0.5372266671875 0.99606 0.38216 0.9859600000000001 0.3484533328125 0.96236 0.3214933328125 0.95562 0.2720533328125 0.9471999999999999 0.22936 0.96068 0.15744 0.94044 0.10128 0.9134800000000001 0.047333332812500004 0.90338 0.0450933328125 0.88652 0.047333332812500004 0.83764 0.06981333281249999 0.7736 0.13498666718750002 0.84102 0.3619466671875 0.8393200000000001 0.38442666718749996 0.82248 0.4024 0.7618 0.42935999999999996 0.75674 0.5484533328125 0.7264 0.7125066671875 0.7146 0.72824
9 0.7254865109375 0.4339013953125 0.7234437203125 0.48732651093749996 0.74662 0.4459466671875 0.75 0.4481866671875 0.75844 0.4459466671875 0.77364 0.42792 0.79392 0.41890666718749997 0.81756 0.39864 0.83278 0.3896266671875 0.83278 0.37837333281249996 0.8192600000000001 0.3536 0.7973 0.34008 0.77534 0.3310933328125 0.74662 0.3355733328125 0.72804 0.36712 0.7275293015625001 0.3804762796875 0.72466 0.38288 0.7270186046875 0.39383255781250004 0.7212799999999999 0.39864 0.72650790625 0.4071888375 0.725997209375 0.42054511562499997 0.7331000000000001 0.42568 0.7254865109375 0.4339013953125
9 0.6689133328125 0.86411555625 0.66596 0.8772533328125001 0.6875 0.9076533328125 0.6998866671874999 0.9301777781249999 0.6993199999999999 0.936177778125 0.70608 0.94144 0.7027 0.9489422218750001 0.70608 0.9617066671875 0.7348 0.98424 0.7623933328125 0.8333333328125001 0.75676 0.8175733328125 0.7646466671875001 0.8198133328124999 0.7668999999999999 0.8062933328125 0.720379534375 0.5674641859375 0.71016558125 0.8345897671875001 0.70861 0.84684 0.68918 0.8581066671875 0.6689133328125 0.86411555625
8 0.7418199999999999 0.5093866671875 0.7436 0.51448 0.73684 0.52152 0.7359600000000001 0.52544 0.74124 0.5285866671874999 0.74888 0.52152 0.75212 0.5234933328125 0.76122 0.5230933328125 0.76092 0.5195733328125 0.74976 0.4925333328125 0.7477 0.4921333328125 0.7433 0.5007733328125 0.7418199999999999 0.5093866671875
8 0.34134000000000003 0.5682666671875001 0.35036 0.5701066671875 0.35381999999999997 0.5641066671875 0.34550000000000003 0.5525599999999999 0.34293999999999997 0.52024 0.3446 0.5068533328125 0.3545 0.48007999999999995 0.36524 0.48514666718750005 0.3635 0.4708533328125 0.359 0.45976 0.3507 0.45746666718749995 0.34446 0.46208 0.34550000000000003 0.4791466671875 0.34792 0.48007999999999995 0.33962 0.52624 0.33684 0.52808 0.34128 0.5336266671875001 0.33962 0.5470133328125 0.33338 0.5636266671875 0.34134000000000003 0.5682666671875001
8 0.55924 0.78016 0.56554 0.7610933328125 0.55982 0.72072 0.5546800000000001 0.70624 0.52952 0.7115733328125 0.52266 0.7184266671875 0.52952 0.7649066671875 0.5403272718750001 0.8183951515624999 0.55924 0.78016
8 0.5538363640624999 0.8852557578125 0.54552 0.8952266671875 0.55524 0.8998133328125 0.5586800000000001 0.9119999999999999 0.57124 0.9142933328125 0.57524 0.9089600000000001 0.57354 0.89144 0.5809599999999999 0.8792266671875 0.5809599999999999 0.8662666671875 0.57182 0.8540800000000001 0.5786800000000001 0.8514133328125 0.5729599999999999 0.8457066671875 0.5764 0.8365600000000001 0.5403272718750001 0.8183951515624999 0.548432728125 0.8585115140624999 0.54152 0.8715999999999999 0.5511345453125001 0.8718836375000001 0.5538363640624999 0.8852557578125
8 0.64142 0.4282133328125 0.63332 0.4777066671875 0.6745 0.49119999999999997 0.67518 0.4885066671875 0.68396 0.44349333281250003 0.64142 0.4282133328125
8 0.57472 0.47640000000000005 0.56966 0.48090666718749997 0.57134 0.49888000000000005 0.56798 0.5213599999999999 0.55786 0.5910133328125 0.5595600000000001 0.59776 0.57978 0.60224 0.5865199999999999 0.60224 0.59494 0.60224 0.61854 0.50336 0.6235999999999999 0.48090666718749997 0.61516 0.48090666718749997 0.58988 0.47192 0.5882 0.47416 0.57472 0.47192 0.57472 0.47640000000000005
9 0.5671999999999999 1 0.56352 0.9721333328125 0.55142 0.9377599999999999 0.55036 0.92304 0.54878 0.9104266671874999 0.5450999999999999 0.9026933328125001 0.533 0.8970933328124999 0.533 0.8830666671875 0.52932 0.8760533328125 0.5161800000000001 0.8655466671875001 0.5125 0.8522133328124999 0.50566 0.8311733328124999 0.50514 0.8192533328125 0.50146 0.80664 0.50828 0.7946933328125 0.50986 0.7834933328125 0.49882 0.78488 0.48568 0.7799733328125 0.46148 0.7785866671874999 0.44254 0.7785866671874999 0.43570000000000003 0.77016 0.4378 0.7512266671875001 0.4378 0.7393066671875 0.43518 0.7210666671875 0.42885999999999996 0.70704 0.41462000000000004 0.6902133328125 0.41197999999999996 0.7014400000000001 0.40042 0.7112533328125 0.39252 0.7119466671875 0.38254 0.70984 0.37673999999999996 0.6993333328125 0.37306 0.7077333328125001 0.37306 0.7203733328124999 0.36886 0.7322933328125 0.36676000000000003 0.7406933328124999 0.36938 0.76456 0.36938 0.7785866671874999 0.37622 0.7933066671875 0.37673999999999996 0.8059200000000001 0.3778 0.8129333328125 0.38726 0.8115466671875 0.39826 0.8135999999999999 0.40278 0.8224 0.40103999999999995 0.8367466671875 0.4 0.8654400000000001 0.40069999999999995 0.8877066671874999 0.39376 0.8900266671875 0.38508 0.8895466671875001 0.38022 0.8914133328125 0.38334 0.88216 0.38648 0.8701333328124999 0.38716 0.8594933328125001 0.38889999999999997 0.8446666671875 0.38126000000000004 0.85856 0.37917999999999996 0.8692 0.37848000000000004 0.8712266671875 0.38072 0.8854933328125 0.37904 0.89208 0.37598 0.8944000000000001 0.37107999999999997 0.89792 0.37107999999999997 0.9019199999999999 0.37146 0.9124800000000001 0.37146 0.9155200000000001 0.36920000000000003 0.9170133328125001 0.3677 0.9240533328125 0.36920000000000003 0.9285866671875 0.3677 0.9341066671875 0.3707 0.9426666671874999 0.37862 0.9567466671875 0.39182 0.9662933328125 0.40540000000000004 0.98992 0.41106 1 0.42350000000000004 1 0.5671999999999999 1
8 0.17154 0.5720533328124999 0.18196 0.5720533328124999 0.19128 0.5596266671875 0.19402 0.57424 0.2143 0.58448 0.2165 0.5808266671875 0.21814 0.5654666671874999 0.2143 0.54792 0.18853999999999999 0.5391466671875 0.18744 0.5428 0.16604000000000002 0.5449866671875 0.17812 0.55816 0.17154 0.5720533328124999
8 0.6330199999999999 0.7287733328125 0.64228 0.6818666671875 0.63576 0.6804533328125 0.63576 0.68016 0.62502 0.7253866671875 0.6330199999999999 0.7287733328125
8 0.6091599999999999 0.4177066671875 0.59794 0.4118933328125 0.58674 0.45919999999999994 0.5911 0.46584000000000003 0.5973200000000001 0.47000000000000003 0.6091599999999999 0.4177066671875
8 0.63156 0.4919466671875 0.6265799999999999 0.53512 0.6707799999999999 0.5484 0.6769999999999999 0.5052266671875 0.63156 0.4919466671875
8 0.59946 0.3599466671875 0.5924400000000001 0.4008533328125 0.59612 0.40309333281250004 0.60346 0.36261333281249997 0.59946 0.3599466671875
8 0.63908 0.3696533328125 0.6300399999999999 0.36461333281249997 0.6213599999999999 0.4118933328125 0.6209800000000001 0.41389333281249996 0.62776 0.4169066671875 0.63908 0.3696533328125
8 0.62148 0.6135466671875001 0.61414 0.66208 0.625 0.6637866671875 0.63234 0.61992 0.62148 0.6135466671875001
8 0.56954 0.6000266671875 0.56242 0.6469333328125 0.57044 0.65168 0.57934 0.6035999999999999 0.56954 0.6000266671875
8 0.61694 0.6755733328125 0.60564 0.72 0.6178 0.7257866671875 0.62562 0.6802133328125 0.62578 0.6765333328125 0.62158 0.6755733328125 0.61694 0.6755733328125
8 0.849 0.55096 0.849 0.5448533328125 0.84842 0.53952 0.845 0.53496 0.841 0.5311466671875 0.83528 0.5303733328125 0.829 0.5311466671875 0.82384 0.5357066671874999 0.81928 0.54104 0.81698 0.5471466671874999 0.8227 0.55704 0.8278399999999999 0.5631466671875 0.8312799999999999 0.5646666671875 0.8387 0.5646666671875 0.84156 0.5616266671875 0.8461399999999999 0.5578133328125 0.849 0.55096
8 0.68686 0.38354666718749997 0.68662 0.38621333281250003 0.6793199999999999 0.4265333328125 0.6883 0.42890666718750003 0.69572 0.3856266671875 0.6915 0.38384 0.68686 0.38354666718749997
8 0.67794 0.38376 0.67352 0.3819466671875 0.6647000000000001 0.42496 0.66946 0.42496 0.67794 0.38376
8 0.65254 0.42138666718750006 0.65278 0.42072000000000004 0.65908 0.4220266671875 0.66634 0.3797066671875 0.65956 0.3748533328125 0.65254 0.42138666718750006
8 0.604 0.47466666718750006 0.61 0.472 0.62 0.48 0.626 0.4773333328125 0.6509230765625 0.5524102562500001 0.643166665625 0.5559999999999999 0.596 0.6053333328125 0.5599999999999999 0.6 0.558 0.5866666671874999 0.554 0.5866666671874999 0.548 0.6 0.538 0.6613333328125 0.53 0.6773333328125 0.53 0.7013333328125 0.534 0.7066666671874999 0.546 0.7066666671874999 0.5599999999999999 0.7173333328125 0.5559999999999999 0.7253333328125 0.5559999999999999 0.744 0.562 0.752 0.576 0.752 0.5780000000000001 0.776 0.5820000000000001 0.7813333328125001 0.608 0.7813333328125001 0.612 0.776 0.624 0.776 0.636 0.768 0.6519999999999999 0.7706666671875 0.6559999999999999 0.7626666671875 0.654 0.7466666671875 0.6639999999999999 0.7413333328125 0.674 0.704 0.704 0.6986666671874999 0.708 0.6906666671874999 0.706 0.6719999999999999 0.696 0.6693333328125 0.692 0.6613333328125 0.692 0.6426666671875 0.6980000000000001 0.6346666671875 0.6980000000000001 0.6213333328124999 0.6900000000000001 0.6106666671875 0.686 0.584 0.6940000000000001 0.5813333328125 0.71 0.592 0.72 0.592 0.728 0.5866666671874999 0.73 0.5653333328125 0.726 0.5519999999999999 0.738 0.5253333328124999 0.738 0.46666666718750005 0.742 0.46666666718750005 0.746 0.45866666718750004 0.746 0.43200000000000005 0.738 0.4186666671875 0.734 0.4 0.728 0.3973333328125 0.724 0.38133333281250004 0.71 0.3786666671875 0.702 0.3866666671875 0.696 0.43200000000000005 0.6891428578125 0.4392380953125 0.6281428578125 0.3912380953125 0.626 0.3866666671875 0.628 0.36266666718749996 0.624 0.3546666671875 0.616 0.352 0.604 0.352 0.6 0.3573333328125 0.592 0.38933333281250004 0.5980000000000001 0.3946666671875 0.5900000000000001 0.40800000000000003 0.58 0.40800000000000003 0.572 0.42933333281249997 0.5700000000000001 0.46399999999999997 0.5740000000000001 0.4693333328125 0.588 0.46666666718750005 0.604 0.47466666718750006