9 0.9292400000000001 0.375915915625 0.9292400000000001 0.38246246250000004 0.93122 0.38246246250000004 0.93794 0.38363363437500003 0.9494199999999999 0.380090090625 0.9557399999999999 0.3788888890625 0.9557399999999999 0.37414414375 0.96286 0.3640540546875 0.9707800000000001 0.3557357359375 0.9723599999999999 0.35633633593749997 0.968 0.3640540546875 0.96524 0.375915915625 0.96682 0.37711711718749996 0.97552 0.3729429421875 0.97828 0.3788888890625 0.9771000000000001 0.384234234375 0.97552 0.39195195156249996 0.9683999999999999 0.396696696875 0.9683999999999999 0.4008708703125 0.98026 0.40324324375 0.98342 0.40324324375 0.99886 0.4002702703125 0.99886 0.26309309375 0.9949 0.264864865625 0.9893599999999999 0.269609609375 0.9850199999999999 0.27258258281250003 0.9747199999999999 0.284474475 0.9577199999999999 0.307627628125 0.94862 0.31771771718749997 0.94468 0.3254354359375 0.94744 0.329009009375 0.9533799999999999 0.3301801796875 0.9597 0.33078078125 0.95694 0.3325825828125 0.9513999999999999 0.335525525 0.94664 0.34087087031249996 0.9391400000000001 0.3592792796875 0.93082 0.36285285312500004 0.92964 0.36168168125 0.93082 0.36582582656249996 0.9292400000000001 0.375915915625
8 0.6049 0.194624625 0.66778 0.188078078125 0.67016 0.18984985000000001 0.67332 0.2296396390625 0.6757 0.226696696875 0.68084 0.2076876875 0.68004 0.1554354359375 0.5966 0.1554354359375 0.5938399999999999 0.20114114062500002 0.6009599999999999 0.20411411406250002 0.60174 0.194624625 0.6049 0.194624625
8 0.5747 0.20540540468750002 0.58812 0.2023123125 0.58916 0.172852853125 0.59224 0.1403303296875 0.5912200000000001 0.11399399375 0.58708 0.1124624625 0.5757399999999999 0.103153153125 0.53034 0.103153153125 0.5210600000000001 0.103153153125 0.51488 0.1186486484375 0.50972 0.19300300312500002 0.519 0.216246246875 0.5551 0.213153153125 0.5747 0.20540540468750002
8 0.50076 0.21603603593749998 0.50468 0.2052552546875 0.50468 0.182702703125 0.5040199999999999 0.14936936875 0.49291999999999997 0.11801801875 0.4753 0.0905705703125 0.44984 0.1081981984375 0.45374 0.179759759375 0.4753 0.21309309375000002 0.48312 0.206246246875 0.4864 0.206246246875 0.50076 0.21603603593749998
8 0.39544 0.166996996875 0.40532 0.23216216250000002 0.41134000000000004 0.2482882890625 0.41563999999999995 0.24186186250000002 0.44871999999999995 0.22828828906249998 0.45431999999999995 0.23216216250000002 0.45388 0.21282282343749997 0.43626 0.12567567500000001 0.39371999999999996 0.13924925 0.39544 0.166996996875
8 0.42977999999999994 0.36795795781249996 0.42582000000000003 0.3330330328125 0.38442 0.26831831875 0.38498 0.267477478125 0.3657 0.29345345312500004 0.36712 0.32876876875 0.40908 0.39093093125 0.42977999999999994 0.36795795781249996
8 0.4288 0.36690690625 0.44006 0.375375375 0.46256 0.3681381375 0.47222 0.3572672671875 0.46498 0.29813813749999996 0.45614 0.25708708750000003 0.4473 0.23174174218750002 0.41434 0.24621621562499998 0.41112000000000004 0.26072072031250004 0.42397999999999997 0.3270870875 0.4288 0.36690690625
8 0.52698 0.35921921874999996 0.5250600000000001 0.34585585625 0.5250600000000001 0.32675675625 0.52482 0.3235135140625 0.52458 0.318828828125 0.52338 0.3112612609375 0.52554 0.3029729734375 0.52338 0.297927928125 0.51498 0.299009009375 0.51354 0.3026126125 0.5130600000000001 0.3069369375 0.48904 0.30585585625 0.48304 0.3098198203125 0.48304 0.323153153125 0.48423999999999995 0.341171171875 0.48592 0.34909909843750003 0.48616000000000004 0.34801801875 0.4948 0.349459459375 0.50274 0.3747147140625 0.52074 0.370390390625 0.52698 0.35921921874999996
8 0.49366000000000004 0.469159159375 0.50342 0.3772072078125 0.49366000000000004 0.3527627625 0.48258 0.351771771875 0.47476 0.3527627625 0.47215999999999997 0.362552553125 0.45848000000000005 0.44861861875000003 0.46304 0.46525525468750006 0.48388 0.47306306249999996 0.49366000000000004 0.469159159375
8 0.45603999999999995 0.505765765625 0.46021999999999996 0.488228228125 0.45438 0.451921921875 0.46188 0.38429429375 0.43436 0.381771771875 0.42684 0.39930930937500003 0.42434000000000005 0.4681981984375 0.42602 0.4769669671875 0.43268000000000006 0.5020120125 0.45603999999999995 0.505765765625
8 0.38894 0.4215375375 0.38878 0.45478678749999996 0.39912000000000003 0.4690390390625 0.3887 0.4714114109375 0.38792 0.484474475 0.40808 0.47855855781249995 0.41421 0.49518017968750005 0.39266999999999996 0.499324325 0.39742 0.5141741734374999 0.40492 0.515375375 0.43141999999999997 0.5100300296875 0.42686999999999997 0.4925075078125 0.41778000000000004 0.49548048125 0.41244 0.4803303296875 0.41284 0.47795795781250006 0.42232000000000003 0.474984984375 0.41996 0.46429429375 0.42352 0.46075075 0.4255 0.4138138140625 0.41402 0.390060059375 0.40650000000000003 0.3870870875 0.3891 0.3882882890625 0.39299 0.403628628125 0.38902000000000003 0.40491291250000006 0.39688 0.4189689703125 0.38894 0.4215375375
8 0.57062 0.320060059375 0.5916 0.31555555625 0.597 0.30384384375 0.5928 0.24354354374999998 0.5886 0.2426426421875 0.50648 0.2480480484375 0.50648 0.3029429421875 0.56942 0.2975375375 0.57062 0.320060059375
8 0.19605999999999998 0.123603603125 0.20503999999999997 0.1865165171875 0.28436 0.1775375375 0.27388 0.10786786718750001 0.19605999999999998 0.123603603125
8 0.67278 0.254624625 0.6698000000000001 0.1897297296875 0.60274 0.19645645625 0.60522 0.2934234234375 0.63204 0.31207207187499997 0.6698000000000001 0.30831831875 0.67278 0.254624625
8 0.29 0 0.274 0.006006006249999999 0.046 0.006006006249999999 0.036 0 0.041466665624999996 0.0242909578125 0.021733334375 0.0181514828125 0.02 0 0.012 0.012012012499999999 0.011866665625 0.0150817484375 0.002 0.012012012499999999 0.002 0.165165165625 0.008 0.171171171875 0.008 0.1921921921875 0.016 0.2102102109375 0.03 0.2102102109375 0.038 0.1951951953125 0.048 0.18918918906249999 0.057999999999999996 0.1981981984375 0.076 0.2012012015625 0.08199999999999999 0.20720720781250002 0.202 0.2522522515625 0.21200000000000002 0.2522522515625 0.21800000000000003 0.2582582578125 0.26 0.2702702703125 0.266 0.2762762765625 0.33199999999999996 0.297297296875 0.362 0.3123123125 0.366 0.3123123125 0.366 0.29429429375 0.378 0.2792792796875 0.37818181875 0.2686322671875 0.386 0.2702702703125 0.3876363640625 0.2742970234375 0.394 0.27327327343749996 0.397090909375 0.27996178125000004 0.394 0.2852852859375 0.409 0.3078078078125 0.41600000000000004 0.29429429375 0.42000000000000004 0.3123123125 0.4165 0.31906906875 0.42400000000000004 0.3303303296875 0.414 0.24924925 0.422 0.240240240625 0.45 0.23723723749999998 0.46399999999999997 0.29429429375 0.472 0.3513513515625 0.496 0.3543543546875 0.496 0.3603603609375 0.514 0.37837837812499997 0.514 0.402402403125 0.5 0.42042042031250004 0.49800000000000005 0.4294294296875 0.49800000000000005 0.44744744687500004 0.502 0.453453453125 0.546 0.453453453125 0.554 0.43843843906249996 0.604 0.4324324328125 0.614 0.44444444375 0.618 0.4624624625 0.628 0.471471471875 0.64 0.459459459375 0.648 0.4264264265625 0.6519999999999999 0.42042042031250004 0.6599999999999999 0.42042042031250004 0.6719999999999999 0.4234234234375 0.6759999999999999 0.4294294296875 0.696 0.4324324328125 0.7 0.43843843906249996 0.72 0.4414414421875 0.724 0.44744744687500004 0.744 0.45045045000000006 0.75 0.45645645625000003 0.792 0.46846846875 0.798 0.47447447499999995 0.8220000000000001 0.47747747812499997 0.828 0.471471471875 0.8300000000000001 0.44744744687500004 0.8465 0.43843843906249996 0.8480000000000001 0.45645645625000003 0.8539999999999999 0.465465465625 0.866 0.465465465625 0.8699999999999999 0.459459459375 0.8880000000000001 0.459459459375 0.9 0.45645645625000003 0.9039999999999999 0.45045045000000006 0.924 0.45045045000000006 0.93 0.44444444375 0.942 0.42042042031250004 0.942 0.40540540468749997 0.952 0.402402403125 0.958 0.41141141093750005 0.97 0.41141141093750005 0.976 0.39939939999999996 0.976 0.3873873875 0.97 0.375375375 0.958 0.375375375 0.952 0.384384384375 0.9484999999999999 0.36986987031249996 0.9390000000000001 0.3643643640625 0.9380000000000001 0.3363363359375 0.93 0.32432432499999997 0.9279999999999999 0.29429429375 0.924 0.2822822828125 0.9199999999999999 0.2762762765625 0.908 0.2762762765625 0.9019999999999999 0.26426426406250003 0.89 0.26426426406250003 0.8779999999999999 0.2822822828125 0.858 0.2792792796875 0.851 0.29429429375 0.8535 0.3148148140625 0.8436 0.32432432499999997 0.844 0.309309309375 0.6013170734375 0.21226104218750003 0.614 0.1951951953125 0.6679999999999999 0.1921921921875 0.706 0.15615615625 0.708 0.13813813749999998 0.702 0.1261261265625 0.6900000000000001 0.1261261265625 0.682 0.1321321328125 0.67 0.10810810781249999 0.6559999999999999 0.10810810781249999 0.646 0.09309309375 0.636 0.09309309375 0.63 0.08708708750000001 0.604 0.08708708750000001 0.5940000000000001 0.1051051046875 0.592 0.15015015 0.602 0.15615615625 0.616 0.15615615625 0.6155 0.178678678125 0.5900000000000001 0.18918918906249999 0.5940000000000001 0.20420420468749997 0.59160975625 0.2083791109375 0.572195121875 0.20061524999999997 0.567 0.2102102109375 0.5624878046874999 0.19673331875 0.5139512203125001 0.1773236640625 0.51 0.165165165625 0.506 0.165165165625 0.5042439015625 0.1734417359375 0.46541463437499997 0.15791401249999998 0.4597142859375 0.16808236875 0.45570731875000003 0.15403208125 0.446 0.15015015 0.442 0.15615615625 0.436133334375 0.1470804140625 0.396666665625 0.13480146875000001 0.394 0.14414414375 0.3868 0.1317317328125 0.379333334375 0.136136134375 0.376933334375 0.12866199375 0.368666665625 0.134134134375 0.367066665625 0.1255922578125 0.3572 0.12252252187499998 0.358 0.1321321328125 0.34733333437499997 0.13013012968749998 0.34733333437499997 0.11945278749999999 0.337466665625 0.11638305156249999 0.33666666562500003 0.1281281296875 0.32599999999999996 0.1261261265625 0.3276 0.11331331250000001 0.324 0.1051051046875 0.324 0.060060059374999995 0.33199999999999996 0.0420420421875 0.33199999999999996 0.030030029687499998 0.312 0 0.29 0