8 0.5142187500000001 0.059556075 0.5144062500000001 0.0623598125 0.51496875 0.0654672890625 0.51515625 0.0679906546875 0.516484375 0.0699766359375 0.518171875 0.071658878125 0.5208125 0.0713785046875 0.523828125 0.0713785046875 0.527390625 0.071658878125 0.52946875 0.0696962609375 0.53021875 0.068271028125 0.53115625 0.06630841093749999 0.531359375 0.063785046875 0.531359375 0.060116821875000004 0.531359375 0.0564485984375 0.53096875 0.05448598125 0.5300312500000001 0.0533644859375 0.52796875 0.05109813125 0.526828125 0.04801401875 0.5257031249999999 0.047172896874999995 0.52325 0.047172896874999995 0.520625 0.047172896874999995 0.518921875 0.0477336453125 0.5172343749999999 0.0494158875 0.516671875 0.05109813125 0.51496875 0.053925234375 0.51459375 0.0564485984375 0.5142187500000001 0.059556075
9 0.310453125 0.5385046734375 0.310921875 0.5476401875 0.29496875 0.551144859375 0.27949999999999997 0.551144859375 0.271984375 0.549742990625 0.270578125 0.5385046734375 0.257453125 0.5139719625 0.24900000000000003 0.4838084109375 0.250421875 0.4725934578125 0.24759375 0.44242990625 0.24853125 0.431214953125 0.24571874999999999 0.4270093453125 0.24384375 0.431214953125 0.24290625000000002 0.440327103125 0.23728125000000003 0.438925234375 0.22884375 0.43331775625 0.22696875 0.43682242968749996 0.2265 0.44593457968749994 0.22228124999999999 0.45927570156249997 0.22790625000000003 0.4789719625 0.23634375 0.48948598125 0.23775 0.509813084375 0.255109375 0.5652336453125 0.263078125 0.582056075 0.264015625 0.593271028125 0.266359375 0.6038084109375 0.271046875 0.6122196265625 0.28512499999999996 0.6185280375 0.309984375 0.6325467296875 0.31842187499999997 0.6914719625 0.314671875 0.8026869156249999 0.313265625 0.8223130843750001 0.311859375 0.858785046875 0.30715625 0.8805373828124999 0.30857812500000004 0.8910514015625 0.30575 0.9029672890624999 0.30293749999999997 0.9170093453125 0.2973125 0.9296261687499999 0.28559375 0.9948364484375001 0.30246875 0.9997663546875 0.30857812500000004 0.9863785046875 0.329671875 0.92815420625 0.36296875 0.9330607484375 0.376109375 0.8769626171875 0.385953125 0.9155373828125001 0.391109375 0.9386915890624999 0.376578125 0.9975934578125001 0.392984375 0.9989953265624999 0.4145625 0.9611214953125 0.426765625 0.9155373828125001 0.44129687500000003 0.909228971875 0.43379687499999997 0.8578504671875 0.42393749999999997 0.7876635515625 0.4070625 0.73507009375 0.41643749999999996 0.7238317750000001 0.3995625 0.6387383171875001 0.39503125 0.5752336453125 0.410125 0.5346028031250001 0.417 0.517686915625 0.41323437500000004 0.484369159375 0.41721874999999997 0.4797196265625 0.432078125 0.4477102796875 0.44340624999999995 0.4050934578125 0.454265625 0.3661214953125 0.45745312499999996 0.361355140625 0.46525 0.344228971875 0.46921875 0.341144859375 0.473515625 0.336144859375 0.47415624999999995 0.3302102796875 0.46684374999999995 0.331869159375 0.47145312500000003 0.32544392499999997 0.47112499999999996 0.32212616875 0.47065625000000005 0.31878504687500003 0.46875 0.3199766359375 0.46540625 0.32425233593749997 0.46015625 0.3273364484375 0.46190625 0.316168225 0.463015625 0.30785046718750003 0.46175 0.30331775625 0.459359375 0.305 0.4565 0.3173598125 0.455546875 0.308785046875 0.45459375 0.2988084109375 0.45025000000000004 0.2996962609375 0.45025000000000004 0.3145327109375 0.446796875 0.3113084109375 0.4459375 0.3145327109375 0.446796875 0.33775700937500003 0.43428125 0.37390186875000003 0.429109375 0.38873831718749996 0.414 0.42553738281250003 0.403640625 0.453271028125 0.38292187499999997 0.4855373828125 0.360046875 0.5036214953125 0.360046875 0.4971495328125 0.362640625 0.49007009375 0.354015625 0.47198598125 0.349703125 0.45843457968749995 0.350125 0.453271028125 0.34625 0.433925234375 0.34192187500000004 0.42876168281249993 0.335890625 0.42876168281249993 0.32682812499999997 0.4442523359375 0.32078125 0.4468224296875 0.30481250000000004 0.45843457968749995 0.296609375 0.4842523359375 0.2954375 0.4950233640625 0.30434375 0.5195794390625 0.310453125 0.5385046734375
8 0.278265625 0.367102803125 0.29921875 0.3492056078125 0.314171875 0.3044626171875 0.30670312499999997 0.27315420625 0.28725 0.250771028125 0.2633125 0.250771028125 0.243859375 0.270911215625 0.230390625 0.3089485984375 0.23937499999999998 0.3536915890625 0.240875 0.407383178125 0.22890625 0.43644859843750006 0.240875 0.44764018749999995 0.24235937500000002 0.4409345796875 0.254328125 0.40065420625000003 0.278265625 0.367102803125
8 0.43881249999999994 0.7285514015625 0.43821875 0.7300233640625 0.4374375 0.735327103125 0.43899999999999995 0.739742990625 0.44234375000000004 0.741214953125 0.4456875 0.741214953125 0.446671875 0.738271028125 0.44825 0.732686915625 0.44529687500000004 0.7297429906249999 0.442546875 0.7285514015625 0.44234375000000004 0.728271028125 0.44057812500000004 0.728271028125 0.43881249999999994 0.7285514015625
8 0.44503125 0.730186915625 0.447671875 0.7318925234375 0.448171875 0.731728971875 0.44935937499999995 0.7306074765624999 0.45006250000000003 0.7288084109375 0.45006250000000003 0.72565420625 0.448921875 0.72161215 0.446765625 0.7195794390625 0.443234375 0.7219392515624999 0.44242187499999996 0.7273598125 0.441984375 0.727757009375 0.442375 0.728574765625 0.44503125 0.730186915625
8 0.298875 0.726869159375 0.29704687500000004 0.7273598125 0.295375 0.72911215 0.294375 0.73184579375 0.294046875 0.7345794390625 0.294046875 0.7370794390625 0.294046875 0.7410514015625 0.294703125 0.742313084375 0.300203125 0.7435514015625 0.302375 0.741799065625 0.30470312499999996 0.7350934578125 0.304375 0.7306074765624999 0.301703125 0.7281074765625 0.298875 0.726869159375
8 0.50515625 0.7197897203125 0.501421875 0.7193224296875 0.49924999999999997 0.720700934375 0.4989375 0.7290654203125 0.4995625 0.7332476640625 0.50453125 0.7341822437500001 0.507328125 0.731869159375 0.50578125 0.7327803734375 0.507953125 0.7309345796875 0.508578125 0.7244158875 0.506703125 0.720700934375 0.50515625 0.7197897203125
8 0.28109375000000003 0.7324532703125 0.281515625 0.7299065421875001 0.28137500000000004 0.7267523359375 0.28025 0.722757009375 0.277984375 0.7212616828125 0.27531249999999996 0.72168224375 0.27278125000000003 0.7235981312499999 0.27149999999999996 0.7280140187499999 0.27234375 0.7324532703125 0.274609375 0.7349766359375 0.278984375 0.73434579375 0.27926562499999996 0.7341355140625 0.28109375000000003 0.7324532703125
8 0.98728125 0.7353504671875 0.9905156249999999 0.7358644859375 0.993265625 0.7329672890625 0.99334375 0.7282476640625 0.991203125 0.7251635515625 0.9875 0.724556075 0.9862500000000001 0.7261915890624999 0.9868124999999999 0.7220794390624999 0.9857812499999999 0.7200233640625 0.98246875 0.719299065625 0.9799374999999999 0.7224999999999999 0.97971875 0.7276401875 0.9838437499999999 0.7310280375 0.984953125 0.72845794375 0.98728125 0.7353504671875
8 0.9499531250000001 0.61537383125 0.9510624999999999 0.6162616828124999 0.95196875 0.6170327109375 0.952984375 0.6177803734375 0.9547968750000001 0.6179205609375 0.956515625 0.6165654203125001 0.9571249999999999 0.6140186921875 0.957015625 0.610841121875 0.9569218749999999 0.607827103125 0.956015625 0.606168225 0.95409375 0.605257009375 0.9527812499999999 0.6055607484375 0.950359375 0.6064719625 0.949453125 0.6090420562500001 0.949453125 0.610700934375 0.9495625000000001 0.6140186921875 0.9499531250000001 0.61537383125
8 0.532921875 0.6425934578125 0.53278125 0.6402803734375 0.5320625 0.63838785 0.531359375 0.6364719625 0.528828125 0.6368925234375 0.5269999999999999 0.6379672890625 0.5265625 0.6396495328125 0.526859375 0.6432242984375 0.52784375 0.6468224296875 0.532640625 0.645771028125 0.53278125 0.6451168218750001 0.532921875 0.6425934578125
8 0.967421875 0.62507009375 0.9672656249999999 0.6207242984375 0.9658906249999999 0.6191121500000001 0.9648125000000001 0.6172897203125001 0.9622031249999999 0.62140186875 0.9623593749999999 0.6273598125000001 0.9644999999999999 0.6312616828125 0.966046875 0.630116821875 0.9669531250000001 0.6289719625 0.967421875 0.62507009375
8 0.698375 0.7197663546874999 0.69521875 0.7172196265624999 0.694015625 0.7172196265624999 0.6923125 0.720116821875 0.691578125 0.7248364484375001 0.692796875 0.7284813078125 0.6964375 0.7292056078125 0.698625 0.727757009375 0.700078125 0.7237616828125 0.698375 0.7197663546874999
8 0.5105000000000001 0.6492523359375 0.512796875 0.6492523359375 0.51478125 0.643341121875 0.514125 0.6394158875 0.514125 0.6384112156249999 0.51378125 0.6384112156249999 0.508515625 0.64088785 0.5091875 0.6457943921875 0.5105000000000001 0.6492523359375
8 0.506688596875 0.077020821875 0.4341557015625 0.7056484671875001 0.3046875 0.71962616875 0.278125 0.7102803734375 0.2776041671875 0.7133956375 0.26875 0.7102803734375 0.2640625 0.7172897203125 0.2640625 0.7313084109375 0.26875 0.7383177562500001 0.278125 0.7383177562500001 0.2828125 0.7289719625 0.2796875 0.724299065625 0.2864583328125 0.7165109046875 0.2953125 0.71962616875 0.290625 0.7266355140625 0.2953125 0.7313084109375 0.290625 0.74065420625 0.2953125 0.7476635515625001 0.3046875 0.7476635515625001 0.309375 0.7383177562500001 0.309375 0.7289719625 0.3114889703125 0.7193512921874999 0.4247242640625 0.717427159375 0.428125 0.724299065625 0.428125 0.7383177562500001 0.4328125 0.745327103125 0.4421875 0.745327103125 0.4484375 0.7383177562500001 0.4546875 0.7383177562500001 0.459375 0.7289719625 0.459375 0.71962616875 0.4921875 0.7219626171875 0.4921875 0.7359813078124999 0.496875 0.7429906546875 0.50625 0.7429906546875 0.5078125 0.7313084109375 0.5109375 0.733644859375 0.5109375 0.724299065625 0.5078125 0.724299065625 0.50625 0.7149532703125 0.5109375 0.7122274140625 0.5109375 0.651869159375 0.5546875 0.651869159375 0.559375 0.6425233640625 0.559375 0.6331775703125 0.5546875 0.623831775 0.528125 0.623831775 0.528125 0.44859813125 0.6202612703125 0.4548031265625 0.6921875 0.7149532703125 0.6875 0.7219626171875 0.6875 0.7359813078124999 0.6921875 0.7429906546875 0.7015625 0.7429906546875 0.70625 0.733644859375 0.70625 0.724299065625 0.699658203125 0.710499415625 0.88642578125 0.5991530375 0.9265625 0.5957943921875 0.9328125 0.61448598125 0.9328125 0.63551401875 0.9375 0.6425233640625 0.946875 0.6425233640625 0.95 0.6378504671874999 0.965234375 0.6740654203124999 0.9765625 0.707943925 0.975 0.7289719625 0.984375 0.7313084109375 0.9875 0.7359813078124999 0.9765625 0.7476635515625001 0.98125 0.754672896875 0.990625 0.754672896875 0.9953125 0.745327103125 0.9921875 0.7359813078124999 0.9953125 0.7313084109375 0.9953125 0.712616821875 0.990625 0.703271028125 0.978125 0.7056074765625 0.973046875 0.6962616828125 0.9759765625 0.692464953125 0.96953125 0.6845794390625 0.9740885421875 0.67815420625 0.9685546875 0.6708528031250001 0.9722005203125 0.6638434578125 0.96484375 0.6600467296875 0.9609375 0.6495327109375 0.9703125 0.6495327109375 0.975 0.640186915625 0.9671875 0.6285046734375 0.9671875 0.6214953265625 0.975 0.61448598125 0.9703125 0.6051401875 0.9671875 0.6051401875 0.95625 0.5747663546874999 0.94375 0.5771028031250001 0.940625 0.57242990625 0.93125 0.57242990625 0.9265625 0.5794392515625 0.923779296875 0.5768837609374999 0.893896484375 0.5946991828125 0.6172643437499999 0.443963534375 0.533350409375 0.1404550328125 0.528125 0.1448598125 0.528125 0.1331775703125 0.530353484375 0.12961544375 0.5273565578125 0.1187758546875 0.528125 0.109813084375 0.5243596312500001 0.10793626406250001 0.528125 0.09813084062500001 0.517784090625 0.0982991921875 0.518365778125 0.0862570859375 0.515368853125 0.0754174984375 0.51875 0.07476635468750001 0.528125 0.0864485984375 0.528125 0.07476635468750001 0.5328125 0.06542056093750001 0.5328125 0.056074765625 0.528125 0.046728971875000004 0.5140625 0.046728971875000004 0.509375 0.053738317187499995 0.5123719265625 0.06457790625 0.5080317984375 0.0653795703125 0.5140625 0.07476635468750001 0.506688596875 0.077020821875