9 0.458890625 0.54983568125 0.458453125 0.58873239375 0.439046875 0.5977934265625 0.43860937499999997 0.6133568078125 0.456734375 0.62697183125 0.47831250000000003 0.63410798125 0.4916875 0.6327934265625 0.492984375 0.6088262906249999 0.492984375 0.57640845 0.492984375 0.5459389671875 0.496859375 0.499906103125 0.506359375 0.46424882656250005 0.5119687500000001 0.44805164375000006 0.524046875 0.44481220625000006 0.54259375 0.42730046875000005 0.555109375 0.40981220625 0.566765625 0.39424882656250004 0.56590625 0.41305164375 0.5680625 0.4493427234375 0.5814375 0.46880281718749994 0.59696875 0.48694835625 0.605171875 0.49861502343749997 0.609046875 0.5096478875 0.609046875 0.5167605640625 0.6168125 0.5362206578125 0.620703125 0.5439906109375 0.625453125 0.569929578125 0.6332187499999999 0.5776995312500001 0.64228125 0.564741784375 0.6487499999999999 0.5459389671875 0.6478906249999999 0.5362206578125 0.644 0.519366196875 0.64140625 0.5109389671875 0.64140625 0.49795774687499994 0.628890625 0.47786385 0.59696875 0.433145540625 0.595234375 0.4143427234375 0.598265625 0.40009389687499997 0.6116406249999999 0.3514553984375 0.6116406249999999 0.338497653125 0.6047343749999999 0.3196948359375 0.5905 0.2872769953125 0.57928125 0.26978873281250004 0.562453125 0.250985915625 0.5853125 0.20171361562499998 0.6055937499999999 0.180985915625 0.625453125 0.1498591546875 0.6396875 0.12910798125 0.64140625 0.1174413140625 0.631921875 0.10838028125000002 0.617671875 0.1129107984375 0.609484375 0.1245774640625 0.594375 0.1420892015625 0.577546875 0.1569953046875 0.56071875 0.17061032812500002 0.5499375 0.196525821875 0.534828125 0.21661971875 0.5270625 0.23284037500000002 0.516703125 0.245798121875 0.504203125 0.2568309859375 0.49254687500000005 0.253568075 0.48693749999999997 0.25875586875 0.4735625 0.25488262968750003 0.4649375 0.258122065625 0.45629687499999994 0.2704225359375 0.45499999999999996 0.27821596249999997 0.45414062499999996 0.29053990625 0.43689062500000003 0.30997652656249997 0.42393749999999997 0.32359155 0.41315625 0.338497653125 0.393296875 0.3741549296875 0.37820312500000003 0.39490610312499996 0.37259375 0.41694835625 0.38165625 0.4357277 0.388984375 0.43833333281250003 0.397625 0.4065727703125 0.407546875 0.39359155 0.4334375 0.3715492953125 0.447234375 0.35795774687500004 0.455875 0.3488732390625 0.463203125 0.3411032859375 0.47528125 0.333309859375 0.496859375 0.33267605625 0.5089375 0.3346009390625 0.517578125 0.335258215625 0.526203125 0.338497653125 0.52921875 0.34626760624999997 0.519734375 0.3644366203125 0.474421875 0.44223004687499995 0.46665625000000005 0.49861502343749997 0.46018749999999997 0.536854459375 0.458890625 0.54983568125
9 0.42671875000000004 0.5073474171875 0.42221875000000003 0.49380281718749997 0.42521875 0.441877934375 0.419203125 0.43284037499999994 0.413203125 0.4147887328125 0.4056875 0.40349765312499997 0.398171875 0.419295775 0.395171875 0.47347417812500003 0.399671875 0.448638496875 0.399671875 0.52089201875 0.413203125 0.5231455406250001 0.42221875000000003 0.5231455406250001 0.42671875000000004 0.5073474171875
8 0.532140625 0.6354225359375001 0.534390625 0.630070421875 0.532703125 0.6210798125 0.52634375 0.61518779375 0.5201875 0.618849765625 0.517375 0.62838028125 0.525984375 0.6351408453125 0.5254218749999999 0.6390610328124999 0.502234375 0.6396244125 0.4971875 0.6427230046875 0.489703125 0.6581690140625 0.498859375 0.6750234734375 0.523546875 0.6750234734375 0.606375 0.6789436624999999 0.63125 0.6792253515625 0.64115625 0.6831690140625 0.6351718749999999 0.6722065734375 0.626 0.6615492953125 0.625453125 0.655070421875 0.6232031250000001 0.6483333328125 0.61815625 0.6469248828125 0.610296875 0.6393427234375 0.609546875 0.6326056343750001 0.60675 0.6258685453124999 0.600953125 0.6222065734375 0.59684375 0.6269953046875 0.59553125 0.6328873234375 0.5998281249999999 0.641877934375 0.542984375 0.6427230046875 0.543546875 0.6407511734375 0.5358906250000001 0.6379342718750001 0.532140625 0.6354225359375001
9 0.31975 0.5185211265625 0.320015625 0.49422535156249997 0.3210625 0.4895305171875 0.32184375 0.49107981250000005 0.32601562500000003 0.49147887343749996 0.32784375 0.48913145468749997 0.33175 0.49382629062500005 0.3361875 0.5016666671875 0.34165625 0.5114553984375 0.34582812500000004 0.5236150234375 0.35026562499999997 0.5255633796875 0.35026562499999997 0.52124413125 0.34975 0.5118544593750001 0.344796875 0.5036150234375001 0.340875 0.496173709375 0.338265625 0.4953990609375 0.33565625 0.4824647890625 0.33565625 0.4801173703125 0.334875 0.47502347343749995 0.334625 0.46091549218749994 0.33018749999999997 0.4507277 0.329671875 0.439366196875 0.328359375 0.4370187796875 0.32496875 0.4346713609375 0.323921875 0.43035211249999994 0.32340625 0.4256572765625 0.322625 0.42253521093749996 0.318453125 0.419389671875 0.314796875 0.421361503125 0.31271875 0.427230046875 0.31271875 0.43232394375 0.314796875 0.43741784062500005 0.314546875 0.446431925 0.314796875 0.455446009375 0.31584375 0.46366197187499997 0.31584375 0.4746244125 0.315328125 0.4844366203125 0.31428124999999996 0.49107981250000005 0.31506249999999997 0.51694835625 0.31062500000000004 0.5236150234375 0.311671875 0.5259624406250001 0.32053125 0.5255633796875 0.32053125 0.5232159625 0.31975 0.5185211265625
9 0.78028125 0.4293192484375 0.786875 0.4077230046875 0.788078125 0.393309859375 0.783875 0.37981220625 0.782078125 0.36450704218749996 0.7755 0.3618075125 0.7665 0.38161971875 0.76290625 0.4077230046875 0.764109375 0.4275117375 0.76590625 0.45272300468750004 0.7778906250000001 0.4545070421875 0.7796875 0.44551643125 0.78028125 0.4293192484375
9 0.246 0.42305164375000004 0.24515625000000002 0.41948356875000004 0.24337499999999998 0.4180751171875 0.240234375 0.41859155000000003 0.238125 0.4202347421875 0.23871875 0.4309389671875 0.23735937499999998 0.43298122031249997 0.23575 0.437065728125 0.23370312499999998 0.446361503125 0.234125 0.4560563375 0.23293750000000002 0.45873239374999997 0.23159375 0.46471830937499997 0.231921875 0.4675117375 0.23523437500000002 0.47145539843749995 0.24134375000000002 0.4723474171875 0.24693749999999998 0.47197183125000003 0.24710937500000002 0.469553990625 0.24710937500000002 0.453497653125 0.24948437499999998 0.4524882625 0.251015625 0.450821596875 0.24753124999999998 0.43476525781250003 0.24346874999999998 0.4311971828125 0.24371874999999998 0.42967136093749997 0.246 0.42443662031249996 0.246 0.42305164375000004
9 0.261390625 0.458638496875 0.264640625 0.4510093890625 0.26484375 0.45131455468750004 0.264640625 0.4568075125 0.262 0.4604694828125 0.25978124999999996 0.4674647890625 0.25896875 0.47812206562500004 0.263625 0.47720657343750006 0.266671875 0.47659624375 0.26687500000000003 0.471431925 0.267890625 0.4665492953125 0.2719375 0.4659389671875 0.277609375 0.4659389671875 0.27903125 0.458638496875 0.280859375 0.444929578125 0.276203125 0.4348826296875 0.27356250000000004 0.4324413140625 0.271125 0.4220892015625 0.267890625 0.42453051718749996 0.266265625 0.43183098593749997 0.259578125 0.440962440625 0.2545 0.45253521093750004 0.2536875 0.46441314531250005 0.252484375 0.4659389671875 0.25775000000000003 0.4638028171875 0.261390625 0.458638496875
9 0.79796875 0.43631455468749997 0.8025156250000001 0.43061032812500005 0.8032812500000001 0.42089201875000004 0.80290625 0.4111971828125 0.804046875 0.40150234687499997 0.8044218750000001 0.39636150312499996 0.8044218750000001 0.3889201875 0.801765625 0.3832159625 0.802140625 0.37694835625 0.8006249999999999 0.370093896875 0.796828125 0.36838028125 0.793015625 0.37694835625 0.792640625 0.3832159625 0.7888437500000001 0.3946478875 0.787703125 0.40948356874999997 0.78390625 0.422042253125 0.7869375 0.43859155000000005 0.787703125 0.447159625 0.7873281249999999 0.4517370890625 0.793015625 0.47286385 0.7960625 0.46201877968750005 0.7960625 0.44659624375 0.79796875 0.43631455468749997
9 0.839453125 0.387769953125 0.83784375 0.38673708906250004 0.8355312500000001 0.38673708906250004 0.8327656250000001 0.3811971828125 0.83046875 0.3791314546875 0.8260937500000001 0.37981220625 0.821953125 0.382934271875 0.8235625000000001 0.387769953125 0.8235625000000001 0.39124413125 0.82478125 0.4018075125 0.81975 0.40582159687499997 0.81875 0.4284507046875 0.819421875 0.4369953046875 0.8227656250000001 0.4465492953125 0.8214218750000001 0.458122065625 0.8224375 0.4686854453125 0.82109375 0.479741784375 0.8217656249999999 0.49131455468749996 0.8234375 0.4943192484375 0.827125 0.4943192484375 0.8307968750000001 0.49382629062500005 0.8334843749999999 0.49232394375000005 0.8331406250000001 0.47370892031249995 0.836828125 0.447065728125 0.838828125 0.44051643125 0.8394999999999999 0.4314788734375 0.838828125 0.4098591546875 0.8403750000000001 0.407840375 0.84728125 0.4033333328125 0.84728125 0.4002347421875 0.8424375 0.3915727703125 0.839453125 0.387769953125
9 0.8929375 0.41500000000000004 0.8849218750000001 0.413661971875 0.88203125 0.4166666671875 0.8800156250000001 0.4206807515625 0.88090625 0.42671361562500004 0.8813593750000001 0.43140845 0.8795781249999999 0.43408450781249996 0.8777968749999999 0.4394366203125 0.8775625 0.4474647890625 0.8791249999999999 0.44680751250000006 0.8844687499999999 0.43875586875000006 0.890265625 0.4307277 0.8960625 0.424037559375 0.89271875 0.42302816875 0.8929375 0.41500000000000004
2 0.470078125 0.4552347421875 0.478234375 0.4358685453125 0.478671875 0.4300469484375 0.47050000000000003 0.4190845078125 0.45632812500000003 0.41650234687500004 0.439140625 0.4184507046875 0.432703125 0.4326291078125 0.434859375 0.4545774640625 0.446453125 0.456525821875 0.4571875 0.44232394375000006 0.46534375 0.45586854531250004 0.470078125 0.4552347421875
2 0.75440625 0.4627230046875 0.7569375 0.46699530468750006 0.772140625 0.4684272296875 0.774359375 0.4596244125 0.774828125 0.45131455468750004 0.772921875 0.4496478875 0.770234375 0.454389671875 0.767390625 0.4529812203125 0.76690625 0.4494131453125 0.77071875 0.449178403125 0.768171875 0.442042253125 0.7474375 0.4417840375 0.74015625 0.454389671875 0.7382500000000001 0.46082159687499996 0.7396874999999999 0.4631924875 0.75440625 0.4627230046875
9 0.855234375 0.4720187796875 0.86075 0.4647887328125 0.8681875 0.459389671875 0.8737031249999999 0.44929577500000006 0.875140625 0.441713615625 0.874671875 0.4338028171875 0.867953125 0.42478873281249996 0.8662656249999999 0.4161267609375 0.859796875 0.4139671359375 0.8578749999999999 0.42370892031249996 0.85403125 0.43307511718749997 0.8547499999999999 0.4446009390625 0.853078125 0.45758215937499996 0.8564375 0.459389671875 0.8561875000000001 0.46516431875 0.855234375 0.4720187796875
9 0.63109375 0.46856807500000003 0.633734375 0.4703521125 0.6366875000000001 0.489389671875 0.643765625 0.49159624375 0.6478906249999999 0.49603286406249997 0.6467031249999999 0.4796478875 0.6440625 0.45882629062499997 0.64140625 0.4495305171875 0.63728125 0.435798121875 0.634625 0.42605633750000005 0.628734375 0.4300469484375 0.626671875 0.43802816875 0.625484375 0.4415492953125 0.624609375 0.45396713593750004 0.623125 0.45262910781250004 0.6290312499999999 0.459718309375 0.63109375 0.46856807500000003
9 0.20651562499999998 0.4461267609375 0.208765625 0.447230046875 0.21025 0.4601408453125 0.208390625 0.460704225 0.207265625 0.4674413140625 0.211 0.4674413140625 0.21286718750000003 0.470809859375 0.20764062499999997 0.48204225312500004 0.21212499999999998 0.478661971875 0.21734375 0.48091549218749996 0.21921875000000002 0.47809859218749995 0.21623437499999998 0.4696948359375 0.21921875000000002 0.46913145468749995 0.21734375 0.46239436562499997 0.221828125 0.4601408453125 0.22034375 0.4399530515625 0.222953125 0.407957746875 0.21959374999999998 0.39448356875 0.21360937500000002 0.3905633796875 0.208765625 0.39561032812499997 0.208390625 0.4096478875 0.20651562499999998 0.41974178437500004 0.208390625 0.42816901406249996 0.20651562499999998 0.4461267609375
2 0.081109375 0.3953990609375 0.087046875 0.3945070421875 0.0871517859375 0.37659624375 0.091203125 0.379366196875 0.09455357187499999 0.378789403125 0.09543080312499999 0.37659624375 0.10069791718750001 0.38040688437500003 0.103709821875 0.37659624375 0.11052678593750001 0.38025150937499996 0.120359375 0.4042488265625 0.12342968750000001 0.3929812203125 0.11851339218750001 0.3809825609375 0.1202678578125 0.37659624375 0.1265 0.381713615625 0.128546875 0.37659624375 0.12445312500000001 0.3612206578125 0.082875 0.3540610328125 0.076734375 0.3653286390625 0.07059375 0.37659624375 0.0788727671875 0.37659624375 0.08199999999999999 0.37981220625 0.081109375 0.3953990609375
2 0.15535937500000002 0.41192488281250006 0.15596875 0.41990610312500004 0.16414062499999998 0.40607981249999997 0.16904687499999999 0.416525821875 0.170078125 0.424201878125 0.174984375 0.4257511734375 0.18090625 0.4180751171875 0.18315625 0.40363849687500003 0.195625 0.417769953125 0.19521875 0.424201878125 0.19890625 0.43281690156249997 0.20564062500000002 0.43035211249999994 0.2085 0.426361503125 0.20789062500000002 0.41192488281250006 0.195625 0.41284037500000004 0.189703125 0.4054694828125 0.200734375 0.39349765312499996 0.1903125 0.3907277 0.189296875 0.3944131453125 0.183359375 0.389201878125 0.182953125 0.3904225359375 0.164546875 0.389201878125 0.16271875 0.396877934375 0.157609375 0.40793427187500003 0.157609375 0.41192488281250006 0.15535937500000002 0.41192488281250006
2 0.01128125 0.40251173749999997 0.026015624999999997 0.40053990625 0.028640624999999996 0.39955399062499997 0.03421875 0.39366197187499996 0.0240625 0.387746478125 0.0161875 0.384295775 0.001453125 0.3867605640625 0.002109375 0.3961032859375 0.00865625 0.39659624375 0.01128125 0.40251173749999997
9 0.718421875 0.47025821562500003 0.72121875 0.47025821562500003 0.7275 0.4709154921875 0.727921875 0.479014084375 0.72728125 0.495258215625 0.730734375 0.4955868546875 0.73225 0.4910328640625 0.733765625 0.4767370890625 0.735265625 0.4692723 0.73915625 0.46441314531250005 0.737859375 0.45985915468750005 0.7341875 0.45629107968750005 0.7341875 0.45272300468750004 0.7341875 0.448497653125 0.731390625 0.44201877968750003 0.7283593749999999 0.43713615 0.727703125 0.4345305171875 0.725765625 0.42868544531249997 0.721875 0.427065728125 0.71971875 0.42838028125000005 0.71646875 0.43291079843749997 0.7190624999999999 0.43713615 0.717765625 0.441361503125 0.714953125 0.45143192499999996 0.713875 0.461173709375 0.7119375 0.46441314531250005 0.710640625 0.491690140625 0.7102031249999999 0.4981690140625 0.7143125 0.4981690140625 0.7162499999999999 0.4910328640625 0.718421875 0.47025821562500003
9 0.021875 0.43192488281249997 0.028125 0.44131455468749997 0.03125 0.45305164375 0.0359375 0.460093896875 0.0625 0.460093896875 0.071875 0.44131455468749997 0.0734375 0.42957746406249997 0.0859375 0.4300469484375 0.08046875 0.44248826250000006 0.0828125 0.4553990609375 0.0890625 0.4647887328125 0.1140625 0.460093896875 0.1203125 0.46713614999999997 0.13125 0.46713614999999997 0.14375 0.4624413140625 0.146875 0.476525821875 0.1515625 0.4812206578125 0.15625 0.4812206578125 0.1640625 0.474178403125 0.171875 0.48591549218749996 0.1828125 0.48591549218749996 0.2 0.4483568078125 0.196875 0.3990610328125 0.215625 0.3849765265625 0.21796875 0.40786385000000003 0.21979166718749998 0.4084507046875 0.21875 0.42018779375 0.221875 0.42018779375 0.21953125 0.43251173749999994 0.221875 0.46948356875 0.2265625 0.476525821875 0.2359375 0.476525821875 0.2375 0.4718309859375 0.278125 0.4718309859375 0.278125 0.492957746875 0.2828125 0.5 0.296875 0.5 0.303125 0.4882629109375 0.30625 0.45774647812499997 0.3140625 0.45774647812499997 0.3134375 0.4460093890625 0.3203125 0.4471830984375 0.3265625 0.43661971875 0.3296875 0.44131455468749997 0.334375 0.4624413140625 0.3359375 0.48591549218749996 0.3390625 0.4976525828125 0.34375 0.5023474171875 0.3390625 0.5070422531250001 0.3390625 0.5140845078125 0.34375 0.5211267609375 0.35 0.516431925 0.3515625 0.5211267609375 0.3546875 0.5211267609375 0.3609375 0.509389671875 0.36875 0.46948356875 0.3828125 0.46948356875 0.3859375 0.4647887328125 0.3890625 0.4389671359375 0.38125 0.43661971875 0.3765625 0.427230046875 0.382421875 0.419894365625 0.434375 0.45070422499999996 0.4296875 0.45774647812499997 0.4296875 0.4718309859375 0.434375 0.4788732390625 0.4578125 0.4788732390625 0.4703125 0.4718309859375 0.4670138890625 0.45487741249999997 0.471875 0.45892018749999997 0.4751736109375 0.45592070937500007 0.5078125 0.460093896875 0.5078125 0.49718309843749997 0.5015625 0.5046948359375001 0.5015625 0.525821596875 0.50625 0.53286385 0.5098958328125 0.5203442890625001 0.5171875 0.53286385 0.5234375 0.5211267609375 0.528125 0.5211267609375 0.5328125 0.5281690140624999 0.54375 0.5281690140624999 0.5484375 0.5187793421875 0.553125 0.4788732390625 0.5578125 0.483568075 0.5671875 0.483568075 0.571875 0.474178403125 0.5734375 0.45774647812499997 0.56875 0.45070422499999996 0.56796875 0.4377934265625 0.5712740390625 0.4326471640625 0.6030048078125 0.41892379843749994 0.60625 0.42253521093749996 0.60625 0.4483568078125 0.621875 0.46948356875 0.625 0.4624413140625 0.625 0.437402190625 0.6390625 0.44131455468749997 0.6484375 0.476525821875 0.653125 0.483568075 0.68125 0.4788732390625 0.6890625 0.49530516406249997 0.6984375 0.49530516406249997 0.703125 0.490610328125 0.7078125 0.4812206578125 0.7140625 0.443661971875 0.7125 0.427230046875 0.709375 0.42253521093749996 0.71336805625 0.419144496875 0.803125 0.4248826296875 0.7984375 0.43661971875 0.7984375 0.483568075 0.803125 0.490610328125 0.8125 0.490610328125 0.8171875 0.4812206578125 0.8171875 0.43427230000000006 0.8125 0.423122065625 0.840625 0.41784037500000004 0.834375 0.4788732390625 0.8375 0.483568075 0.846875 0.483568075 0.8515625 0.474178403125 0.853125 0.427230046875 0.8484375 0.41784037500000004 0.848102678125 0.412977865625 0.9228794640625001 0.36435278437499996 0.9421875 0.369718309375 0.9421875 0.38262910781250004 0.953125 0.40375586874999997 0.9625 0.40375586874999997 0.9671875 0.39436619687499996 0.9671875 0.3521126765625 0.9625 0.3427230046875 0.95 0.3427230046875 0.9421875 0.3568075125 0.937834821875 0.3546277671875 0.9303571421875001 0.359490275 0.7052083328125 0.41862284687500007 0.6970486109375 0.4181012 0.6984375 0.42253521093749996 0.6953125 0.427230046875 0.6888888890625 0.41757955156250004 0.6875 0.42957746406249997 0.6796875 0.43192488281249997 0.6807291671875 0.417057903125 0.6671875 0.41549295781250006 0.65625 0.41549295781250006 0.6505208328125 0.4241001578125 0.6471875 0.41549295781250006 0.6290625000000001 0.41549295781250006 0.625 0.4248826296875 0.6203125 0.41549295781250006 0.6109375 0.41549295781250006 0.5671875 0.4248826296875 0.565625 0.3990610328125 0.5421875 0.42957746406249997 0.5474759609375 0.442939690625 0.5395432687499999 0.44637053125000004 0.53359375 0.4377934265625 0.5316105765625 0.44980137343750004 0.525 0.4460093890625 0.523677884375 0.4532322140625 0.5157451921875 0.45666305625000003 0.5125 0.4483568078125 0.4734375 0.4460093890625 0.4703125 0.44131455468749997 0.4609375 0.44131455468749997 0.45885416718750005 0.453834115625 0.4515625 0.45070422499999996 0.45069444374999995 0.45279081874999993 0.442534721875 0.45174752187499995 0.375 0.41549295781250006 0.337890625 0.393485915625 0.33359375 0.39436619687499996 0.3328125 0.377934271875 0.3296875 0.37323943593750003 0.33046875 0.3890845078125 0.323046875 0.3846830984375 0.3203125 0.37323943593750003 0.315625 0.380281690625 0.2838541671875 0.3748043828125 0.27999999999999997 0.3760563375 0.27591145781250004 0.3734350546875 0.2709375 0.376525821875 0.26796875 0.372065728125 0.26187499999999997 0.3769953046875 0.2600260421875 0.3706964015625 0.2520833328125 0.3693270734375 0.2528125 0.3774647890625 0.24375 0.377934271875 0.244140625 0.367957746875 0.23125 0.36384976562500004 0.22825520781250003 0.3652190921875 0.2203125 0.36384976562500004 0.215625 0.37089201875 0.2123161765625 0.36495443125000004 0.1483455875 0.3737917703125 0.14296875 0.37910798125 0.1375 0.3661971828125 0.132352940625 0.37600110625 0.12435661718749999 0.377105771875 0.1234375 0.3661971828125 0.1125 0.3849765265625 0.1083639703125 0.37931510625 0.103125 0.37558685468749997 0.100367646875 0.380419775 0.0923713234375 0.381524440625 0.0890625 0.37558685468749997 0.084375 0.38262910781250004 0.0758928578125 0.382964453125 0.0734375 0.3849765265625 0.0703125 0.380281690625 0.0674107140625 0.3832997984375 0.0625 0.3796948359375 0.058928571875 0.38363514374999996 0.0546875 0.37910798125 0.050446428125 0.383970490625 0.046875 0.37852112656250003 0.0419642859375 0.3843058359375 0.0390625 0.377934271875 0.0334821421875 0.38464118125 0.0296875 0.377934271875 0.025 0.3849765265625 0.025 0.40140845 0.028125 0.410798121875 0.021875 0.41784037500000004 0.021875 0.43192488281249997