8 0.086203125 0.23594982031249997 0.31740625 0.22921147031250003 0.319359375 0.2516845875 0.319359375 0.2921326171875 0.33503125 0.296630825 0.352671875 0.2921326171875 0.352671875 0.22697132656250002 0.5799375 0.22697132656250002 0.6014999999999999 0.2 0.585828125 0.1752867390625 0.5133281249999999 0.1011290328125 0.364421875 0.060681003125 0.344828125 0.0269713265625 0.299765625 0.0786559140625 0.20768749999999997 0.0921326171875 0.094046875 0.188763440625 0.080328125 0.188763440625 0.05878124999999999 0.20899641562500001 0.086203125 0.23594982031249997
9 0.41507812499999996 0.6379032265625 0.41096875 0.63200716875 0.41200000000000003 0.6312186375 0.4113125 0.6210215046875 0.40651562500000005 0.6029569890625 0.40481249999999996 0.5986379921875 0.40446875000000004 0.594318996875 0.408921875 0.5813620078125 0.408234375 0.5613261656249999 0.408921875 0.556236559375 0.408234375 0.48437275937499996 0.408234375 0.46356630781249997 0.4126875 0.4129032265625 0.408578125 0.40779569843749996 0.4034375 0.3960215046875 0.383578125 0.3822759859375 0.34695312500000003 0.371290321875 0.346609375 0.3583333328125 0.34764062500000004 0.35754480312500003 0.35345312500000003 0.3398745515625 0.350375 0.331236559375 0.350375 0.3214157703125 0.345234375 0.30100358437499997 0.329828125 0.29 0.31203125 0.2872580640625 0.29490625000000004 0.2998207890625 0.2866875 0.31944444375000003 0.28259375000000003 0.331236559375 0.28259375000000003 0.35046594999999997 0.27915625 0.3598924734375 0.28259375000000003 0.37206093125 0.2894375 0.375215053125 0.293890625 0.379928315625 0.291828125 0.383064515625 0.276765625 0.3960215046875 0.25621875 0.41055555625 0.24903124999999998 0.43370967812499994 0.238765625 0.47652329687500006 0.22781250000000003 0.49693548437499996 0.200765625 0.5585842296875 0.169609375 0.6135483875000001 0.1569375 0.615913978125 0.12853125 0.6170967734375 0.12784374999999998 0.620627240625 0.12646875 0.6261290328125 0.144953125 0.642222221875 0.135375 0.652831540625 0.12853125 0.6744265234375 0.1333125 0.683064515625 0.139484375 0.6736379921875 0.1411875 0.6740322578125 0.138109375 0.683835125 0.14325000000000002 0.6862007171875 0.14940625000000002 0.6814874546875 0.15078125 0.6862007171875 0.15728124999999998 0.6858064515625 0.16721875 0.6728494625 0.171328125 0.6787455203125 0.177484375 0.6779569890625 0.18562499999999998 0.651935484375 0.18562499999999998 0.6444086015625 0.197921875 0.62560931875 0.2421875 0.5719892468750001 0.26351562500000003 0.5315591390625001 0.27990624999999997 0.5080465953125 0.27171875 0.5691756265625 0.2684375 0.592688171875 0.26187499999999997 0.655698925 0.25859375 0.7205734765625 0.243828125 0.7384587812500001 0.25203125000000004 0.7469175625 0.256140625 0.7657168453125001 0.253671875 0.7713620078125001 0.256953125 0.8127419359375001 0.2626875 0.8437813625 0.266796875 0.8550537640625 0.280734375 0.9368817203124999 0.26596875 0.9679032265625 0.250390625 0.9735483875 0.246296875 0.9810752687500001 0.24957812499999998 0.9998924734375001 0.32418749999999996 1 0.32090625 0.9810752687500001 0.315171875 0.95944444375 0.31270312499999997 0.938763440625 0.315171875 0.8804480281249999 0.315171875 0.8513082437499999 0.326640625 0.842831540625 0.33976562499999996 0.7948745515625 0.34221875 0.8089784953124999 0.340578125 0.8418996421875 0.34796875 0.842831540625 0.38321875 0.8409498203125001 0.39715625 0.8832795703125 0.419296875 0.9378136203125 0.419296875 0.9481541218749999 0.412734375 0.9820250890625 0.414375 0.9998924734375001 0.457828125 0.9980107531250001 0.46110937500000004 0.969784946875 0.45701562500000004 0.9537992828125 0.45209374999999996 0.9472222218749999 0.44471875 0.9331182796874999 0.44553125 0.8804480281249999 0.43323437499999995 0.8334408609375 0.42995312500000005 0.8259139781249999 0.43159375000000005 0.8070967734375 0.43896875 0.7986379921875 0.42750000000000005 0.773243728125 0.419296875 0.7375089609375001 0.4283125 0.7083512546875 0.41684374999999996 0.6613440859375 0.416796875 0.654784946875 0.423296875 0.6473297484375 0.41507812499999996 0.6379032265625
9 0.06771875000000001 0.35482078906250003 0.067859375 0.35154121875 0.066765625 0.3493369171875 0.0658125 0.3462007171875 0.064171875 0.34336917499999997 0.063078125 0.3410215046875 0.0615625 0.340698925 0.060875 0.3421146953125 0.059921875 0.344784946875 0.059375 0.346989246875 0.05923437499999999 0.3505913984375 0.05965625 0.35482078906250003 0.060609375 0.35985663125 0.061984375 0.364086021875 0.0615625 0.3687992828125 0.0615625 0.3733512546875 0.064296875 0.3769534046875 0.066765625 0.3764874546875 0.06771875000000001 0.37491039375 0.067171875 0.3678494625 0.06704687499999999 0.362831540625 0.067171875 0.35953405 0.06771875000000001 0.35482078906250003
9 0.137125 0.339086021875 0.12753125 0.3375089609375 0.125484375 0.34498207812500004 0.1271875 0.3587275984375 0.12615625 0.3716845875 0.140890625 0.3669713265625 0.140203125 0.354784946875 0.138140625 0.35007168437499997 0.137125 0.34654121875 0.137125 0.339086021875
9 0.56825 0.663530465625 0.5689375 0.654898446875 0.58671875 0.6611827953125 0.562109375 0.5176523296875 0.5456875 0.5694086015625001 0.5488784718749999 0.587708084375 0.5502 0.588232975 0.5504739578125 0.5968578265625 0.55245625 0.5976451609375 0.55206944375 0.606007565625 0.5547125 0.6070573484375 0.5536649312499999 0.6151573078125 0.53953125 0.611756271875 0.531328125 0.651756271875 0.53953125 0.67293906875 0.5251718750000001 0.7011827953124999 0.54159375 0.703530465625 0.56825 0.663530465625
9 0.003875 0.3367204296875 0.005234375 0.34272401406249997 0.005921875 0.3495161296875 0.005921875 0.3560573484375 0.010484375 0.356845878125 0.0134375 0.35553763437499997 0.0134375 0.35136200781250004 0.014124999999999999 0.346379928125 0.009796875 0.3380286734375 0.0095625 0.3367204296875 0.0063750000000000005 0.3348924734375 0.003875 0.3367204296875
9 0.020234375 0.353369175 0.01846875 0.35306451562499996 0.017218749999999998 0.353835125 0.016875 0.3564516125 0.014859375 0.36105734843750004 0.0236875 0.36154121875 0.02359375 0.357688171875 0.022078125 0.3562544796875 0.0215 0.35491039375 0.020234375 0.353369175
8 0.797484375 0.35978494687499996 0.812359375 0.3551075265625 0.79940625 0.319086021875 0.791734375 0.35675627187500003 0.797484375 0.35978494687499996
8 0.740953125 0.3393369171875 0.75965625 0.3364336921875 0.761671875 0.3323835125 0.74803125 0.3242652328125 0.735890625 0.3231003578125 0.71415625 0.32831541249999996 0.732859375 0.337598565625 0.734375 0.348620071875 0.7394375 0.3480286734375 0.740953125 0.3393369171875
8 0.7535937500000001 0.355681003125 0.74371875 0.353709678125 0.732140625 0.3566666671875 0.7265625 0.3625627234375 0.736421875 0.3679749109375 0.744140625 0.36847670312499997 0.7600156250000001 0.369462365625 0.770328125 0.369462365625 0.762171875 0.3605913984375 0.7535937500000001 0.355681003125
8 0.594171875 0.3453584234375 0.5919375 0.340215053125 0.580734375 0.335304659375 0.570265625 0.341935484375 0.56765625 0.3487992828125 0.571390625 0.3496415765625 0.5764375 0.35007168437499997 0.5764375 0.34985663125 0.5919375 0.3509319 0.594171875 0.3453584234375
8 0.5305 0.3440501796875 0.5192812499999999 0.34940860156250003 0.517046875 0.3530465953125 0.526390625 0.3551971328125 0.541890625 0.352401434375 0.5443125 0.3474910390625 0.53796875 0.3421326171875 0.5305 0.3440501796875
8 0.534109375 0.3258064515625 0.5350625 0.3232616484375 0.534265625 0.3227240140625 0.53346875 0.3221863796875 0.5295156249999999 0.32055555625 0.515453125 0.319462365625 0.51403125 0.3214516125 0.5064375 0.32345878125 0.5064375 0.3252688171875 0.515296875 0.32654121875 0.5216093749999999 0.3283512546875 0.5257343750000001 0.3283512546875 0.53046875 0.32799283125 0.534109375 0.3258064515625
8 0.6937656249999999 0.35482078906250003 0.7171875 0.35630824375 0.710671875 0.34810035781250004 0.7009218749999999 0.34810035781250004 0.6937656249999999 0.35482078906250003
8 0.786 0.35392473125 0.773203125 0.35415770625 0.762859375 0.3569534046875 0.7655000000000001 0.36369175625 0.7752343749999999 0.36369175625 0.786609375 0.36252688125 0.788828125 0.361146953125 0.79065625 0.35392473125 0.786 0.35392473125
8 0.8303593749999999 0.363996415625 0.829703125 0.35136200781250004 0.8275625 0.34928315468750004 0.8209843749999999 0.3496594984375 0.8117812499999999 0.3521146953125 0.8119531249999999 0.3555017921875 0.80159375 0.359086021875 0.801421875 0.3592831546875 0.804875 0.36154121875 0.8303593749999999 0.363996415625
8 0.11456249999999998 0.3384229390625 0.10953125 0.3367204296875 0.105078125 0.33485663125 0.10123437500000002 0.33519713281249996 0.09678125 0.3367204296875 0.09278125000000001 0.34046595 0.0921875 0.3438709671875 0.113234375 0.3458960578125 0.126578125 0.34607526875 0.122125 0.3425089609375 0.11456249999999998 0.3384229390625
8 0.409859375 0.34225806406250003 0.400203125 0.3440681 0.389640625 0.3476702515625 0.39009375 0.35 0.42334375 0.355394265625 0.419296875 0.3445878140625 0.415921875 0.3417383515625 0.409859375 0.34225806406250003
8 0.6427968749999999 0.3494982078125 0.64590625 0.3514157703125 0.6483125000000001 0.34811827968750003 0.63440625 0.3398745515625 0.63128125 0.3398745515625 0.63009375 0.34096774218750003 0.62578125 0.343996415625 0.6190625 0.3462007171875 0.635125 0.349229390625 0.638234375 0.3494982078125 0.6427968749999999 0.3494982078125
9 0.4125 0.41560931874999996 0.409015625 0.49973118281250006 0.4125 0.5411290328125 0.42646875 0.5598207890625 0.42298437499999997 0.5958602156249999 0.430828125 0.634301075 0.4295625 0.6705913984375 0.44221875 0.7750537640624999 0.452328125 0.79247311875 0.45865625000000004 0.9172580640625 0.452328125 0.953530465625 0.45359375 0.9840143375 0.48775 0.99415770625 0.48901562500000006 0.8577598562500001 0.511796875 0.9999641578125 0.528234375 0.9985125453125001 0.5345625 0.9912544796875 0.5155937500000001 0.8592114703125 0.514328125 0.7779569890625 0.5155937500000001 0.7025089609374999 0.530765625 0.6720430109375 0.53709375 0.62270609375 0.533296875 0.603835125 0.5446875 0.590770609375 0.5408906250000001 0.5632078859375 0.5484843749999999 0.5254838703125 0.562390625 0.5109677421875001 0.562390625 0.474695340625 0.53709375 0.4021505375 0.48901562500000006 0.37747311875 0.48901562500000006 0.3629749109375 0.4814375 0.3237992828125 0.49660937499999996 0.2991218640625 0.48521875000000003 0.275913978125 0.47384375 0.28170250937499997 0.44853125 0.27010752656250003 0.413109375 0.2976702515625 0.4194375 0.31799283125 0.41690625 0.335394265625 0.43589062500000003 0.3745698921875 0.449796875 0.3760215046875 0.43968749999999995 0.390537634375 0.44160937499999997 0.3875806453125 0.419484375 0.3942473125 0.4125 0.41560931874999996
9 0.212703125 0.35224014375 0.2111875 0.346630825 0.2074375 0.3453405015625 0.20592187499999998 0.3518100359375 0.202921875 0.352688171875 0.20178124999999997 0.36390680937500003 0.20178124999999997 0.3699462359375 0.20404687500000002 0.3738172046875 0.20442187500000003 0.39238351250000003 0.2074375 0.39367383437500003 0.2104375 0.3928136203125 0.21156250000000001 0.39238351250000003 0.21156250000000001 0.37770609374999997 0.21193749999999997 0.36562724062499996 0.2111875 0.3565591390625 0.212703125 0.35224014375
8 0.50625 0.356630825 0.509375 0.3530465953125 0.53125 0.34408602187500004 0.530078125 0.3363201921875 0.53796875 0.3365591390625 0.5390625 0.34408602187500004 0.54375 0.3476702515625 0.546875 0.34229390625 0.545859375 0.3367980875 0.546875 0.33512544843750003 0.55375 0.33703703749999997 0.743125 0.3427718046875 0.959375 0.3655913984375 0.9640625 0.3709677421875 0.9921875 0.3709677421875 0.9984375 0.3584229390625 0.9984375 0.3512544796875 0.99375 0.34408602187500004 0.984375 0.34408602187500004 0.9796875 0.349462365625 0.9640625 0.349462365625 0.959375 0.354838709375 0.9561718750000001 0.3492234171875 0.751015625 0.343010753125 0.5421875 0.3279569890625 0.5255208328125 0.3279569890625 0.5221875 0.3360812421875 0.5171875 0.3279569890625 0.514296875 0.33584229374999996 0.5064062500000001 0.33560334531249997 0.50625 0.32974910468749996 0.5015625 0.33512544843750003 0.490625 0.33512544843750003 0.4859375 0.3405017921875 0.4859375 0.3512544796875 0.490625 0.356630825 0.50625 0.356630825