8 0.26968749999999997 0.6676150625 0.2670625 0.633242678125 0.26234375 0.6325523015625001 0.26182812499999997 0.633242678125 0.244546875 0.6381589953125 0.261296875 0.7166945609375001 0.26915625 0.7075941421875 0.26968749999999997 0.6676150625
8 0.35168750000000004 0.657050209375 0.351140625 0.6394979078125 0.35168750000000004 0.6365899578125 0.36096875 0.60880753125 0.34240624999999997 0.61537656875 0.33968750000000003 0.6256066953125 0.344046875 0.640230125 0.348421875 0.657050209375 0.35168750000000004 0.657050209375
9 0.30870312499999997 0.836004184375 0.30265624999999996 0.8072175734375 0.293921875 0.7730125515624999 0.292578125 0.7361087859375 0.286515625 0.6965062765625001 0.2959375 0.6766945609375 0.324171875 0.6667991625 0.342984375 0.6614016734375 0.344328125 0.6037866109375 0.33021875 0.57410041875 0.336265625 0.5416945609375 0.316765625 0.5137866109375 0.30870312499999997 0.5137866109375 0.29728125 0.524581590625 0.29190625 0.5407949796875 0.29459375 0.5659832640625 0.28450000000000003 0.581297071875 0.27240625 0.5974895390625 0.26434375 0.6217991625 0.26164062499999996 0.6685983265625 0.263671875 0.701903765625 0.26096875 0.7117991625 0.263671875 0.729811715625 0.26770312500000004 0.7523012546875 0.2710625 0.7775104609375 0.283828125 0.8081171546875 0.26164062499999996 0.8441213390625 0.26434375 0.8612133890625 0.286515625 0.850418409375 0.30870312499999997 0.836004184375
9 0.39778125000000003 0.631087865625 0.41959375000000004 0.5928870296875 0.4145625 0.552426778125 0.38937499999999997 0.5344560671874999 0.38098437500000004 0.5726569031250001 0.369234375 0.5816527203125 0.3558125 0.6153556484375 0.35078125 0.6513179921875001 0.352453125 0.6513179921875001 0.399453125 0.649058578125 0.39778125000000003 0.631087865625
9 0.399078125 0.6469874484375 0.392890625 0.6536192468750001 0.38670312500000004 0.66851464375 0.38670312500000004 0.6892259421875 0.3873125 0.7024895390625 0.3873125 0.7157322171875 0.3873125 0.7198744765625 0.386078125 0.7273221750000001 0.38298437500000004 0.7414016734375 0.38298437500000004 0.7471966531249999 0.379890625 0.7521757328125 0.380515625 0.762949790625 0.38298437500000004 0.7728870296875 0.38298437500000004 0.7844769875 0.38856250000000003 0.7770292890625 0.39784375 0.76956066875 0.41453125 0.76956066875 0.42876562500000004 0.76790795 0.43928124999999996 0.76790795 0.45103125000000005 0.7703974890625 0.45784375 0.7703974890625 0.4609375 0.76790795 0.468359375 0.7513389125 0.46403125 0.7455439328125 0.449796875 0.755481171875 0.43990625000000005 0.7471966531249999 0.45103125000000005 0.7 0.455359375 0.6801255234375 0.483203125 0.671004184375 0.483203125 0.666046025 0.49000000000000005 0.654435146875 0.4968125 0.6519665265625 0.504234375 0.6469874484375 0.512890625 0.6494769875 0.514125 0.661903765625 0.5209374999999999 0.6585774062499999 0.5215468750000001 0.6536192468750001 0.516609375 0.6395397484374999 0.507328125 0.6105439328125 0.492484375 0.5815481171875 0.47824999999999995 0.5683054390625 0.4720625 0.5683054390625 0.46464062500000003 0.5666527203125 0.45784375 0.55671548125 0.454125 0.5409832640625 0.44609375 0.5351673640625 0.434953125 0.5310251046875 0.42134375 0.5368410046875 0.417015625 0.5467782421875 0.417015625 0.5600209203125 0.417015625 0.5774058578125 0.42071875 0.5898326359375 0.41825 0.596464434375 0.40959375 0.6130334734375 0.399078125 0.6469874484375
9 0.582390625 0.566297071875 0.58575 0.5460669453125 0.577359375 0.5235983265625 0.5505 0.5235983265625 0.54715625 0.5573012546875 0.553859375 0.57753138125 0.5605781249999999 0.5932635984375 0.5454687500000001 0.6044979078125 0.5404375 0.6516945609375 0.548828125 0.6516945609375 0.5974999999999999 0.6337029281250001 0.582390625 0.566297071875
9 0.596953125 0.5595397484375 0.6010625 0.5603138078125001 0.606921875 0.5603138078125001 0.606921875 0.5587447703125 0.606046875 0.5567782421875 0.6019375 0.5532635984375001 0.60046875 0.5520711296874999 0.5992968750000001 0.545 0.598125 0.539895396875 0.597828125 0.5316527203125 0.5954843750000001 0.5242050203125 0.592265625 0.521046025 0.590796875 0.51753138125 0.5875625 0.514769875 0.586390625 0.514769875 0.584640625 0.5135983265624999 0.5820000000000001 0.512426778125 0.5781875000000001 0.506527196875 0.577015625 0.501820084375 0.577015625 0.49828451874999996 0.577015625 0.490041840625 0.5758281249999999 0.4861087859375 0.573203125 0.48336820156250004 0.5729062500000001 0.48257322187499996 0.5723125 0.4782635984375 0.5690937500000001 0.4747280328125 0.56528125 0.4739330546875 0.562046875 0.4747280328125 0.5599999999999999 0.47589958125000004 0.5585312499999999 0.47943514687500005 0.558234375 0.484142259375 0.558234375 0.490041840625 0.555890625 0.49278242656250004 0.555015625 0.499058578125 0.5547187499999999 0.5069246859375001 0.5541406249999999 0.513995815625 0.55384375 0.5218410046875 0.5547187499999999 0.52694560625 0.5561875 0.5281171546875 0.558828125 0.5265481171874999 0.564984375 0.5265481171874999 0.57084375 0.5281171546875 0.5734843749999999 0.5312552296875 0.5767187500000001 0.535188284375 0.5784687500000001 0.539895396875 0.579640625 0.5453974890625 0.5799375 0.5548326359375 0.5802343750000001 0.5615062765625 0.5905 0.5630753140625 0.592546875 0.5603138078125001 0.594890625 0.559142259375 0.596953125 0.5595397484375
9 0.827484375 0.500418409375 0.822203125 0.4837447703125 0.8191875 0.4736401671875 0.8191875 0.46253138125 0.81428125 0.4594979078125 0.8067343749999999 0.46859832656249994 0.7991875 0.47868200781250003 0.7973125 0.4913179921875 0.8007031250000001 0.4988912140625 0.8108906250000001 0.5029288703125 0.815421875 0.5110251046875 0.8116406250000001 0.5160669453125 0.827109375 0.5165690374999999 0.827484375 0.500418409375
9 0.9383593749999999 0.4827824265625 0.9408593749999999 0.48537656875 0.9408593749999999 0.48797071093750005 0.9407187499999999 0.49148535625 0.940984375 0.49575313750000005 0.943484375 0.495941421875 0.948046875 0.4946443515625 0.9481875000000001 0.48723849374999995 0.9475 0.48018828437499994 0.9436249999999999 0.47648535625 0.9387812500000001 0.47462343125000006 0.9350468749999999 0.4718410046875 0.93046875 0.4657322171875 0.9289531249999999 0.4624058578125 0.92853125 0.46016736406250003 0.927984375 0.456087865625 0.9270156249999999 0.45573221718749996 0.9243750000000001 0.45589958125 0.9231406249999999 0.457196653125 0.922578125 0.46016736406250003 0.922578125 0.4674058578125 0.9241093749999999 0.4720292890625 0.92534375 0.4779707109375 0.9283906249999999 0.47962343125 0.93296875 0.48092050156250005 0.934484375 0.48 0.934484375 0.4811087859375 0.9360156249999999 0.481861925 0.9383593749999999 0.4827824265625
8 0.10892187499999999 0.6399372390625 0.1063125 0.6452092046875 0.118109375 0.6452092046875 0.12859375 0.6171129703125 0.161359375 0.6294142265625 0.21509375 0.61537656875 0.21640625 0.587280334375 0.20198437500000002 0.57851464375 0.18756250000000002 0.5486820078125 0.093203125 0.5644769875 0.10500000000000001 0.613619246875 0.118109375 0.624142259375 0.10892187499999999 0.6399372390625
8 0.714984375 0.7146025109374999 0.711625 0.694372384375 0.70659375 0.669665271875 0.6965312499999999 0.6629288703125 0.657921875 0.6516945609375 0.621 0.6606694562500001 0.6075625 0.6764016734375 0.6092500000000001 0.730334728125 0.6075625 0.7438284515625 0.5974999999999999 0.7932635984374999 0.6092500000000001 0.8247280328125 0.693171875 0.8426987453124999 0.70659375 0.833702928125 0.714984375 0.7146025109374999
0 0.704203125 0.62872385 0.716234375 0.6219874484375 0.723890625 0.6164225937500001 0.72934375 0.5976987453125 0.73284375 0.5777824265625 0.736125 0.5678242671875 0.7391875 0.558765690625 0.73875 0.5517364015624999 0.73525 0.5508577406249999 0.73328125 0.5526150624999999 0.721703125 0.546757321875 0.712078125 0.543242678125 0.707921875 0.5400209203124999 0.702671875 0.54148535625 0.700484375 0.54148535625 0.6974375 0.537677825 0.6915312499999999 0.54148535625 0.6915312499999999 0.5473430968749999 0.6900000000000001 0.5526150624999999 0.68846875 0.55671548125 0.6913125 0.5605230125 0.6954687500000001 0.5634518828124999 0.6895625 0.5678242671875 0.68584375 0.5701673640625 0.68584375 0.57514644375 0.68825 0.6164225937500001 0.68803125 0.6293096234375 0.704203125 0.62872385
8 0.40028125000000003 0.8357949796874999 0.431171875 0.844288703125 0.438296875 0.8623221750000001 0.44067187499999994 0.899435146875 0.473953125 0.9089748953125 0.486625 0.9005020921875 0.49534374999999997 0.78171548125 0.521484375 0.7636820078125 0.54840625 0.78171548125 0.552375 0.8103556484375 0.563453125 0.829435146875 0.585640625 0.8315690375000001 0.591984375 0.82200836875 0.595140625 0.719142259375 0.6030625 0.6915690375 0.61415625 0.6756485359375 0.63 0.6565690375 0.656140625 0.6555020921875 0.6664375 0.6512552296874999 0.676671875 0.6592259421875 0.677640625 0.6270292890625 0.684859375 0.6064435140625 0.687734375 0.59485355625 0.68196875 0.58776150625 0.6737968750000001 0.5838912140625 0.66321875 0.5993514640625001 0.660328125 0.6070711296875 0.6175312500000001 0.6218828453125 0.61271875 0.6186610875 0.60790625 0.6115899578125 0.5978125000000001 0.6154393312499999 0.5915625 0.6276778249999999 0.5881875 0.6321966531250001 0.515578125 0.6605230125 0.513171875 0.649581590625 0.505953125 0.64700836875 0.492484375 0.6534309625 0.48046875 0.6746861921875 0.454015625 0.683702928125 0.44825 0.723619246875 0.44246875 0.7403556484375 0.442953125 0.7551673640625001 0.466515625 0.749372384375 0.45739062500000005 0.7680543937500001 0.431421875 0.7680543937500001 0.4150625 0.7661087859375 0.41770312499999995 0.7679288703125 0.364640625 0.7955020921875 0.36621875 0.805041840625 0.3820625 0.8114016734374999 0.40028125000000003 0.8357949796874999
8 0.7095017359375 0.605190609375 0.6987135421875 0.6205788015625 0.705078125 0.6273361234375 0.69659375 0.632308228125 0.69331944375 0.6282728953125 0.688109375 0.637280334375 0.68253125 0.6436610875000001 0.6785625 0.6457949796875 0.6785625 0.6575104609375 0.68571875 0.6649790796875 0.708 0.6734937234375 0.7111875000000001 0.679895396875 0.71196875 0.7043933046874999 0.72709375 0.71290795 0.7318749999999999 0.7193096234375 0.73584375 0.7161087859374999 0.73584375 0.6734937234375 0.73903125 0.6511297078125 0.74778125 0.6596443515625 0.750171875 0.6894769875 0.772453125 0.6884100421875 0.7748437499999999 0.6862761500000001 0.7753645828125 0.6599999999999999 0.78359375 0.6537866109375 0.78359375 0.6649790796875 0.80109375 0.666046025 0.805875 0.65537656875 0.80984375 0.61171548125 0.8233750000000001 0.54351464375 0.8193906249999999 0.5349999999999999 0.8130312500000001 0.537133890625 0.8066718749999999 0.5467154812499999 0.79234375 0.552050209375 0.788359375 0.548849371875 0.781203125 0.54991631875 0.7772187500000001 0.556297071875 0.751765625 0.5680334734375 0.749375 0.560564853125 0.7437968749999999 0.5616317984375 0.7342500000000001 0.5669665265625 0.731078125 0.5744142265625001 0.725684028125 0.5821083218750001 0.723109375 0.5808158999999999 0.7193958328125001 0.5925313812499999 0.7148958328125 0.5974965125 0.7156822921875 0.6042468624999999 0.7095017359375 0.605190609375
8 0.490953125 0.56462343125 0.49626562500000004 0.56462343125 0.5015625 0.5555857734375 0.507828125 0.5555857734375 0.511203125 0.5684937234375 0.516015625 0.57043933125 0.51553125 0.5607531375 0.5449375 0.55043933125 0.54734375 0.538179915625 0.5502343749999999 0.53171548125 0.55409375 0.5130125515625 0.494328125 0.5194560671875 0.494328125 0.538179915625 0.495296875 0.5614016734375 0.490953125 0.56462343125
8 0.555484375 0.610627615625 0.5656875 0.635711296875 0.570796875 0.6368410046874999 0.5882343750000001 0.631150628125 0.590796875 0.6260251046875001 0.59675 0.610627615625 0.59121875 0.6094979078125 0.581 0.6134937234375 0.57546875 0.6100627609375 0.5678124999999999 0.601527196875 0.5605781249999999 0.5958368203125 0.558453125 0.5969665265625 0.547390625 0.6060878656249999 0.555484375 0.610627615625
8 0.961578125 0.525857740625 0.9620468750000001 0.525857740625 0.96715625 0.525857740625 0.968546875 0.525857740625 0.9727343749999999 0.525230125 0.9745781250000001 0.525230125 0.977375 0.5227405859375 0.977375 0.5221338906249999 0.977375 0.5208786609375 0.9769062500000001 0.5183891218750001 0.9745781250000001 0.5183891218750001 0.9727343749999999 0.5190167359375 0.971328125 0.5190167359375 0.970875 0.5183891218750001 0.9643750000000001 0.5177824265625001 0.95740625 0.51589958125 0.9578749999999999 0.5227405859375 0.961578125 0.525857740625
8 0.8005156250000001 0.483849371875 0.78996875 0.483849371875 0.792609375 0.49690376562500005 0.7976093750000001 0.497949790625 0.7907656249999999 0.514895396875 0.79919921875 0.5133054390625 0.803671875 0.5173640171875 0.8076328125 0.51171548125 0.812640625 0.51700836875 0.81606640625 0.5101255234375001 0.8244999999999999 0.508535565625 0.8337187500000001 0.5106485359375 0.827921875 0.5035983265625 0.8334531249999999 0.49372385 0.8260781250000001 0.4905439328125 0.8268593750000001 0.483138075 0.81659375 0.484895396875 0.822390625 0.4965481171875 0.812890625 0.5000627609375 0.8005156250000001 0.483849371875
8 0.916578125 0.48621338906249995 0.91690625 0.4900627609375 0.918671875 0.4909205015625 0.9212187500000001 0.4917782421875 0.9229843750000001 0.49414225937499995 0.9241093749999999 0.49671548125 0.9285781249999999 0.49713389062499996 0.9319375000000001 0.49648535625 0.93403125 0.49479079531250003 0.935296875 0.4934937234375 0.936109375 0.49263598281250004 0.93690625 0.4917782421875 0.9373906249999999 0.48878661093750003 0.9373906249999999 0.48493723906249997 0.9321093749999999 0.4853556484375 0.93065625 0.48493723906249997 0.9284218750000001 0.482133890625 0.927296875 0.4793514640625 0.92603125 0.474435146875 0.9257031250000001 0.472719665625 0.924265625 0.47186192499999996 0.91275 0.47251046093750004 0.914828125 0.47571129687499997 0.9159375000000001 0.4789330546875 0.916578125 0.48621338906249995
8 0.993625 0.4794979078125 0.99640625 0.4697907953125 0.994734375 0.4653138078125 0.9802500000000001 0.4697907953125 0.9802500000000001 0.4794979078125 0.989171875 0.48246861875 0.993625 0.4794979078125
8 0.21770312500000003 0.575188284375 0.220734375 0.5867991625 0.22246875 0.6059205015625 0.219875 0.6169246859374999 0.22203124999999999 0.63200836875 0.22246875 0.638953975 0.22203124999999999 0.618096234375 0.22332812500000002 0.6065062765625 0.22723437500000002 0.6024476984375 0.28307812499999996 0.588535565625 0.290015625 0.5815690375 0.2960625 0.5775104609375 0.29953124999999997 0.5705648531249999 0.29693749999999997 0.5665062765625 0.297375 0.5612761500000001 0.29303124999999997 0.5601255234375 0.286546875 0.560711296875 0.280921875 0.5659205015625 0.27875 0.561861925 0.27918750000000003 0.5537447703125 0.27659375 0.5450418406249999 0.196921875 0.5531589953125 0.196921875 0.5572175734375 0.200828125 0.572866109375 0.202546875 0.57462343125 0.21121875 0.572866109375 0.21770312500000003 0.575188284375