8 0.3494166671875 0.20226562499999998 0.3655416671875 0.20478125 0.3695625 0.207296875 0.3695625 0.21032812500000003 0.33999999999999997 0.215375 0.3386666671875 0.22142187500000002 0.3487291671875 0.22746875000000003 0.3688958328125 0.2325 0.37225 0.23703124999999997 0.33999999999999997 0.24157812500000003 0.33999999999999997 0.248125 0.3460416671875 0.253171875 0.3688958328125 0.25770312500000003 0.3709166671875 0.25971875 0.3823333328125 0.26475 0.39375 0.266765625 0.3944375 0.26778124999999997 0.40316666718749994 0.2728125 0.41189583281250003 0.27131249999999996 0.4112291671875 0.262734375 0.4213125 0.26425 0.42400000000000004 0.262734375 0.43608333281249995 0.261234375 0.43541666718750005 0.258203125 0.44281249999999994 0.2551875 0.46699999999999997 0.24762499999999998 0.4676666671875 0.23603125 0.43674999999999997 0.234515625 0.43475 0.233 0.4387708328125 0.22896875 0.4649791671875 0.22142187500000002 0.4663333328125 0.20982812499999998 0.43541666718750005 0.20881249999999998 0.4333958328125 0.20579687500000002 0.4374375 0.20378124999999997 0.461625 0.19721875 0.4656458328125 0.18260937500000002 0.43475 0.183109375 0.4286875 0.18009375 0.4226458328125 0.177578125 0.41256250000000005 0.179078125 0.399125 0.174046875 0.383 0.18109375 0.3742708328125 0.183109375 0.3379791671875 0.189671875 0.3406666671875 0.19571875 0.3426875 0.20125 0.3494166671875 0.20226562499999998
9 0.47024999999999995 0.787921875 0.46687500000000004 0.77725 0.45677083281249997 0.77809375 0.4575208328125 0.7867968750000001 0.4537708328125 0.79128125 0.4537708328125 0.7971874999999999 0.45602083281250005 0.826125 0.471 0.82528125 0.471375 0.8238749999999999 0.4755 0.8092656249999999 0.47024999999999995 0.787921875
2 0.3271875 0.8416874999999999 0.3372708328125 0.84703125 0.3479583328125 0.846140625 0.358625 0.8447968749999999 0.3598125 0.83946875 0.3598125 0.831453125 0.3598125 0.8212187500000001 0.3598125 0.81365625 0.3592291671875 0.8043125 0.35685416718749996 0.802546875 0.34972916718749997 0.793640625 0.3437916671875 0.78653125 0.3171041671875 0.7851874999999999 0.2927916671875 0.785640625 0.272625 0.791859375 0.2625416671875 0.80209375 0.25187499999999996 0.8069843750000001 0.25187499999999996 0.815890625 0.2483125 0.8292343750000001 0.2506875 0.8367968749999999 0.2566041671875 0.848359375 0.2767708328125 0.8510312499999999 0.2862708328125 0.8452500000000001 0.3271875 0.8416874999999999
2 0.41672916718749997 0.820515625 0.4301875 0.820515625 0.43499999999999994 0.827375 0.44125 0.8270156249999999 0.44654166718750005 0.819796875 0.45375 0.8201562499999999 0.45904166718750006 0.8241250000000001 0.4676875 0.826296875 0.4729791671875 0.823046875 0.4744166671875 0.81403125 0.4744166671875 0.810421875 0.4744166671875 0.802859375 0.47202083281249996 0.795640625 0.4686458328125 0.786265625 0.4576041671875 0.7851874999999999 0.39895833281250004 0.7913125 0.3874166671875 0.808265625 0.3878958328125 0.818 0.41672916718749997 0.820515625
2 0.5090208328125 0.8105625 0.5086666671875 0.80840625 0.532375 0.8078749999999999 0.5341666671875 0.811109375 0.5384791671875 0.8078749999999999 0.5377708328125 0.79790625 0.5392083328124999 0.796828125 0.5377708328125 0.793859375 0.5348958328125 0.79359375 0.5316666671875 0.786046875 0.5061458328125 0.786046875 0.5022083328125 0.7949375 0.5003958328125 0.80840625 0.5014791671875 0.80921875 0.5036458328125 0.8105625 0.5090208328125 0.8105625
2 0.6677916671874999 0.8163750000000001 0.6704166671875 0.8179375 0.6761666671875 0.8163750000000001 0.6761666671875 0.8128437500000001 0.7085416671875 0.8132343750000001 0.7137708328125 0.815984375 0.7184791671874999 0.8148125 0.72475 0.811671875 0.7257916671875 0.8093281250000001 0.7236875 0.7944375 0.731 0.793265625 0.7294375 0.790515625 0.7226458328125 0.789734375 0.7210833328125 0.786203125 0.7153333328125 0.78071875 0.7069791671875 0.780328125 0.681375 0.78071875 0.6761666671875 0.7858125 0.6735416671875 0.79090625 0.6677916671874999 0.7975625 0.6677916671874999 0.797953125 0.6657083328125 0.8128437500000001 0.6677916671874999 0.8163750000000001
2 0.6422291671875 0.795875 0.6428333328125 0.801578125 0.6464791671875 0.8034062499999999 0.6519583328125 0.804328125 0.6553125 0.8034062499999999 0.6644375 0.8029531249999999 0.6680833328125 0.8022656250000001 0.6680833328125 0.798390625 0.6738541671875 0.791546875 0.6720416671875 0.788125 0.6686875 0.782203125 0.648 0.782203125 0.6455833328125 0.78425 0.6419166671875 0.78971875 0.6422291671875 0.795875
2 0.3584375 0.8056093750000001 0.356875 0.8311249999999999 0.3751875 0.831515625 0.3762291671875 0.837015625 0.3898541671875 0.8366250000000001 0.38933333281250004 0.811890625 0.37466666718749997 0.7816562499999999 0.3244166671875 0.7816562499999999 0.32179166718749996 0.787546875 0.323875 0.7879375 0.3406458328125 0.790296875 0.3584375 0.8056093750000001
2 0.4916666671875 0.8106875 0.4916666671875 0.80565625 0.4916666671875 0.799125 0.49031250000000004 0.79459375 0.4883125 0.7885625 0.4715416671875 0.7895625 0.47422916718749997 0.799625 0.4755625 0.8106875 0.4916666671875 0.8106875
2 0.5379166671875 0.79571875 0.5371458328125 0.797015625 0.5383125 0.804828125 0.5442916671875 0.80425 0.5462291671874999 0.8067187499999999 0.5471874999999999 0.808015625 0.5508541671875 0.8064218750000001 0.5510416671875 0.80425 0.5510416671875 0.7990468749999999 0.5496875 0.794125 0.5433333328125001 0.7863125 0.5315624999999999 0.7863125 0.5354166671875 0.794125 0.5377291671875 0.793984375 0.5379166671875 0.79571875
2 0.5714791671875 0.791703125 0.565375 0.787125 0.5473958328124999 0.787125 0.5459583328125001 0.78846875 0.5513541671875 0.795203125 0.5513541671875 0.8030156249999999 0.5689583328125 0.8032812500000001 0.5739791671875001 0.80409375 0.573625 0.798171875 0.5714791671875 0.791703125
8 0.562 0.7130468750000001 0.5723958328125 0.7115781250000001 0.579125 0.7103125 0.579125 0.698109375 0.5645208328125 0.69684375 0.5552708328125 0.697265625 0.5552708328125 0.7096875 0.562 0.7115781250000001 0.562 0.7130468750000001
8 0.8071666671875001 0.731171875 0.8077291671875001 0.751328125 0.8194791671875 0.75153125 0.8206041671875001 0.729484375 0.8071666671875001 0.731171875
8 0.3545625 0.764640625 0.3583541671875 0.758171875 0.3514583328125 0.7548125 0.3556041671875 0.7501562500000001 0.3518125 0.7478281250000001 0.3545625 0.744984375 0.3466458328125 0.740859375 0.3407708328125 0.74265625 0.34249999999999997 0.764640625 0.3490625 0.764640625 0.3545625 0.764640625
8 0.7588541671875 0.7306250000000001 0.7679375 0.73084375 0.7679375 0.7342500000000001 0.7594166671875 0.7353125 0.7597083328124999 0.738078125 0.7693541671874999 0.7389375 0.7687916671874999 0.7423437500000001 0.761125 0.7423437500000001 0.7605625 0.745328125 0.7685 0.746609375 0.7693541671874999 0.748953125 0.7747499999999999 0.7502187499999999 0.7747499999999999 0.7216875 0.773625 0.7208281249999999 0.7670833328125 0.7225312500000001 0.7662291671875 0.725734375 0.7574375 0.7261562500000001 0.7588541671875 0.7306250000000001
8 0.1477083328125 0.834796875 0.1393541671875 0.833625 0.14510416718750002 0.8089375000000001 0.1586875 0.7913125 0.1545 0.78346875 0.13727083281250002 0.779953125 0.12054166718749999 0.785828125 0.1215833328125 0.8038437500000001 0.13727083281250002 0.8069843750000001 0.1330833328125 0.832046875 0.1294166671875 0.832046875 0.1299583328125 0.845375 0.1315208328125 0.84771875 0.1492708328125 0.8465468749999999 0.1477083328125 0.834796875
8 0.5430833328125 0.669828125 0.5537708328125001 0.666546875 0.5532916671875 0.6483125000000001 0.5197499999999999 0.647953125 0.5192708328125 0.666546875 0.5187708328125 0.667640625 0.5348124999999999 0.670921875 0.5430833328125 0.669828125