8 0.35550000000000004 0.8723419203124999 0.33918750000000003 0.8331850109375001 0.20079687499999999 0.860515221875 0.184890625 0.8739812640625001 0.2533125 0.942107728125 0.28178125 0.9327166281249999 0.30434375 0.9100702578125001 0.355859375 0.9087587828125001 0.35550000000000004 0.8723419203124999
8 0.5675625 0.42831381718749995 0.5373593750000001 0.47154566718749996 0.569234375 0.4800936765625 0.564546875 0.4785948484375 0.58534375 0.4459016390625 0.58165625 0.43533957812499996 0.573265625 0.4358548015625 0.5675625 0.42831381718749995
9 0.48165625 0.2388290390625 0.4765625 0.2334894609375 0.47046875000000005 0.230444965625 0.456734375 0.2311943796875 0.4536875 0.23578454375 0.45775 0.24416861875 0.456734375 0.2555971890625 0.45165625 0.26093676875 0.451140625 0.26777517500000003 0.451140625 0.27463700156250004 0.45215625 0.2814988296875 0.45978125 0.29599531562500003 0.458265625 0.3081733015625 0.45928125 0.3142857140625 0.45775 0.3287587828125 0.456734375 0.3386651046875 0.44656250000000003 0.3561826703125 0.44910937500000003 0.36381732968749997 0.450640625 0.3927868859375 0.45725 0.432412178125 0.4618125 0.4362060890625 0.475046875 0.43011709531250003 0.46740624999999997 0.41487119375 0.47300000000000003 0.39583138125 0.479609375 0.4026932078125 0.48470312499999996 0.41487119375 0.49232812499999995 0.415644028125 0.5070781249999999 0.415644028125 0.516734375 0.40648711875 0.5192812499999999 0.36763466093749997 0.5192812499999999 0.35925058593750003 0.513171875 0.3455269328125 0.51215625 0.33714285781250003 0.5116562499999999 0.312740046875 0.50859375 0.2731147546875 0.497921875 0.24721311406250002 0.49945312499999994 0.2456908671875 0.49232812499999995 0.2403512875 0.48165625 0.2388290390625
9 0.43562500000000004 0.29723653437499997 0.432921875 0.312716628125 0.420359375 0.30934426249999997 0.404203125 0.305316159375 0.4033125 0.30934426249999997 0.40645312499999997 0.3227868859375 0.41587500000000005 0.3463466046875 0.4208125 0.3752459015625 0.41946874999999995 0.400819671875 0.42484374999999996 0.44653395781249994 0.42932812499999995 0.4983372359375 0.436515625 0.5393442625 0.45042187499999997 0.5232084312499999 0.449984375 0.5137939109375 0.4535625 0.49362997656249996 0.46164062499999997 0.49025761093750003 0.45804687499999996 0.4821779859375 0.45581250000000006 0.416276346875 0.43112500000000004 0.36449648749999997 0.43785937500000005 0.3584309140625 0.45267187499999995 0.3463466046875 0.45267187499999995 0.336252928125 0.455359375 0.320772834375 0.45581250000000006 0.31002341875 0.4585 0.297915690625 0.45042187499999997 0.282435596875 0.44818749999999996 0.274379390625 0.442796875 0.2609133484375 0.442796875 0.258243559375 0.43920312499999997 0.26967213125 0.43562500000000004 0.29723653437499997
9 0.355328125 0.80674473125 0.355328125 0.8494379390625 0.368828125 0.8808899296874999 0.33884375 0.903372365625 0.29685937500000004 0.9236065578125 0.284859375 0.9528103046874999 0.307359375 0.9662997656250001 0.33434375 0.9887587828125 0.44829687500000004 0.9887587828125 0.47678125 0.9460655734375001 0.47828125000000005 0.8516861828125 0.46178125000000003 0.8044964875 0.45428125 0.67416861875 0.45278124999999997 0.6516861828125 0.47528125 0.6224824359375 0.503765625 0.5730444968749999 0.52625 0.5213583140625 0.52925 0.47639344218749996 0.506765625 0.426955503125 0.47078125000000004 0.39325526875 0.46628125000000004 0.4494379390625 0.48128125 0.4876346609375 0.45878125000000003 0.505620609375 0.43629687500000003 0.5370726 0.421296875 0.40674473125 0.3973125 0.307868853125 0.3973125 0.24718969531249999 0.41231249999999997 0.2224824359375 0.443796875 0.19325526875000001 0.449796875 0.16629976562499998 0.46478125 0.1415690859375 0.45578124999999997 0.10786885312500001 0.44829687500000004 0.0808899296875 0.45278124999999997 0.040444965625 0.443796875 0.006744731249999999 0.33734375 0.00224824375 0.310359375 0.0561826703125 0.32084375 0.1213583140625 0.311859375 0.22695550312499999 0.272875 0.32583138125 0.265375 0.3820140515625 0.287859375 0.46517564375 0.286359375 0.6786416859375 0.33584375 0.7168618265625 0.352328125 0.759555034375 0.355328125 0.80674473125
9 0.199609375 0.49138173281249997 0.20596874999999998 0.47805620624999995 0.26309375 0.3619906328125 0.26309375 0.34484777499999997 0.24659375 0.337236534375 0.25801562499999997 0.32393442656250004 0.2694375 0.2268852453125 0.27578125 0.223067915625 0.2935625 0.2173770484375 0.2859375 0.2002341921875 0.2859375 0.1831147546875 0.250390625 0.16409836093750002 0.22754687499999998 0.1431615921875 0.18057812499999998 0.1526697890625 0.160265625 0.20784543281249998 0.153921875 0.259227165625 0.162796875 0.280163934375 0.16153125 0.31250585468750003 0.12979687499999998 0.41334894687499996 0.133609375 0.41716627656250005 0.179296875 0.449508196875 0.199609375 0.49138173281249997
9 0.12940625 0.389555034375 0.1363125 0.3730210765625 0.140453125 0.3523419203125 0.14320312500000001 0.34199063281250003 0.14871875 0.3295784546875 0.14871875 0.3192505859375 0.14320312500000001 0.2944262296875 0.14320312500000001 0.277892271875 0.14596875 0.263419203125 0.14596875 0.242740046875 0.14596875 0.217915690625 0.1390625 0.186908665625 0.13768750000000002 0.151756440625 0.12251562499999999 0.1310772828125 0.10734375 0.12281030468750001 0.075609375 0.12487119375 0.050765625 0.137283371875 0.025937500000000002 0.1682903984375 0.019046874999999998 0.217915690625 0.009390625 0.2282669796875 0.010765625 0.24688524531249997 0.01490625 0.28203747031250004 0.03559375 0.31098360625 0.0273125 0.3171896953125 0.01490625 0.33578454375 0.01628125 0.34613583124999997 0.0052499999999999995 0.393700234375 0.0038593750000000004 0.71421545625 0.008 0.71421545625 0.060421875 0.7328103046875001 0.1004375 0.7410772828125001 0.11560937499999999 0.73901639375 0.12251562499999999 0.736955503125 0.132171875 0.726604215625 0.151484375 0.7203981265625 0.157 0.7080093671875 0.16665625 0.6521779859375 0.1763125 0.6149414515625 0.199765625 0.6831850109375 0.20804687500000002 0.681124121875 0.235640625 0.6645667453125 0.21081249999999999 0.55290398125 0.21770312500000003 0.5384309140625 0.21218750000000003 0.5260421546875 0.1735625 0.43918032812499996 0.12665625 0.4081733015625 0.11837500000000001 0.4081733015625 0.125265625 0.3978220140625 0.12940625 0.389555034375
9 0.13804687499999999 0.162224825 0.14129687500000002 0.1855971890625 0.14259375000000002 0.2079859484375 0.153640625 0.2333021078125 0.14520312500000002 0.27030445 0.14975 0.2810304453125 0.1516875 0.3131615921875 0.14065624999999998 0.3326229515625 0.13674999999999998 0.357939109375 0.132203125 0.3871662765625 0.1283125 0.40177985937500005 0.13609374999999999 0.3959250578125 0.1484375 0.350163934375 0.157546875 0.32093676875 0.16209374999999998 0.30536299843750003 0.16143749999999998 0.28199063281250003 0.15818749999999998 0.27421545625 0.16014062499999998 0.243044496875 0.1549375 0.21871194374999997 0.15948437499999998 0.191428571875 0.16793750000000002 0.1690398125 0.178984375 0.1563700234375 0.173140625 0.13009367656249998 0.15948437499999998 0.10379391093749998 0.129609375 0.0989227171875 0.107515625 0.11060890000000001 0.106859375 0.12327868906249999 0.12506250000000002 0.138852459375 0.1335 0.144683840625 0.13804687499999999 0.162224825
9 0.6019687499999999 0.21557377031249997 0.602578125 0.22548009375000003 0.602578125 0.2461826703125 0.6031718749999999 0.2668852453125 0.6031718749999999 0.2821779859375 0.5989687499999999 0.300187353125 0.5989687499999999 0.3118735359375 0.604984375 0.3244730671875 0.610390625 0.3334894609375 0.616390625 0.3424824359375 0.621796875 0.35508196718749996 0.626 0.3685948484375 0.6314062500000001 0.3847775171875 0.633796875 0.4045901640625 0.6368125 0.3910772828125 0.6404062500000001 0.3244730671875 0.638 0.3019672125 0.63440625 0.28126463749999997 0.6211875 0.2668852453125 0.627796875 0.2587822015625 0.6193906250000001 0.2470726 0.6211875 0.24437939062499997 0.6235937500000001 0.2335831375 0.6235937500000001 0.21646369999999998 0.62059375 0.2011709609375 0.607984375 0.184964871875 0.5935625 0.1822716625 0.586359375 0.1894613578125 0.583359375 0.205667446875 0.58696875 0.20386416875000002 0.59596875 0.20386416875000002 0.6019687499999999 0.21557377031249997
9 0.8713749999999999 0.6447775171875 0.874109375 0.5354098359374999 0.8805 0.47386416875000004 0.8759375 0.43147540937500006 0.8686406249999999 0.40002341875 0.8658906249999999 0.3685948484375 0.87228125 0.3521779859375 0.8805 0.3179859484375 0.8823124999999999 0.2783372359375 0.878671875 0.2687822015625 0.87228125 0.24962529218750001 0.874109375 0.2400468390625 0.8795781249999999 0.1949414515625 0.84946875 0.1826229515625 0.83853125 0.1949414515625 0.8294062500000001 0.23320843125000001 0.834875 0.2578220140625 0.844921875 0.2578220140625 0.84765625 0.2783372359375 0.8412656249999999 0.3207259953125 0.8412656249999999 0.35901639375 0.83396875 0.41644028125 0.82484375 0.48208430937499996 0.8157187499999999 0.518992975 0.8239375000000001 0.6584543328125 0.813890625 0.7268384078125 0.844 0.735035128125 0.8512968750000001 0.711779859375 0.8713749999999999 0.6447775171875
9 0.764703125 0.42770491875000005 0.76725 0.44086651093749996 0.7705625 0.45522248281250005 0.773890625 0.46400468437500003 0.7760312500000001 0.50030445 0.786390625 0.50644028125 0.7877500000000001 0.5085011703125 0.790484375 0.545971896875 0.7897031250000001 0.561779859375 0.794390625 0.6109601875 0.7951718750000001 0.6209133484375 0.797328125 0.6337939109375 0.808265625 0.6399297421875 0.8152968749999999 0.63320843125 0.8143125 0.6206089 0.81509375 0.5784543328125 0.8156874999999999 0.5474238875 0.8154843749999999 0.5190398125 0.803375 0.49035128749999995 0.8057187499999999 0.473067915625 0.8059218749999999 0.4569789234375 0.8217343749999999 0.44526932031250005 0.824859375 0.42653395781250003 0.81275 0.39384074999999996 0.812171875 0.360468384375 0.8129531249999999 0.34672131093749997 0.816265625 0.33559718906249997 0.8117812499999999 0.30339578437500003 0.810796875 0.2934426234375 0.795953125 0.2948946140625 0.7852187500000001 0.2934426234375 0.784234375 0.28611241249999997 0.78834375 0.27030445 0.790484375 0.258899296875 0.7871718750000001 0.24805620625000002 0.7813125000000001 0.23985948437500001 0.766859375 0.23313817343749998 0.759046875 0.23840749374999998 0.7559218750000001 0.2548009375 0.758265625 0.2606557375 0.762171875 0.27615924999999997 0.765484375 0.287868853125 0.7701718750000001 0.3200702578125 0.770375 0.32974238906250003 0.770765625 0.3434894609375 0.77446875 0.3598829046875 0.77525 0.3793911 0.7735000000000001 0.4238875875 0.764703125 0.42770491875000005
9 0.53825 0.48088992968750005 0.5626584828125 0.503700234375 0.553234375 0.5236065578125 0.53675 0.5415690859375 0.563734375 0.7348243562500001 0.569734375 0.8629274 0.560734375 0.9460655734375001 0.572734375 0.959555034375 0.58621875 0.9236065578125 0.635703125 0.928079625 0.6132187499999999 0.8494379390625 0.59971875 0.638196721875 0.6057187500000001 0.5325761124999999 0.6477031249999999 0.5168618265625 0.6566875 0.4876346609375 0.6566875 0.48313817343750004 0.6396979171875 0.4846370015625 0.640203125 0.4516861828125 0.63195703125 0.4471896953125 0.639453125 0.434836065625 0.6387031249999999 0.41798594843750003 0.6012187499999999 0.303372365625 0.60421875 0.23145199062500002 0.59071875 0.2044964875 0.560734375 0.1887587828125 0.53975 0.2134894609375 0.52925 0.26967213125 0.53225 0.33482435625 0.51725 0.361803278125 0.51650390625 0.3741627640625 0.514265625 0.41124121718750006 0.5342526046875 0.4692818109375 0.543046875 0.47010304375 0.53825 0.48088992968750005
9 0.7304375000000001 0.69482435625 0.71759375 0.664355971875 0.7379374999999999 0.6146370015625 0.74434375 0.6322716625 0.753984375 0.6868149890625 0.7657499999999999 0.69482435625 0.79465625 0.6836065578125 0.8 0.670772834375 0.77753125 0.662740046875 0.771109375 0.6322716625 0.755046875 0.5600936765625 0.7604062500000001 0.5410070250000001 0.7646875 0.493395784375 0.775390625 0.48859484843749995 0.775390625 0.47414519843749997 0.7636093749999999 0.42604215468750006 0.7743125 0.42283372343750003 0.77003125 0.35386416875000004 0.7657499999999999 0.321779859375 0.753984375 0.259227165625 0.753984375 0.23836065624999997 0.759328125 0.22714285781250002 0.7614687499999999 0.22714285781250002 0.7636093749999999 0.2175175640625 0.7657499999999999 0.1966744734375 0.7646875 0.18063231875000002 0.755046875 0.1629742390625 0.741140625 0.1581733015625 0.7347187500000001 0.17901639375 0.7304375000000001 0.21430913281250003 0.722953125 0.23355971874999998 0.71653125 0.259227165625 0.70796875 0.29290398125 0.711171875 0.324988290625 0.705828125 0.44847775156249997 0.698328125 0.5351053859375 0.698328125 0.6104918031250001 0.678 0.6666276343749999 0.679078125 0.670772834375 0.688703125 0.6851990625 0.7304375000000001 0.69482435625
8 0.06453125 0.8266510531250001 0.06693750000000001 0.81098360625 0.08140625 0.79775175625 0.101484375 0.8097892265625 0.10790625000000001 0.808571428125 0.11756249999999999 0.795339578125 0.14728125 0.8013583140625 0.152109375 0.7929274000000001 0.1505 0.7555971890625 0.13282812500000002 0.7387353625 0.129609375 0.7218735359374999 0.109515625 0.7218735359374999 0.109515625 0.736323184375 0.08299999999999999 0.7471662765625 0.079796875 0.7604215453125 0.06371875 0.7712412171875 0.033187499999999995 0.8073770484375 0.04765625 0.813395784375 0.056499999999999995 0.8278454328124999 0.06453125 0.8266510531250001
9 0.4030625 0.29840749375 0.43543750000000003 0.3145667453125 0.442375 0.2579625296875 0.457796875 0.2579625296875 0.4539375 0.24988290468750002 0.4493125 0.2290866515625 0.44699999999999995 0.1805620609375 0.448546875 0.1736299765625 0.39845312499999996 0.24063231875 0.4030625 0.29840749375
8 0.468125 0.40407494218749995 0.46851562500000005 0.398243559375 0.47976562500000003 0.398243559375 0.48829687499999996 0.40522248281250006 0.4755 0.3657142859375 0.44990625 0.37674473124999996 0.46968750000000004 0.43196721250000003 0.468125 0.40407494218749995
8 0.516546875 0.66906323125 0.522671875 0.663067915625 0.521875 0.6510772828125 0.505875 0.646276346875 0.495203125 0.646276346875 0.481609375 0.6450819671875 0.48134375 0.646276346875 0.48267187500000003 0.6534660421875 0.493609375 0.6666510531250001 0.51334375 0.6694613578124999 0.516546875 0.66906323125
8 0.498625 0.56163934375 0.49976562500000005 0.5531615921874999 0.5105000000000001 0.5387587828125 0.51840625 0.533676815625 0.53028125 0.5285948484375 0.526328125 0.5057142859375 0.5217968749999999 0.497236534375 0.511625 0.5074238875 0.48845312500000004 0.5523185015625 0.49128125 0.5599531609375 0.498625 0.56163934375
9 0.510640625 0.25817330156249996 0.51471875 0.23978922656249999 0.51309375 0.2165105390625 0.507359375 0.2042622953125 0.486921875 0.207939109375 0.48120312500000006 0.23245901562500002 0.486109375 0.24224824374999998 0.506546875 0.263091334375 0.510640625 0.25817330156249996
9 0.4703125 0.2271662765625 0.475 0.2341920375 0.48125 0.2341920375 0.4859375 0.2131147546875 0.490625 0.20608899374999998 0.4953125 0.20608899374999998 0.4953125 0.2142857140625 0.5036458328125 0.21389539375000002 0.5046875 0.20608899374999998 0.5119791671875 0.213505075 0.5203125 0.2131147546875 0.52314453125 0.2286299765625 0.533203125 0.23770491875 0.534375 0.24355971875 0.5259765625 0.2441451984375 0.51875 0.2505854796875 0.5125 0.26229508125 0.509375 0.283372365625 0.5140625 0.320843090625 0.5125 0.341920375 0.5171875 0.3489461359375 0.525 0.3489461359375 0.53125 0.337236534375 0.528125 0.28571428593750003 0.5322916671875 0.257611240625 0.5404296875 0.23126463749999998 0.5693359375 0.20550351249999999 0.5671875 0.194379390625 0.5625 0.1814988296875 0.5704545453125001 0.1809665734375 0.5765625 0.19906323125 0.58125 0.1873536296875 0.64921875 0.1920374703125 0.6484375 0.20843091406249997 0.653125 0.215456675 0.6625 0.215456675 0.6671875 0.20608899374999998 0.66796875 0.1920374703125 0.7734375 0.1826697890625 0.7766826921875001 0.19419924375 0.775 0.2341920375 0.7890625 0.2552693203125 0.7890625 0.2669789234375 0.784375 0.28805620625 0.7859375 0.2950819671875 0.80625 0.2950819671875 0.8058894234375 0.2979643296875 0.8109375 0.2950819671875 0.8091346156249999 0.30949378437499997 0.8125 0.30913348906250004 0.815625 0.33255269374999996 0.8125 0.35597189687499997 0.8125 0.3817330203125 0.8140625 0.3981264640625 0.81875 0.41100702499999997 0.8109375 0.454332553125 0.80625 0.468384075 0.8046875 0.4894613578125 0.809375 0.49648711875 0.81875 0.49648711875 0.825 0.4800936765625 0.83046875 0.44145199062499996 0.821875 0.444964871875 0.8234375 0.4355971890625 0.8234375 0.4238875875 0.8322916671874999 0.428571428125 0.8359375 0.40281030468749995 0.8375 0.37002341875 0.840625 0.365339578125 0.8294270828125001 0.33255269374999996 0.8328125 0.31772053125 0.8421875 0.31615925 0.846875 0.27400468437500003 0.84375 0.2599531609375 0.834375 0.257611240625 0.8296875 0.2341920375 0.8328125 0.20843091406249997 0.83125 0.16627634687499998 0.8078125 0.1498829046875 0.79375 0.1498829046875 0.784375 0.16159250625 0.778125 0.16159250625 0.7734375 0.1686182671875 0.7701171875 0.1624707265625 0.6740234375 0.17300936718749998 0.66875 0.17798594843749999 0.6640625 0.1686182671875 0.6580078125 0.1747658078125 0.6546875 0.1686182671875 0.65 0.175644028125 0.5863636359375 0.179902065625 0.58125 0.17798594843749999 0.578409090625 0.1804343203125 0.5734375 0.16159250625 0.5453125 0.16159250625 0.5390625 0.1451990625 0.5296875 0.1451990625 0.51875 0.156908665625 0.51875 0.175644028125 0.5227272734375 0.184160103125 0.5147727265625 0.18469235625 0.509375 0.1826697890625 0.50681818125 0.1852246109375 0.50625 0.17798594843749999 0.49886363593749994 0.1857568671875 0.49609375 0.17798594843749999 0.49090909062500004 0.186289121875 0.4859375 0.17798594843749999 0.48295454531250004 0.186821375 0.475 0.1873536296875 0.4703125 0.194379390625 0.47864583281249995 0.21506635312500003 0.4703125 0.215456675 0.4703125 0.2271662765625