9 0.302483659375 0.27256535937500004 0.302483659375 0.3944771234375 0.3182843140625 0.520882353125 0.3340849671875 0.5344281046875 0.3566666671875 0.552483659375 0.3566666671875 0.620196078125 0.4266339875 0.6608333328125 0.53047385625 0.6337418296874999 0.496617646875 0.6156862750000001 0.46501634062499997 0.5931209156249999 0.453725490625 0.5795751640625 0.453725490625 0.5773202609375 0.453725490625 0.5637745093750001 0.46276143750000004 0.552483659375 0.48307189531250005 0.54797385625 0.5507843140625 0.5321732031249999 0.6049673203125 0.5186274515625 0.6207679734375 0.46444444375 0.598186275 0.4734803921875 0.564330065625 0.4576797390625 0.5507843140625 0.4463888890625 0.53047385625 0.441879084375 0.5259640515624999 0.43284313750000003 0.5440196078125 0.417042484375 0.4943627453125 0.29289215625 0.48307189531250005 0.28160130781250003 0.47629085 0.2703104578125 0.47629085 0.26354575156250004 0.47629085 0.2545098046875 0.4943627453125 0.23194444375 0.4988725484375 0.23194444375 0.5101633984375 0.2364542484375 0.5485294125 0.1755065359375 0.5485294125 0.14616013125 0.42888888906249995 0.13486928125 0.40857843125000004 0.1574509796875 0.3950326796875 0.1642156859375 0.3792320265625 0.1913071890625 0.302483659375 0.27256535937500004
9 0.727001634375 0.3816911765625 0.731647059375 0.37621241875 0.73521241875 0.38305555625 0.7365016343749999 0.3830490203125 0.746210784375 0.396722221875 0.7488725484375001 0.3967320265625 0.751065359375 0.4035588234375 0.7994689546875 0.47261437968750003 0.7844303328125 0.48791221093750003 0.7721241828125 0.46647058750000003 0.7434150328125 0.47740196093750004 0.6873529406250001 0.48013071875 0.68870915 0.507483659375 0.7037581703125 0.52116013125 0.7078594765624999 0.543039215625 0.7215359484375 0.54849673125 0.7543464046875 0.54849673125 0.774852940625 0.5553431375 0.8117728765625 0.55944444375 0.82134878125 0.5522370765625 0.82133986875 0.5608169937499999 0.8254508312500001 0.559384284375 0.8322794124999999 0.5642320265625 0.82955288125 0.566531490625 0.84185903125 0.5879731140625 0.8363888890625001 0.630539215625 0.82133986875 0.6332843140625 0.8040196078124999 0.645125271875 0.8063071890625 0.6551633984375 0.8309150328125 0.6633660124999999 0.844591503125 0.6674673203125 0.8555228765624999 0.6619934640625 0.8555228765624999 0.6510457515625 0.86236928125 0.62370915 0.8459610812499999 0.5951203203125 0.8432189546875 0.567647059375 0.86099673125 0.5703758171875 0.8678431375000001 0.5744771234375 0.8815032687500001 0.5758496734375 0.8924509796875 0.5758496734375 0.90202614375 0.5703758171875 0.915686275 0.5580718953125 0.92116013125 0.544395425 0.9293627453125 0.5416666671875 0.93620915 0.5334640515625 0.93620915 0.51978758125 0.943039215625 0.515686275 0.9539705875 0.5115849671875 0.9635457515624999 0.5047549015625 0.9635457515624999 0.485604575 0.95944444375 0.48013071875 0.9266339875 0.478774509375 0.907483659375 0.49655228749999997 0.90202614375 0.5061111109375 0.8910784312500001 0.5129575156249999 0.8774019609374999 0.5170588234375 0.85142156875 0.5348366015625 0.8377614375 0.5361928109375 0.8363888890625001 0.5279901953125 0.819983659375 0.508856209375 0.8042524515625 0.4797957515625 0.7625490203124999 0.39535947656250003 0.7803267968750001 0.3844281046875 0.7789542484374999 0.365277778125 0.7844281046875 0.35844771249999996 0.781699346875 0.3516013078125 0.78305555625 0.3379411765625 0.776225490625 0.331094771875 0.769395425 0.3146895421875 0.7680228765625 0.2982843140625 0.7256372546875001 0.281879084375 0.7023856203125 0.2982843140625 0.6928104578125 0.3215196078125 0.6976650328125 0.328356209375 0.6928104578125 0.333145425 0.6928104578125 0.3447712421875 0.68870915 0.38305555625 0.7023856203125 0.38305555625 0.71879085 0.38032679687500004 0.727001634375 0.3816911765625
8 0.78202614375 0.6612418296875 0.8292156859375 0.6365196078124999 0.8741503265624999 0.6140522875000001 0.8786437906250001 0.6117973859375 0.8808986921875 0.5938235296875 0.8674183 0.5758496734375 0.8224673203125 0.5623529406250001 0.7370751640625001 0.5466339875 0.6966339875 0.5398856203125 0.624722221875 0.528643790625 0.5550490203125 0.5308986921875001 0.5168464046875 0.5398856203125 0.48089869218750003 0.5578594765625 0.4561764703125 0.5691013078125 0.4719117640625 0.609542484375 0.48764705937499997 0.6117973859375 0.4674183 0.5938235296875 0.5438235296875 0.6455065359375001 0.6044934640624999 0.674722221875 0.660669934375 0.6792156859375 0.78202614375 0.6612418296875
8 0.6713071890625 0.8055882359375 0.6775817 0.8114705875 0.6846241828124999 0.81263071875 0.6901143796875 0.8102941171875001 0.69599673125 0.8095098046875 0.705 0.8134150328124999 0.7136274515625 0.81107843125 0.7155882359375 0.8044117640625 0.715196078125 0.7969607843750001 0.71323529375 0.7883496734375 0.706568628125 0.77620915 0.6901143796875 0.7687581703124999 0.672091503125 0.769934640625 0.6575980390625 0.77620915 0.650147059375 0.7946241828125 0.658382353125 0.8095098046875 0.662303921875 0.8095098046875 0.6666013078125 0.8075490203125 0.6713071890625 0.8055882359375
8 0.66176470625 0.75513071875 0.6524509796875 0.7524673203125001 0.6391339875 0.7515849671875 0.6293627453124999 0.7471405234375 0.6200490203125 0.7449182999999999 0.6151633984375 0.7440359484375 0.6107189546875 0.745800653125 0.60805555625 0.749803921875 0.6058333328125001 0.7533496734375 0.6049509796875 0.756013071875 0.6164869281249999 0.7569117640624999 0.62271241875 0.7608986921875001 0.6275817 0.7666666671875 0.6324673203125 0.7733333328125 0.637352940625 0.77866013125 0.65289215625 0.7773202609375 0.6591013078125 0.773774509375 0.6635457515625001 0.7635620921874999 0.66176470625 0.75513071875
8 0.5620098046875001 0.708513071875 0.559983659375 0.709330065625 0.5580718953125 0.70978758125 0.5549019609375 0.7098856203125 0.5532189546875 0.71039215625 0.55150326875 0.711830065625 0.5477777781250001 0.7140849671875 0.5458333328125 0.7149509796875 0.5453921562499999 0.7167810453125 0.54452614375 0.7200326796875001 0.5441013078125 0.7240359484375001 0.5442156859375 0.7257679734375 0.545620915625 0.7254411765625 0.5465849671874999 0.72521241875 0.5489705875 0.72392156875 0.5523202609375 0.7190522875 0.5550326796875 0.7159150328125 0.560539215625 0.7137581703125 0.564330065625 0.7137581703125 0.5669281046875 0.7160294125 0.5677941171875001 0.716568628125 0.5688725484375 0.71331699375 0.56952614375 0.7101797390625 0.5710294124999999 0.7091013078125 0.573300653125 0.7084477125 0.5743790843750001 0.7078267968749999 0.5705882359375 0.70728758125 0.566274509375 0.706960784375 0.56400326875 0.706960784375 0.5620098046875001 0.708513071875
8 0.764934640625 0.810669934375 0.7709477125 0.8128594765624999 0.7753267968750001 0.81120915 0.7796895421875 0.8101143796875 0.784068628125 0.8090196078125 0.7873366015625 0.8101143796875 0.7895261437500001 0.810669934375 0.79607843125 0.8095751640625 0.7971732031250001 0.8041013078124999 0.7977287578125 0.798104575 0.79607843125 0.7904411765625 0.7933496734375 0.784983659375 0.788431371875 0.7762418296875 0.7796895421875 0.7707843140625 0.772042484375 0.7696895421875001 0.756748365625 0.7696895421875001 0.746356209375 0.7767810453124999 0.7408986921875 0.78607843125 0.73870915 0.79099673125 0.73870915 0.8013725484374999 0.7436274515625 0.81176470625 0.7545588234375 0.810669934375 0.7572875812500001 0.8101143796875 0.764934640625 0.810669934375
8 0.7727941171875 0.7453594765625 0.775604575 0.764460784375 0.7837581703125001 0.7594117640625 0.7961111109375001 0.75323529375 0.81129085 0.7419934640625 0.8076307187499999 0.720931371875 0.7941503265625001 0.711094771875 0.775882353125 0.7063235296875 0.7626797390625 0.7066013078125 0.7567810453125 0.71194444375 0.75763071875 0.725147059375 0.758186275 0.7257026140625 0.76521241875 0.72823529375 0.7727941171875 0.7453594765625
8 0.607303921875 0.7582843140625 0.6027941171875 0.756356209375 0.584722221875 0.7705555562499999 0.5834313718749999 0.7925 0.588594771875 0.7989379078125001 0.6008496734375 0.798300653125 0.608594771875 0.8053921562499999 0.6208496734375 0.8015196078125 0.6253758171875 0.8015196078125 0.6357026140625 0.7944281046875 0.63633986875 0.776356209375 0.6221405234375 0.7595751640625 0.607303921875 0.7582843140625
8 0.4609803921875 0.6633660124999999 0.44535947656249997 0.6599673203124999 0.4297549015625 0.664722221875 0.41210784375 0.67694444375 0.40735294062499994 0.6871241828125 0.40735294062499994 0.7007026140625 0.41413398749999997 0.707483659375 0.4283986921875 0.7081699343750001 0.4636928109375 0.6945915031250001 0.4677614375 0.681699346875 0.4609803921875 0.6633660124999999
8 0.34199346406250003 0.6699673203125001 0.3435294125 0.6681372546875 0.3459640515625 0.6629411765625 0.3484150328125 0.6574509796875 0.353594771875 0.652565359375 0.363986928125 0.644934640625 0.3694771234375 0.641879084375 0.37008169999999996 0.6397385625 0.37008169999999996 0.63668300625 0.36885620937499997 0.6339379078125 0.367647059375 0.631813725 0.3649019609375 0.6287581703125 0.3591013078125 0.626617646875 0.35421568593749997 0.62478758125 0.3477941171875 0.6250980390625 0.3407843140625 0.626617646875 0.3361928109375 0.6287581703125 0.3294771234375 0.631813725 0.3261274515625 0.63547385625 0.32307189531249997 0.6409640515625 0.31849673125 0.6479901953125 0.316960784375 0.6583660124999999 0.32215686250000003 0.665686275 0.32735294062500003 0.6681372546875 0.34199346406250003 0.6699673203125001
8 0.359330065625 0.7114379078125 0.3522058828125 0.7090522874999999 0.3438888890625 0.7084640515625 0.3361764703125 0.7090522874999999 0.3296405234375 0.7108496734374999 0.31539215625 0.7191503265625 0.3070751640625 0.72805555625 0.362303921875 0.7215359484375 0.362303921875 0.7161928109375 0.359330065625 0.7114379078125
8 0.4292810453125 0.6553267968750001 0.4148856203125 0.6490359484375 0.4076797390625 0.6481372546874999 0.37978758125 0.6661274515625 0.37527777812499996 0.6850326796874999 0.399591503125 0.7021405234375 0.405882353125 0.7012418296875 0.41218954218750004 0.6778431375 0.43289215625 0.664330065625 0.43109477187499995 0.6598366015625 0.4292810453125 0.6553267968750001
8 0.8413888890625 0.7826960781250001 0.8452124187500001 0.7876143796874999 0.8534150328125 0.783251634375 0.8555882359375 0.7783333328125 0.8583333328125 0.771225490625 0.8594117640625001 0.7668627453125 0.8550490203125 0.757565359375 0.85013071875 0.7482843140625 0.8441176468749999 0.7411764703125 0.8370098046875001 0.7384477125 0.8293627453125 0.7362581703125 0.8200817 0.7357026140625 0.8162581703124999 0.737352940625 0.813513071875 0.73952614375 0.8091503265625001 0.7428104578125 0.806960784375 0.752647059375 0.823905228125 0.757565359375 0.8353758171875001 0.7663071890625 0.839199346875 0.7734150328125 0.8413888890625 0.7826960781250001
8 0.93771241875 0.8106535953125 0.9720751640625 0.7728594765625 0.9634803921874999 0.735065359375 0.88444444375 0.674934640625 0.8002614375 0.6491503265625 0.7813562093749999 0.662908496875 0.6576633984375 0.6800817 0.5631535953125 0.662908496875 0.52021241875 0.6371241828125 0.4549183 0.6336928109375 0.42570261406250004 0.647434640625 0.44289215625 0.6577450984375 0.47382352968749997 0.6732026140625 0.47725490156249994 0.6972712421875 0.5425490203125001 0.6903921562499999 0.5391013078125 0.7213235296875 0.5184967312500001 0.7934803921875 0.5099019609375001 0.8003431375 0.5700326796875 0.8226797390625 0.7126307187500001 0.8467320265625 0.817434640625 0.8484640515624999 0.93771241875 0.8106535953125
8 0.7635457515625 0.703169934375 0.7589379078125 0.6908986921875 0.7456372546875001 0.6852614375 0.7313071890625 0.6919281046875 0.726699346875 0.69805555625 0.72210784375 0.707777778125 0.723120915625 0.7164869281249999 0.72823529375 0.7287581703125 0.734379084375 0.7328594765625 0.7441013078125 0.7205718953125 0.7538235296875 0.7190359484375 0.756895425 0.7098366015625001 0.7635457515625 0.703169934375
8 0.60133986875 0.7405228765625 0.606274509375 0.7405228765625 0.6111928109375 0.7405228765625 0.6151307187499999 0.73805555625 0.6170915031249999 0.735604575 0.6180718953125 0.7321568625 0.6175817 0.7247712421875 0.6136437906250001 0.7213235296875 0.6092156859375 0.7168954249999999 0.6057679734375 0.711486928125 0.60478758125 0.706568628125 0.60478758125 0.6996732031249999 0.6023366015625 0.6972058828125001 0.5949509796875 0.6947549015625001 0.587565359375 0.6947549015625001 0.5801797390625001 0.69918300625 0.5752614375 0.7036111109375 0.572303921875 0.706568628125 0.5693627453125 0.716405228125 0.5688725484375 0.7188725484375 0.57379085 0.7301797390625 0.575751634375 0.7341176468749999 0.576748365625 0.736094771875 0.586094771875 0.7405228765625 0.5939705875 0.7405228765625 0.5974019609375001 0.7405228765625 0.60133986875 0.7405228765625
8 0.2140522875 0.7271241828125 0.20751634062500002 0.73366013125 0.2029114671875 0.7284610812500001 0.1928104578125 0.740196078125 0.1928104578125 0.75 0.20098039218750002 0.7565359484374999 0.20915032656250002 0.7565359484374999 0.2205882359375 0.7483660125 0.23856209218750002 0.7483660125 0.2467320265625 0.740196078125 0.2467320265625 0.73366013125 0.241830065625 0.7271241828125 0.2516339875 0.722222221875 0.259803921875 0.73039215625 0.26797385625 0.73366013125 0.276143790625 0.73202614375 0.2892156859375 0.740196078125 0.3006535953125 0.7385620921875 0.30882352968750004 0.73202614375 0.313725490625 0.73202614375 0.3169934640625 0.7352941171875 0.3349673203125 0.7385620921875 0.33823529375 0.741830065625 0.3447712421875 0.741830065625 0.349673203125 0.7450980390625 0.364379084375 0.7450980390625 0.3692810453125 0.7369281046875 0.3692810453125 0.73202614375 0.364379084375 0.7254901953124999 0.3709150328125 0.6944444437499999 0.37581699375 0.686274509375 0.3807189546875 0.6911764703125 0.37745097968749997 0.678104575 0.37826797343749996 0.670751634375 0.382352940625 0.6650326796875 0.3864923734375 0.6714596937499999 0.44406318125000005 0.676416121875 0.4983660125 0.7009803921875 0.5 0.705882353125 0.508169934375 0.7140522875 0.51633986875 0.7173202609375 0.51633986875 0.7205882359375 0.509803921875 0.7254901953124999 0.509803921875 0.7369281046875 0.51797385625 0.75 0.5212418296875 0.7745098046875001 0.534313725 0.794117646875 0.5408496734375 0.8006535953125 0.55392156875 0.8055555562500001 0.5669934640625 0.8039215687500001 0.578431371875 0.795751634375 0.5849673203125 0.7973856203125 0.5849673203125 0.7712418296875 0.58986928125 0.76797385625 0.59150326875 0.7516339875 0.6127450984375 0.7450980390625 0.6127450984375 0.740196078125 0.616013071875 0.7385620921875 0.6274509796875 0.7467320265625 0.6405228765625 0.7532679734375 0.6503267968750001 0.7532679734375 0.6503267968750001 0.777777778125 0.6372549015625 0.7794117640625 0.649653978125 0.7865244140625001 0.6274509796875 0.8006535953125 0.6323529406249999 0.8088235296875 0.6405228765625 0.810457515625 0.6470588234375 0.8071895421875 0.6568627453125 0.777777778125 0.66368704375 0.7772971921875 0.6633986921874999 0.7712418296875 0.670703575 0.7726835828125 0.671568628125 0.76960784375 0.6911764703125 0.76960784375 0.705882353125 0.776143790625 0.7140522875 0.792483659375 0.7107843140625 0.813725490625 0.7189542484375 0.8218954249999999 0.7271241828125 0.8251633984375 0.7385620921875 0.8235294124999999 0.7434640515625001 0.812091503125 0.7483660125 0.812091503125 0.7483660125 0.8153594765625 0.762687428125 0.789696271875 0.789856465625 0.8080225562500001 0.7973856203125 0.810457515625 0.7966487250000001 0.8126041265625 0.8039215687500001 0.813725490625 0.803440984375 0.8171856984374999 0.8374022812499999 0.8400935546875001 0.9455337703125 0.922657953125 0.9444444437499999 0.9411764703125 0.9493464046875 0.9477124187499999 0.957516340625 0.9493464046875 0.9640522875 0.9460784312499999 0.9673202609375 0.939542484375 0.9689542484375 0.918300653125 0.9624183000000001 0.91013071875 0.9509803921875 0.91013071875 0.9460784312499999 0.9133986921874999 0.844194540625 0.8446751234375001 0.8218954249999999 0.810457515625 0.83823529375 0.8022875812500001 0.846405228125 0.792483659375 0.846405228125 0.7875816999999999 0.84150326875 0.784313725 0.8349673203125001 0.76633986875 0.8202614374999999 0.7565359484374999 0.810457515625 0.7549019609375 0.8039215687500001 0.7483660125 0.8218954249999999 0.73202614375 0.8218954249999999 0.7205882359375 0.8153594765625 0.7009803921875 0.8055555562500001 0.6911764703125 0.8022875812500001 0.6911764703125 0.7973856203125 0.686274509375 0.792483659375 0.686274509375 0.7875816999999999 0.6797385625000001 0.7826797390625 0.6797385625000001 0.777777778125 0.6748366015625 0.7712418296875 0.6748366015625 0.76633986875 0.669934640625 0.678104575 0.669934640625 0.668300653125 0.678104575 0.65849673125 0.678104575 0.64379085 0.6830065359375 0.633986928125 0.668300653125 0.6274509796875 0.6650326796875 0.6127450984375 0.6650326796875 0.6029411765625 0.6732026140625 0.5996732031249999 0.6797385625000001 0.5588235296875 0.680419390625 0.55392156875 0.6732026140625 0.5506535953125 0.6805555562500001 0.542483659375 0.6806917203125 0.5454248359375 0.6732026140625 0.5369281046875 0.6732026140625 0.534313725 0.6808278875 0.526143790625 0.6809640515625001 0.528431371875 0.6732026140625 0.519934640625 0.6732026140625 0.51797385625 0.6811002171875 0.5114379078125 0.6732026140625 0.509803921875 0.681236384375 0.5016339875 0.6813725484375001 0.4983660125 0.687908496875 0.49340958593749995 0.6806644890625 0.45228758124999996 0.6771241828125001 0.3986928109375 0.6552287578125 0.40032679687500006 0.6486928109375001 0.3905228765625 0.6323529406249999 0.3790849671875 0.6323529406249999 0.348039215625 0.65849673125 0.353594771875 0.6686274515624999 0.3453703703125 0.667919390625 0.3431372546875 0.669934640625 0.33714596874999997 0.667211328125 0.33169934687499997 0.669934640625 0.32892156875 0.66650326875 0.3235294125 0.6732026140625 0.32069716875 0.6657952078125 0.2795751640625 0.6622549015625 0.26960784375 0.6552287578125 0.2713507625 0.6615468421874999 0.26312636093749997 0.6608387796875 0.259803921875 0.6552287578125 0.2549019609375 0.66013071875 0.2559912859375 0.668300653125 0.2497029125 0.6669637546875 0.208110515625 0.7216280453125 0.2140522875 0.7271241828125