7 0.8145312499999999 0.8905868546875 0.8532500000000001 0.8570422531249999 0.888984375 0.776502346875 0.90090625 0.7138732390625 0.897921875 0.628849765625 0.8875 0.577394365625 0.868140625 0.5281690140624999 0.83240625 0.4700234734375 0.859203125 0.44988262968750004 0.8577187500000001 0.44316901406250003 0.8338906250000001 0.4073708921875 0.79815625 0.378286384375 0.7430625 0.35591549218749996 0.698390625 0.35591549218749996 0.68646875 0.35591549218749996 0.68646875 0.3313145546875 0.641796875 0.19483568125 0.64328125 0.18589201875 0.628390625 0.1657746484375 0.620953125 0.15009389687500002 0.620953125 0.14340375625 0.625421875 0.136690140625 0.628390625 0.1187793421875 0.625421875 0.1165492953125 0.61796875 0.1299765265625 0.612015625 0.1299765265625 0.6075468749999999 0.1254929578125 0.597125 0.14115023437500002 0.597125 0.14340375625 0.574796875 0.1590610328125 0.57628125 0.14786385 0.568828125 0.14340375625 0.5658593749999999 0.136690140625 0.561390625 0.1344366203125 0.5435156250000001 0.14563380312500002 0.5465 0.15009389687500002 0.518203125 0.1702347421875 0.5137343750000001 0.1680046953125 0.5137343750000001 0.1590610328125 0.504796875 0.15009389687500002 0.504796875 0.1344366203125 0.497359375 0.1277230046875 0.49437499999999995 0.14115023437500002 0.48842187499999995 0.1568075125 0.48395312500000004 0.14786385 0.4184375 0.174718309375 0.4184375 0.1903755875 0.4184375 0.2038028171875 0.42737499999999995 0.212746478125 0.43184374999999997 0.212746478125 0.49140625 0.18589201875 0.497359375 0.183661971875 0.509265625 0.183661971875 0.509265625 0.1903755875 0.5077812500000001 0.2082629109375 0.51671875 0.2239201875 0.5018281250000001 0.217230046875 0.48990625000000004 0.217230046875 0.48098437499999996 0.2239201875 0.47800000000000004 0.22840375625 0.47651562500000005 0.22617370937499998 0.46459374999999997 0.21946009375000003 0.463109375 0.212746478125 0.45715625 0.2082629109375 0.449703125 0.21497652656250002 0.451203125 0.22169014062499998 0.449703125 0.22840375625 0.442265625 0.23288732343750002 0.44375 0.2373474171875 0.39759375 0.24629107968750003 0.4020625 0.22840375625 0.39759375 0.2239201875 0.358875 0.192605634375 0.34695312500000003 0.174718309375 0.32610937500000003 0.1612910796875 0.30228125 0.1590610328125 0.262078125 0.1612910796875 0.253140625 0.1635211265625 0.25017187500000004 0.1724647890625 0.1623125 0.14340375625 0.12359374999999999 0.1612910796875 0.10423437499999999 0.1568075125 0.08785937499999999 0.1657746484375 0.067015625 0.1680046953125 0.06403125 0.174718309375 0.058078125 0.183661971875 0.056578125 0.1970892015625 0.050624999999999996 0.19483568125 0.043187500000000004 0.259718309375 0.052125 0.26866197187499996 0.043187500000000004 0.36039906093749996 0.043187500000000004 0.3693427234375 0.07146875 0.382769953125 0.07296875 0.420798121875 0.083390625 0.45659624374999996 0.03871875 0.41631455468749995 0.035734375 0.4275117375 0.03871875 0.47448356875000003 0.069984375 0.4767370890625 0.096796875 0.503568075 0.129546875 0.557253521875 0.156359375 0.577394365625 0.186140625 0.586338028125 0.20400000000000001 0.5796244125000001 0.21442187499999998 0.577394365625 0.26356250000000003 0.6019953046875 0.26803125 0.5997652578125 0.291859375 0.6981924875 0.29334375 0.695962440625 0.2814375 0.610962440625 0.28590625 0.6154225359375001 0.3156875 0.6422769953125 0.314203125 0.6534507046875 0.32909375 0.6601643187499999 0.33653125 0.6534507046875 0.351421875 0.6691314546875 0.390140625 0.671361503125 0.412484375 0.671361503125 0.425875 0.6825352109375 0.437796875 0.6847887328125 0.437796875 0.6803051640625 0.46459374999999997 0.67359155 0.49437499999999995 0.6400469484375 0.49140625 0.6131924875 0.49437499999999995 0.6087089203125 0.51225 0.5975352109375 0.530125 0.5796244125000001 0.536078125 0.57516431875 0.531609375 0.655704225 0.531609375 0.70267605625 0.518203125 0.7205633796875001 0.5196875000000001 0.7272769953125 0.534578125 0.7250469484375001 0.539046875 0.74518779375 0.55096875 0.7339906109375 0.568828125 0.7228169015625 0.573296875 0.7205633796875001 0.591171875 0.776502346875 0.6239375 0.8324413140625 0.6388281250000001 0.8570422531249999 0.699875 0.9017840375 0.726671875 0.9062676062499999 0.762421875 0.908497653125 0.8145312499999999 0.8905868546875
9 0.8052376640625001 0.5302495687500001 0.7969375000000001 0.5653521125000001 0.8012343749999999 0.5750234734374999 0.804453125 0.5476291078125 0.8077212171875001 0.5414430453125 0.8102047703125 0.552636521875 0.8124921875 0.55730046875 0.8151718750000001 0.5750234734374999 0.8205312499999999 0.56697183125 0.8698750000000001 0.534741784375 0.8648697921874999 0.5239984343749999 0.8698750000000001 0.520645540625 0.8698750000000001 0.47835680781249995 0.884890625 0.41389671406249995 0.888109375 0.3671830984375 0.88703125 0.2995070421875 0.9213437499999999 0.239906103125 0.928859375 0.1915727703125 0.90740625 0.14805164375 0.8559218749999999 0.1271126765625 0.8108906250000001 0.1303286390625 0.7926562500000001 0.1464553984375 0.766921875 0.1931690140625 0.7645078125 0.20444835625 0.7572656249999999 0.238286384375 0.75834375 0.3575117375 0.7679843749999999 0.36234741718749996 0.8052376640625001 0.5302495687500001
9 0.750890625 0.19774647812499999 0.7718281250000001 0.14830985937500002 0.770328125 0.078661971875 0.76734375 0.0067370890625 0.6760937499999999 0.002253521875 0.6760937499999999 0.024718309375 0.6760937499999999 0.09661971875 0.6641250000000001 0.17302816875 0.683578125 0.3550469484375 0.752375 0.3528169015625 0.749390625 0.3303286390625 0.750890625 0.19774647812499999
9 0.39637500000000003 0.1136854453125 0.395390625 0.14185445937500002 0.41809375 0.14481220625 0.42303125 0.15518779375 0.4245078125 0.1692723 0.42993750000000003 0.171502346875 0.42598437499999997 0.1833568078125 0.42894791718749997 0.1848435046875 0.4264765625 0.1974413140625 0.43565624999999997 0.19813967187499998 0.44045833281249996 0.2058489828125 0.42696875 0.21152582187500002 0.42303125 0.24267605625000002 0.48618750000000005 0.2204225359375 0.48470312499999996 0.20633802812500002 0.47466666718750006 0.1949726125 0.48321875 0.192253521875 0.472225446875 0.1619785375 0.489140625 0.1581690140625 0.494078125 0.1507511734375 0.49803125000000004 0.1403755875 0.508875 0.1537089203125 0.52171875 0.14481220625 0.524671875 0.1240610328125 0.52171875 0.091431925 0.508875 0.0439906109375 0.49190625 0.041713615625 0.49940625 0.0208568078125 0.507890625 0.0232394359375 0.50315625 0.010428403125000001 0.50690625 0 0.38453125 0.0069248828125 0.391453125 0.07809859218750001 0.395390625 0.092934271875 0.39637500000000003 0.1136854453125
9 0.2609375 0.0198591546875 0.2593196015625 0.029172003125000002 0.2609375 0.030469482812499997 0.260284090625 0.041034996875 0.26124857968750004 0.0528979921875 0.25992187499999997 0.056267606250000005 0.26221306875 0.064760990625 0.2604296875 0.07295774687499999 0.26317755625 0.0766239859375 0.26414204531249996 0.0884869828125 0.2609375 0.0896478875 0.265106534375 0.10034997812499999 0.2632109375 0.105962440625 0.2660710234375 0.1122129734375 0.265484375 0.1222769953125 0.2670355109375 0.124075971875 0.268765625 0.1332746484375 0.268 0.1359389671875 0.272046875 0.1442723 0.2689644890625 0.1478019625 0.27053125 0.16248826249999998 0.272546875 0.1632629109375 0.270893465625 0.17152795468749998 0.278609375 0.266431925 0.28415625 0.26795774687499996 0.2864375 0.252406103125 0.29528125 0.2520187796875 0.298296875 0.266431925 0.3175 0.26568075156250004 0.3061328125 0.249741784375 0.3333984375 0.24518779375 0.329609375 0.2611267609375 0.3493125 0.2580985921875 0.34981249999999997 0.2429107984375 0.35890625 0.18981220625 0.35890625 0.18373239375 0.353859375 0.18032863906250002 0.3488125 0.1708450703125 0.360421875 0.17197183124999998 0.36193749999999997 0.1602112671875 0.3675 0.13746478906249998 0.37809375 0.103309859375 0.37960937499999997 0.069929578125 0.37809375 0 0.255375 0.00011737031250000001 0.257390625 0.005446009375 0.2583551140625 0.017309004687499997 0.2609375 0.0198591546875
9 0.9961718749999999 0.5623474171875 1 0.5124647890625 0.9991875 0.2607746484375 0.9976875 0.1179107984375 0.9991875 0.0453521125 0.99315625 0.0045305171875 0.9569375000000001 0.0090610328125 0.9629687499999999 0.0498826296875 0.969 0.108849765625 0.959953125 0.1632629109375 0.9569375000000001 0.199553990625 0.94184375 0.2766431921875 0.9554218750000001 0.3061267609375 0.97353125 0.30838028125 0.9780625000000001 0.34239436562500003 0.969 0.3968309859375 0.947875 0.4807277 0.9448593750000001 0.5079342718750001 0.9508906250000001 0.5351408453125 0.949390625 0.5623474171875 0.9388125 0.6213145546875001 0.92675 0.6145070421875001 0.8965624999999999 0.6349295781250001 0.90259375 0.6984037562500001 0.9388125 0.7120187796875 0.979578125 0.7052112671875 0.965984375 0.6507981218750001 0.987125 0.598638496875 0.9961718749999999 0.5623474171875
9 0.09365625 0.0543091875 0.086203125 0.072582159375 0.08809375 0.0816666671875 0.086203125 0.1049765265625 0.1042828125 0.1561830984375 0.100953125 0.1669248828125 0.100953125 0.17657277031250002 0.10209375000000001 0.1777230046875 0.1123125 0.172605634375 0.11003125 0.160093896875 0.1134375 0.149295775 0.1076125 0.1454413140625 0.11249218750000001 0.1325352109375 0.114271875 0.12395774687500001 0.111546875 0.1157746484375 0.118359375 0.112934271875 0.12093125 0.102474178125 0.1270625 0.1169014078125 0.135765625 0.09018779375 0.127590625 0.0809906109375 0.1335 0.072582159375 0.1309203125 0.0702488265625 0.13425 0.059507042187500005 0.13159375 0.050985915625 0.13084374999999998 0.026525821875 0.1274375 0.011197182812500001 0.119109375 0.0032394359375 0.119109375 0 0.089984375 0.00039906093749999996 0.08695312499999999 0.0043661968750000005 0.0835625 0.014037559375 0.077875 0.053826290624999995 0.08053125 0.05894366250000001 0.085765625 0.054067739062499995 0.09365625 0.0543091875
9 0.152078125 0.0092488265625 0.131640625 0.083145540625 0.134953125 0.0947652578125 0.12998437499999999 0.10802816875000001 0.12390625 0.1354225359375 0.12887500000000002 0.157840375 0.152078125 0.1570187796875 0.155953125 0.1511971828125 0.15815625 0.1404225359375 0.169765625 0.11302816874999999 0.17528125 0.0955868546875 0.179234375 0.10305164375 0.18509375 0.1549530515625 0.221875 0.164295775 0.21875 0.13208920156249998 0.220375 0.039413145312499995 0.226375 0.005633803125 0.228328125 0.0009624406250000001 0.154296875 0.00011737031250000001 0.152078125 0.0092488265625
9 0.872109375 0.0690610328125 0.8732031250000001 0.07819248749999999 0.882046875 0.0765492953125 0.8875781249999999 0.052464789062499996 0.8881249999999999 0.048309859375 0.8914375 0.086502346875 0.8925468750000001 0.1155633796875 0.8925468750000001 0.1396244125 0.8953125 0.14544600937500002 0.9058125 0.1529107984375 0.9085625 0.1529107984375 0.9190625000000001 0.10892018750000002 0.930125 0.05910798125 0.933984375 0.0425117375 0.9400625 0.0292253515625 0.94725 0.0192723 0.9555312499999999 0.0043192484375 0.95609375 0.0018309859375000002 0.8776249999999999 0.0076525828125 0.8710000000000001 0.0375352109375 0.8710000000000001 0.050821596875 0.872109375 0.05910798125 0.872109375 0.0690610328125
9 0.55696875 0.12922535156249998 0.576703125 0.144037559375 0.58065625 0.1588732390625 0.59940625 0.1321830984375 0.614203125 0.12626760625 0.63196875 0.12180751249999999 0.621109375 0.1514553984375 0.657625 0.20779342656250002 0.657625 0.13960093906249998 0.654671875 0.1069953046875 0.6586093749999999 0.08769953124999999 0.675390625 0.08178403749999999 0.6793437499999999 0.044718309375 0.677359375 0.0076525828125 0.663546875 0.04767605625 0.6517031249999999 0.04767605625 0.65071875 0.001713615625 0.5589375000000001 0.001713615625 0.562890625 0.0536150234375 0.5470937499999999 0.0536150234375 0.5293281249999999 0 0.5135468750000001 0.001713615625 0.50565625 0.006173709375 0.5135468750000001 0.0091314546875 0.53525 0.08178403749999999 0.5500625 0.10995305156249999 0.555984375 0.1069953046875 0.55696875 0.12922535156249998
8 0.906125 0.03230046875 0.9087031250000001 0.0419953046875 0.9134375 0.0426291078125 0.933234375 0.0426291078125 0.9358281249999999 0.040704225 0.94228125 0.0374647890625 0.9431406250000001 0.0245305171875 0.9418593749999999 0.0031924874999999997 0.9048281250000001 0.0025352109375 0.902671875 0.0187089203125 0.906125 0.03230046875
8 0.761359375 0 0.76734375 0.0494366203125 0.768828125 0.1303286390625 0.801734375 0.08089201875 0.801734375 0.0629107984375 0.7852812499999999 0 0.761359375 0
9 0.00075 0.1460563375 0.001390625 0.2810328640625 0.001390625 0.310704225 0.001390625 0.47248826250000003 0.000125 0.5529107984375 0.010312499999999999 0.5682159625 0.02178125 0.612253521875 0.028796875 0.6189671359375 0.042171875 0.614178403125 0.053015625 0.59981220625 0.0555625 0.5950234734375 0.047265625 0.5701408453125001 0.050453125 0.558661971875 0.05109375000000001 0.537582159375 0.048546875 0.5251408453125 0.038984375 0.47920187812500004 0.037078125 0.4265492953125 0.04090625 0.42462441249999994 0.042171875 0.3911267609375 0.040265625 0.3317605640625 0.03771875 0.2475117375 0.03771875 0.20732394375 0.030703124999999998 0.14509389687500002 0.033890625 0.131690140625 0.035796875 0.113497653125 0.03325 0.09626760625 0.033890625 0.0780751171875 0.051734375 0.034037559375 0.063203125 0.0015023468749999999 0.0026718749999999998 0.0015023468749999999 0.001390625 0.0015023468749999999 0.001390625 0.08572769999999999 0.00075 0.1460563375