8 0.295171875 0.4258333328125 0.28653125 0.1874583328125 0.013734374999999998 0.2162916671875 0.014687500000000001 0.22360416718749998 0.01128125 0.2245625 0.0376875 0.5520416671875 0.04446875 0.558875 0.298265625 0.4642916671875 0.295171875 0.4258333328125
9 0.700359375 1 0.700359375 0.9398333328125 0.69775 0.9014791671875001 0.701671875 0.802125 0.6933125 0.7898333328125 0.691265625 0.7803333328125001 0.686171875 0.7735416671875 0.6800625 0.7939166671875 0.6729375 0.7925625000000001 0.6658125 0.7952708328125 0.651546875 0.7925625000000001 0.633203125 0.7843958328125 0.622 0.7843958328125 0.615890625 0.77625 0.615890625 0.7653958328125 0.60265625 0.7436666671875 0.608765625 0.7355208328125 0.62303125 0.7314375 0.643390625 0.7165 0.66478125 0.7232916671875 0.70859375 0.7423124999999999 0.70859375 0.7355208328125 0.701453125 0.6920416671875 0.6739531249999999 0.6771041671875 0.671921875 0.6716875 0.68821875 0.6363749999999999 0.68821875 0.6024166671875 0.67090625 0.5861041671875 0.63728125 0.5766041671875 0.624046875 0.5942708328124999 0.623234375 0.5981875 0.616703125 0.6086458328125001 0.621921875 0.64525 0.6336875 0.6713958328125 0.6363125000000001 0.6801041671875 0.62846875 0.6940416671875 0.614078125 0.70625 0.59578125 0.7271666671875 0.59446875 0.7759791671875 0.614078125 0.8003750000000001 0.61278125 0.8544166671875001 0.620625 0.898 0.62846875 0.959 0.62715625 1 0.700359375 1
9 0.5845 0.39895833281250004 0.583453125 0.502625 0.5802968749999999 0.5698958328125 0.5802968749999999 0.697375 0.6128750000000001 0.6091041671874999 0.61603125 0.5502708328125 0.61603125 0.40737500000000004 0.607609375 0.3653333328125 0.58975 0.3443125 0.59290625 0.3246875 0.588703125 0.293875 0.57084375 0.2686666671875 0.5519375 0.2784791671875 0.54246875 0.3064791671875 0.549828125 0.3499166671875 0.54878125 0.3583125 0.5435156250000001 0.38914583281250004 0.5845 0.39895833281250004
9 0.779828125 0.6226041671875 0.77428125 0.6418958328125 0.769828125 0.6700625 0.7609375 0.7204583328124999 0.737578125 0.7945833328125 0.71534375 0.9295 0.710890625 0.9991875 0.8988125 0.9962291671875001 0.9154843749999999 0.8390625 0.9188281249999999 0.770875 0.914375 0.6878541671875 0.9032656250000001 0.6255833328125 0.8876875 0.6033333328125 0.863234375 0.5736875 0.862125 0.5603333328125 0.855453125 0.536625 0.84878125 0.5306875 0.8498906249999999 0.5247708328125 0.861 0.5158750000000001 0.8687968749999999 0.5128958328125 0.86990625 0.4921458328125 0.8676718749999999 0.472875 0.8654531249999999 0.44320833281249994 0.857671875 0.4254166671875 0.842109375 0.3913333328125 0.8142968749999999 0.3853958328125 0.788734375 0.3853958328125 0.76871875 0.38835416718750004 0.7598125 0.40022916718749996 0.74646875 0.4135625 0.735359375 0.4224583328125 0.7286875 0.4209791671875 0.712 0.4209791671875 0.69421875 0.4254166671875 0.6931093749999999 0.4387708328125 0.695328125 0.4639791671875 0.723125 0.47435416718749995 0.726453125 0.4802916671875 0.7286875 0.4891875 0.73090625 0.49808333281249995 0.733125 0.5099375 0.733125 0.5158750000000001 0.733125 0.5247708328125 0.735359375 0.5321666671874999 0.737578125 0.5440416671875 0.7386874999999999 0.5529375 0.7420312499999999 0.5647916671875 0.74646875 0.5811041671875 0.756484375 0.5840625 0.779828125 0.5825833328125001 0.77871875 0.5870208328125 0.785390625 0.6033333328125 0.779828125 0.6226041671875
9 0.919140625 0.6188541671875 0.9110625000000001 0.612 0.9081250000000001 0.6080833328125 0.90446875 0.5689583328125 0.9022656250000001 0.5640625 0.911796875 0.5337500000000001 0.911796875 0.5024375 0.9213437499999999 0.48875 0.9272031249999999 0.4760416671875 0.952875 0.45941666718749996 0.9741562500000001 0.4574583328125 0.95728125 0.44375 0.951421875 0.4369166671875 0.9484843749999999 0.4183333328125 0.951421875 0.41050000000000003 0.965359375 0.3860416671875 0.9704843750000001 0.37235416718750003 0.971953125 0.3508333328125 0.9726874999999999 0.3351875 0.9668281249999999 0.31856249999999997 0.95875 0.3117083328125 0.952140625 0.30583333281249997 0.942609375 0.303875 0.925734375 0.3019166671875 0.9154687499999999 0.3028958328125 0.9059375 0.3077916671875 0.8985937500000001 0.3107291671875 0.894921875 0.3136666671875 0.892 0.3293125 0.889796875 0.3293125 0.886859375 0.3400833328125 0.8839218750000001 0.3527916671875 0.8839218750000001 0.3615833328125 0.886859375 0.3664791671875 0.885390625 0.37333333281250003 0.8846562499999999 0.3840833328125 0.8780468750000001 0.3840833328125 0.872921875 0.3840833328125 0.864109375 0.3850625 0.858984375 0.39289583281249996 0.858984375 0.39877083281250003 0.858984375 0.41147916718750005 0.85825 0.42320833281250003 0.862640625 0.4349583328125 0.864109375 0.4476666671875 0.8663125 0.4545208328125 0.871453125 0.4525625 0.87659375 0.4417916671875 0.8817187499999999 0.43104166718750003 0.88759375 0.41637500000000005 0.8905312500000001 0.4134375 0.8846562499999999 0.40756249999999994 0.8780468750000001 0.42027083281250005 0.8905312500000001 0.388 0.8883281249999999 0.382125 0.892 0.3752916671875 0.897859375 0.371375 0.9029999999999999 0.3792083328125 0.9007968749999999 0.3909375 0.89271875 0.40070833281249996 0.897125 0.4261458328125 0.891265625 0.4359375 0.891265625 0.4466875 0.891265625 0.449625 0.875125 0.4574583328125 0.867046875 0.4613541671875 0.87071875 0.5063541671875 0.8487031249999999 0.5259166671875 0.854578125 0.5337500000000001 0.856046875 0.5405833328125 0.8611875 0.5758125 0.9007968749999999 0.62275 0.9147343749999999 0.6628541671875 0.9235312499999999 0.6374375 0.94334375 0.6247083328125 0.9301406249999999 0.6188541671875 0.919140625 0.6188541671875
9 0.9977499999999999 0.4763958328125 0.9623593749999999 0.4606666671875 0.92696875 0.48314583281249995 0.9084218749999999 0.5146041671875 0.9084218749999999 0.5685416671875 0.913484375 0.60675 0.9455 0.6269583328125 0.9286562500000001 0.6584166671875 0.9168593749999999 0.6808958328125 0.9067343749999999 0.9887708328124999 0.9960625000000001 0.9820208328125 0.9994375 0.6202291671875 0.9977499999999999 0.4763958328125
9 0.8846562499999999 0.3832083328125 0.884140625 0.369875 0.883609375 0.3635625 0.888875 0.33199999999999996 0.89359375 0.2976458328125 0.9120156250000001 0.2597708328125 0.909375 0.2555625 0.902015625 0.24856250000000002 0.9120156250000001 0.23733333281250002 0.9130625 0.2127916671875 0.892015625 0.19877083281250002 0.883609375 0.2092708328125 0.87834375 0.2261041671875 0.877828125 0.2380416671875 0.8804531250000001 0.24504166718749998 0.88203125 0.2527708328125 0.8620468750000001 0.26608333281249996 0.8520468749999999 0.2857291671875 0.848359375 0.3137708328125 0.8499375 0.337625 0.8636250000000001 0.341125 0.8588906250000001 0.35375 0.85678125 0.3937291671875 0.8578281249999999 0.3923125 0.86309375 0.3839166671875 0.8846562499999999 0.3832083328125
9 0.9634218750000001 0.3108125 0.97075 0.3743958328125 0.9509531250000001 0.41352083281249996 0.953890625 0.43602083281250004 0.9736874999999999 0.44775 0.98909375 0.42622916718750004 0.99496875 0.2814791671875 0.956078125 0.23158333281250001 0.9568125000000001 0.2286458328125 0.95828125 0.21495833281249999 0.9604843750000001 0.2012708328125 0.9626875 0.19343749999999998 0.9568125000000001 0.1777916671875 0.9553437499999999 0.1758333328125 0.9494843749999999 0.1728958328125 0.9428750000000001 0.1699583328125 0.9259999999999999 0.1748541671875 0.9157343750000001 0.1758333328125 0.9120625 0.2090833328125 0.9120625 0.2110416671875 0.911328125 0.22181250000000002 0.9135312499999999 0.2355 0.9274687500000001 0.24918749999999998 0.904734375 0.27560416718749997 0.895921875 0.2932083328125 0.8915312500000001 0.3215833328125 0.893734375 0.3206041671875 0.8973906250000001 0.319625 0.911328125 0.3020208328125 0.9634218750000001 0.3108125
8 0.889796875 0.3879583328125 0.888796875 0.3938958328125 0.883125 0.40170833281249996 0.885765625 0.40816666718750005 0.8885937500000001 0.4078958328125 0.893640625 0.40737500000000004 0.904546875 0.3876875 0.9037499999999999 0.3790833328125 0.901328125 0.3701875 0.898296875 0.3699166671875 0.88615625 0.3836458328125 0.8873749999999999 0.3828541671875 0.8885937500000001 0.3847291671875 0.889796875 0.3879583328125
8 0.6854843749999999 0.7882291671874999 0.68703125 0.7656458328125 0.6347031249999999 0.7430833328124999 0.630078125 0.745125 0.62315625 0.7430833328124999 0.624703125 0.7389791671875 0.627 0.7389791671875 0.6146874999999999 0.7338541671875001 0.610078125 0.7410208328125 0.61084375 0.7492291671875 0.62546875 0.7615416671874999 0.6331562500000001 0.7677083328125 0.6777968750000001 0.7902916671875 0.6854843749999999 0.7882291671874999
8 1 0.1608125 0.983046875 0.1595208328125 0.9752968750000001 0.25825 0.9786875 0.2614791671875 0.987890625 0.2750416671875 1 0.2840625 1 0.1608125
9 1 0.401625 0.9979531250000001 0.40325 0.9926875000000001 0.41189583281250003 0.9894375 0.418375 0.9864062499999999 0.4262083328125 0.986 0.4326875 0.986203125 0.4364791671875 0.97971875 0.44214583281250003 0.9793125 0.44377083281249996 0.980328125 0.45133333281250004 0.979109375 0.455375 0.9785 0.45968749999999997 0.980328125 0.46618750000000003 0.9817500000000001 0.4691458328125 0.9888281250000001 0.4764375 0.99653125 0.47887500000000005 1 0.47887500000000005 1 0.401625
8 0.54440625 0.38375 0.54715625 0.3702708328125 0.54715625 0.1729583328125 0.4019375 0.18643749999999998 0.39275000000000004 0.1925625 0.39826562499999996 0.4254166671875 0.4019375 0.43277083281250006 0.54440625 0.38375
8 0.710265625 0.3188958328125 0.711796875 0.1630625 0.611609375 0.1691458328125 0.61465625 0.36343749999999997 0.6192031250000001 0.3695 0.710265625 0.3310416671875 0.710265625 0.3188958328125
8 0.80915625 0.3009166671875 0.811125 0.15972916718750002 0.743640625 0.1610416671875 0.733796875 0.17614583281250001 0.733796875 0.3087916671875 0.7411875 0.3173333328125 0.80915625 0.3009166671875
8 0.8571406250000001 0.2739791671875 0.86115625 0.1564791671875 0.8110781250000001 0.1551458328125 0.808078125 0.1604791671875 0.8100781250000001 0.2766458328125 0.8571406250000001 0.2739791671875