0 0.744796875 0.43471962656249996 0.766078125 0.43698598125 0.7668437499999999 0.4443925234375 0.77103125 0.45348130781249996 0.777859375 0.45745327031249994 0.7835625 0.45404205624999994 0.7850937499999999 0.44154205625 0.7702656250000001 0.42904205624999997 0.76646875 0.429602803125 0.7676093749999999 0.417102803125 0.76153125 0.417102803125 0.7560781249999999 0.42922897187500003 0.735296875 0.42848130781249993 0.730734375 0.43642523437499997 0.7341562500000001 0.45289719687499996 0.74328125 0.45574766406249995 0.744796875 0.43471962656249996
1 0.30040625 0.6992056078125 0.314 0.7014719625 0.33664062499999997 0.6653504671875 0.34871875 0.6427803734374999 0.345703125 0.51411215 0.341171875 0.4576635515625 0.321546875 0.44637850468750007 0.22795312499999998 0.44186915937500004 0.18115625 0.480257009375 0.164546875 0.5073364484375 0.150953125 0.5524766359375 0.15246875 0.7375934578125001 0.295875 0.74434579375 0.30040625 0.6992056078125
1 0.40275 0.519672896875 0.44632812499999996 0.5106775703124999 0.459859375 0.48595794375 0.458359375 0.43203271093750006 0.44632812499999996 0.31516355156250003 0.38020312500000003 0.3129205609375 0.357671875 0.375841121875 0.3636875 0.5174065421875 0.40275 0.519672896875
1 0.9049375 0.381214953125 0.90025 0.47051401875 0.90025 0.5265420562500001 0.9225 0.5440654203124999 0.916640625 0.54757009375 1 0.5440654203124999 0.9939218750000001 0.38647196250000004 0.957625 0.37247663593749997 0.9049375 0.381214953125
1 0.53409375 0.32558411249999997 0.530828125 0.27962616875 0.5295156249999999 0.2375467296875 0.48439062499999996 0.233644859375 0.47653125 0.2414719625 0.45953125000000006 0.275700934375 0.45887500000000003 0.30992990625 0.46476562499999996 0.31189252343749996 0.463453125 0.3392757015625 0.471296875 0.37352803749999997 0.49289062499999997 0.3705841125 0.49878125000000006 0.336355140625 0.511859375 0.3295093453125 0.53409375 0.32558411249999997
9 0.838890625 0.417383178125 0.8380000000000001 0.42831775624999996 0.8344531249999999 0.44259345781250004 0.8284687500000001 0.44822429843749995 0.8377812499999999 0.45221962656250003 0.842671875 0.42831775624999996 0.845328125 0.4220327109375 0.849984375 0.4455841125 0.845765625 0.45154205625 0.8497656250000001 0.45320093437500003 0.856421875 0.4465654203125 0.8493281250000001 0.416728971875 0.8510937500000001 0.40843457968749997 0.8510937500000001 0.405443925 0.856421875 0.4143925234375 0.856859375 0.407102803125 0.852875 0.39051401874999997 0.852203125 0.38023364531250003 0.84865625 0.375257009375 0.8477656250000001 0.3745794390625 0.847328125 0.364299065625 0.844 0.36198598125000003 0.8391093749999999 0.3639719625 0.838671875 0.3719392515625 0.8393437499999999 0.3755841125 0.8408906249999999 0.376588784375 0.8400000000000001 0.3885280375 0.83978125 0.39913551406250003 0.83978125 0.40843457968749997 0.838890625 0.417383178125
0 0.770703125 0.4248364484375 0.771578125 0.427827103125 0.777796875 0.43348130781250005 0.782234375 0.43712616875 0.785109375 0.44011682187499995 0.78621875 0.44308411249999996 0.78621875 0.4487383171875 0.78621875 0.45205607499999995 0.79021875 0.4507242984375 0.7908906250000001 0.442757009375 0.791765625 0.43712616875 0.79021875 0.4328037390625 0.78778125 0.42850467343750004 0.782671875 0.42450934531250006 0.780234375 0.423855140625 0.777796875 0.42219626093749996 0.77403125 0.41656542031250005 0.773359375 0.41523364531249995 0.773140625 0.41390186875 0.77003125 0.41455607499999997 0.7662656250000001 0.4119158875 0.767140625 0.41357476562500006 0.764921875 0.41455607499999997 0.76803125 0.416214953125 0.77046875 0.4205373828125 0.770703125 0.4248364484375
1 0.530484375 0.4760280375 0.5725625 0.47154205625 0.580078125 0.4895093453125 0.58759375 0.49626168281250005 0.5860937500000001 0.47378504687499995 0.5860937500000001 0.433341121875 0.590609375 0.42210280312500004 0.58909375 0.390630840625 0.578578125 0.3793925234375 0.578578125 0.33221962656250004 0.5019375 0.33221962656250004 0.49592187499999996 0.3726635515625 0.48690625 0.3726635515625 0.479390625 0.40411215 0.479390625 0.42210280312500004 0.491421875 0.42210280312500004 0.491421875 0.5029906546875 0.49292187500000006 0.5052336453125 0.51846875 0.5052336453125 0.530484375 0.4760280375
1 0.703625 0.193644859375 0.706140625 0.2488785046875 0.711171875 0.2513785046875 0.7170468750000001 0.22376168281250003 0.7212500000000001 0.2225 0.73215625 0.2225 0.7405625 0.22376168281250003 0.74559375 0.24259345781250002 0.7464375000000001 0.2488785046875 0.7481093750000001 0.24635514062500002 0.7481093750000001 0.1848364484375 0.722921875 0.174813084375 0.70865625 0.18233644843750002 0.703625 0.193644859375
9 0.746703125 0.44640186875000004 0.75240625 0.45242990625 0.75240625 0.45946261718750003 0.75240625 0.46446261718750004 0.754421875 0.4624766359375 0.754421875 0.4544392515625 0.754421875 0.44140186875 0.754078125 0.434369159375 0.7537499999999999 0.42785046718749997 0.7537499999999999 0.4193224296875 0.754078125 0.41028037343749996 0.755765625 0.41581775624999995 0.75978125 0.41831775625 0.756640625 0.413925234375 0.77146875 0.4180841125 0.772390625 0.41254672968749995 0.767140625 0.40838785 0.76065625 0.402383178125 0.7585 0.3982242984375 0.754796875 0.38992990625 0.754796875 0.3746962609375 0.7517031249999999 0.3710046734375 0.746140625 0.367313084375 0.73996875 0.372383178125 0.741203125 0.37654205625000003 0.741515625 0.3862383171875 0.741203125 0.3894626171875 0.739671875 0.3913084109375 0.7371875 0.395 0.736890625 0.40007009375 0.736890625 0.4079205609375 0.738421875 0.4153037390625 0.7424375000000001 0.4213084109375 0.7442968750000001 0.41345794375 0.7442968750000001 0.4236214953125 0.743671875 0.4319392515625 0.7424375000000001 0.4434813078125 0.741515625 0.451331775 0.73996875 0.454556075 0.739671875 0.454088784375 0.7443593749999999 0.4634813078125 0.745703125 0.45492990625 0.746703125 0.44640186875000004
9 0.21007812499999998 0.41401869218750004 0.21007812499999998 0.4216355140625 0.207015625 0.425443925 0.20600000000000002 0.43002336406249997 0.203453125 0.45058411249999997 0.2029375 0.46432242968750004 0.20651562499999998 0.46203271093750004 0.21568749999999998 0.4551635515625 0.215171875 0.44677570156249996 0.22078125 0.43838784999999997 0.21618750000000003 0.430771028125 0.21618750000000003 0.41705607499999997 0.21212499999999998 0.41324766406249996 0.21007812499999998 0.41401869218750004
1 0.8950156249999999 0.2491355140625 0.9351875 0.2549065421875 0.939828125 0.187897196875 0.95140625 0.1855841125 0.952953125 0.1855841125 0.9320937499999999 0.167102803125 0.9004218749999999 0.17404205625 0.8957968749999999 0.175186915625 0.8950156249999999 0.2491355140625
1 0.540421875 0.169742990625 0.5372656250000001 0.167383178125 0.521046875 0.166799065625 0.513140625 0.1715186921875 0.5091875 0.1732943921875 0.508796875 0.18037383125 0.508 0.2117056078125 0.508 0.23476635468749998 0.5178906249999999 0.23476635468749998 0.52975 0.23418224375 0.5431874999999999 0.2193925234375 0.5431874999999999 0.17801401875 0.540421875 0.169742990625
9 0.185375 0.403411215625 0.18221875 0.411658878125 0.18221875 0.4203037390625 0.183796875 0.4261915890625 0.1866875 0.4320794390625 0.1895625 0.4387616828125 0.190625 0.4450467296875 0.189828125 0.455257009375 0.192453125 0.4670327109375 0.195078125 0.4525 0.197453125 0.44268691562500007 0.19954687499999998 0.42698598125 0.19665625 0.40733644843750005 0.19403125000000002 0.39163551406249997 0.187203125 0.39399532656249997 0.185375 0.403411215625
9 0.331046875 0.35387850468750004 0.33071875 0.347827103125 0.33171875 0.3392757015625 0.3330625 0.3216355140625 0.331046875 0.313574765625 0.331046875 0.31004672968749997 0.329703125 0.30551401875 0.329703125 0.3009813078125 0.329703125 0.296425234375 0.329359375 0.293411215625 0.326671875 0.292897196875 0.323859375 0.293831775 0.323859375 0.302616821875 0.3226875 0.30962616875000004 0.321515625 0.3219158875 0.323859375 0.328925234375 0.323859375 0.3377102796875 0.323859375 0.355257009375 0.32503125 0.36051401875 0.33559375 0.36051401875 0.33576562499999996 0.358925234375 0.332390625 0.358925234375 0.331046875 0.35387850468750004
9 0.3744375 0.30820093437499996 0.375234375 0.316074765625 0.37760937499999997 0.31095794374999997 0.37760937499999997 0.3015186921875 0.37892187499999996 0.2944392515625 0.3805 0.29088785 0.3805 0.28144859843750003 0.375765625 0.2676635515625 0.37496874999999996 0.26294392499999997 0.36996875 0.257827103125 0.366546875 0.2582242984375 0.367859375 0.2676635515625 0.36707812500000003 0.2739719625 0.366015625 0.28460280312499997 0.36628125 0.2869626171875 0.368921875 0.2944392515625 0.36996875 0.29915887812499997 0.370234375 0.31331775624999997 0.37128125 0.3152803734375 0.372859375 0.3066355140625 0.3744375 0.30820093437499996
9 0.006750000000000001 0.7167523359375 0.006750000000000001 0.7304205609375 0.022468750000000003 0.7189485984374999 0.021734375 0.6752336453125001 0.02684375 0.6659345796875 0.024656249999999998 0.64845794375 0.02684375 0.6271495328125 0.01990625 0.6145794390625 0.01990625 0.6058411218749999 0.01625 0.5981775703125 0.00784375 0.6014719625 0.00565625 0.612943925 0.0016406250000000002 0.621144859375 0.0016406250000000002 0.6741355140625 0.00565625 0.67742990625 0.006750000000000001 0.7167523359375
2 0.566890625 0.562943925 0.577703125 0.560630840625 0.58928125 0.5594626171875 0.5900624999999999 0.55831775625 0.58928125 0.5375233640625 0.591609375 0.5155607484375 0.59315625 0.50287383125 0.588515625 0.50287383125 0.585421875 0.4913084109375 0.57925 0.476285046875 0.571515625 0.46588785 0.527484375 0.47051401875 0.5189843749999999 0.5040186921875 0.516671875 0.5225 0.519765625 0.5432943921875 0.53134375 0.5432943921875 0.5622499999999999 0.5456074765625 0.566890625 0.562943925
2 0.656609375 0.680116821875 0.6600625 0.6833644859375 0.65790625 0.69109813125 0.656609375 0.7130373828125001 0.656171875 0.727242990625 0.661359375 0.7414252343750001 0.6600625 0.756285046875 0.6600625 0.76918224375 0.663078125 0.767897196875 0.6635156249999999 0.7704672890625 0.6639375000000001 0.7782242984375001 0.665234375 0.784672896875 0.66653125 0.787242990625 0.667828125 0.787242990625 0.67084375 0.787242990625 0.67775 0.787242990625 0.6799062499999999 0.787242990625 0.681203125 0.7717757015625 0.690703125 0.7736915890625 0.704078125 0.7769392515625 0.7230624999999999 0.7769392515625 0.749828125 0.775630840625 0.752421875 0.7704672890625 0.7584531250000001 0.7711214953125001 0.7636406250000001 0.7898364484375 0.774859375 0.785327103125 0.77571875 0.75757009375 0.777015625 0.706588784375 0.768375 0.6833644859375 0.77571875 0.67948598125 0.780890625 0.6743224296875 0.781328125 0.66787383125 0.7800312500000001 0.6652803734375 0.774421875 0.6646495328124999 0.76665625 0.6710981312500001 0.7645 0.670443925 0.755859375 0.6394626171875 0.74896875 0.6201168218750001 0.746375 0.6130140187500001 0.741625 0.6168925234375 0.741625 0.6207476640625 0.70753125 0.6188317750000001 0.68509375 0.6194626171875 0.679484375 0.613668225 0.6790468749999999 0.6168925234375 0.67775 0.623341121875 0.669546875 0.6394626171875 0.6656718749999999 0.6568925234375 0.662640625 0.6646495328124999 0.672140625 0.6749766359375 0.669125 0.67948598125 0.6686875 0.6775467296875 0.66609375 0.670443925 0.65790625 0.66787383125 0.65271875 0.6710981312500001 0.656609375 0.680116821875
2 0.5765625 0.6453738312499999 0.582109375 0.643714953125 0.5837656250000001 0.635443925 0.58265625 0.632943925 0.5743437499999999 0.635443925 0.567703125 0.6188785046875 0.55440625 0.5865654203124999 0.49957812500000004 0.5882242984375 0.487390625 0.5973364484375 0.48240625000000004 0.631285046875 0.475203125 0.631285046875 0.46634374999999995 0.6412383171875 0.4801875 0.6486915890625 0.473546875 0.6735280375 0.476859375 0.728200934375 0.475203125 0.7455841125 0.486828125 0.747242990625 0.490703125 0.7298598125 0.517296875 0.7331775703125001 0.536125 0.72654205625 0.5760156249999999 0.7224065421875 0.5765625 0.6453738312499999
2 0.50865625 0.5420093453125 0.49478125000000006 0.509228971875 0.443984375 0.5125233640625 0.428640625 0.538200934375 0.423890625 0.5409345796875 0.42132812499999994 0.5431074765624999 0.41840625 0.5480373828125 0.4216875 0.5540420562499999 0.42242187500000006 0.5589485984375 0.419859375 0.573714953125 0.420234375 0.5933878499999999 0.41950000000000004 0.6157943921875 0.4216875 0.622897196875 0.428265625 0.6239953265625 0.431921875 0.6207009343750001 0.430828125 0.6125 0.486734375 0.6130607484375 0.48637499999999995 0.598855140625 0.49003125000000003 0.5950233640625 0.50865625 0.5420093453125
2 0.39825 0.750186915625 0.38771875 0.7434345796875 0.37570312499999997 0.7007476640625 0.3020625 0.6962616828125 0.29304687500000004 0.750186915625 0.28103125 0.7479439250000001 0.276515625 0.761425234375 0.28253125 0.781658878125 0.28553125 0.8513084109375001 0.392234375 0.8513084109375001 0.392234375 0.801869159375 0.39073437499999997 0.7704205609375 0.39825 0.750186915625
1 0.574328125 0.3345327109375 0.57478125 0.3318925234375 0.57478125 0.3299065421875 0.5745625000000001 0.327242990625 0.57321875 0.3262616828125 0.571890625 0.32359813125 0.57278125 0.32028037343750004 0.5763281250000001 0.3186214953125 0.57721875 0.323925234375 0.5774375 0.33088785 0.578109375 0.34448598124999996 0.580765625 0.34848130781250003 0.580984375 0.3710280375 0.5814375 0.38065420625 0.58121875 0.4032242984375 0.5820937500000001 0.4164719625 0.583875 0.42677570156250005 0.5843125 0.437056075 0.584984375 0.4473364484375 0.585421875 0.45231308437499995 0.586984375 0.4549766359375 0.59096875 0.4549766359375 0.593640625 0.45130841093749996 0.593640625 0.441355140625 0.638671875 0.4420327109375 0.6384531250000001 0.4343925234375 0.643546875 0.42908878437500003 0.645328125 0.42112149531250004 0.648875 0.4115186921875 0.6526562499999999 0.40885514062499995 0.659078125 0.4075233640625 0.659296875 0.35345794375 0.66196875 0.34848130781250003 0.663296875 0.34051401875 0.663296875 0.33287383125000003 0.66196875 0.3182943921875 0.6584218749999999 0.311658878125 0.654859375 0.309672896875 0.652875 0.3046962609375 0.6526562499999999 0.2997196265625 0.650203125 0.2864485984375 0.645109375 0.279813084375 0.641109375 0.2764953265625 0.638234375 0.27581775625 0.634671875 0.27682242968750004 0.627796875 0.27815420625 0.6131562500000001 0.2784813078125 0.596078125 0.279813084375 0.588984375 0.2804672890625 0.5787656250000001 0.28609813125 0.57678125 0.30668224374999997 0.573890625 0.31 0.570125 0.31331775624999997 0.56790625 0.32193925156250003 0.5676875 0.327242990625 0.5663437499999999 0.329556075 0.5656875 0.334883178125 0.569015625 0.338855140625 0.57321875 0.338855140625 0.574328125 0.3345327109375
1 0.531671875 0.227686915625 0.531671875 0.2420327109375 0.531671875 0.256074765625 0.531484375 0.2929672890625 0.5312812499999999 0.3313084109375 0.5428437500000001 0.3333644859375 0.5645625 0.3345327109375 0.565546875 0.3310046734375 0.5702499999999999 0.319299065625 0.5774843749999999 0.2941355140625 0.5821875000000001 0.288855140625 0.5880625 0.2847663546875 0.5970625 0.28184579374999996 0.5933437500000001 0.23616822499999998 0.5894375000000001 0.223574765625 0.5823750000000001 0.21595794375000002 0.5763125 0.2147897203125 0.5628124999999999 0.21509345781250003 0.54734375 0.21537383124999998 0.53421875 0.21859813125 0.5328593749999999 0.2218224296875 0.531671875 0.227686915625
9 0.307609375 0.3882476640625 0.308078125 0.3752102796875 0.3098125 0.3565186921875 0.3098125 0.35934579375000003 0.312828125 0.36551401875 0.315046875 0.3674065421875 0.318046875 0.3667056078125 0.316 0.36266355156249996 0.315046875 0.357943925 0.31267187500000004 0.34065420625 0.308875 0.33212616875 0.307921875 0.32999999999999996 0.3074375 0.3254906546875 0.306328125 0.322172896875 0.30474999999999997 0.3226635515625 0.302375 0.32644859843749996 0.303171875 0.3304672890625 0.301265625 0.3318925234375 0.29715625 0.3356775703125 0.293828125 0.34065420625 0.293515625 0.3470327109375 0.2996875 0.345397196875 0.3 0.3527336453125 0.301109375 0.362897196875 0.301421875 0.3882476640625 0.301265625 0.3906074765625 0.307765625 0.39037383124999997 0.307609375 0.3882476640625
9 0.34550000000000003 0.28890186875 0.346625 0.2945093453125 0.3468125 0.30210280312500004 0.3464375 0.310257009375 0.3471875 0.3158644859375 0.347375 0.32091121562499997 0.35 0.32175233593749997 0.35168750000000004 0.322056075 0.35526562500000003 0.32007009375 0.356390625 0.3172663546875 0.354703125 0.30941588750000004 0.354890625 0.3018224296875 0.354703125 0.2947897203125 0.355078125 0.2877803734375 0.35676562500000003 0.27850467343749996 0.35526562500000003 0.2751401875 0.355078125 0.272056075 0.35526562500000003 0.26670560781249997 0.35 0.2636214953125 0.3486875 0.2675467296875 0.34925 0.2717523359375 0.3490625 0.2748598125 0.34831249999999997 0.27850467343749996 0.3490625 0.277102803125 0.346625 0.28355140156249997 0.34550000000000003 0.28890186875
9 0.756609375 0.396214953125 0.7577499999999999 0.4000467296875 0.7611718749999999 0.40602803749999994 0.76315625 0.40474299062499997 0.7637343750000001 0.39962616875 0.761734375 0.3945327109375 0.76003125 0.3889953265625 0.76003125 0.3817523359375 0.759171875 0.37492990625 0.7571718749999999 0.372383178125 0.754328125 0.37109813125 0.754046875 0.3732242984375 0.75546875 0.3838785046875 0.75575 0.39154205625 0.756609375 0.396214953125
9 0.175921875 0.48411214999999996 0.19246875000000002 0.47621495312500006 0.19142187500000002 0.466214953125 0.18859375 0.4525 0.187890625 0.43934579375 0.184375 0.42932242968749995 0.181203125 0.4335514015625 0.178734375 0.43934579375 0.17485937499999998 0.43985981250000006 0.16921875 0.4720093453125 0.175203125 0.469883178125 0.175203125 0.47462616874999997 0.175921875 0.48411214999999996
2 0.70640625 0.3529906546875 0.70003125 0.346074765625 0.6948125 0.3278504671875 0.664078125 0.325257009375 0.664078125 0.3382476640625 0.6582656250000001 0.35126168281250003 0.6582656250000001 0.40677570156250004 0.69365625 0.41109813125 0.696546875 0.41544392500000005 0.701765625 0.4197663546875 0.702921875 0.36948598125 0.705828125 0.3686214953125 0.70640625 0.3529906546875
2 0.675546875 0.2902336453125 0.67821875 0.2816355140625 0.68128125 0.275911215625 0.6766875 0.271355140625 0.677453125 0.25932242968749997 0.674390625 0.2570327109375 0.64646875 0.2570327109375 0.644171875 0.2736214953125 0.64953125 0.2907943921875 0.675546875 0.2902336453125
2 0.614734375 0.8135747656250001 0.61378125 0.8092990656250001 0.604234375 0.8121495328125 0.5994531249999999 0.7935747656250001 0.597546875 0.7807242984375 0.589890625 0.753574765625 0.5774843749999999 0.7264485984375 0.554546875 0.7221495328125 0.51634375 0.7321495328125 0.5115624999999999 0.7464485984375 0.49818749999999995 0.796425234375 0.499140625 0.823574765625 0.510609375 0.863574765625 0.606140625 0.8678504671875 0.6051875 0.8307242984375 0.614734375 0.8307242984375 0.614734375 0.8135747656250001
2 0.502484375 0.585327103125 0.549921875 0.588714953125 0.549921875 0.5826168218750001 0.5503750000000001 0.5826168218750001 0.554453125 0.58668224375 0.5580625 0.59815420625 0.56484375 0.621144859375 0.5720625 0.6373598125 0.57975 0.6332943921874999 0.578390625 0.632616821875 0.57659375 0.6143925234375 0.57659375 0.6001869156249999 0.57884375 0.58668224375 0.57975 0.5860046734375 0.583359375 0.5826168218750001 0.5838125 0.577897196875 0.5815625 0.573831775 0.57659375 0.5745093453125001 0.573421875 0.56911215 0.571171875 0.564369159375 0.5643906249999999 0.5420794390625 0.559875 0.539369159375 0.557609375 0.5386915890624999 0.557609375 0.5312616828125 0.555796875 0.5305841124999999 0.554453125 0.5339719625 0.5472187500000001 0.5339719625 0.53275 0.5339719625 0.511515625 0.5380373828125 0.51015625 0.532616821875 0.5083593750000001 0.5360046734374999 0.504734375 0.5400467296875 0.502484375 0.5454672890625 0.49840625000000005 0.5582943921875 0.49389062499999997 0.5758644859375 0.4911875 0.5826168218750001 0.49164062499999994 0.577897196875 0.48846875 0.5724766359375 0.48531250000000004 0.5718224296875001 0.479890625 0.5745093453125001 0.48034375 0.5812616828125 0.483046875 0.585327103125 0.48801562499999995 0.588714953125 0.48621875000000003 0.6056074765624999 0.49524999999999997 0.5934345796875 0.49840625000000005 0.5860046734375 0.502484375 0.585327103125
2 0.8631249999999999 0.2793925234375 0.85215625 0.2773364484375 0.85215625 0.27630841093749997 0.839828125 0.2681074765625 0.824078125 0.2701635515625 0.8213437499999999 0.27836448593749996 0.809015625 0.281425234375 0.81175 0.28962616875 0.8158593749999999 0.298831775 0.8151718750000001 0.31523364531250003 0.8192812500000001 0.3193224296875 0.8206562500000001 0.309088784375 0.848734375 0.310116821875 0.849421875 0.3142056078125 0.85490625 0.3172663546875 0.8569531250000001 0.31317757031250004 0.85421875 0.31523364531250003 0.856265625 0.29065420625 0.8631249999999999 0.2793925234375
2 0.841625 0.3463084109375 0.8451875 0.345327103125 0.8448593750000001 0.3404906546875 0.8374062500000001 0.3385514015625 0.832546875 0.3254672890625 0.8306093750000001 0.3240186921875 0.8014531249999999 0.3235280375 0.792703125 0.33999999999999997 0.789140625 0.3385514015625 0.786546875 0.34144859843750003 0.7871875 0.34581775625 0.793671875 0.3463084109375 0.7907656249999999 0.3516355140625 0.792375 0.364228971875 0.791734375 0.37633177500000004 0.792375 0.384088784375 0.795625 0.3865186921875 0.7991875 0.38359813125 0.7995 0.377313084375 0.832546875 0.37633177500000004 0.833203125 0.3850467296875 0.8396874999999999 0.384088784375 0.8393593750000001 0.374883178125 0.8400000000000001 0.37004672968749996 0.841625 0.3622897203125 0.841625 0.3463084109375
2 0.7010468750000001 0.43345794375 0.694921875 0.4132943921875 0.653234375 0.41514018750000004 0.6421875 0.43712616875 0.63975 0.43712616875 0.63975 0.4444626171875 0.644640625 0.45913551406249997 0.643421875 0.4957943921875 0.653234375 0.4664719625 0.7096250000000001 0.4682943921875 0.707171875 0.45913551406249997 0.705953125 0.4389719625 0.712078125 0.4389719625 0.712078125 0.4297897203125 0.7010468750000001 0.43345794375
1 0.58921875 0.223574765625 0.593921875 0.23434579375000003 0.597046875 0.280186915625 0.6070625 0.280186915625 0.60675 0.273644859375 0.602671875 0.250257009375 0.6083125 0.25259345781250003 0.600484375 0.21282710312500003 0.595171875 0.2034813078125 0.566078125 0.2034813078125 0.555125 0.21422897187499998 0.5548124999999999 0.2146962609375 0.58296875 0.21609813125000002 0.58921875 0.223574765625
2 0.96721875 0.3697196265625 0.9706718750000001 0.36843457968750004 0.9723906250000001 0.342686915625 0.9736874999999999 0.3201401875 0.969375 0.2905373828125 0.9629218749999999 0.28731308437499997 0.922015625 0.28537383125 0.9164218749999999 0.29890186875 0.9155625000000001 0.30404205625 0.912984375 0.3046962609375 0.912546875 0.30792056093750003 0.9138437500000001 0.3117757015625 0.915125 0.315630840625 0.915125 0.32787383124999997 0.9168593749999999 0.3626401875 0.9241718750000001 0.37035046718750003 0.928484375 0.3677803734375 0.9297656249999999 0.358130840625 0.9577500000000001 0.360700934375 0.959046875 0.3664953265625 0.96721875 0.3697196265625
1 0.558203125 0.21065420625 0.565171875 0.2048598125 0.59540625 0.2048598125 0.6012187499999999 0.21007009375000002 0.5996718750000001 0.166588784375 0.563625 0.167757009375 0.5616875 0.171799065625 0.559359375 0.1764485984375 0.558203125 0.21065420625
9 0.11907812499999999 0.5750700937500001 0.11878124999999999 0.57287383125 0.1181875 0.56890186875 0.11715625 0.565397196875 0.116578125 0.5583411218750001 0.117890625 0.5519626171875001 0.11878124999999999 0.5453738312499999 0.12025 0.5335046734375 0.1223125 0.5266822437500001 0.1223125 0.5225 0.12362500000000001 0.5189485984375 0.12493749999999999 0.5130607484375 0.12546875 0.5051869156250001 0.12309375 0.49967289687500005 0.12125 0.49651869218750005 0.11809375 0.4957242984375 0.117296875 0.4984813078125 0.11571875000000001 0.5016355140625001 0.11651562499999998 0.50359813125 0.11651562499999998 0.5043925234375 0.115203125 0.5051869156250001 0.114140625 0.50595794375 0.11203125 0.5067523359375 0.110453125 0.5083177562500001 0.10703125 0.5177803734374999 0.106515625 0.5240654203124999 0.10703125 0.52918224375 0.10703125 0.5323364484375 0.106765625 0.538644859375 0.1075625 0.545327103125 0.110453125 0.5543925234375 0.11309374999999999 0.5795794390625 0.11671875000000001 0.580116821875 0.118046875 0.5792523359375 0.11907812499999999 0.5750700937500001
1 0.957734375 0.185700934375 0.939078125 0.1870794390625 0.93440625 0.252686915625 0.9288125 0.25827102812499997 0.929734375 0.2736214953125 0.93346875 0.28338785 0.9838749999999999 0.28338785 0.9866718750000001 0.2680373828125 0.984796875 0.189883178125 0.957734375 0.185700934375
9 0.244203125 0.43581775624999997 0.246625 0.4430607484375 0.265578125 0.4426401875 0.26615625 0.44030373906250003 0.270421875 0.43815420625 0.27328125000000003 0.43348130781250005 0.26515625 0.4243224296875 0.25859375 0.4104672890625 0.25775000000000003 0.399369159375 0.25375000000000003 0.39831775625 0.252046875 0.4008644859375 0.249765625 0.40640186875 0.24876562500000002 0.41067757031249996 0.244203125 0.42196261718750006 0.2435 0.42920560781250006 0.244203125 0.43581775624999997
2 0.15 0.7219626171875 0.15625 0.733644859375 0.171875 0.75 0.18125 0.754672896875 0.2046875 0.754672896875 0.2265625 0.7383177562500001 0.2625 0.733644859375 0.28125 0.7266355140625 0.296875 0.7149532703125 0.303125 0.69859813125 0.3125 0.69859813125 0.325 0.6752336453125001 0.334375 0.6425233640625 0.3421875 0.59345794375 0.34375 0.5280373828125 0.3359375 0.4859813078125 0.3578125 0.474299065625 0.3625 0.49065420625 0.3703125 0.5023364484374999 0.3796875 0.50934579375 0.4203125 0.50934579375 0.434375 0.49766355156250003 0.446875 0.495327103125 0.459375 0.4813084109375 0.4734375 0.5116822437499999 0.4953125 0.5116822437499999 0.5046875 0.5327102796875 0.515625 0.5280373828125 0.525625 0.4831775703125 0.6359375 0.49766355156250003 0.6359375 0.6471962609374999 0.640625 0.6728971968749999 0.6515625 0.6869158875 0.6546875 0.67757009375 0.659375 0.6869158875 0.66875 0.67757009375 0.6640625 0.661214953125 0.6640625 0.6471962609374999 0.6703125 0.640186915625 0.68125 0.6168224296875 0.6859375 0.6214953265625 0.7390625 0.6214953265625 0.7453125 0.61448598125 0.7515625 0.61448598125 0.7578125 0.598130840625 0.7578125 0.5794392515625 0.7546875 0.5630841125 0.896875 0.50934579375 0.9015625 0.5233644859375 0.903125 0.556074765625 0.9078125 0.5630841125 0.9328125 0.5630841125 0.94375 0.5607476640625 0.9484375 0.556074765625 0.9625 0.558411215625 0.9765625 0.556074765625 0.9796875 0.55140186875 0.990625 0.55140186875 0.9953125 0.546728971875 0.9984375 0.537383178125 0.99375 0.4813084109375 0.9953125 0.47196261718750004 0.9984375 0.46962616874999996 0.9676339281249999 0.3881842453125 0.9671875 0.3714953265625 0.9703125 0.36915887812500003 0.9734375 0.3528037390625 0.9734375 0.3200934578125 0.96875 0.29205607499999997 0.9984375 0.28037383125000004 0.996875 0.23130841093750001 0.9828125 0.2056074765625 0.971875 0.203271028125 0.959375 0.182242990625 0.9421875 0.16588785 0.9328125 0.16588785 0.9265625 0.161214953125 0.9046875 0.161214953125 0.896875 0.1682242984375 0.8921875 0.17757009375 0.890625 0.18457943906250002 0.8843060656249999 0.178394721875 0.8606617640625001 0.180868609375 0.8546875 0.18691588750000002 0.85278033125 0.18169323906249998 0.8462500000000001 0.1864485984375 0.844898896875 0.18251786718750002 0.8378125000000001 0.1859813078125 0.8370174625000001 0.1833424953125 0.829375 0.18551401875 0.8291360296875 0.1841671234375 0.8133731624999999 0.18581638281249999 0.8125 0.18457943906250002 0.79761029375 0.18746564062499999 0.7984375 0.1588785046875 0.7578125 0.161214953125 0.746875 0.17523364531250002 0.7421875 0.17523364531250002 0.728125 0.1495327109375 0.715625 0.1425233640625 0.7 0.1425233640625 0.6921875 0.1495327109375 0.6859375 0.16588785 0.6872702203125 0.199010446875 0.675 0.19859813125 0.66362591875 0.20148433125 0.66875 0.18691588750000002 0.6625 0.1635514015625 0.6546875 0.151869159375 0.6234375 0.1495327109375 0.60625 0.161214953125 0.6 0.17757009375 0.584375 0.16588785 0.565625 0.16588785 0.5515625 0.17757009375 0.5359375 0.1635514015625 0.51875 0.1635514015625 0.509375 0.1705607484375 0.5015625 0.182242990625 0.4953125 0.2009345796875 0.4578125 0.19859813125 0.45 0.2056074765625 0.45870863906250003 0.222924684375 0.45082720624999995 0.2237493125 0.44375 0.2219626171875 0.44274796250000004 0.23466070781249998 0.43506433749999995 0.22539857031250002 0.403538603125 0.22869708593750002 0.4015625 0.2266355140625 0.39565716875 0.229521715625 0.3877757359375 0.23034634375000002 0.3921875 0.2172897203125 0.36875 0.2172897203125 0.3609375 0.224299065625 0.364131434375 0.23282023125 0.35625 0.233644859375 0.35625 0.25 0.35047743124999997 0.24188733125 0.2119357640625 0.43970664531250003 0.21463068125 0.4458368734375 0.20625 0.4462616828125 0.200390625 0.4561915890625 0.19765625 0.452102803125 0.1890625 0.45794392500000003 0.19461805625 0.4644340609375 0.1888454859375 0.47267653281250005 0.1796875 0.47196261718750004 0.18307291718750002 0.4809190015625 0.171527778125 0.497403946875 0.17109375 0.4801401875 0.1625 0.48831775625 0.15625 0.5 0.1657552078125 0.5056464187499999 0.15998263906250001 0.5138888875000001 0.15234375 0.515186915625 0.15421006875 0.522131359375 0.1484375 0.53037383125 0.1515625 0.626168225 0.1421875 0.6635514015624999 0.1421875 0.691588784375 0.15 0.7219626171875
1 0.5962500000000001 0.209813084375 0.601171875 0.2219626171875 0.595 0.22289719687499998 0.5921875 0.23130841093750001 0.59375 0.2359813078125 0.60390625 0.233644859375 0.609375 0.2570093453125 0.621875 0.25934579375 0.6263392859375 0.2492489984375 0.7435267859375 0.42273030624999997 0.74375 0.4369158875 0.7390625 0.44158878437500004 0.7328125 0.44158878437500004 0.721875 0.45560747656249995 0.6953125 0.453271028125 0.6828125 0.44158878437500004 0.6671875 0.44158878437500004 0.6609375 0.453271028125 0.6546875 0.45560747656249995 0.634375 0.47663551406250004 0.6328125 0.495327103125 0.6296875 0.5 0.6296875 0.5607476640625 0.634375 0.567757009375 0.640625 0.65654205625 0.6453125 0.6635514015624999 0.6609375 0.661214953125 0.665625 0.65654205625 0.671875 0.63551401875 0.6796875 0.6331775703125 0.6859375 0.6378504671874999 0.6953125 0.6378504671874999 0.703125 0.63551401875 0.709375 0.6285046734375 0.7515625 0.623831775 0.7546875 0.619158878125 0.75625 0.598130840625 0.7640625 0.5747663546874999 0.7640625 0.558411215625 0.7578125 0.546728971875 0.7578125 0.53037383125 0.75 0.5186915890625 0.7515625 0.4859813078125 0.746875 0.47663551406250004 0.746875 0.46962616874999996 0.753125 0.4649532703125 0.7578125 0.453271028125 0.7578125 0.4462616828125 0.753125 0.4369158875 0.756101190625 0.2010458390625 0.759375 0.193925234375 0.7703125 0.1962616828125 0.7734375 0.191588784375 0.78125 0.1962616828125 0.7859375 0.203271028125 0.809375 0.2056074765625 0.8125 0.2009345796875 0.8140625 0.18691588750000002 0.809375 0.17757009375 0.7859375 0.17523364531250002 0.78125 0.182242990625 0.7778532609375 0.175030475 0.775 0.17757009375 0.7703125 0.1682242984375 0.769769021875 0.17482730625 0.7616847828125 0.17462413593749998 0.7609375 0.1682242984375 0.75625 0.17523364531250002 0.7455163046875 0.174217796875 0.740625 0.1754672890625 0.737432065625 0.174014628125 0.7328125 0.1755841125 0.7293478265625 0.17381145781250001 0.725 0.175700934375 0.7212635875 0.1736082890625 0.7171875 0.17581775625 0.7131793484375 0.17340511875 0.709375 0.17593457968749998 0.705095109375 0.1732019515625 0.7015625 0.17605140156250002 0.6970108703125 0.1729987796875 0.69375 0.176168225 0.6889266296875001 0.1727956125 0.6859375 0.176285046875 0.680842390625 0.1725924421875 0.678125 0.17640186875 0.6727581515625001 0.1723892734375 0.6703125 0.1765186921875 0.6646739125 0.172186103125 0.6625 0.1766355140625 0.6565896734375001 0.171982934375 0.6546875 0.1767523359375 0.648505434375 0.1717797640625 0.646875 0.176869159375 0.6404211953125001 0.1715765953125 0.6390625 0.17698598125 0.63233695625 0.171373425 0.63125 0.17710280312499999 0.621875 0.1705607484375 0.6 0.1705607484375 0.5974999999999999 0.196728971875 0.5989583328125 0.1970404984375 0.5984375 0.2102803734375 0.5962500000000001 0.209813084375