7 0.0906875 0.6449477359375 0.133015625 0.6404529609375 0.16728125 0.7011149828125001 0.185421875 0.8584320562500001 0.17534375 0.952804878125 0.284171875 0.9325783968750001 0.29828125 0.8561846687499999 0.324484375 0.8337108015625001 0.37890625 0.8809059234375001 0.35875 0.9483101046875 0.413171875 0.8741637624999999 0.49378124999999995 0.8741637624999999 0.53409375 0.9101045296875 0.60665625 0.9617944250000001 0.68928125 0.9595470390624999 0.723546875 0.9190940765625 0.733625 0.8224738671875 0.68525 0.7280836234375 0.6268125 0.72358885 0.53409375 0.7325783968749999 0.53409375 0.69663763125 0.62278125 0.6247212546875 0.68121875 0.5685365859375 0.602625 0.5752787453125 0.511921875 0.6067421609375 0.455484375 0.6224738671875001 0.384953125 0.570783971875 0.300296875 0.58202090625 0.2680625 0.552804878125 0.31642187499999996 0.5280836234375 0.2700625 0.5056097562499999 0.15518749999999998 0.534825784375 0.11084374999999999 0.5550522640625 0.10882812500000001 0.552804878125 0.070546875 0.6022473875000001 0.0906875 0.6449477359375
7 0.59859375 0.683153309375 0.612703125 0.7078571421875 0.653 0.70560975625 0.70540625 0.7483101046875 0.7255625 0.7932578390625 0.735640625 0.8337108015625001 0.804171875 0.8786585359375 0.8243124999999999 0.9325783968750001 0.8626093750000001 0.9617944250000001 0.947265625 0.9640418125 0.9875624999999999 0.9101045296875 0.9976406250000001 0.8404529609375 0.9633906250000001 0.7460627171875001 0.919046875 0.714599303125 0.894859375 0.6876480843749999 0.8444687500000001 0.6696689890624999 0.8988906249999999 0.6427003484375 0.919046875 0.6404529609375 0.939203125 0.61797909375 0.95734375 0.6134843203125 0.967421875 0.5842682921875 0.95734375 0.5640418125 0.971453125 0.52358885 0.8323750000000001 0.5662891984375 0.8222968749999999 0.570783971875 0.7900625 0.608989546875 0.7416875 0.626968640625 0.7175 0.5842682921875 0.683234375 0.552804878125 0.620765625 0.5572996515625 0.568359375 0.552804878125 0.532078125 0.54156794375 0.538125 0.5280836234375 0.5582812500000001 0.5033623687500001 0.524015625 0.5033623687500001 0.45346875000000003 0.5977526125 0.45346875000000003 0.6044947734375 0.495796875 0.58202090625 0.50990625 0.5955052265624999 0.473625 0.6134843203125 0.6388906249999999 0.5752787453125 0.68121875 0.5752787453125 0.540140625 0.7011149828125001 0.683234375 0.5775261328125 0.57440625 0.6741637625 0.59859375 0.683153309375
9 0.29821875000000003 0.463606271875 0.29246875 0.46618466875 0.286703125 0.47132404218749996 0.27864062500000003 0.47132404218749996 0.264234375 0.471968640625 0.263078125 0.47775261249999995 0.26192187499999997 0.48289198593749993 0.260765625 0.48545296093749996 0.25846874999999997 0.4886585359375 0.253859375 0.4950871078125 0.24925000000000003 0.5034494781250001 0.26134375 0.5079442515625 0.27690625 0.512439025 0.289578125 0.5162891984375 0.29246875 0.5220731703125 0.285546875 0.5246515671875 0.272296875 0.5201393734375 0.264234375 0.5194947734375 0.264234375 0.5310627171875 0.26653125 0.5419860625 0.27171875 0.5593379796875 0.288421875 0.5612543546875 0.30398437500000003 0.563188153125 0.323578125 0.5644773515625 0.339703125 0.5651219515625 0.35815625 0.563188153125 0.3621875 0.563188153125 0.376015625 0.563188153125 0.38753125 0.5618989546875001 0.4019375 0.55804878125 0.40078125 0.5503484328125 0.39790625 0.5394250875 0.396171875 0.5259233453125 0.391 0.518222996875 0.39042187500000003 0.5066550515625 0.397328125 0.49958188124999997 0.39445312499999996 0.49702090625000006 0.38753125 0.4860975609375 0.38234375 0.47710801406250003 0.37370312499999997 0.4738850171875 0.367375 0.4738850171875 0.36390625 0.46939024375000005 0.35871875000000003 0.47132404218749996 0.3518125 0.46618466875 0.35065625 0.46296167187500004 0.34259375 0.460400696875 0.34028125 0.45397212500000006 0.34028125 0.44754355468749996 0.33914062500000003 0.432770034375 0.33914062500000003 0.421202090625 0.3385625 0.41027874531249997 0.335671875 0.4012891984375 0.33740625 0.3961498265625 0.33453125 0.390365853125 0.326453125 0.3890940765625 0.31090625 0.3890940765625 0.29879687499999996 0.39423345 0.28900000000000003 0.40451219531250004 0.28496875 0.41541811875 0.28900000000000003 0.43341463437499994 0.28496875 0.43919860625 0.28728125000000004 0.44627177656250006 0.290734375 0.452038328125 0.29821875000000003 0.44883275312500004 0.29879687499999996 0.44883275312500004 0.302828125 0.46104529687499995 0.29821875000000003 0.463606271875
9 0.072390625 0.5103135890625 0.09853125 0.5058362375 0.10859375 0.56637630625 0.12467187500000002 0.5641289203125 0.156859375 0.5529094078125001 0.146796875 0.5417073171875 0.10859375 0.46099303125 0.1025625 0.4094250875 0.08646875000000001 0.398205575 0.066359375 0.398205575 0.048265625 0.4094250875 0.030156250000000002 0.47444250937500004 0.008046875 0.481167246875 0.010046875 0.49911149843749997 0.020109375 0.5058362375 0.034187499999999996 0.5103135890625 0.072390625 0.5103135890625
9 0.7225312500000001 0.493571428125 0.7244375 0.49675958124999997 0.7339687500000001 0.5063240421875 0.74921875 0.5127003484375 0.75209375 0.5190766546875001 0.754953125 0.5254529609375 0.75590625 0.5286411156249999 0.76734375 0.552038328125 0.76734375 0.5531010453125 0.7806875 0.5584146343749999 0.77878125 0.552038328125 0.77496875 0.5424738671875 0.7730625 0.53503484375 0.76734375 0.5201393734375 0.762578125 0.507386759375 0.75971875 0.50419860625 0.750171875 0.49675958124999997 0.74921875 0.4956968640625 0.742546875 0.48613240468749996 0.7406406249999999 0.480818815625 0.73778125 0.467003484375 0.733015625 0.45317073125 0.725390625 0.42872822343749994 0.710140625 0.4244773515625 0.6939375 0.4414808359375 0.696796875 0.4552961671875 0.710140625 0.4776306625 0.69203125 0.45742160312499996 0.708234375 0.4818815328125 0.7225312500000001 0.493571428125
9 0.817359375 0.5399303140625 0.8307343749999999 0.54099303125 0.8383749999999999 0.5580313593749999 0.8450625 0.5548432062499999 0.896671875 0.5537804875 0.91290625 0.5431184671875 0.9176875000000001 0.5388675953125001 0.913859375 0.5228745640625 0.9119531249999999 0.5090243906249999 0.9119531249999999 0.49092334531250004 0.9100468749999999 0.4866550515625 0.898578125 0.472804878125 0.898578125 0.46001742187500005 0.898578125 0.44404181249999997 0.8928437499999999 0.4280662015625 0.878515625 0.4152787453125 0.860359375 0.413153309375 0.8479374999999999 0.41952961718750004 0.8402968749999999 0.43231707343750003 0.8383749999999999 0.4610801390625 0.844109375 0.47493031406249997 0.822140625 0.4845296171875 0.803984375 0.525017421875 0.80015625 0.5420557484375 0.803984375 0.5420557484375 0.817359375 0.5399303140625
9 0.39851562500000004 0.33900696875 0.37634375000000003 0.3637456453125 0.358328125 0.3822996515625 0.343078125 0.402386759375 0.34446875 0.42402439062499997 0.35278125 0.44721254374999997 0.358328125 0.4564808359375 0.36109375 0.459564459375 0.362484375 0.46111498281249996 0.377734375 0.47193379843749994 0.39435937499999996 0.493571428125 0.39851562500000004 0.5059407671875 0.43040625 0.4966550515625 0.4345625 0.47501742187499996 0.435953125 0.4456620203125 0.4498125 0.4209233453125 0.45396875000000003 0.3946515671875 0.463671875 0.396202090625 0.471984375 0.3869337984375 0.46643749999999995 0.37764808437499997 0.4650625 0.3730139375 0.473375 0.36837979062500004 0.474765625 0.357560975 0.474765625 0.340557490625 0.47614062500000004 0.32355400625 0.483078125 0.3189198609375 0.48168749999999994 0.305017421875 0.46782812500000004 0.2972822296875 0.442875 0.29419860625 0.42485937500000004 0.30810104531250004 0.43040625 0.31120209062500004 0.42209375 0.3189198609375 0.39851562500000004 0.33900696875
9 0.459859375 0.41358885 0.47171874999999996 0.409982578125 0.48140625000000004 0.41358885 0.497578125 0.424407665625 0.50728125 0.44722996562499995 0.50728125 0.47006968593750004 0.49434374999999997 0.4856794421875 0.50296875 0.5013066203125 0.5137343750000001 0.5073170734375 0.5320625 0.5037108015625 0.551453125 0.5097212546875001 0.553609375 0.5025087109374999 0.5396093750000001 0.49409407656250004 0.5094218749999999 0.4712717765625 0.51265625 0.45684669062500005 0.52128125 0.43282230000000005 0.5320625 0.42560975624999997 0.53421875 0.43282230000000005 0.541765625 0.43522648124999996 0.547140625 0.424407665625 0.553609375 0.409982578125 0.5643906249999999 0.41358885 0.5708593750000001 0.40878048749999996 0.5687031250000001 0.384756096875 0.5643906249999999 0.36311846718749996 0.560078125 0.35111498281250003 0.557921875 0.31386759531249997 0.557921875 0.299442509375 0.555765625 0.28381533124999997 0.5406875 0.276620209375 0.5148125 0.274216028125 0.5018906249999999 0.28381533124999997 0.4921875 0.30304878125 0.48571875000000003 0.3222648078125 0.487875 0.3475087109375 0.48032812500000005 0.3607142859375 0.4695625 0.38235191562500004 0.4609375 0.396777003125 0.457703125 0.40878048749999996 0.459859375 0.41358885
9 0.7286406249999999 0.4120905921875 0.737359375 0.4255226484375 0.738609375 0.43013937343749997 0.7381875 0.456045296875 0.744421875 0.47132404218749996 0.74525 0.47224738750000006 0.7589375 0.47456445937499997 0.7688906249999999 0.481045296875 0.7688906249999999 0.4921428578125 0.768484375 0.5018641109375 0.775125 0.50278745625 0.777609375 0.5037108015625 0.7950468749999999 0.49770034843750005 0.7991875 0.488449478125 0.799609375 0.4814982578125 0.800015625 0.473641115625 0.7950468749999999 0.46484320625000003 0.797953125 0.45374564531250006 0.808734375 0.4268989546875 0.8045937500000001 0.421811846875 0.8025156250000001 0.4148780484375 0.80084375 0.40979094062500004 0.796703125 0.40006968593750003 0.79296875 0.3885017421875 0.7888124999999999 0.37925087031250004 0.786734375 0.3722996515625 0.784671875 0.3658362375 0.7838437500000001 0.35843205624999996 0.7705625 0.33853658593749997 0.766828125 0.33574912968750004 0.76475 0.3218815328125 0.76309375 0.3103135890625 0.759765625 0.304756096875 0.755203125 0.2959581875 0.755203125 0.2899477359375 0.75478125 0.2862543546875 0.753953125 0.2830139375 0.7502187499999999 0.2779094078125 0.74565625 0.27144599375 0.744421875 0.26728222968750004 0.744421875 0.2658885015625 0.746078125 0.25663763125 0.7390156250000001 0.2524738671875 0.732375 0.2524738671875 0.724078125 0.2524738671875 0.718265625 0.254790940625 0.7091406250000001 0.2580139375 0.70084375 0.2658885015625 0.6971093749999999 0.2751393734375 0.6958593750000001 0.2779094078125 0.695453125 0.28254355468750003 0.6917187499999999 0.293641115625 0.691296875 0.30104529687500003 0.689640625 0.309372821875 0.690046875 0.3144773515625 0.69503125 0.31308362343749996 0.6979375 0.319564459375 0.698359375 0.32094076718750003 0.698359375 0.3283449484375 0.70209375 0.3311324046875 0.7070624999999999 0.334372821875 0.706234375 0.34222996562499997 0.701671875 0.357961671875 0.69378125 0.39358885 0.698765625 0.406550521875 0.703328125 0.407003484375 0.716203125 0.4093205578125 0.7286406249999999 0.4120905921875
9 0.626265625 0.30797909375 0.626265625 0.318153309375 0.626265625 0.32879790937500003 0.627921875 0.32324041875 0.63290625 0.3001045296875 0.639546875 0.290383275 0.644109375 0.290383275 0.64659375 0.2973344953125 0.645359375 0.3051916375 0.6420312499999999 0.3135191640625 0.6420312499999999 0.317229965625 0.638296875 0.3264808359375 0.63415625 0.3343554 0.6370625000000001 0.337578396875 0.6436875 0.3385191640625 0.6577968750000001 0.32879790937500003 0.660296875 0.340818815625 0.65946875 0.355627178125 0.659046875 0.3644250875 0.663203125 0.3644250875 0.67315625 0.3690418125 0.672328125 0.3810801390625 0.670671875 0.3986585359375 0.67275 0.40653310156250005 0.6822812500000001 0.4074564453125 0.6851875 0.41114982656250004 0.68478125 0.400975609375 0.690171875 0.40560975624999995 0.694328125 0.4125435546875 0.6951562499999999 0.4125435546875 0.699296875 0.412996515625 0.698890625 0.40560975624999995 0.6955625000000001 0.39681184687500004 0.6955625000000001 0.38709059218749997 0.695984375 0.38060975625000004 0.6951562499999999 0.3722822296875 0.688921875 0.348222996875 0.6719062499999999 0.33296167187500003 0.67771875 0.32278745625 0.678546875 0.31398954687499997 0.67315625 0.30381533125 0.669421875 0.2908536578125 0.661125 0.27836236875 0.649921875 0.2718815328125 0.64453125 0.2691114984375 0.6320781249999999 0.272351915625 0.620046875 0.279756096875 0.60884375 0.2908536578125 0.6163125 0.29918118437499996 0.6233593749999999 0.30381533125 0.626265625 0.30797909375
9 0.620734375 0.498989546875 0.60584375 0.51477351875 0.608078125 0.5205749125 0.6158210937499999 0.521945121875 0.616296875 0.5208782546874999 0.6235640625000001 0.52331533125 0.624515625 0.52118159375 0.63130703125 0.524685540625 0.632734375 0.5214849359375 0.63905 0.5260557484375 0.640953125 0.5217882765625 0.64679296875 0.5274259578125 0.6491718750000001 0.5220916171875001 0.657390625 0.5223949578125 0.6545359375 0.5287961671875 0.66227890625 0.5301663765625 0.6656093750000001 0.5226983 0.673828125 0.5230016390625 0.670021875 0.5315365859375001 0.7319656250000001 0.5424982578125 0.764421875 0.6284843203125 0.7785624999999999 0.62682926875 0.789734375 0.6185365859374999 0.79196875 0.598606271875 0.789734375 0.5795121953125 0.78378125 0.566236934375 0.7748437499999999 0.5562717765625 0.7629374999999999 0.54797909375 0.73970859375 0.5438684671875 0.7477968749999999 0.5257317078125 0.739578125 0.5254283656250001 0.74159375 0.519386759375 0.71678125 0.49400696875000005 0.7048593750000001 0.4873693375 0.6955546874999999 0.484468640625 0.692203125 0.4757491296875 0.6929531250000001 0.4716027875 0.6914687500000001 0.46745644531249997 0.68996875 0.43674216093749996 0.6616875 0.41846689843749996 0.6408437499999999 0.42428571406250004 0.634140625 0.43175958124999997 0.63040625 0.4574912890625 0.63115625 0.48238675937500003 0.625953125 0.4873693375 0.620734375 0.498989546875
8 0.476 0.380783971875 0.4805 0.39789198593749997 0.49448437500000003 0.42101045312499996 0.50440625 0.44414634218750004 0.5053124999999999 0.45320557499999997 0.5075624999999999 0.460243903125 0.508921875 0.46576655 0.5111718749999999 0.4687804875 0.517484375 0.474825784375 0.53371875 0.48538327499999995 0.5386875 0.48487804843750004 0.547703125 0.4788501734375 0.55265625 0.469790940625 0.5535625 0.46576655 0.546796875 0.4557142859375 0.534171875 0.44867595781249997 0.5201875 0.45118466875 0.516578125 0.4516898953125 0.511625 0.449181184375 0.508921875 0.4421428578125 0.507109375 0.43660278750000003 0.4971875 0.41749128906250005 0.48771875 0.40290940781250006 0.48140625000000004 0.38682926875 0.48004687500000004 0.3787804875 0.481859375 0.36771777031249997 0.48321875 0.35817073125 0.477796875 0.36017421562499996 0.47689062499999996 0.3667073171875 0.476 0.380783971875
8 0.60890625 0.19501742187499999 0.601640625 0.18419860625 0.60284375 0.162578396875 0.59678125 0.16189895468749999 0.59678125 0.1868989546875 0.590125 0.20243902500000002 0.594359375 0.22879790937500002 0.5882968749999999 0.236236934375 0.60709375 0.236236934375 0.6058749999999999 0.22947735156250001 0.60890625 0.19501742187499999
8 0.725765625 0.165017421875 0.72025 0.165818815625 0.72071875 0.1817247390625 0.714375 0.1941637625 0.715703125 0.2095470390625 0.7160624999999999 0.2097386765625 0.719515625 0.2095470390625 0.7251562500000001 0.21217769999999997 0.7307812499999999 0.2186585359375 0.731703125 0.21541811875 0.732421875 0.19332752656250002 0.7278749999999999 0.183205575 0.727796875 0.172770034375 0.727921875 0.16541811875 0.725765625 0.165017421875
8 0.652171875 0.3735017421875 0.65178125 0.3770557484375 0.652171875 0.4090766546875 0.66853125 0.40996515625 0.6713281249999999 0.368606271875 0.657359375 0.36682926875 0.65696875 0.37081881562499996 0.652171875 0.3735017421875
8 0.617390625 0.5463240421875 0.62090625 0.562961671875 0.67003125 0.5512195125 0.6814375 0.5512195125 0.701609375 0.5649128921875 0.7191562499999999 0.5805574906250001 0.74109375 0.63240418125 0.76828125 0.6304529609375 0.7656562499999999 0.6304529609375 0.762140625 0.5277526124999999 0.6156406249999999 0.5199128921875 0.614765625 0.536550521875 0.617390625 0.5463240421875
8 0.808234375 0.5200522640624999 0.8123437499999999 0.5102613234375 0.818109375 0.49771777031250003 0.823328125 0.48731707343749997 0.82990625 0.47752613281249995 0.799453125 0.47996515625 0.801921875 0.5374912890625 0.8052187500000001 0.5283101046875001 0.8071406250000001 0.5221951218750001 0.808234375 0.5200522640624999
8 1 0.519825784375 0.911546875 0.5293379796875 0.911546875 0.5540766546875 0.972984375 0.5407665500000001 0.96275 0.5845296171875 0.964453125 0.597839721875 0.933734375 0.6359059234375 0.906421875 0.6511324046875 0.906421875 0.7139198609374999 0.986640625 0.708205575 0.9849218750000001 0.807160278125 0.996875 0.8280836234375 1 0.71202090625 1 0.519825784375
8 0.40845312500000003 0.5583275265625 0.420703125 0.552386759375 0.419625 0.5375435546875 0.422828125 0.514372821875 0.43401562499999996 0.5007142859375 0.41590625000000003 0.5025087109374999 0.39034375 0.50843205625 0.38660937500000003 0.5102264812499999 0.40845312500000003 0.5583275265625
8 0.014109374999999999 0.611794425 0.06853125 0.6028048781249999 0.09875 0.5735888499999999 0.09875 0.515174215625 0.03225 0.5016898953125 0.002015625 0.5106794421874999 0.002015625 0.535400696875 0.014109374999999999 0.611794425
8 0.17946875 0.5302961671875 0.18975781249999998 0.5302961671875 0.19515625 0.5363066203125 0.196625 0.5491463421875 0.2039739578125 0.555975609375 0.19809375 0.5619860625 0.20740625000000001 0.5756446000000001 0.21034375 0.566358884375 0.22160937500000003 0.5685365859375 0.2299375 0.56362369375 0.2165520828125 0.5594367015625 0.2227604171875 0.5525145171875 0.232640625 0.5516027875 0.22896875 0.545592334375 0.2299375 0.5401219515625 0.23534375000000002 0.53958188125 0.23142187500000003 0.5302961671875 0.23190624999999998 0.5177177703125 0.242203125 0.50843205625 0.23337500000000003 0.4996864109375 0.22749999999999998 0.506794425 0.21965625000000003 0.4996864109375 0.211328125 0.500783971875 0.20495312499999999 0.5073344953125 0.19809375 0.502421603125 0.1931875 0.50515679375 0.18828125 0.5122648078125 0.184375 0.51881533125 0.18534375 0.5253658531250001 0.17896875 0.52702090625 0.17946875 0.5302961671875
8 0.616953125 0.350557490625 0.61465625 0.39015679375 0.63221875 0.3927177703125 0.631453125 0.3905749125 0.6307031249999999 0.350557490625 0.616953125 0.350557490625
9 0.430984375 0.5672299656249999 0.4451875 0.5825435546875 0.459890625 0.5825435546875 0.47264062500000004 0.5803484328125 0.48390625 0.55958188125 0.500578125 0.5267944250000001 0.512828125 0.5093205578125 0.50890625 0.5038501734375 0.500078125 0.4967421609375 0.49468750000000006 0.4907317078125 0.49959375 0.47761324062500005 0.5045 0.473797909375 0.50596875 0.46395470312500003 0.504984375 0.4563066203125 0.507921875 0.4459233453125 0.49223437499999995 0.4197038328125 0.48440625 0.4114982578125 0.4765625 0.408763065625 0.46725000000000005 0.408763065625 0.452046875 0.4175087109375 0.43685937499999994 0.44702090625 0.43637499999999996 0.45850174218750006 0.4329375 0.47980836250000003 0.428046875 0.49510452968749996 0.41823437500000005 0.5005749125000001 0.41775 0.5114982578125 0.41235937500000003 0.5278919859375 0.41578125000000005 0.5524912890625 0.424125 0.55740418125 0.430984375 0.5672299656249999
7 0 0.94675958125 0.0391875 0.9753135890625 0.09714062500000001 0.9873344953125001 0.13621875 0.9873344953125001 0.16453125 0.9377351921875 0.17396875 0.9197038328125 0.18070312500000002 0.8791289203125 0.168578125 0.7934843203125 0.200921875 0.754407665625 0.15914062499999998 0.6943031359375 0.16721875 0.677770034375 0.129484375 0.6417073171875 0.12275 0.6417073171875 0.09309375 0.643205575 0.086359375 0.625174215625 0.066140625 0.6146515671875 0.04996875 0.6071428578125 0 0.572578396875 0 0.6041289203125 0 0.6537282234374999 0 0.6837804875 0 0.94675958125
8 0.71121875 0.1657491296875 0.703109375 0.1657491296875 0.703953125 0.1722822296875 0.703109375 0.18599303125 0.699203125 0.198449478125 0.699203125 0.21059233437499997 0.715125 0.20841463437500002 0.715125 0.19160278749999998 0.713453125 0.185365853125 0.7109375 0.1813240421875 0.71121875 0.1657491296875
8 0.6857031250000001 0.17040069687499998 0.685984375 0.1872822296875 0.68075 0.194756096875 0.679578125 0.20742160312500002 0.690359375 0.21292682968749999 0.698796875 0.20871080156250002 0.6993750000000001 0.196045296875 0.694140625 0.18923345 0.693265625 0.17040069687499998 0.6857031250000001 0.17040069687499998
8 0.6560625 0.177560975 0.6505625 0.177560975 0.6499375 0.1963414640625 0.644734375 0.20418118437500002 0.644734375 0.23592334531249998 0.65759375 0.23592334531249998 0.65759375 0.2304703828125 0.66340625 0.2277351921875 0.663109375 0.20317073125000001 0.65790625 0.19736933750000002 0.65759375 0.1918989546875 0.6560625 0.177560975
8 0.639609375 0.1975261328125 0.63771875 0.177770034375 0.6326562499999999 0.17740418125 0.6310781249999999 0.1950522640625 0.626953125 0.20141114999999998 0.626953125 0.237038328125 0.64246875 0.2366898953125 0.644671875 0.237038328125 0.644671875 0.20386759531249998 0.639609375 0.1975261328125
8 0.620015625 0.16229965156249998 0.611375 0.16278745625 0.612234375 0.1849128921875 0.607921875 0.19383275312499998 0.608359375 0.237386759375 0.62325 0.23714285781250002 0.624109375 0.20175958125000001 0.624109375 0.1933449484375 0.62021875 0.1837108015625 0.620015625 0.16229965156249998
8 0.573390625 0.23672473906249997 0.589921875 0.23695121874999997 0.5895312500000001 0.2116724734375 0.589921875 0.197961671875 0.584734375 0.19261324062500002 0.584921875 0.178031359375 0.584921875 0.17054007031250001 0.5778125000000001 0.1707491296875 0.578390625 0.18339721250000002 0.5780000000000001 0.1938850171875 0.573390625 0.1971080140625 0.5735781249999999 0.2016027875 0.573390625 0.23672473906249997
8 0.520375 0.18932055781249998 0.5187968749999999 0.18233449531249998 0.515671875 0.175365853125 0.516203125 0.16489547031250001 0.5094218749999999 0.16606271718750001 0.5099375 0.17188153281250002 0.5099375 0.174790940625 0.507859375 0.1794250875 0.506296875 0.1898954703125 0.5031718749999999 0.1951219515625 0.504203125 0.23465156718750002 0.520375 0.236968640625 0.52140625 0.192804878125 0.520375 0.18932055781249998
8 0.498828125 0.18560975625 0.49778124999999995 0.18095818749999998 0.49675 0.1705052265625 0.491296875 0.1697038328125 0.49071875 0.1843205578125 0.4886875 0.187560975 0.48896875 0.19665505156250002 0.4843125 0.1992508703125 0.48423437500000005 0.23616724687500001 0.503515625 0.23325783906250003 0.502484375 0.19606271718749999 0.498828125 0.1937456453125 0.498828125 0.18560975625
8 0.549765625 0.167560975 0.5450468749999999 0.1668989546875 0.543875 0.19653310156249998 0.538546875 0.2011324046875 0.538546875 0.23801393750000002 0.54209375 0.2366898953125 0.5545 0.2366898953125 0.5533125 0.1958710796875 0.551546875 0.18731707343749998 0.549765625 0.167560975
8 0.40295312499999997 0.24306620156249997 0.403515625 0.2272648078125 0.400109375 0.22663763124999997 0.39728125 0.24684669062500003 0.390484375 0.2512717765625 0.391046875 0.292961671875 0.391046875 0.29358885 0.4103125 0.292961671875 0.412015625 0.2518989546875 0.40578125 0.24684669062500003 0.40295312499999997 0.24306620156249997
8 0.5530468749999999 0.4622996515625 0.559046875 0.468031359375 0.5624687500000001 0.43939024375 0.6215625 0.44034843281249997 0.624125 0.47853658593750004 0.63440625 0.4756794421875 0.6386875 0.45562717812500003 0.643828125 0.42984320625 0.731171875 0.422195121875 0.729453125 0.4193379796875 0.67721875 0.39069686406250004 0.593296875 0.39259581875 0.561609375 0.413606271875 0.54790625 0.422195121875 0.55390625 0.43080139375000004 0.5530468749999999 0.4622996515625
8 0.302109375 0.579982578125 0.3355625 0.5678223 0.33192187500000003 0.56458188125 0.28684375 0.562160278125 0.302109375 0.579982578125
9 1 0.4296515671875 0.981828125 0.4177351921875 0.9652968749999999 0.4253135890625 0.9487656250000001 0.436167246875 0.9516718750000001 0.4556968640625 0.9575156249999999 0.48496515625000003 0.9633437499999999 0.49256097499999996 0.9662656249999999 0.49256097499999996 0.967234375 0.5012369343749999 0.94778125 0.5023170734375 0.9419531250000001 0.5044947734375 0.9244375 0.5109930312500001 0.9195781249999999 0.51317073125 0.920546875 0.521846690625 1 0.5196689890624999 1 0.4296515671875
8 0.624984375 0.41172473906249996 0.62234375 0.3876306625 0.61884375 0.365174215625 0.61796875 0.3583275265625 0.61534375 0.35996515625000003 0.608921875 0.3602787453125 0.6074531249999999 0.4048780484375 0.6135937499999999 0.4130139375 0.624984375 0.41172473906249996
8 0.17825 0.48789198593750005 0.17253125 0.49353658593749994 0.171578125 0.4985017421875 0.17221875 0.5335191640625 0.174125 0.5526132406250001 0.1868125 0.5536759578125 0.19125 0.4875261328125 0.18934375 0.48470383281249996 0.1785625 0.48576655 0.17825 0.48789198593750005