10 0.47144 0.431471471875 0.48789999999999994 0.43819819843749996 0.5013799999999999 0.487627628125 0.54478 0.48315315312499996 0.5702200000000001 0.4584384390625 0.56274 0.43594594531249997 0.58518 0.4045045046875 0.5971599999999999 0.4022522515625 0.5971599999999999 0.35954955 0.6241 0.3303303296875 0.65852 0.346066065625 0.63158 0.2224624625 0.56872 0.128078078125 0.45946 0.1393393390625 0.46096000000000004 0.146066065625 0.41158 0.2359459453125 0.41756000000000004 0.3932732734375 0.45198 0.442702703125 0.47144 0.431471471875
8 0.1461 0.346366365625 0.14074 0.346366365625 0.14174 0.35138138125 0.13708 0.41660660624999996 0.14174 0.41960960937499997 0.14542 0.42513513437499995 0.14944 0.42162162187499996 0.1481 0.3940240234375 0.15078 0.3573873875 0.15109999999999998 0.356396396875 0.14876 0.35339339375 0.1461 0.346366365625
9 0.576 0.5777177171875 0.5820000000000001 0.5979879875 0.5820000000000001 0.6250150156250001 0.5820000000000001 0.65429429375 0.576 0.688078078125 0.606 0.7015915921875 0.6224999999999999 0.726366365625 0.6375 0.7601201203125 0.6735 0.7398798796875 0.675 0.735375375 0.6735 0.7083483484374999 0.666 0.6970870875 0.6599999999999999 0.67906906875 0.6615 0.65429429375 0.666 0.65429429375 0.675 0.6475375375 0.6809999999999999 0.6294894890625 0.6839999999999999 0.60924925 0.6809999999999999 0.5889789796875 0.6675 0.5754354359375 0.6719999999999999 0.557447446875 0.6735 0.51690690625 0.666 0.4898798796875 0.6555 0.47411411406250004 0.6525000000000001 0.4673573578125 0.651 0.44483483437500004 0.657 0.4245645640625 0.6585 0.40429429375000003 0.6585 0.3930330328125 0.6585 0.3705105109375 0.6555 0.3524924921875 0.645 0.334474475 0.618 0.34123123125 0.6014999999999999 0.35924925 0.6014999999999999 0.3975375375 0.603 0.4245645640625 0.597 0.43132132187499994 0.5805 0.44483483437500004 0.5625 0.46960960937499996 0.534 0.5011411406249999 0.513 0.5596997 0.549 0.5484384390625 0.5625 0.557447446875 0.576 0.5777177171875
9 0.45048000000000005 0.912372371875 0.47144 0.8966366359375 0.46546000000000004 0.9775375374999999 0.666 0.9865165171875001 0.64356 0.9190990984375 0.63906 0.8786486484375 0.60614 0.8427027031250001 0.61062 0.78876876875 0.63606 0.757297296875 0.61512 0.712372371875 0.5732 0.687627628125 0.5821799999999999 0.58876876875 0.54626 0.5438138140625 0.4864 0.5775375375 0.4894 0.6584384390625 0.5118400000000001 0.6943843843749999 0.446 0.7550450453125 0.4011 0.934834834375 0.40259999999999996 0.9865165171875001 0.40557999999999994 0.9842642640625 0.42654 0.98876876875 0.45048000000000005 0.912372371875
9 0.7094 0.3412612609375 0.71436 0.383783784375 0.70374 0.3869669671875 0.70728 0.3944144140625 0.7009000000000001 0.41885885937499995 0.68532 0.4677477484375 0.6910000000000001 0.536846846875 0.71648 0.513453453125 0.7186 0.501771771875 0.71436 0.4868768765625 0.70868 0.43480480468750005 0.71082 0.3986486484375 0.72072 0.3890990984375 0.72922 0.36570570625 0.72922 0.313603603125 0.70302 0.2753453453125 0.70868 0.26048048125 0.70728 0.22327327343749998 0.68392 0.21900900937499998 0.674 0.24345345312500002 0.67188 0.28066066093750003 0.68108 0.28597597656249996 0.68392 0.289159159375 0.69666 0.2987387390625 0.7094 0.3412612609375
9 0.284 1 0.2778 0.9726426421875001 0.30084 0.9686486484374999 0.30734 0.959759759375 0.30764 0.93801801875 0.30646 0.910060059375 0.30676000000000003 0.8865465468749999 0.29138000000000003 0.825765765625 0.26242 0.753453453125 0.25534 0.733903903125 0.24409999999999998 0.7272672671875 0.21810000000000002 0.7183783781249999 0.21308 0.704624625 0.21661999999999998 0.6948648656249999 0.22134 0.6846546546875001 0.22578 0.6735735734375 0.22490000000000002 0.634084084375 0.21396 0.607447446875 0.2051 0.584834834375 0.18056 0.5777177171875 0.16048 0.5830630625000001 0.1451 0.6003603609375 0.12825999999999999 0.6323123125000001 0.12382 0.665135134375 0.1253 0.6797897890625 0.12796000000000002 0.695315315625 0.1318 0.711291290625 0.14008 0.7210510515624999 0.1197 0.7383483484375 0.09842 0.753453453125 0.08304 0.77075075 0.056459999999999996 0.8111111109375001 0.04552 0.8248648656249999 0.026600000000000002 0.86924925 0.0198 0.884774775 0.0070999999999999995 0.9131831828125 0.013600000000000001 0.947777778125 0.01804 0.9602102109375 0.02218 0.9668768765625 0.02336 0.9766366359375 0.036059999999999995 0.989939940625 0.04344 0.986846846875 0.04552 0.9912612609375 0.04758 0.99615615625 0.05172 1 0.06562 1 0.15782000000000002 1 0.22608 1 0.284 1
9 0.9299200000000001 0.91936936875 0.9417 0.8804204203125 0.9228400000000001 0.80075075 0.9228400000000001 0.72108108125 0.9051600000000001 0.6732732734375 0.91812 0.6414114109375 0.9252 0.6378678671875 0.9028 0.5936336343749999 0.8697800000000001 0.5652852859374999 0.86272 0.5670570578125 0.84032 0.5776876875 0.83796 0.6219519515624999 0.8120200000000001 0.6591291296875 0.83324 0.6484984984375 0.8238 0.6803603609375 0.79432 0.72816816875 0.76132 0.809609609375 0.7565999999999999 0.864474475 0.76486 0.9122822828125001 0.7625 0.9972372375 0.9028 0.9972372375 0.91576 0.9423723718750001 0.9299200000000001 0.91936936875
9 0.50814 0.6934234234375001 0.48932000000000003 0.668678678125 0.49050000000000005 0.5803903906250001 0.5152 0.5574174171874999 0.50932 0.534474475 0.49989999999999996 0.4867867875 0.49871999999999994 0.45675675625 0.47519999999999996 0.42852852812500003 0.46696 0.43204204218750003 0.45167999999999997 0.44969970000000004 0.44816 0.4815015015625 0.44462 0.4885585578125 0.43992000000000003 0.4867867875 0.4117 0.5150450453125 0.41522 0.543303303125 0.40346000000000004 0.583933934375 0.40464 0.587447446875 0.4117 0.6033333328125 0.41522 0.6545645640625 0.41403999999999996 0.6845645640625 0.41052 0.7216516515625 0.42346000000000006 0.7605105109375 0.42816 0.7958258265625 0.42934 0.83645645625 0.44344 0.776396396875 0.45874 0.7393093093750001 0.50814 0.6934234234375001
9 0.9867000000000001 0.13309309375 0.9825200000000001 0.07552552500000001 0.98002 0.06987987968750001 0.9679399999999999 0.0654954953125 0.9679399999999999 0.059249249999999996 0.97126 0.0417117109375 0.96668 0.028558557812500003 0.95626 0.03045045 0.9479200000000001 0.04984985 0.9545999999999999 0.05984985 0.95626 0.06738738749999999 0.9521000000000001 0.06924925 0.94208 0.071141140625 0.9308400000000001 0.1124324328125 0.94876 0.12183183125 0.9625199999999999 0.12621621562500002 0.9867000000000001 0.13309309375
9 0.23866 0.204474475 0.23643999999999998 0.2078078078125 0.23422 0.21030030000000002 0.23199999999999998 0.215315315625 0.23144 0.223633634375 0.22866 0.233633634375 0.22921999999999998 0.2361261265625 0.2725 0.2361261265625 0.27305999999999997 0.239459459375 0.27305999999999997 0.245315315625 0.27196 0.23780780781250002 0.26974 0.24780780781249998 0.26918000000000003 0.25030030000000003 0.26806 0.2578078078125 0.26752 0.2669669671875 0.2664 0.275315315625 0.26474000000000003 0.284474475 0.26196 0.28696696718750003 0.26086 0.289459459375 0.26086 0.29612612656250004 0.26139999999999997 0.2978078078125 0.26861999999999997 0.303633634375 0.26861999999999997 0.3061261265625 0.26806 0.31945945937500003 0.26806 0.334474475 0.26583999999999997 0.3452852859375 0.26196 0.3678078078125 0.26139999999999997 0.379459459375 0.26030000000000003 0.3878078078125 0.26030000000000003 0.39780780781249997 0.26086 0.39780780781249997 0.27084 0.4027927921875 0.27528 0.4052852859375 0.27694 0.383783784375 0.27749999999999997 0.371291290625 0.27749999999999997 0.363783784375 0.27749999999999997 0.3529429421875 0.27584 0.333783784375 0.27694 0.319609609375 0.27862 0.31210210156249996 0.27862 0.304624625 0.27749999999999997 0.291291290625 0.27862 0.2771171171875 0.27915999999999996 0.26711711718750003 0.28028 0.2579579578125 0.28306 0.255465465625 0.28306 0.25378378437500004 0.28416 0.241291290625 0.28472 0.22960960937500002 0.28359999999999996 0.2179579578125 0.28359999999999996 0.21294294218749998 0.27806000000000003 0.199609609375 0.27305999999999997 0.1979579578125 0.26696 0.191291290625 0.26583999999999997 0.1862762765625 0.26752 0.181291290625 0.27084 0.1729429421875 0.2714 0.1621321328125 0.26362 0.15045044999999999 0.25364 0.145465465625 0.24754 0.1471171171875 0.23866 0.15045044999999999 0.23088000000000003 0.15546546562500002 0.22866 0.1579579578125 0.22978 0.1621321328125 0.23365999999999998 0.1671171171875 0.23365999999999998 0.17129129062499998 0.23365999999999998 0.173783784375 0.23365999999999998 0.1821321328125 0.23365999999999998 0.1887987984375 0.24253999999999998 0.189609609375 0.24364 0.19294294218750002 0.24253999999999998 0.1927927921875 0.24087999999999998 0.20030030000000001 0.23866 0.204474475
9 0.39268000000000003 0.9375075078125 0.38798 0.9304204203124999 0.39268000000000003 0.843153153125 0.39268000000000003 0.8007207203125001 0.37856 0.7110810812499999 0.37226 0.67570570625 0.35028000000000004 0.6379579578125 0.34086 0.61675675625 0.32358 0.6120420421875 0.31886000000000003 0.6120420421875 0.32044 0.595525525 0.32044 0.5530630624999999 0.31572 0.5294894890624999 0.3063 0.5082582578125 0.29374 0.50354354375 0.27646000000000004 0.5058858859375001 0.26232 0.5176876874999999 0.2529 0.5389189187500001 0.25132 0.5837237234375 0.2529 0.6049549546875 0.25132 0.61675675625 0.23876 0.6521321328125 0.22618 0.6851351343750001 0.21989999999999998 0.6992792796875 0.22304 0.7205105109375001 0.2419 0.7228828828125 0.2576 0.7441141140624999 0.2953 0.8572972968749999 0.30002 0.9021321328124999 0.3173 0.9209909906249999 0.32514 0.9398498500000001 0.32828 0.9540240234375 0.32672 0.9634534531250001 0.31572 0.9728828828125 0.30316 0.9681681687499999 0.29216000000000003 0.9705105109375 0.28274 0.979939940625 0.28115999999999997 0.9893993999999999 0.39740000000000003 0.9870270265625001 0.39268000000000003 0.9728828828125 0.39112 0.9657957953125 0.39584 0.9492792796874999 0.39268000000000003 0.9375075078125
9 0.11332 0.503003003125 0.11572 0.535675675 0.1689 0.5405105109375 0.17614000000000002 0.522372371875 0.1834 0.49936936875000004 0.18662 0.48366366406249994 0.18742 0.4667267265625 0.18582 0.4570270265625 0.18178 0.4473573578125 0.17614000000000002 0.4388888890625 0.15842 0.4255855859375 0.14714 0.424384384375 0.12782 0.4340540546875 0.11654 0.4521921921875 0.1117 0.48366366406249994 0.11332 0.503003003125
9 0.02445 0.41238738750000004 0.025408571875 0.42410982343750003 0.01664 0.42429429374999994 0.01492 0.4265165171875 0.025455 0.7025450453125 0.03602 0.7111861859374999 0.026379999999999997 0.7206306312499999 0.033800000000000004 0.731771771875 0.027373334375000002 0.73806806875 0.03602 0.85198198125 0.05382 0.8152552546875 0.06346 0.8096696703124999 0.06048 0.7662762765625 0.04788 0.756246246875 0.04084 0.744009009375 0.03824 0.6906006 0.04566 0.673903903125 0.04196 0.6382882890625 0.035897142187499995 0.42170313281249994 0.08834 0.40966967031249996 0.08834 0.4073573578125 0.08782 0.3989489484375 0.07508000000000001 0.37903903906249997 0.07354000000000001 0.34384384375 0.06948 0.32468468437500003 0.05928 0.320090090625 0.04754 0.3193393390625 0.035820000000000005 0.32621621562500003 0.03276 0.330060059375 0.030719999999999997 0.33924925 0.03226 0.3675675671875 0.035820000000000005 0.3859459453125 0.035320000000000004 0.3943543546875 0.02445 0.41238738750000004
8 0.8042199999999999 0.6918918921875 0.7676999999999999 0.7347447453125 0.7232000000000001 0.86324324375 0.76086 0.91123123125 0.7563 0.8032732734374999 0.78938 0.73645645625 0.8042199999999999 0.6918918921875
8 0.8504799999999999 0.5228228234375 0.8466400000000001 0.49084084062500005 0.85886 0.496066065625 0.8564999999999999 0.47798048125000003 0.84472 0.47484985 0.8428000000000001 0.458858859375 0.8541399999999999 0.45989489531250005 0.85178 0.44180930937499996 0.84088 0.4428678671875 0.84942 0.4237237234375 0.8393942859375001 0.42484770625 0.8389599999999999 0.42687687656250006 0.799291428125 0.42934363124999997 0.79076 0.43474474531249996 0.7892657140625 0.43046760937500006 0.7792399999999999 0.4315915921875 0.78762 0.5054954953124999 0.81068 0.5165165171874999 0.8504799999999999 0.5228228234375
9 0.1303 0.230840840625 0.1326 0.2260360359375 0.13488 0.20063063125 0.1271 0.18690690625 0.11704 0.1807207203125 0.10196000000000001 0.1827927921875 0.09922 0.19444444375 0.09694 0.2157357359375 0.09374 0.22396396406250002 0.09146 0.23357357343750001 0.09236 0.24249249218750002 0.1454 0.25141141093749997 0.1454 0.24729729687500002 0.13854 0.236996996875 0.1303 0.230840840625
9 0.15574 0.4263363359375 0.16212 0.4301801796875 0.17232 0.4330330328125 0.17678 0.435915915625 0.18506 0.45123123125 0.1889 0.46558558593750005 0.18506 0.48951951875 0.1787 0.5249549546875001 0.17168 0.539309309375 0.1736 0.539309309375 0.1755 0.5402702703125 0.18762 0.5383483484375 0.19208 0.52876876875 0.19336 0.5278078078124999 0.19718 0.513453453125 0.1991 0.48951951875 0.1991 0.4770870875 0.19846 0.448378378125 0.19526 0.4301801796875 0.20228000000000002 0.43783783749999994 0.21248 0.43975975937499995 0.22268 0.42921921875 0.22905999999999999 0.404324325 0.22396 0.3966666671875 0.2112 0.3880480484375 0.20737999999999998 0.36891891875 0.19463999999999998 0.3430630625 0.19782 0.3267867875 0.19144 0.3038138140625 0.18954 0.2884984984375 0.17931999999999998 0.2827627625 0.17806 0.2827627625 0.16338 0.2846546546875 0.1704 0.251171171875 0.15892 0.2540240234375 0.15 0.2779579578125 0.14618 0.285615615625 0.13788 0.2884984984375 0.13916 0.31051051093750004 0.14426 0.31339339375 0.15318 0.3124324328125 0.15766 0.31912912968749996 0.15766 0.33444444375 0.15702 0.3382582578125 0.15128 0.3440240234375 0.13979999999999998 0.3440240234375 0.1296 0.35453453437500004 0.12450000000000001 0.358378378125 0.11939999999999999 0.384234234375 0.11684000000000001 0.402402403125 0.12322 0.4005105109375 0.13278 0.4014414421875 0.13534 0.41198198125 0.13088 0.4158258265625 0.11557999999999999 0.42921921875 0.12896000000000002 0.4368768765625 0.1296 0.4301801796875 0.14426 0.42444444375 0.15574 0.4263363359375
9 0.038 0.32432432499999997 0.032 0.33873873906249996 0.044266665625 0.347147146875 0.035199999999999995 0.3549549546875 0.026000000000000002 0.353153153125 0.026000000000000002 0.36936936875000004 0.014000000000000002 0.36936936875000004 0.008 0.37837837812499997 0.008 0.41741741718750003 0.016 0.4264264265625 0.034 0.39939939999999996 0.032 0.372372371875 0.053333334375 0.3393393390625 0.0624 0.33153153125 0.072 0.3393393390625 0.078 0.41741741718750003 0.086 0.41141141093750005 0.09 0.41741741718750003 0.096 0.40540540468749997 0.11000000000000001 0.4084084078125 0.11599999999999999 0.396396396875 0.126 0.3573573578125 0.13999999999999999 0.3453453453125 0.152 0.3453453453125 0.156 0.3393393390625 0.154 0.31531531562500004 0.16599999999999998 0.2852852859375 0.16918181875 0.271498771875 0.179272728125 0.2743652734375 0.182 0.2852852859375 0.1893636359375 0.277231778125 0.19 0.29429429375 0.1994545453125 0.2800982796875 0.2 0.29429429375 0.20954545468750002 0.282964784375 0.258 0.31531531562500004 0.258 0.3453453453125 0.266 0.3453453453125 0.264 0.3623623640625 0.27 0.379379378125 0.268 0.402402403125 0.272 0.40540540468749997 0.266 0.41141141093750005 0.266 0.44444444375 0.272 0.453453453125 0.298 0.45045045000000006 0.302 0.45645645625000003 0.288 0.47447447499999995 0.288 0.4924924921875 0.298 0.5075075078125 0.304 0.5075075078125 0.316 0.53153153125 0.32 0.552552553125 0.32 0.6126126125 0.33999999999999997 0.61861861875 0.372 0.675675675 0.388 0.771771771875 0.39 0.78078078125 0.394 0.78078078125 0.4 0.76876876875 0.396 0.7327327328125001 0.398 0.7207207203125 0.404 0.7207207203125 0.40800000000000003 0.7147147140625 0.414 0.68168168125 0.41200000000000003 0.609609609375 0.41 0.603603603125 0.40599999999999997 0.603603603125 0.40199999999999997 0.5585585578125001 0.386 0.54354354375 0.374 0.54354354375 0.374 0.522522521875 0.37 0.5135135140625 0.37 0.46846846875 0.384 0.46846846875 0.388 0.4624624625 0.40800000000000003 0.39939939999999996 0.40800000000000003 0.3603603609375 0.404 0.3393393390625 0.40800000000000003 0.32432432499999997 0.40800000000000003 0.2882882890625 0.40199999999999997 0.2552552546875 0.554 0.1171171171875 0.5700000000000001 0.1261261265625 0.575 0.1268768765625 0.638 0.2552552546875 0.638 0.2612612609375 0.63 0.2702702703125 0.636 0.3198198203125 0.63 0.3393393390625 0.638 0.3363363359375 0.6385 0.3487237234375 0.647 0.3581081078125 0.6519999999999999 0.3483483484375 0.6559999999999999 0.3573573578125 0.6555 0.3674924921875 0.6639999999999999 0.3768768765625 0.658 0.390390390625 0.6519999999999999 0.4624624625 0.665333334375 0.49649649531250006 0.67808695625 0.5020237625 0.6719999999999999 0.5135135140625 0.6881739140625001 0.5055490265625 0.688 0.5165165171874999 0.6940000000000001 0.534534534375 0.6719999999999999 0.5585585578125001 0.6679999999999999 0.5735735734375 0.6719999999999999 0.5825825828125 0.6799999999999999 0.5885885890625 0.682 0.597597596875 0.6799999999999999 0.633633634375 0.67 0.6636636640625 0.67 0.7057057062500001 0.674 0.7177177171875 0.6719999999999999 0.7447447453125 0.686 0.7417417421875 0.704 0.774774775 0.71 0.774774775 0.712 0.7867867875 0.714 0.8108108109375 0.706 0.85585585625 0.706 0.8888888890625 0.712 0.8978978984375001 0.716 0.8978978984375001 0.71 0.9459459453125 0.714 0.996996996875 0.76 1 0.756 0.9609609609374999 0.764 0.9459459453125 0.764 0.909909909375 0.762 0.8978978984375001 0.754 0.8948948953125001 0.754 0.8858858859375 0.756 0.84384384375 0.766 0.7987987984375 0.768 0.76876876875 0.782 0.759759759375 0.788 0.7387387390625 0.798 0.7237237234375 0.798 0.7117117109375 0.8099999999999999 0.7057057062500001 0.8240000000000001 0.678678678125 0.8220000000000001 0.6546546546875 0.8320000000000001 0.6516516515624999 0.829 0.635135134375 0.8380000000000001 0.6216216218749999 0.842 0.5795795796875 0.8619999999999999 0.5675675671875 0.8798260859375 0.5725290515625 0.8800000000000001 0.5675675671875 0.8880000000000001 0.5645645640625 0.88991304375 0.576054315625 0.9 0.5795795796875 0.9019999999999999 0.5945945953125 0.922 0.633633634375 0.906 0.675675675 0.922 0.7207207203125 0.924 0.8078078078125 0.9359999999999999 0.858858859375 0.9400000000000001 0.858858859375 0.952 0.84384384375 0.968 0.8708708703125 0.96 0.909909909375 0.962 0.9489489484375 0.976 0.9669669671875001 0.998 0.9669669671875001 0.9960000000000001 0.5735735734375 0.9621935484374999 0.379637703125 0.99 0.3603603609375 0.984 0.3393393390625 0.9720000000000001 0.32432432499999997 0.952 0.32432432499999997 0.9480000000000001 0.31531531562500004 0.952 0.30630630625 0.952 0.29429429375 0.9432258062500001 0.2772449875 0.942 0.26426426406250003 0.9359999999999999 0.2612612609375 0.9378064515625001 0.247989925 0.906 0.08708708750000001 0.9099999999999999 0.084084084375 0.914 0.066066065625 0.9179999999999999 0.012012012499999999 0.906 0.009009009375 0.9 0.01801801875 0.898 0.0330330328125 0.8619999999999999 0.0270270265625 0.86 0.009009009375 0.8460000000000001 0.009009009375 0.834 0.0270270265625 0.8300000000000001 0.0240240234375 0.8320000000000001 0.009009009375 0.8233333343749999 0.0400400390625 0.813666665625 0.0470470484375 0.782 0.0450450453125 0.778 0.051051051562500005 0.776 0.084084084375 0.77 0.090090090625 0.768 0.0990990984375 0.762 0.0990990984375 0.758 0.1051051046875 0.758 0.1261261265625 0.686 0.20720720781250002 0.682 0.20720720781250002 0.678 0.1981981984375 0.648 0.2012012015625 0.638 0.22822822812500002 0.5820000000000001 0.13813813749999998 0.5820000000000001 0.1291291296875 0.592 0.1291291296875 0.596 0.1201201203125 0.596 0.1051051046875 0.588 0.08708708750000001 0.5780000000000001 0.08708708750000001 0.572 0.09309309375 0.568 0.115615615625 0.5660000000000001 0.1171171171875 0.561 0.10435435468750001 0.554 0.09309309375 0.3794375 0.2143393390625 0.382 0.1801801796875 0.39 0.153153153125 0.404 0.141141140625 0.404 0.1291291296875 0.398 0.12312312343750001 0.40199999999999997 0.11411411406250001 0.40800000000000003 0.066066065625 0.41 0.0240240234375 0.398 0.0030030031249999997 0.39 0.0030030031249999997 0.384 0.0240240234375 0.378 0.0240240234375 0.37 0.0030030031249999997 0.362 0.0030030031249999997 0.358 0.015015015625 0.35 0.01801801875 0.348 0.0390390390625 0.32799999999999996 0.0470470484375 0.322 0.0570570578125 0.318 0.051051051562500005 0.3168 0.066066065625 0.3064 0.0630630625 0.304 0.048048048437500004 0.298 0.0540540546875 0.296 0.060060059374999995 0.32599999999999996 0.084084084375 0.33199999999999996 0.084084084375 0.339 0.09609609687500001 0.294 0.141141140625 0.292 0.22822822812500002 0.296 0.23723723749999998 0.292 0.24624624687500002 0.288 0.240240240625 0.284 0.24324324375 0.282 0.2612612609375 0.2875625 0.278153153125 0.27999999999999997 0.2792792796875 0.278375 0.284534534375 0.27799999999999997 0.297297296875 0.2691875 0.29091591562499997 0.268 0.303303303125 0.26 0.297297296875 0.21000000000000002 0.2822822828125 0.21400000000000002 0.2702702703125 0.21400000000000002 0.24924925 0.22799999999999998 0.240240240625 0.23199999999999998 0.21621621562499999 0.236 0.2102102109375 0.236 0.1921921921875 0.22400000000000003 0.16816816875 0.22400000000000003 0.12312312343750001 0.238 0.078078078125 0.238 0.0570570578125 0.23399999999999999 0.0450450453125 0.21400000000000002 0.0240240234375 0.152 0.0240240234375 0.146 0.01801801875 0.124 0.0210210203125 0.11399999999999999 0.0390390390625 0.122 0.13813813749999998 0.10200000000000001 0.15615615625 0.096 0.14414414375 0.08399999999999999 0.14414414375 0.06999999999999999 0.16816816875 0.068 0.2012012015625 0.06 0.2102102109375 0.05600000000000001 0.222222221875 0.048 0.222222221875 0.048090909375000004 0.2371007359375 0.038 0.234234234375 0.038 0.27327327343749996 0.032 0.2822822828125 0.032 0.31531531562500004 0.038 0.32432432499999997