2 1 0.7710772828125 0.9629218749999999 0.79679156875 0.82434375 0.9231147546875 0.7771874999999999 0.9316861828125 0.67290625 0.953091334375 0.6700468749999999 0.959531615625 0.6686093750000001 0.989508196875 0.6857656249999999 0.989508196875 1 0.9873536296875001 1 0.7710772828125
2 0.41159375000000004 0.6614988296875 0.374734375 0.662435596875 0.362875 0.671803278125 0.35975 0.6980093671875001 0.35724999999999996 0.72517564375 0.35975 0.7335831374999999 0.362875 0.7326463703125 0.371609375 0.7373302109375001 0.378484375 0.7326463703125 0.40846875000000005 0.735456675 0.40346875000000004 0.6989461359375 0.40971875 0.682107728125 0.41159375000000004 0.6614988296875
2 0.557703125 0.706580796875 0.559765625 0.713723653125 0.559921875 0.7215690859375 0.5591406250000001 0.7256206093750001 0.565171875 0.7267915687500001 0.56659375 0.7322716625 0.57040625 0.7329976578124999 0.5758593750000001 0.6861826703125 0.57121875 0.6755737703125 0.55240625 0.6742388765625 0.54465625 0.6762295078125 0.5446875 0.6768618265625 0.555015625 0.689227165625 0.557234375 0.6954098359375 0.556921875 0.702060890625 0.557703125 0.706580796875
7 0.42278125 0.9303981265625 0.405109375 0.9448477750000001 0.41475 0.9580796250000001 0.426 0.9978220140625 0.536875 0.9954098359374999 0.5396875 0.97855971875 0.532046875 0.973747071875 0.5425 0.9665105390625 0.55534375 0.9291803281250001 0.5416875 0.9062997656249999 0.569015625 0.8737939109375 0.581859375 0.8786182671875 0.59471875 0.8930679156249999 0.59471875 0.9231615921874999 0.58909375 0.9351990625 0.5874843750000001 0.9556674468749999 0.58025 0.9821779859375 0.5866875 0.996627634375 0.615609375 0.9978220140625 0.621234375 0.996627634375 0.64775 1 0.675875 0.9990398125000001 0.67265625 0.973747071875 0.668640625 0.9568852453125001 0.660609375 0.9364168625 0.660609375 0.9171428578124999 0.653375 0.9135363 0.651765625 0.9099063234375 0.651765625 0.8978688531250001 0.6581875 0.888243559375 0.66140625 0.88583138125 0.665421875 0.8713817328125 0.667828125 0.85451990625 0.664625 0.8412646374999999 0.6365000000000001 0.8123653390625 0.626046875 0.8171896953125 0.6188281250000001 0.7690163937500001 0.601953125 0.7786651046874999 0.6075781250000001 0.8123653390625 0.58909375 0.8039344265624999 0.57865625 0.8147775171875 0.581859375 0.8268149890625001 0.595515625 0.8424824359375 0.598734375 0.8521077281249999 0.598734375 0.8605386421875 0.5915 0.8689695546875 0.5830625 0.86174473125 0.582741815625 0.8532541546875001 0.5667492562499999 0.85440058125 0.5661953125 0.852716628125 0.557765625 0.8509133484375001 0.5587529765625 0.8549737937499999 0.55534375 0.8593442625 0.550756696875 0.8555470046875 0.44680505937500004 0.8629987734375 0.4396510421875 0.8717720531250001 0.43880877968750004 0.8635719859375 0.43081250000000004 0.8557377046875001 0.43081250000000004 0.8641451984374999 0.42278125 0.861756440625 0.42196875 0.8786182671875 0.42759375000000005 0.8990866515624999 0.42759375000000005 0.90871194375 0.42278125 0.9303981265625
7 0.273125 1 0.27246875 0.9932552687499999 0.264640625 0.973676815625 0.258109375 0.9609601874999999 0.252234375 0.9531381734375 0.25353125 0.9492271656250001 0.252234375 0.945316159375 0.23395312499999998 0.9335831375 0.22156250000000002 0.92967213125 0.21242187499999998 0.9286885249999999 0.20198437500000002 0.9335831375 0.19871875 0.917939109375 0.20198437500000002 0.9159718968749999 0.20590625 0.9032552687500001 0.21373437499999998 0.8993442625 0.217 0.8954332546874999 0.218953125 0.8778220140625 0.211125 0.8348009375000001 0.186328125 0.796651053125 0.189578125 0.7780562062499999 0.187625 0.7682669796875 0.18109375 0.760444965625 0.1739609375 0.774156909375 0.17653125 0.790772834375 0.166828125 0.787868853125 0.1688125 0.8026932078125 0.1579375 0.8101170953124999 0.150015625 0.81159250625 0.14210416718750002 0.8022014046875 0.139140625 0.8071428578125 0.13221875 0.8071428578125 0.13419270781249998 0.7928103046875 0.12628124999999998 0.795292740625 0.124296875 0.787868853125 0.12628124999999998 0.783419203125 0.1233125 0.7700702578125 0.113421875 0.7641451984375001 0.1055 0.7671194375 0.102546875 0.7760187359375 0.1065 0.7923185015625 0.11737500000000001 0.7923185015625 0.119359375 0.8175175640625 0.124296875 0.8264168625 0.1351875 0.835316159375 0.1351796875 0.842716628125 0.12132812500000001 0.8412412171874999 0.11935156250000001 0.844203746875 0.1114375 0.8456908671875001 0.08671875 0.8590398125 0.065203125 0.894279859375 0.064953125 0.9020374703125 0.059824218750000005 0.903089871875 0.06 0.9094379390625 0.054445312499999995 0.9118998828124999 0.050109375 0.9074629203125 0.030328125 0.90351288125 0.026375 0.8946135828124999 0.017468749999999998 0.8946135828124999 0.0006562499999999999 0.8783138171875 0.0006562499999999999 0.98783138125 0.00603515625 0.9911899890625 0.0006562499999999999 1 0.0540669640625 0.9998996328124999 0.0628046875 0.9880210765624999 0.06296874999999999 0.9998829046875001 0.10735937499999999 0.98836065625 0.10931249999999999 0.9991100703125 0.14520312500000002 1 0.1471614578125 0.9847072593749999 0.15890625 1 0.273125 1
9 0.55159375 0.932131146875 0.53525 0.9529508203124999 0.562234375 0.9799297421875 0.583234375 0.89676815 0.54125 0.8473302109375 0.5592343750000001 0.8113817328125 0.578734375 0.8271194375 0.6057187500000001 0.8293676812499999 0.6057187500000001 0.8203747078125 0.581734375 0.800140515625 0.5562343750000001 0.76644028125 0.54425 0.7462060890625 0.5562343750000001 0.7439812640625 0.560734375 0.7192505859375 0.554734375 0.69676815 0.53075 0.6810538640625 0.52325 0.69676815 0.5247499999999999 0.730491803125 0.505265625 0.7754332546875 0.505265625 0.8473302109375 0.504015625 0.8448711937500001 0.504015625 0.88709601875 0.55159375 0.932131146875
9 0.490109375 0.9738875874999999 0.48656249999999995 0.9653629984375 0.505046875 0.8992974234375 0.5000625000000001 0.8630913343750001 0.49225 0.8492271656250001 0.474484375 0.8407025765625 0.47660937499999995 0.8321779859375 0.48726562500000004 0.799156909375 0.498640625 0.7970257609375 0.504328125 0.7789227171875 0.501484375 0.7735831375 0.47803125 0.7842388765625 0.4730625 0.77679156875 0.46950000000000003 0.7384309140624999 0.4751875 0.73416861875 0.47945312500000004 0.72351288125 0.482296875 0.7224590156249999 0.48015625 0.7000702578125 0.4730625 0.6840983609375 0.45670312500000004 0.6862295078125 0.451015625 0.6958079625 0.451015625 0.70967213125 0.45528124999999997 0.725644028125 0.451015625 0.7320374703125 0.439640625 0.7480093671875 0.42898437500000003 0.7703981265625 0.42756249999999996 0.83325526875 0.42898437500000003 0.838571428125 0.42828125000000006 0.84709601875 0.43751562499999996 0.8694613578125001 0.4751875 0.8886416859375 0.482296875 0.9014285718749999 0.474484375 0.9483138171875 0.46168750000000003 0.9749414515625 0.470921875 0.9813348953125001 0.5071718749999999 0.9877283374999999 0.50646875 0.9813348953125001 0.5022031250000001 0.9738875874999999 0.490109375 0.9738875874999999
9 0.061609375 0.9155503515625 0.060109375 0.94932084375 0.058609375 0.989859484375 0.111203125 0.9831147546875 0.10518749999999999 0.9628337234375 0.1036875 0.9110304453125 0.1036875 0.875011709375 0.09917187499999999 0.8524824359375 0.10518749999999999 0.8367213109374999 0.114203125 0.8367213109374999 0.12471874999999999 0.8299531609375 0.12471874999999999 0.82093676875 0.12471874999999999 0.8029274 0.10067187500000001 0.79391100625 0.094671875 0.7871662765624999 0.10518749999999999 0.7803981265625 0.130734375 0.7984309140625 0.15928124999999999 0.8141920375 0.169796875 0.8141920375 0.180328125 0.80067915625 0.181828125 0.7871662765624999 0.14425 0.7714051515625 0.130734375 0.7601405156250001 0.117203125 0.755620609375 0.07964062499999999 0.7105854796875 0.08415625 0.70608899375 0.093171875 0.6745433249999999 0.07964062499999999 0.6497658078125 0.069125 0.6250117093750001 0.042078125 0.6250117093750001 0.0330625 0.638524590625 0.028546875 0.6722950812499999 0.028546875 0.69030445 0.01353125 0.7015690859375 0.003 0.746627634375 0.007515625 0.890772834375 0.0315625 0.9087822015624999 0.061609375 0.9155503515625
9 0.781140625 0.80224824375 0.761640625 0.72583138125 0.770640625 0.7168618265625 0.773640625 0.6808899296875001 0.761640625 0.633700234375 0.72265625 0.6449414515624999 0.7076718750000001 0.698875878125 0.6746875 0.7123653390625 0.6626875 0.7460655734375 0.688171875 0.766299765625 0.6791875 0.894379390625 0.7076718750000001 0.9303278687500001 0.764640625 0.9370725999999999 0.781140625 0.9303278687500001 0.8306093750000001 0.9056206093749999 0.781140625 0.80224824375
9 0.44046874999999996 0.677915690625 0.44095312499999995 0.6649414515625 0.438546875 0.658079625 0.42771875000000004 0.6598829046875 0.42699999999999994 0.6768384078125 0.4255625 0.67936768125 0.420515625 0.6833255265625 0.41425 0.6919672125 0.40992187500000005 0.680444965625 0.405109375 0.68259953125 0.405109375 0.69487119375 0.40800000000000003 0.702435596875 0.411609375 0.70351288125 0.41785937500000003 0.70351288125 0.4224375 0.7316393437500001 0.439515625 0.7402810296875 0.44576562500000005 0.6919672125 0.44359374999999995 0.6836768156249999 0.44046874999999996 0.677915690625
9 0.44526562500000005 0.703044496875 0.43915625 0.7326463703125 0.44240625 0.7442388765625 0.455234375 0.7271428578125 0.450359375 0.70578454375 0.454015625 0.6868618265624999 0.463390625 0.68351288125 0.46053125 0.6774004687499999 0.46135937499999996 0.6581733015625 0.455453125 0.6474707265624999 0.446484375 0.6499297421875 0.443640625 0.6651756437499999 0.44384375 0.6670257609375 0.442 0.679836065625 0.44526562500000005 0.703044496875
0 0.428390625 0.858688525 0.430265625 0.8537704921874999 0.42793749999999997 0.8460655734375001 0.42932812499999995 0.829227165625 0.42653125000000003 0.79416861875 0.428390625 0.7724355968750001 0.43728125 0.7534894609375 0.44196875 0.7422716625 0.43589062500000003 0.73805620625 0.431203125 0.7303512875 0.41810937499999995 0.7352459015624999 0.40921874999999996 0.7478688531250001 0.411546875 0.768220140625 0.42184375 0.7815456671875001 0.41342187499999994 0.788548009375 0.4078125 0.81030445 0.401265625 0.8348477750000001 0.40406250000000005 0.869203746875 0.430265625 0.8895550343749999 0.4223125 0.8755269328124999 0.42465624999999996 0.8622014046875 0.428390625 0.858688525
13 0.37059375 0.6673770484375 0.377140625 0.6662060890625 0.377921875 0.6787353625 0.37321875000000004 0.7273302109374999 0.35726562500000003 0.7300702578125 0.3625 0.741428571875 0.377390625 0.7418266984375 0.383140625 0.7382903984375 0.40771875 0.7410304453125 0.40406250000000005 0.6948009374999999 0.40954687500000003 0.6846135828125 0.40928125 0.6603278687499999 0.40745312499999997 0.637611240625 0.36328125 0.637611240625 0.35935937500000004 0.6755971890625 0.37059375 0.6673770484375
8 0.708515625 0.0935831375 0.705515625 0.08487119374999999 0.703078125 0.08206089062500001 0.7013906249999999 0.083747071875 0.7010156249999999 0.0854332546875 0.7012031249999999 0.0876814984375 0.700453125 0.0896487125 0.703453125 0.0890866515625 0.708515625 0.0935831375
8 0.719078125 0.298524590625 0.720046875 0.2981733015625 0.72053125 0.2963700234375 0.72053125 0.295644028125 0.71884375 0.2949180328125 0.7154843750000001 0.2967213109375 0.71428125 0.298875878125 0.7150000000000001 0.298875878125 0.716203125 0.2992505859375 0.719078125 0.298524590625
9 0.187984375 0.63548009375 0.184421875 0.626580796875 0.180265625 0.6270257609375001 0.17640625000000001 0.6399297421875 0.17254687500000002 0.6443793906249999 0.163640625 0.65194379375 0.1686875 0.6679625296875 0.169578125 0.6875175640625 0.174625 0.6946370015625 0.18946875000000002 0.6928571421874999 0.19303125000000002 0.657283371875 0.18857812499999999 0.6488290390625 0.1876875 0.6457142859375 0.187984375 0.63548009375
9 0.20987499999999998 0.6944262296875 0.21428124999999998 0.6877985953125 0.212578125 0.66290398125 0.212578125 0.6511943796875 0.20884375 0.6445901640625 0.2068125 0.6349414515625 0.1996875 0.635456675 0.19664062499999999 0.6461124125000001 0.19121875 0.653747071875 0.18884375 0.6618735359375 0.19359375 0.68578454375 0.19053124999999999 0.6918735359375 0.203421875 0.6908665109375 0.20987499999999998 0.6944262296875
9 0.406921875 0.7496487125 0.412640625 0.7572365343749999 0.4175 0.7340983609375 0.420921875 0.7319672125000001 0.4180625 0.707540984375 0.414359375 0.7041217796875 0.41978125000000005 0.6819672125 0.42178125 0.6665573765625 0.414921875 0.6588290390625 0.409203125 0.6652693203125 0.409203125 0.678548009375 0.41150000000000003 0.68067915625 0.4122109375 0.6873185015625001 0.40464062500000003 0.6926697890625 0.408640625 0.7041217796875 0.40178125 0.713676815625 0.40750000000000003 0.7415222484374999 0.406921875 0.7496487125
9 0.428703125 0.6766276343750001 0.428875 0.6720374703124999 0.428875 0.666955503125 0.43081250000000004 0.6599297421875 0.43257812500000004 0.657259953125 0.43354687500000005 0.6558079625000001 0.43420312499999997 0.651451990625 0.43274999999999997 0.6487822015625 0.4319375 0.6441920375 0.43 0.642740046875 0.42790625000000004 0.6429742390625 0.426765625 0.645152225 0.42596875 0.649508196875 0.4269375 0.65386416875 0.424515625 0.6565339578125 0.42209375 0.6608899296875 0.421109375 0.6633255265625 0.421109375 0.6666978921875 0.4214375 0.66936768125 0.4203125 0.6737236531249999 0.42046875000000006 0.6771194375 0.4203125 0.6826697890625 0.421109375 0.684379390625 0.42612500000000003 0.68002341875 0.428703125 0.6766276343750001
7 0.67978125 0.9507728343749999 0.6995 0.9455269328125 0.7030000000000001 0.9343559718750001 0.7083883921874999 0.9443057874999999 0.7114739578125 0.9328259187500001 0.7172767859375 0.94308464375 0.7199479171875 0.9312958625000001 0.726165178125 0.9418634984375001 0.728421875 0.9297658078125 0.735053571875 0.94064235625 0.73674609375 0.9315690859375 0.7439419640625 0.9394212109375 0.7450703125 0.9333723656249999 0.7528303578125 0.9382000671874999 0.75339453125 0.9351756437500001 0.76171875 0.9369789234375 0.7828151046875 0.876003121875 0.8546861984375 0.857490240625 0.860265625 0.8613114749999999 0.860265625 0.85679156875 0.862671875 0.8554332546875001 0.8681015625 0.8626580796875001 0.8759375 0.864004684375 0.8810625 0.868524590625 0.896125 0.8536299765625 0.87834375 0.8441451984375 0.7748294265625 0.878060109375 0.671015625 0.9048009374999999 0.657 0.92386416875 0.6651015625000001 0.9241920374999999 0.66459375 0.9328337234375 0.67978125 0.9507728343749999
8 0.8821875 0.1044262296875 0.8811406249999999 0.10456674531250001 0.8799374999999999 0.10456674531250001 0.8795 0.1058548015625 0.8799374999999999 0.10857142812500001 0.8810625 0.109859484375 0.8835625 0.1101170953125 0.88528125 0.109859484375 0.88684375 0.10857142812500001 0.88640625 0.10676814999999999 0.886328125 0.10548009375 0.8865000000000001 0.10482435625 0.88684375 0.10430913281250001 0.88753125 0.10391100625000001 0.88528125 0.10210772812499999 0.88434375 0.10276346562500001 0.8844218749999999 0.10430913281250001 0.8821875 0.1044262296875
8 0.8684062499999999 0.25274004687499996 0.867703125 0.250796253125 0.8666874999999999 0.2484543328125 0.86540625 0.2505854796875 0.865546875 0.2523185015625 0.865828125 0.2555269328125 0.8689843749999999 0.25810304375 0.8710000000000001 0.2570257609375 0.8684062499999999 0.25274004687499996
9 0.91890625 0.8325058546875 0.919328125 0.8072365343750001 0.9134375 0.78386416875 0.9028906250000001 0.7788290390625 0.9016249999999999 0.7744028109375 0.9045781249999999 0.7510304453125001 0.905421875 0.7244964875 0.880984375 0.733348946875 0.8784531250000001 0.745971896875 0.88478125 0.7636533953125 0.8805624999999999 0.7744028109375 0.8691875 0.78386416875 0.8814062500000001 0.7952459015625 0.89025 0.805339578125 0.9066875 0.8211475406250001 0.91890625 0.8325058546875
9 0.78878125 0.9255035125 0.7858906250000001 0.9428805625000001 0.8235468750000001 0.9269555031250001 0.851546875 0.8994613578124999 0.83803125 0.873419203125 0.8438281249999999 0.8111709609375 0.8901718750000001 0.8560421546875 0.917203125 0.8343325531250001 0.9036875 0.8169555031250001 0.8592656249999999 0.7547306796875 0.861203125 0.7518266984374999 0.867 0.711311475 0.863140625 0.670796253125 0.849609375 0.653419203125 0.8264374999999999 0.6476346609375 0.8032656250000001 0.673676815625 0.8003750000000001 0.7127634656249999 0.7945781249999999 0.72290398125 0.773328125 0.783676815625 0.791671875 0.8140749421875 0.8245156250000001 0.9052459015625001 0.78878125 0.9255035125
2 0.39260937500000004 0.66159250625 0.40740625 0.66224824375 0.411328125 0.658992975 0.41176562499999997 0.658992975 0.40871874999999996 0.647236534375 0.4021875 0.6368149890625 0.393046875 0.6361592500000001 0.378671875 0.6355035124999999 0.362140625 0.6413817328125 0.360828125 0.674004684375 0.36648437500000003 0.6674707265625 0.374328125 0.66224824375 0.39260937500000004 0.66159250625
9 0.4765625 0.7330210765625 0.4703125 0.7400468390625 0.4734375 0.7775175640625 0.478125 0.784543325 0.4859375 0.77517564375 0.503125 0.77517564375 0.5078125 0.7634660421875 0.5046875 0.716627634375 0.5078125 0.7025761125 0.50625 0.6651053859375 0.5015625 0.6557377046874999 0.4921875 0.6557377046874999 0.4703125 0.6768149890624999 0.46875 0.6861826703125 0.475 0.6885245906249999 0.48125 0.7119437937499999 0.4765625 0.7330210765625