9 0.3341920375 0.5270312500000001 0.3240749421875 0.52928125 0.3713348953125 0.52478125 0.39833723593750003 0.518015625 0.4050819671875 0.5045 0.4050819671875 0.47748437499999996 0.425339578125 0.4369375 0.4523419203125 0.39865625 0.5029742390624999 0.423421875 0.5029742390624999 0.42117187500000003 0.5131053859375 0.41936875 0.5536299765625 0.40315625 0.5873770484375 0.40090624999999996 0.627892271875 0.40315625 0.66163934375 0.42117187500000003 0.6852693203125 0.4369375 0.6852693203125 0.47071874999999996 0.68189695625 0.49775 0.6548946140624999 0.518015625 0.6505132296875 0.52534740625 0.6548946140624999 0.5270234375 0.6461318453125 0.5326791890625 0.6548946140624999 0.53603125 0.6417504609375 0.5400109703125 0.4489695546875 0.8626093750000001 0.4591100703125 0.9054062500000001 0.4591100703125 0.9324375 0.51648711875 0.9369375 0.5434894609375001 0.921171875 0.5637470718750001 0.91215625 0.722412178125 0.9369375 0.7190398124999999 0.9279296875 0.732540984375 0.9290546875000001 0.7426697890625 0.921171875 0.7325292734375 0.90090625 0.7460421546875 0.864859375 0.7494145203125 0.8198124999999999 0.7865573765625 0.675671875 0.8067915687499999 0.58784375 0.8203044500000001 0.549546875 0.8743091328125001 0.427921875 0.8743091328125001 0.322078125 0.8776814984374999 0.28153125 0.854051521875 0.231984375 0.81355971875 0.21171875 0.823676815625 0.1824375 0.823676815625 0.11937500000000001 0.7899297421875 0.083328125 0.7190398124999999 0.074328125 0.665011709375 0.08784375 0.62451990625 0.12162500000000001 0.621147540625 0.15090625 0.627892271875 0.166671875 0.5570023421875 0.195953125 0.519859484375 0.21621875 0.47259953125000004 0.25 0.4523419203125 0.28828125 0.43548009375 0.32882812499999997 0.4017096015625 0.355859375 0.374707259375 0.394140625 0.3645901640625 0.459453125 0.344332553125 0.5045 0.32744730624999996 0.522515625 0.3341920375 0.5270312500000001
9 0.9914051515625 0.73996875 0.9914051515625 0.70859375 0.9893676812500001 0.5844375 0.997540984375 0.23928124999999997 0.9689227171875 0.21335937500000002 0.9239344265625 0.22428125 0.8687119437499999 0.28021875 0.889156909375 0.37025 0.9096018734375001 0.40709375000000003 0.8830210765625001 0.551703125 0.8278220140625001 0.70040625 0.7828337234375 0.745421875 0.8768852453125 0.741328125 0.9914051515625 0.73996875
9 0.1023653390625 0.20426562499999998 0.11709601875 0.177484375 0.1138173296875 0.192234375 0.11873536250000001 0.207 0.1457611234375 0.206453125 0.21866510468749997 0.207 0.2366744734375 0.2004375 0.24405152187499998 0.16218749999999998 0.2374941453125 0.13704687499999998 0.2252224828125 0.11956249999999999 0.21128805625 0.106453125 0.20063231875 0.0856875 0.1981733015625 0.07257812500000001 0.1932786890625 0.06546874999999999 0.167892271875 0.06875 0.1539578453125 0.090609375 0.140843090625 0.105359375 0.1220140515625 0.1151875 0.1113583140625 0.13704687499999998 0.0884309140625 0.186234375 0.087611240625 0.187328125 0.07451990625 0.202625 0.1023653390625 0.20426562499999998
8 0.297564403125 0.9324375 0.3118501171875 0.9324375 0.30744730625 0.938296875 0.3233021078125 0.936102678125 0.3691100703125 0.9507633921875 0.3755503515625 0.9551562499999999 0.3805620609375 0.9544285718750001 0.3920140515625 0.95809375 0.3920140515625 0.96321875 0.38433255312500003 0.965421875 0.37224824375 0.97128125 0.36676815 0.980796875 0.3810304453125 0.9925312500000001 0.395316159375 0.99471875 0.4085011703125 0.9910625 0.41618267031249995 0.985203125 0.41067915624999995 0.9668749999999999 0.4128805625 0.9624843750000001 0.5314988296875 0.97346875 0.6566978921875 0.991796875 0.7961826703125 0.9983906250000001 0.862060890625 0.9764062499999999 0.873044496875 0.963953125 0.8697658078125 0.9507656250000001 0.854379390625 0.944171875 0.7605854796875 0.936546875 0.7478454328125 0.939765625 0.7478454328125 0.935375 0.7434660421875 0.9522187499999999 0.7203981265625 0.9668749999999999 0.6742622953125 0.9800625000000001 0.6501170953125001 0.98153125 0.631428571875 0.969078125 0.6369320843749999 0.93903125 0.6270491796875 0.9192500000000001 0.42166276406250003 0.900203125 0.3810304453125 0.939765625 0.30744730625 0.9192500000000001 0.315152225 0.88628125 0.314051521875 0.8892031250000001 0.3052693203125 0.885546875 0.281100703125 0.8987343750000001 0.281100703125 0.9126562500000001 0.286580796875 0.92365625 0.297564403125 0.9324375
9 0.46142857187499997 0.098875 0.458079625 0.1528125 0.44796252968749994 0.18426562500000002 0.4749180328125 0.17303125 0.48838407500000003 0.1483125 0.5085948484375 0.161796875 0.5321779859375 0.159546875 0.515316159375 0.10785937500000001 0.5085948484375 0.085390625 0.5355269328125 0.038203125 0.518688525 0.026968750000000003 0.437868853125 0.022468750000000003 0.41091334843749994 0.013484375000000002 0.407540984375 0.026968750000000003 0.40037470781250006 0.037296875 0.39744730625 0.06965625 0.42103044531249995 0.06965625 0.4412177984375 0.065171875 0.46142857187499997 0.098875
9 0.855948478125 0.13959375000000002 0.8395784546874999 0.131390625 0.8379391093749999 0.119921875 0.827283371875 0.110625 0.8076346609374999 0.11281250000000001 0.8190866515625 0.12701562500000002 0.82810304375 0.15817187500000002 0.8092740046875001 0.211171875 0.8534894609375 0.23303124999999997 0.8608665109375 0.2188125 0.8502107734375001 0.18384375 0.855948478125 0.13959375000000002
9 0.33817330156250003 0.9575156249999999 0.393747071875 0.944171875 0.4203981265625 0.8878281250000001 0.4626229515625 0.841859375 0.5314988296875 0.8047968750000001 0.5781733015625 0.827046875 0.6314988296874999 0.916 0.6403981265625001 0.972328125 0.6603981265625001 0.98715625 0.755948478125 0.9530625 0.755948478125 0.927859375 0.7226229515625 0.941203125 0.6692740046875 0.8151875000000001 0.655948478125 0.757359375 0.644847775 0.717328125 0.6292740046875 0.656546875 0.624847775 0.59575 0.6603981265625001 0.623921875 0.7026229515625 0.628375 0.753723653125 0.56759375 0.7470491796875 0.54534375 0.713723653125 0.56759375 0.6848477749999999 0.570546875 0.6537236531249999 0.549796875 0.6426229515624999 0.520140625 0.675948478125 0.49939062500000003 0.6737236531249999 0.45639062499999994 0.655948478125 0.4208125 0.6092740046875 0.398578125 0.5537236531249999 0.39709374999999997 0.4981733015625 0.43415625 0.484847775 0.48901562500000006 0.4915222484375 0.5053124999999999 0.43372365312500005 0.515703125 0.375948478125 0.53496875 0.355948478125 0.5171718750000001 0.333747071875 0.52459375 0.3092974234375 0.5586875 0.315971896875 0.589828125 0.384847775 0.59575 0.4315222484375 0.5809375 0.42707259999999997 0.647640625 0.41152224843749996 0.6950937500000001 0.40707259999999995 0.73215625 0.3603981265625 0.821109375 0.30262295156249996 0.90265625 0.3092974234375 0.945640625 0.33817330156250003 0.9575156249999999
9 0.8188290390624999 0.106078125 0.8171896953125 0.107640625 0.817892271875 0.10904687500000002 0.82189695625 0.11000000000000001 0.8235363 0.11046875 0.8270725999999999 0.1109375 0.8289461359375 0.11171875 0.8301170953125 0.113453125 0.8320140515625001 0.11564062500000001 0.8341217796875 0.11737500000000001 0.83648711875 0.12003124999999999 0.8381264640625 0.12348437500000001 0.8388290390625001 0.1315 0.8437704921875 0.135109375 0.8545901640625001 0.1404375 0.86093676875 0.14153125 0.8691803281249999 0.13321875 0.86517564375 0.127734375 0.8534192031250001 0.120828125 0.8501170953124999 0.11768749999999999 0.8501170953124999 0.115328125 0.850819671875 0.113140625 0.8519906328125 0.11078125000000001 0.8519906328125 0.107328125 0.8489461359374999 0.101515625 0.8430679156249999 0.09964062500000001 0.8348243562500001 0.099796875 0.8270725999999999 0.10465625 0.8233021078125 0.10465625 0.8188290390624999 0.106078125
9 0.5825761125 0.10393749999999999 0.56674473125 0.106484375 0.568384075 0.11778124999999999 0.5689227171875 0.12325 0.571100703125 0.130171875 0.5733021078125 0.13309375 0.5771194375 0.136375 0.5536299765625 0.145125 0.5454332546875 0.16698437500000002 0.5618266984375 0.169546875 0.5689227171875 0.174640625 0.579859484375 0.167359375 0.585316159375 0.162625 0.5864168624999999 0.15459375 0.59351288125 0.138921875 0.5984309140625 0.13309375 0.6202810296875 0.133453125 0.6153629984375 0.118875 0.6120843093749999 0.108671875 0.6000702578125 0.10137499999999999 0.5825761125 0.10393749999999999
8 0.575035128125 0.196 0.5721779859375 0.172125 0.5621545671875 0.16640625 0.5435363 0.161625 0.5006089 0.1654375 0.4118735359375 0.188359375 0.3574941453125 0.22178124999999999 0.3474707265625 0.230375 0.348899296875 0.24946875 0.37323185 0.2475625 0.37180327812499997 0.24851562500000002 0.4820140515625 0.24278125 0.499180328125 0.21892187500000002 0.5607259953125 0.1998125 0.575035128125 0.196
9 0.621451990625 0.16871875 0.619203746875 0.13515625 0.5957377046875 0.135890625 0.5856674468749999 0.16796875 0.5946135828125 0.16498437500000002 0.6035597187499999 0.164234375 0.621451990625 0.16871875
9 0.3129274 0.1975625 0.32175644062500003 0.194359375 0.327244896875 0.196834821875 0.3351583890625 0.1971940796875 0.3265573765625 0.205046875 0.375456675 0.20398437500000002 0.366651053125 0.19115625 0.399508196875 0.17670312500000002 0.40430913281249997 0.189546875 0.41793910937499995 0.176171875 0.4187353625 0.147296875 0.4171428578125 0.125375 0.4099297421875 0.102375 0.3802576109375 0.086328125 0.373044496875 0.0686875 0.36583138125 0.057984375 0.3586182671875 0.053703125 0.354131146875 0.06097812500000001 0.3458079625 0.055843750000000004 0.34521631875000003 0.06369654531249999 0.349644028125 0.068253125 0.3446246765625 0.0715493421875 0.3440330328125 0.0794021375 0.3406697890625 0.082803125 0.343441390625 0.08725493437500001 0.3281733015625 0.091671875 0.3209601875 0.095953125 0.3009133484375 0.11253125 0.2961124125 0.12696875000000002 0.3041217796875 0.162265625 0.30491803281249996 0.186328125 0.3129274 0.1975625
9 0.8703747078124999 0.135078125 0.862107728125 0.139625 0.857236534375 0.1464375 0.8601639343749999 0.156828125 0.858688525 0.172734375 0.858688525 0.187671875 0.862107728125 0.212671875 0.862107728125 0.21592187499999999 0.862107728125 0.222734375 0.865995315625 0.231828125 0.9253629984374999 0.238640625 0.9321779859375001 0.23053125 0.9321779859375001 0.22825 0.9307259953125 0.20779687500000002 0.9307259953125 0.200984375 0.9321779859375001 0.19059375 0.9302341921874999 0.18378125 0.9287822015625 0.173390625 0.9253629984374999 0.16884375000000001 0.9273067921875 0.16559375 0.9253629984374999 0.1633125 0.9253629984374999 0.15878125 0.9307259953125 0.151953125 0.9341217796875 0.14059375000000002 0.938992975 0.13604687499999998 0.938992975 0.12923437499999998 0.9370491796874999 0.12468749999999999 0.9370491796874999 0.12240625000000001 0.9287822015625 0.121109375 0.9219672125 0.121109375 0.9219672125 0.120140625 0.918548009375 0.11656249999999999 0.9204918031249999 0.114625 0.9341217796875 0.11104687499999999 0.9287822015625 0.11104687499999999 0.9253629984374999 0.10974999999999999 0.9219672125 0.10878125000000001 0.9199999999999999 0.101953125 0.9151522249999999 0.10065625 0.9063934421875001 0.0996875 0.8981030437499999 0.10065625 0.8844964875000001 0.10423437499999999 0.8796252921875001 0.110078125 0.8825292734374999 0.1133125 0.8825292734374999 0.116890625 0.8825292734374999 0.11785937500000002 0.8776814984374999 0.1214375 0.8708665109375 0.12825 0.8703747078124999 0.12825 0.8703747078124999 0.13182812500000002 0.8703747078124999 0.135078125