8 0.64734375 0.3494933921875 0.6427031249999999 0.3459691625 0.6234375 0.366585903125 0.597765625 0.39775330468750003 0.5974062499999999 0.39876652031250004 0.5995468749999999 0.40277532968749996 0.623796875 0.376145375 0.64590625 0.35451541875000003 0.64734375 0.3494933921875
9 0.393203125 0.6874669609375 0.39051562500000003 0.6948017625 0.390953125 0.7009030843749999 0.38453125 0.7168061671875 0.37828125 0.7396696031250001 0.376640625 0.7601982375 0.3703125 0.7682819390625 0.368828125 0.7780616734375 0.372125 0.7850220265625001 0.36875 0.789669603125 0.368921875 0.794559471875 0.36259375 0.7990969156250001 0.36328125 0.80471365625 0.365796875 0.8102202640625 0.37421875 0.8124229078124999 0.37534375 0.8074008812500001 0.377859375 0.806784140625 0.378640625 0.8088766515625 0.386265625 0.7964096921875 0.3884375 0.785154184375 0.388 0.7784361234375 0.393546875 0.7655947140625 0.39415625 0.7525110125000001 0.39832812500000003 0.7355066078125 0.41168750000000004 0.718017621875 0.41540625000000003 0.7152202640625 0.415328125 0.71202643125 0.43137499999999995 0.6939427312500001 0.43662304687500003 0.6858645375 0.43934375000000003 0.693700440625 0.44287890625 0.6937334796875 0.4473671875 0.701585903125 0.44913476562500004 0.7016024234375 0.455390625 0.709471365625 0.462078125 0.7222246703125 0.470046875 0.731211453125 0.4881875 0.7865638765625 0.49775 0.8056607921875001 0.502140625 0.8090308374999999 0.5101093750000001 0.8059471359374999 0.512296875 0.8017180609375 0.509109375 0.79779735625 0.508703125 0.7865638765625 0.50671875 0.7806607921875 0.505328125 0.78008810625 0.504921875 0.771960353125 0.5009375 0.7643612328125 0.4881875 0.7225110124999999 0.482609375 0.710429515625 0.48939062499999997 0.7010352421875 0.48428125 0.7032378859375 0.48071875000000003 0.7015198234375 0.47976562500000003 0.699185021875 0.4799375 0.6967400875 0.482984375 0.6957709249999999 0.48262499999999997 0.6908810578125 0.485234375 0.68354625625 0.477625 0.6826211453125001 0.47681250000000003 0.6867180609375 0.473140625 0.6840308375 0.47562499999999996 0.6725110125 0.4838046875 0.6690528640625 0.48237500000000005 0.6545594718750001 0.4796875 0.6452863437499999 0.48010937499999995 0.6417400875 0.48237500000000005 0.6392951546875 0.48167187499999997 0.6341409687499999 0.473609375 0.618986784375 0.467359375 0.6022466953125 0.461375 0.5938105734375 0.455484375 0.5901321578125 0.44029687500000003 0.5848678421875 0.44090625 0.5824229078125 0.443953125 0.5801101328125 0.44429687500000004 0.5728854625 0.44221875 0.57068281875 0.44290624999999995 0.5603083703125 0.440734375 0.55345815 0.435453125 0.5490528640625 0.43128124999999995 0.5486784140625 0.42182812500000005 0.5532158593750001 0.41931250000000003 0.566784140625 0.42114062499999994 0.5719163 0.419921875 0.5733920703125001 0.420609375 0.5804625546875 0.42407812500000003 0.5836563875 0.423734375 0.5859691625 0.41020312499999995 0.59354625625 0.40170312499999994 0.6035903078125 0.394765625 0.6148237890625 0.385578125 0.6424669609375 0.389734375 0.65028634375 0.38851562500000003 0.6651982375000001 0.39146875 0.67462555 0.393203125 0.6874669609375
9 0.588375 0.45026431718750004 0.5900000000000001 0.43427312812499996 0.5937812499999999 0.4114096921875 0.59865625 0.39616740156249997 0.59325 0.3969163 0.587296875 0.3969163 0.5759531250000001 0.4022466953125 0.5591875 0.412929515625 0.558109375 0.412929515625 0.5559375 0.40149779687500003 0.548921875 0.380925109375 0.545671875 0.380925109375 0.538640625 0.382444934375 0.5343125 0.38854625625 0.53378125 0.3969163 0.53378125 0.4045374453125 0.538109375 0.4144493390625 0.5375625 0.4167400875 0.5294531250000001 0.42969162968749997 0.5375625 0.44797356875 0.54459375 0.46931718125 0.54459375 0.479229075 0.54134375 0.5028634359375 0.53215625 0.53028634375 0.5191874999999999 0.5699339203125 0.49917187500000004 0.5805947140625001 0.49701562499999996 0.5851762109374999 0.504046875 0.59354625625 0.5159374999999999 0.587444934375 0.51971875 0.5905066078125001 0.527828125 0.597356828125 0.53053125 0.587444934375 0.5359375 0.566872246875 0.549453125 0.5348678421875 0.553234375 0.55162995625 0.5559375 0.5600220265625 0.56784375 0.5691629953125 0.581890625 0.5805947140625001 0.58296875 0.5889867843750001 0.594875 0.5866960359375 0.6072968750000001 0.566872246875 0.6024375 0.5546916296875 0.585140625 0.55162995625 0.570546875 0.5394493390624999 0.569453125 0.518854625 0.571078125 0.5120044046875 0.5797343749999999 0.5005726875 0.581890625 0.49143171875 0.57378125 0.45255506562500003 0.5759531250000001 0.45713656406250003 0.581890625 0.4555947140625 0.588375 0.45026431718750004
9 0.5775 0.5004405281250001 0.5758281249999999 0.505154184375 0.5744374999999999 0.5075110125 0.56746875 0.510242290625 0.5666249999999999 0.514185021875 0.56690625 0.5298898671875001 0.571640625 0.5267400875 0.578609375 0.5267400875 0.585015625 0.5275330390625 0.58975 0.528325990625 0.593375 0.528325990625 0.595046875 0.5318502203125 0.595046875 0.534603525 0.5944843750000001 0.537731278125 0.593921875 0.5432378859375 0.594765625 0.5507048453125 0.59671875 0.5538325984375 0.59865625 0.55462555 0.60340625 0.55854625625 0.608140625 0.5628634359375 0.6089687500000001 0.5644493390624999 0.61509375 0.56797356875 0.61871875 0.570330396875 0.620671875 0.5734801765624999 0.620953125 0.5828854625 0.626515625 0.5828854625 0.6354375 0.5809251093750001 0.639328125 0.576211453125 0.637109375 0.5730837 0.636546875 0.5715198234375001 0.63515625 0.5616960359375 0.63096875 0.5601321578125 0.63096875 0.5507048453125 0.629578125 0.5353744500000001 0.6281875 0.5275330390625 0.6270781249999999 0.52125550625 0.6256875 0.5153524234375 0.6234531249999999 0.5106387671875 0.6212187499999999 0.505154184375 0.620109375 0.501211453125 0.615375 0.4972907484375 0.613140625 0.49493392031249994 0.6098125 0.49297356875 0.60646875 0.4894493390625 0.601171875 0.48237885468749997 0.5995 0.476872246875 0.597546875 0.46784140937499996 0.593921875 0.4658810578125 0.5866875 0.466674009375 0.584171875 0.46707048437500004 0.582234375 0.4757048453125 0.582234375 0.4847356828125 0.58028125 0.48709251093750006 0.58084375 0.4918061671875 0.58084375 0.4941629953125 0.5775 0.5004405281250001
9 0.6803125 0.57837004375 0.688609375 0.57740088125 0.6906718749999999 0.566674009375 0.6906718749999999 0.5540308375 0.6809999999999999 0.5228634359375001 0.67825 0.5033920703125 0.683078125 0.4936563875 0.683765625 0.475154184375 0.67825 0.46052863437499997 0.668578125 0.443017621875 0.66096875 0.43132158593750003 0.651296875 0.4274229078125 0.64646875 0.42645374374999995 0.64025 0.4186563875 0.638875 0.41185022031249996 0.635421875 0.40504405312499997 0.6278125 0.406013215625 0.62021875 0.41088105781250006 0.6133124999999999 0.417687225 0.612625 0.4342511015625 0.616765625 0.4615198234375 0.616765625 0.4741629953125 0.6146874999999999 0.48488986718750005 0.609859375 0.49462555 0.609171875 0.5004625546875 0.618140625 0.5033920703125 0.622296875 0.513127753125 0.6278125 0.5228634359375001 0.63196875 0.5218942734375001 0.637484375 0.513127753125 0.64715625 0.506299559375 0.65475 0.5082599125 0.6602812499999999 0.5150660796875 0.663734375 0.5228634359375001 0.6713281249999999 0.5705726875 0.6803125 0.57837004375
9 0.29746875 0.25757709218749997 0.29678125 0.2595374453125 0.282203125 0.28006607968749997 0.2745625 0.3055066078125 0.27526562499999996 0.329955946875 0.27942187500000004 0.340726871875 0.28498437499999996 0.363215859375 0.28775 0.373986784375 0.299546875 0.3700660796875 0.302328125 0.374955946875 0.307875 0.3866960359375 0.312734375 0.39647577031250003 0.31828124999999996 0.3955066078125 0.31759375 0.39061674062499996 0.31759375 0.3818061671875 0.318984375 0.3514757703125 0.318984375 0.33779735624999996 0.32175 0.312356828125 0.32799999999999996 0.312356828125 0.330078125 0.2966960359375 0.322453125 0.2742070484375 0.318984375 0.26442731249999996 0.309953125 0.2517180609375 0.30856249999999996 0.2370484578125 0.30025 0.23409691562499998 0.29885937500000004 0.23409691562499998 0.2933125 0.24876652031250002 0.29746875 0.25757709218749997
9 0.21617187499999999 0.3548898671875 0.2268125 0.3578854625 0.22918750000000002 0.3672246703125 0.235796875 0.374559471875 0.24123437499999997 0.3698898671875 0.248578125 0.3665638765625 0.25212500000000004 0.352555065625 0.24881250000000002 0.334559471875 0.24503124999999998 0.32522026406250004 0.23840625000000001 0.32255506562499997 0.239109375 0.298898678125 0.23107812499999997 0.295903084375 0.22515625 0.295903084375 0.222796875 0.30123347968749997 0.22160937500000003 0.320903084375 0.212859375 0.32821585937500003 0.21192187499999998 0.33722467031250003 0.21145312500000002 0.3365638765625 0.21215625 0.3552202640625 0.21617187499999999 0.3548898671875
9 0.172484375 0.40916299531250006 0.175015625 0.41004405312500003 0.18603125 0.4118061671875 0.18665625 0.4078193828125 0.18603125 0.39715859062500003 0.187921875 0.3851762109375 0.187609375 0.37143171875 0.18351562500000002 0.36299559531250003 0.179421875 0.360330396875 0.1734375 0.3590088109375 0.171234375 0.34568281875 0.16934375 0.3416960359375 0.164625 0.33991189374999997 0.159890625 0.34125550625 0.15926562500000002 0.3416960359375 0.15675 0.3479074890625 0.1558125 0.354559471875 0.15675 0.3638766515625 0.15423437499999998 0.36475770937499996 0.150765625 0.3678854625 0.1479375 0.37409691562499997 0.147625 0.38429515468750003 0.1485625 0.394955946875 0.150140625 0.40559471406250003 0.15328124999999998 0.4082599125 0.156125 0.406497796875 0.162109375 0.406497796875 0.172484375 0.40916299531250006
9 0.073984375 0.42969162968749997 0.074546875 0.4363656390625 0.075375 0.4457929515625 0.076765625 0.44854625625000005 0.077046875 0.44854625625000005 0.086796875 0.44971365625 0.102953125 0.451674009375 0.10601562499999999 0.44068281875000004 0.10740625 0.42458149843750004 0.10740625 0.40495594687500003 0.102953125 0.38414096875000003 0.093484375 0.3774669609375 0.089296875 0.3782599125 0.08401562500000001 0.388854625 0.08149999999999999 0.394757709375 0.0759375 0.40966960312499995 0.07648437500000001 0.40966960312499995 0.07370312500000001 0.42026431718749996 0.073984375 0.42969162968749997
9 0.74665625 0.26345815 0.749640625 0.26768722500000003 0.7615937500000001 0.2662775328125 0.7670625 0.2641629953125 0.7655624999999999 0.248039646875 0.762078125 0.2298017625 0.76009375 0.21508810625 0.745171875 0.20455947187499998 0.739203125 0.2108810578125 0.738203125 0.22068281875 0.7202968750000001 0.2333039640625 0.714828125 0.24874449375 0.7113437499999999 0.2662775328125 0.7337343749999999 0.26345815 0.73521875 0.248039646875 0.746171875 0.2536563875 0.74665625 0.26345815
9 0.733359375 0.308898678125 0.735140625 0.3126651984375 0.7404843750000001 0.3139207046875 0.74759375 0.3151762109375 0.75115625 0.308898678125 0.760953125 0.3051321578125 0.762734375 0.3051321578125 0.7654062500000001 0.29634361249999996 0.76896875 0.287555065625 0.776984375 0.2800220265625 0.76896875 0.27625550625 0.760953125 0.2724889875 0.7556093749999999 0.26872246718750004 0.750265625 0.263700440625 0.742265625 0.2498898671875 0.735140625 0.2486343609375 0.73246875 0.262444934375 0.727125 0.26997797343749996 0.726234375 0.26997797343749996 0.726234375 0.2800220265625 0.7244531249999999 0.285044053125 0.729796875 0.2938325984375 0.73246875 0.3051321578125 0.733359375 0.308898678125
9 0.478671875 0.43297356875000004 0.47729687500000006 0.41830396406250003 0.468265625 0.41048458125 0.46410937499999994 0.41733480156249997 0.46618750000000003 0.4378634359375 0.45578124999999997 0.446674009375 0.45717187499999995 0.45449339218749996 0.48909375 0.45352422968750006 0.48839062499999997 0.4486343609375 0.48631250000000004 0.4368942734375 0.478671875 0.43297356875000004
8 0.6627500000000001 0.43656387656250006 0.675296875 0.45848017656250006 0.679875 0.4587665203125 0.6796875 0.435440528125 0.6627500000000001 0.43656387656250006
9 0.09917187499999999 0.34491189375000003 0.10093749999999999 0.3349779734375 0.11151562500000001 0.33662995625000003 0.11856249999999999 0.335814978125 0.12267187500000001 0.3482378859375 0.13148437500000001 0.33662995625000003 0.13559375 0.329185021875 0.12501562500000002 0.3134361234375 0.11503125 0.292731278125 0.11385937500000001 0.29356828125 0.10621875 0.30019823749999996 0.0968125 0.3109691625 0.092125 0.335814978125 0.09035937499999999 0.3382819390625 0.09740625 0.3540308375 0.09917187499999999 0.34491189375000003
8 0.58740625 0.5558810578125 0.5886875 0.5527533046875 0.58709375 0.5451762109375 0.58440625 0.5407048453125001 0.580921875 0.5375770921874999 0.578390625 0.534229075 0.576171875 0.5326651984375 0.57253125 0.5281938328125 0.570140625 0.5301982375 0.570140625 0.5355726875 0.5726875 0.545396475 0.5764843749999999 0.5480616734375 0.5818749999999999 0.5538766515625 0.58740625 0.5558810578125
8 0.704109375 0.3933039640625 0.68840625 0.3933039640625 0.669546875 0.3903524234375 0.667453125 0.4169163 0.669546875 0.42577092499999997 0.6946875 0.4248017625 0.70515625 0.42577092499999997 0.7069062500000001 0.411497796875 0.704109375 0.3933039640625
8 0.7796093749999999 0.414669603125 0.786546875 0.3987224671875 0.78746875 0.388612334375 0.7830781250000001 0.38894273125 0.777296875 0.387312775 0.775 0.389603525 0.77453125 0.4136784140625 0.7740625 0.41530837031249995 0.748671875 0.4364757703125 0.74890625 0.4494933921875 0.7495937500000001 0.44885462499999995 0.7796093749999999 0.4195374453125 0.7796093749999999 0.414669603125
9 0.223140625 0.45449339218749996 0.23053125 0.46046255468749997 0.2310625 0.4559911890625 0.23159375 0.44779735625 0.22999999999999998 0.435154184375 0.2310625 0.423986784375 0.2310625 0.41059471406250003 0.23317187499999997 0.4001982375 0.23475000000000001 0.38828193906249997 0.23370312499999998 0.3748898671875 0.22737500000000002 0.3607488984375 0.2168125 0.3607488984375 0.21259375 0.35332599062500003 0.211 0.337687225 0.196765625 0.33546255468749997 0.18937500000000002 0.344383259375 0.18937500000000002 0.3570484578125 0.18409375 0.3622466953125 0.187265625 0.3801101328125 0.18462499999999998 0.4001982375 0.192015625 0.412841409375 0.20256249999999998 0.4232599125 0.20203125000000002 0.4373788546875 0.20678125 0.45746696093750006 0.20837500000000003 0.45971365625000005 0.21892187500000002 0.46046255468749997 0.223140625 0.45449339218749996
8 0.765921875 0.4255726875 0.769640625 0.4144052859375 0.7673125 0.3901101328125 0.730515625 0.3901101328125 0.730515625 0.403898678125 0.7281875 0.42162995625 0.7333125 0.4242511015625 0.744953125 0.423612334375 0.765921875 0.4255726875
8 0.7068125000000001 0.4361674015625 0.7052031249999999 0.4577092515625 0.7478125 0.46224669531250007 0.747015625 0.43504405312500005 0.7068125000000001 0.4361674015625
8 0.6347343750000001 0.4032819390625 0.63925 0.4056607921875 0.641515625 0.41603524218750004 0.6468906249999999 0.423612334375 0.65396875 0.4259911890625 0.664140625 0.42519823749999996 0.663578125 0.4140308375 0.6647031250000001 0.397687225 0.66725 0.3901101328125 0.6567968750000001 0.3901101328125 0.636421875 0.390903084375 0.62596875 0.394096915625 0.624828125 0.40447136562499997 0.6242656249999999 0.4052643171875 0.6279375 0.40246696093749995 0.6347343750000001 0.4032819390625
8 1 0.382929515625 0.979484375 0.37969162968750003 0.971859375 0.3904625546875 0.972609375 0.405528634375 1 0.407687225 1 0.382929515625
8 0.91584375 0.39455947187499996 0.925546875 0.3979955953125 0.927359375 0.4466960359375 0.93403125 0.4466960359375 0.931 0.3894493390625 0.9182656250000001 0.386013215625 0.91584375 0.39455947187499996
9 0 0 0.0028492640624999998 0.0104301625 0 0.011013215625 0.0038793109375000003 0.020811181249999998 0 0.02202643125 0.0015625 0.037444934375 0.0046875 0.039647576562499995 0.00625 0.050660792187500005 0.0015625 0.0638766515625 0.0015625 0.0991189421875 0.0078125 0.121145375 0.0015625 0.15198237812499998 0.0015625 0.45154185 0.0046875 0.4559471359375 0.0140625 0.462555065625 0.0359375 0.462555065625 0.0390625 0.4691629953125 0.04375 0.4713656390625 0.0625 0.4713656390625 0.071875 0.464757709375 0.0796875 0.4493392078125 0.1296875 0.45154185 0.1390625 0.44493392031249995 0.1484375 0.42951541875 0.1515625 0.41629955937499996 0.1484375 0.3744493390625 0.1515625 0.367841409375 0.15625 0.3656387671875 0.15625 0.35242290781249996 0.159375 0.343612334375 0.1625 0.3392070484375 0.1671875 0.3414096921875 0.171875 0.3502202640625 0.1890625 0.35242290781249996 0.19375 0.3392070484375 0.20625 0.3370044046875 0.234375 0.3744493390625 0.23125 0.40969162968750006 0.23125 0.442731278125 0.2265625 0.45814977968750004 0.23125 0.45374449375000003 0.2328125 0.4691629953125 0.2421875 0.47577092499999996 0.2609375 0.47577092499999996 0.2734375 0.466960353125 0.2890625 0.48237885468749997 0.3078125 0.48237885468749997 0.3234375 0.466960353125 0.3296875 0.44713656406249996 0.3296875 0.42951541875 0.4 0.4074889875 0.4046875 0.42290748906250003 0.403125 0.4493392078125 0.4109375 0.46035242343749994 0.4234375 0.46035242343749994 0.4296875 0.45154185 0.4484375 0.45374449375000003 0.45625 0.440528634375 0.4578125 0.4207048453125 0.4640625 0.4207048453125 0.4671875 0.41409691562499995 0.4765625 0.41850220312499997 0.4796875 0.42951541875 0.4859375 0.42951541875 0.4984375 0.44493392031249995 0.5234375 0.44713656406249996 0.5328125 0.440528634375 0.5296875 0.42951541875 0.5375 0.41850220312499997 0.534375 0.4074889875 0.5359375 0.3876651984375 0.5390625 0.3832599125 0.5484375 0.38105726875 0.553125 0.394273128125 0.5640625 0.4008810578125 0.5828125 0.4008810578125 0.59375 0.394273128125 0.60625 0.3722466953125 0.6140625 0.3832599125 0.61875 0.39867841406250004 0.625 0.4074889875 0.6359375 0.4074889875 0.640625 0.41629955937499996 0.696875 0.41629955937499996 0.725 0.39867841406250004 0.7578125 0.39647577031250003 0.759375 0.4339207046875 0.7640625 0.4493392078125 0.7734375 0.462555065625 0.7875 0.4713656390625 0.8140625 0.47356828125000006 0.8203125 0.47797356874999997 0.8578125 0.47797356874999997 0.8703125 0.4691629953125 0.90625 0.462555065625 0.915625 0.4559471359375 0.959375 0.45154185 0.975 0.4361233484375 0.99375 0.39867841406250004 0.9984375 0.3766519828125 0.9671164765625001 0.14537445 0.9609375 0.14537445 0.965625 0.1343612328125 0.9984375 0 0.4171875 0 0.403125 0.055066079687500005 0.3984375 0.061674009375000005 0.39375 0.0770925109375 0.3235677078125 0.0064243765625000004 0.318359375 0.0126651984375 0.3171875 0 0 0