8 0.448625 0.47997658125 0.448625 0.460796253125 0.443390625 0.4611709609375 0.44129687500000003 0.45882903906249994 0.43529687499999997 0.46627634687499997 0.43162500000000004 0.471756440625 0.43267187500000004 0.47058547968750003 0.42979687499999997 0.47723653437499997 0.4329375 0.5023185015625 0.43946874999999996 0.5027166281250001 0.448625 0.47997658125
8 0.7556406250000001 0.9528103046874999 0.7796406250000001 0.964051521875 0.85459375 0.9797658078125 0.86509375 0.8808899296874999 0.85609375 0.8494379390625 0.812625 0.838196721875 0.7676406250000001 0.838196721875 0.773640625 0.8516861828125 0.766140625 0.898875878125 0.7556406250000001 0.9528103046874999
9 0.497765625 0.3168618265625 0.45428125 0.3550585484375 0.45128124999999997 0.37079625312500003 0.442296875 0.4 0.437796875 0.408992975 0.43629687500000003 0.41124121718750006 0.424296875 0.41573770468750004 0.3973125 0.41798594843750003 0.253375 0.5168618265625 0.232390625 0.564051521875 0.239890625 0.5887587828124999 0.254875 0.6044964875 0.27137500000000003 0.629203746875 0.284859375 0.638196721875 0.301359375 0.638196721875 0.34334375 0.6516861828125 0.34334375 0.640444965625 0.353828125 0.640444965625 0.34784375 0.705620609375 0.33884375 0.7483138171875 0.316359375 0.871920375 0.316359375 0.8763934421874999 0.314859375 0.8898829046875001 0.355328125 0.9325761124999999 0.34334375 0.964051521875 0.34334375 0.968548009375 0.565234375 0.9797658078125 0.53825 0.9303278687500001 0.53975 0.86967213125 0.571234375 0.8674238875 0.58771875 0.8629274 0.60271875 0.770796253125 0.59821875 0.7505620609375 0.577234375 0.591007025 0.53975 0.564051521875 0.515765625 0.5325761124999999 0.54875 0.4516861828125 0.5337500000000001 0.37079625312500003 0.5247499999999999 0.3483138171875 0.497765625 0.3168618265625
9 1 0.68901639375 0.9850312499999999 0.6433021078125 0.9585156250000001 0.597564403125 0.93065625 0.5657611234375 0.92534375 0.55583138125 0.904125 0.51805620625 0.905453125 0.4842622953125 0.8975 0.440515221875 0.87096875 0.4107025765625 0.8378125000000001 0.4047306796875 0.8033125 0.426604215625 0.78740625 0.4822716625 0.77546875 0.4822716625 0.77015625 0.49220140468749995 0.72771875 0.50810304375 0.68128125 0.524004684375 0.6653749999999999 0.573723653125 0.64546875 0.609508196875 0.60965625 0.7387353625 0.601703125 0.8759016390625 0.625578125 0.9414988296875 0.658734375 0.9971662765625 0.754234375 0.999156909375 0.7595468750000001 0.9355503515624999 0.76353125 0.9236065578125 0.77015625 0.8520374703125 0.7794375 0.8381264640625 0.828515625 0.83613583125 0.8630000000000001 0.8580093671875 0.8630000000000001 0.9236065578125 0.872296875 0.9414988296875 0.878921875 0.9593911 0.9067812500000001 0.951451990625 0.9027968749999999 0.8818735359375 0.9067812500000001 0.8301873531249999 0.9120781250000001 0.8142622953125 0.9532031249999999 0.81030445 0.993 0.8341451984375 0.99696875 0.8937939109374999 0.991671875 0.951451990625 1 0.9534426234375 1 0.68901639375
9 0.30285937500000004 0.9842622953125 0.308859375 0.9550585484375 0.313359375 0.892131146875 0.281875 0.80674473125 0.253375 0.728079625 0.23689062500000002 0.6876346609375 0.19940625 0.6516861828125 0.173921875 0.6112412171875 0.152921875 0.5707962531249999 0.154421875 0.5280796249999999 0.15592187500000002 0.471920375 0.15142187499999998 0.4247306796875 0.1499375 0.37751756406250003 0.1364375 0.3528103046875 0.10345312499999999 0.33932084375 0.06296874999999999 0.366299765625 0.038984375 0.4539344265625 0.012 0.5483138171874999 0.003 0.9865105390625001 0.30285937500000004 0.9842622953125
9 0.16793750000000002 0.5230210765625001 0.163578125 0.533723653125 0.16793750000000002 0.537868853125 0.173484375 0.5586651046875 0.17665625000000001 0.6788290390625 0.177453125 0.704379390625 0.18021875 0.7328805625 0.192109375 0.72871194375 0.23489062500000002 0.70775175625 0.24559375 0.7267447312499999 0.249953125 0.698243559375 0.24321874999999998 0.608548009375 0.24084374999999997 0.600819671875 0.23965625 0.590140515625 0.2356875 0.5776580796874999 0.23450000000000001 0.560444965625 0.25787499999999997 0.5109367687499999 0.242421875 0.49074941406250006 0.243609375 0.48421545625 0.245984375 0.458079625 0.24559375 0.430772834375 0.24084374999999997 0.407611240625 0.22618749999999999 0.3868149890625 0.20875 0.3791100703125 0.197265625 0.381475409375 0.18378125 0.3921779859375 0.173484375 0.4070257609375 0.16953125 0.41770491875 0.169921875 0.442060890625 0.171109375 0.45215456718749997 0.175078125 0.46341920312499996 0.17428125 0.48065573749999996 0.179421875 0.493723653125 0.185375 0.509156909375 0.18457812499999998 0.50936768125 0.18021875 0.5159016390625 0.16793750000000002 0.5230210765625001
9 0.673046875 0.5438875875 0.66253125 0.5053629984375 0.6578593749999999 0.46159250625 0.64034375 0.423067915625 0.64384375 0.40206089062499994 0.6345 0.36002341875 0.604125 0.374028103125 0.5959531250000001 0.410796253125 0.5924375000000001 0.43355971875000004 0.578421875 0.4510772828125 0.5725781249999999 0.49836065625000003 0.56440625 0.5596252921875 0.56790625 0.591147540625 0.593609375 0.6156674468750001 0.5994531249999999 0.640187353125 0.631 0.6454332546875 0.6531875 0.5893911000000001 0.66603125 0.5631381734375001 0.673046875 0.5438875875
9 0.279640625 0.3868618265625 0.254890625 0.3791334890625 0.24148437500000003 0.40386416875000003 0.25592187499999997 0.4285948484375 0.244578125 0.47496487187499997 0.26623437499999997 0.504332553125 0.271390625 0.512060890625 0.33634375 0.4718735359375 0.320875 0.41159250625 0.295109375 0.39459016406249997 0.279640625 0.3868618265625
9 0.686125 0.41414519843750003 0.6865625 0.4270257609375 0.69428125 0.4302576109375 0.69815625 0.43538641718750004 0.7063125 0.453419203125 0.71190625 0.466299765625 0.7127656250000001 0.479180328125 0.716203125 0.482412178125 0.7200624999999999 0.4888290390625 0.72865625 0.4991334890625 0.73509375 0.5017096015625 0.73553125 0.5023653390625 0.730375 0.486276346875 0.727796875 0.466955503125 0.7243593749999999 0.45922716562500004 0.717921875 0.4405386421875 0.7205 0.42444964843750005 0.717921875 0.42896955468750003 0.716203125 0.42639344218749997 0.717484375 0.41285714218749997 0.717484375 0.3961124125 0.716625 0.38967213125 0.70975 0.37615925 0.700734375 0.37229508125 0.689984375 0.38002341875 0.683984375 0.38903981249999997 0.681828125 0.3941920375 0.682265625 0.3993442625 0.686125 0.41414519843750003
9 0.666109375 0.51709601875 0.673046875 0.5355737703125001 0.68459375 0.5228571421875 0.733921875 0.504379390625 0.713890625 0.4801170953125 0.6992499999999999 0.4281498828125 0.683828125 0.42929742343750005 0.6607031250000001 0.4350585484375 0.653765625 0.44662763437499997 0.663015625 0.48128805625000004 0.6645625 0.49744730625000005 0.666109375 0.51709601875
9 0.734375 0.5079859484375 0.7671875 0.4926932078125 0.775203125 0.485035128125 0.7846875 0.4828571421875 0.786515625 0.476299765625 0.779578125 0.44789227187499997 0.7679218750000001 0.42548009374999995 0.764265625 0.3894145203125 0.751140625 0.367564403125 0.735828125 0.37138173281250003 0.723796875 0.3839578453125 0.723796875 0.4205620609375 0.7190624999999999 0.4249414515625 0.718328125 0.4358548015625 0.718703125 0.44023419218750004 0.7267187500000001 0.4631850109375 0.734375 0.5079859484375
9 0.20403125000000003 0.373395784375 0.17853125 0.3618735359375 0.151171875 0.38259953125 0.147796875 0.39320843125 0.151484375 0.41117096093749994 0.15332812499999998 0.4263700234375 0.158546875 0.44847775156249997 0.15575 0.48250585468749996 0.156546875 0.5091100703125 0.161671875 0.5292271656249999 0.1695625 0.5244964875 0.17903125 0.51740046875 0.1821875 0.507939109375 0.175875 0.4931615921875 0.17271875 0.48192037499999996 0.17390624999999998 0.4677283375 0.17034375 0.4476346609375 0.168375 0.4257611234375 0.169609375 0.4229976578125 0.173609375 0.40564402812499994 0.19143749999999998 0.38491803281250003 0.205265625 0.3816861828125 0.20403125000000003 0.373395784375
9 0.01146875 0.5489695546875 0.016296875 0.5311943796875 0.023765625000000002 0.5074941453124999 0.04440625 0.43836065625 0.04265625 0.431779859375 0.02859375 0.43112412187500004 0.02025 0.43836065625 0.009703125 0.45744730625 0.001359375 0.479180328125 0.000921875 0.5641217796875 0.013218750000000001 0.562131146875 0.01146875 0.5489695546875
8 0.9843125 0.9818266984375 0.9895156249999999 0.924683840625 0.99471875 0.8441451984375 0.992984375 0.820772834375 0.9513906249999999 0.8077985953125 0.91153125 0.8103981265625 0.9080625 0.8311709609375001 0.901140625 0.9142857140625 0.913265625 0.976627634375 0.915 0.9818266984375 0.9756562499999999 0.971428571875 0.9843125 0.9818266984375