8 0.385952859375 0.28955048125 0.5555819484375 0.3331875 0.56239905 0.344390625 0.57945368125 0.34215625 0.57945368125 0.326453125 0.5484243875 0.3267598953125 0.519794140625 0.3010494796875 0.5249168640625 0.2950625 0.5126365796875 0.294621875 0.5198040374999999 0.28665625 0.5122565328124999 0.28096875 0.5146912109375 0.27825 0.5059263656249999 0.273921875 0.5095783843749999 0.26984375 0.49959619999999993 0.26687500000000003 0.5044655578125 0.2614375 0.49326603281250003 0.25982812499999997 0.498887928125 0.25430255625 0.57945368125 0.23004687499999998 0.57896505 0.222037946875 0.5883683546875 0.22452764374999998 0.69534441875 0.158296875 0.715795725 0.10223437500000002 0.6408076015625 0.0843125 0.470380046875 0.088796875 0.34085510625 0.140359375 0.23178147343750002 0.21434375 0.2040210375 0.3008325890625 0.194275534375 0.335421875 0.34085510625 0.32196875 0.3817577203125 0.2973125 0.385952859375 0.28955048125
9 0.9268883609375 0.198875 0.9028028499999999 0.202828125 0.8967933484374999 0.2166875 0.893776721875 0.2404375 0.8967933484374999 0.268140625 0.8967933484374999 0.27803125 0.8967933484374999 0.28396875 0.8817577203125 0.293875 0.8516627078125 0.31365625 0.8516627078125 0.34928125 0.8516627078125 0.36709375 0.8276009500000001 0.434390625 0.8276009500000001 0.47990625 0.8637054624999999 0.499703125 0.8606888359375 0.5412656250000001 0.8486460812500001 0.677828125 0.8396199531249999 0.772828125 1 0.7926249999999999 0.9930641328125001 0.222625 0.9659857484375 0.208765625 0.9268883609375 0.198875
9 0.724869359375 0.38159375 0.7278147265625 0.40289062500000006 0.7337054625 0.413203125 0.7474346796875 0.446765625 0.7417339671875001 0.46621875 0.7425890734375 0.502453125 0.7622327796875 0.5398125 0.7669358671875 0.5487968750000001 0.7695011875 0.610046875 0.774204275 0.6443125000000001 0.7793111640625 0.683359375 0.7947030875000001 0.708078125 0.786579571875 0.71171875 0.79 0.7181875 0.7870071265624999 0.729421875 0.78144893125 0.7384062499999999 0.78615201875 0.7420625000000001 0.8540617578124999 0.746 0.8578859859374999 0.63896875 0.869002375 0.5954375 0.8702850359375001 0.531109375 0.8660095015625 0.509765625 0.8459382421875 0.5016093749999999 0.8250118765625001 0.48335937500000004 0.8224465562500001 0.478296875 0.8233016624999999 0.42970312499999996 0.8292874109374999 0.400765625 0.8382422796875 0.38784375 0.8514964375 0.349921875 0.8613064140625 0.3193125 0.8655819484375 0.307796875 0.8809501187500001 0.2965625 0.881377671875 0.28925 0.8800950125 0.277734375 0.8852256531249999 0.274640625 0.8924940625 0.279984375 0.8929216156249999 0.277734375 0.8865083140625 0.26959374999999997 0.88565320625 0.259203125 0.8698574828125001 0.24684374999999997 0.8549168640625 0.24234375 0.835273159375 0.24346874999999998 0.8215914484375 0.24767187499999999 0.8075059375 0.26284375 0.805795725 0.27071875 0.8036579578125 0.274921875 0.801520190625 0.297953125 0.8014014250000001 0.29834375 0.7494061750000001 0.3254375 0.7376247031250001 0.3409375 0.734679334375 0.3648125 0.724869359375 0.38159375
9 0.7212826609375 0.323921875 0.7235629453125 0.33878125 0.7303325421875 0.35809375 0.7167695968750001 0.386328125 0.7122565328125 0.396734375 0.7167695968750001 0.416046875 0.7077434671875 0.42346874999999995 0.700973871875 0.44428124999999996 0.6964370546875001 0.462109375 0.6828978625000001 0.487375 0.691923990625 0.551265625 0.6874109265625 0.62853125 0.6715914484375001 0.673109375 0.6539667453125 0.6903125 0.6636579578124999 0.7168281249999999 0.6725890734375 0.7227187500000001 0.7292161515625 0.719765625 0.7456294531250001 0.718796875 0.7634916859375 0.72075 0.7903325421875 0.713890625 0.77244655625 0.6991875000000001 0.7649881234375 0.681546875 0.7754156765625 0.63546875 0.759026128125 0.5305625 0.7471021375 0.5060625 0.7396674578125 0.477625 0.7441330171875 0.44331250000000005 0.7307125890624999 0.408015625 0.72475059375 0.386453125 0.7292161515625 0.36978125 0.736674584375 0.34821875 0.7396674578125 0.336453125 0.7500950125 0.32665625 0.7560570078125 0.319796875 0.75755344375 0.3188125 0.760522565625 0.31390625 0.7664845609375 0.30803125 0.7649881234375 0.30115625 0.767980996875 0.299203125 0.76945368125 0.288421875 0.76945368125 0.28253125 0.767980996875 0.277640625 0.7530641328125001 0.265875 0.7441330171875 0.259984375 0.736674584375 0.25509375 0.7217814734375 0.257046875 0.715819478125 0.257046875 0.7009026125 0.257046875 0.68524940625 0.265765625 0.6658669828125 0.2883125 0.6688598578125 0.295171875 0.694180521875 0.3090625 0.700973871875 0.313515625 0.7212826609375 0.323921875
9 0.6549406171875 0.586984375 0.6347030874999999 0.534390625 0.643230403125 0.5273749999999999 0.643230403125 0.448125 0.6325653203125 0.39203125 0.6219002375 0.352046875 0.5963182890625001 0.321890625 0.5824465562500001 0.29874999999999996 0.5696674578125 0.25596874999999997 0.5835154390625 0.23562500000000003 0.568598575 0.218796875 0.5643230406249999 0.1844375 0.554726840625 0.177421875 0.5088836109375 0.171109375 0.4609026125 0.174625 0.4395962 0.19215625 0.5046318296875001 0.266484375 0.5387410921875 0.3015625 0.523824228125 0.30085937500000004 0.5088836109375 0.277703125 0.43425178124999997 0.19846875 0.39693586718749996 0.260875 0.37881235156250004 0.314875 0.37669833750000004 0.38851562500000003 0.4001425171875 0.46846875 0.3777672203125 0.565953125 0.38095011875 0.588390625 0.385225653125 0.6017187500000001 0.3958907359375 0.6634375 0.4012114015625 0.7012968749999999 0.4054869359375 0.772140625 0.425724465625 0.8731249999999999 0.4278622328125 0.91940625 0.4459857484375 0.9278281249999999 0.5398099765625 0.9446562500000001 0.536603325 0.9292343750000001 0.49503562968750003 0.876625 0.47477434687500003 0.851375 0.484370546875 0.7300625000000001 0.5035629453125 0.6872812500000001 0.5110213781249999 0.640984375 0.533420428125 0.687984375 0.5536579578125 0.74759375 0.5312826609375 0.8079062499999999 0.5152969125 0.84928125 0.5152969125 0.876625 0.5078147265624999 0.8913593750000001 0.5483372921874999 0.920109375 0.5824465562500001 0.9292343750000001 0.6549406171875 0.9369375 0.657078384375 0.9208125 0.6219002375 0.90328125 0.5920427546875 0.88925 0.5835154390625 0.877328125 0.6208313546875 0.781953125 0.63574821875 0.712515625 0.6336342046875 0.589796875 0.6549406171875 0.586984375
9 0.0146318296875 0.783984375 0.033277909375 0.582078125 0.054038004687499995 0.592984375 0.09344418125000001 0.785359375 0.16603325468750002 0.788078125 0.1473634203125 0.7676093749999999 0.13285035625 0.72934375 0.1254156765625 0.675546875 0.135819478125 0.54740625 0.135819478125 0.41828125 0.1254156765625 0.34296875 0.11351543906249999 0.337109375 0.08824227968750001 0.29015625 0.100118765625 0.26765625000000004 0.06294536875 0.226578125 0.01239905 0.22754687499999998 0 0.24125000000000002 0.0061045125 0.238328125 0 0.783984375 0.0146318296875 0.783984375
9 0.15475059375 0.431166015625 0.166722090625 0.48865625 0.1749406171875 0.632671875 0.2050356296875 0.649765625 0.2365083140625 0.647078125 0.24881235156249998 0.636265625 0.20641330156249998 0.6110625 0.2036579578125 0.596671875 0.21598574843749999 0.55796875 0.21598574843749999 0.503953125 0.19408551093749998 0.49675 0.1639904984375 0.44545312499999995 0.1530403796875 0.422953125 0.1626128265625 0.40765624999999994 0.18024940625000002 0.3589296875 0.1833333328125 0.35699479218749997 0.17630245312499998 0.35494791718749996 0.18840063437500001 0.3489270828125 0.186128265625 0.3426875 0.19346793281250002 0.340859375 0.1890676953125 0.33456640625 0.19853523281250002 0.33279166718750003 0.19200712656250002 0.32644531250000003 0.203602534375 0.32472395781249996 0.19494655624999999 0.31832421875 0.20866983437500003 0.31665625 0.1811876484375 0.298578125 0.171377671875 0.26309375 0.16156769531249998 0.237921875 0.14194774375000002 0.22759374999999998 0.125273159375 0.2385625 0.12429928750000001 0.22824218749999997 0.10665083125000001 0.22889062500000001 0.125273159375 0.2468802078125 0.125273159375 0.313421875 0.15475059375 0.431166015625
9 0.11954869374999999 0.146578125 0.1210926359375 0.15362499999999998 0.1287173390625 0.1636875 0.12719715 0.173234375 0.1340855109375 0.173734375 0.14095011875000002 0.166703125 0.144774346875 0.173734375 0.1654156765625 0.167703125 0.1692399046875 0.168703125 0.166175771875 0.17525 0.17458432343750002 0.17675000000000002 0.1807125890625 0.17525 0.176128265625 0.166703125 0.16810273125 0.1418125 0.168479809375 0.138546875 0.1631353921875 0.1305 0.16465558125 0.1204375 0.160077196875 0.116921875 0.16465558125 0.11590625000000002 0.16235154375 0.11089062499999999 0.15740201874999998 0.108625 0.16235154375 0.106859375 0.154726840625 0.10032812499999999 0.15776722031249998 0.095796875 0.15394299218750002 0.08575 0.148598575 0.083734375 0.1401900234375 0.083734375 0.1279572453125 0.090765625 0.125676959375 0.094296875 0.11268408593749998 0.0983125 0.10655581875 0.108375 0.1073159140625 0.12345312500000001 0.09814726875 0.13653125 0.10273159218750001 0.144578125 0.11954869374999999 0.146578125
9 0.6149168640625 0.32809374999999996 0.6524940625 0.4 0.649073634375 0.435953125 0.6354156765625001 0.516859375 0.655320665625 0.5928125 0.634323040625 0.5970625 0.6359382421875 0.634265625 0.6407838484374999 0.7394999999999999 0.6310926359375 0.768203125 0.66665083125 0.770328125 0.6828028500000001 0.757578125 0.7183610453125 0.760765625 0.724821853125 0.750140625 0.68764845625 0.7405625 0.663420428125 0.7256875 0.66665083125 0.67465625 0.6844180515625 0.624703125 0.6941092640625001 0.581125 0.6941092640625001 0.579 0.6892636578125 0.51415625 0.6892636578125 0.495015625 0.700570071875 0.4493125 0.6924940625 0.46950000000000003 0.700570071875 0.44293750000000004 0.724821853125 0.40465625000000005 0.7312826609374999 0.369578125 0.7183610453125 0.3291875 0.69895486875 0.3121875 0.658574821875 0.286671875 0.6714964375 0.270734375 0.6731116390625 0.23139062500000002 0.6618052249999999 0.211203125 0.6197862234375 0.21226562499999999 0.5923040375 0.228203125 0.5826128265625 0.25478125 0.608479809375 0.272859375 0.600380046875 0.28454687500000003 0.5858432296875 0.301546875 0.6080760093750001 0.27865625 0.5944180515624999 0.303375 0.6149168640625 0.32809374999999996
8 0.21280285000000002 0.49334375 0.216199525 0.511984375 0.22023752968750002 0.531953125 0.2182185265625 0.549265625 0.2424940625 0.55903125 0.279619953125 0.549703125 0.35855106875 0.527078125 0.355178146875 0.503109375 0.351805225 0.475578125 0.351805225 0.43520312499999997 0.33764845625 0.42765624999999996 0.33966745781249996 0.41432812500000005 0.2802850359375 0.421 0.2377672203125 0.425875 0.2168646078125 0.44540625 0.22023752968750002 0.45339062500000005 0.21484560625000002 0.46848437499999995 0.21280285000000002 0.49334375
8 0.137980996875 0.48464062500000005 0.1340380046875 0.511109375 0.140926365625 0.53046875 0.1644655578125 0.5278906250000001 0.174275534375 0.520140625 0.178194775 0.487875 0.176223278125 0.4659375 0.16935867031250001 0.442703125 0.1644655578125 0.41753125 0.1497387171875 0.41107812499999996 0.1330641328125 0.41431250000000003 0.1419002375 0.44915625 0.137980996875 0.48464062500000005
8 0.1263657953125 0.50153125 0.10356294531250002 0.49198437500000003 0.0973396671875 0.50971875 0.055843229687499996 0.49198437500000003 0.043420428125 0.530171875 0.10769596249999999 0.54109375 0.130522565625 0.535640625 0.1263657953125 0.50153125
8 0.7428503562500001 0.4671875 0.747719715625 0.44699999999999995 0.73154394375 0.440609375 0.7040855109375 0.45549999999999996 0.702470309375 0.457625 0.7057007125 0.53203125 0.7574109265625 0.53309375 0.7412351546875 0.501203125 0.7428503562500001 0.4671875
9 0.3650593828125 0.70753125 0.36254156718749997 0.698421875 0.3650593828125 0.686 0.3688361046875 0.666125 0.37135391875 0.650375 0.37135391875 0.636296875 0.36254156718749997 0.616421875 0.367577196875 0.59240625 0.352470309375 0.5857812499999999 0.33484560625 0.558453125 0.3260332546875 0.563421875 0.324774346875 0.5741875000000001 0.324774346875 0.5857812499999999 0.3298099765625 0.59571875 0.332327790625 0.618078125 0.3335866984375 0.629671875 0.3411401421875 0.6412656250000001 0.34743467968749997 0.6536875 0.3486935859375 0.6628125 0.3486935859375 0.67771875 0.346175771875 0.6893125 0.3449168640625 0.7025625 0.338622328125 0.71084375 0.3335866984375 0.714984375 0.34239905 0.72078125 0.35876484531249997 0.72409375 0.3650593828125 0.70753125
8 0.40090261250000003 0.41759375 0.38957244687500003 0.404203125 0.3680997625 0.33575 0.36016627031250004 0.37221875 0.3364370546875 0.3915625 0.3420902609375 0.412390625 0.3341567703125 0.424296875 0.353396675 0.439171875 0.3907125890625 0.48009375 0.39750593749999996 0.47710937500000006 0.398622328125 0.443640625 0.40090261250000003 0.41759375
9 0.5947030875 0.2484375 0.5900950125 0.241453125 0.5734679328125 0.24470312500000002 0.565676959375 0.25471875 0.569928740625 0.26915625 0.5663895484375 0.28498437499999996 0.5635629453125001 0.295921875 0.577719715625 0.30057812500000003 0.5847981 0.30128125 0.5823040374999999 0.30081250000000004 0.6017814734375 0.28684375 0.6088598578125 0.269390625 0.5922090265625 0.261234375 0.5947030875 0.2484375
9 0.811876484375 0.15923437499999998 0.821472684375 0.15978125 0.8331828984375 0.160890625 0.8336104515624999 0.16473437500000002 0.8294299281249999 0.167203125 0.8264845609375 0.169140625 0.8264845609375 0.171875 0.8306650828125001 0.172984375 0.8373634203125 0.174078125 0.8486460812500001 0.174078125 0.8499049875000001 0.1705 0.8490736343749999 0.167203125 0.8641092640625001 0.15840625 0.8728741093749999 0.154015625 0.8745605703124999 0.14796875 0.8707838484374999 0.146046875 0.8595011875 0.14356249999999998 0.84280285 0.14246875 0.83275534375 0.139171875 0.83484560625 0.13174999999999998 0.8369358671875 0.121296875 0.838622328125 0.11937500000000001 0.8432066515625 0.118 0.849477434375 0.11553125 0.852826603125 0.11278125000000001 0.8570071265625 0.111125 0.8607600953125001 0.11195312500000001 0.867030878125 0.11359375000000001 0.8699524937499999 0.113328125 0.8720427546874999 0.11084374999999999 0.8674584328125 0.10865625000000001 0.8620190031250001 0.10700000000000001 0.8544893109375 0.10590625000000001 0.8490736343749999 0.106453125 0.8444655578125 0.108375 0.8411163890625 0.11003125 0.8369358671875 0.110296875 0.8319239906250001 0.109203125 0.8319239906250001 0.10809375000000002 0.83275534375 0.105359375 0.8331828984375 0.10123437500000002 0.8310926359374999 0.09903125 0.8310926359374999 0.0965625 0.8298337296874999 0.094359375 0.824821853125 0.092984375 0.8202375296875 0.091875 0.8135391921874999 0.091609375 0.808931115625 0.09215625 0.8022565328125 0.096828125 0.8022565328125 0.10067187500000001 0.8035154390624999 0.105359375 0.8068408546875 0.10946875 0.8064370546875 0.11140625 0.8039192406250001 0.11470312499999999 0.8001662703125 0.125703125 0.7993349171874999 0.13668750000000002 0.7993349171874999 0.1545625 0.8030878859374999 0.157859375 0.8060095015625001 0.15896875 0.811876484375 0.15923437499999998
9 0.74144893125 0.24932812499999998 0.7660570078125 0.23517187499999997 0.762969121875 0.225046875 0.74760095 0.2048125 0.74144893125 0.19671875 0.7383610453125 0.18457812499999998 0.7106650828125 0.18457812499999998 0.70760095 0.19671875 0.70760095 0.20278125 0.6952969125 0.216953125 0.6952969125 0.24123437499999997 0.70760095 0.253390625 0.7014489312500001 0.24528124999999998 0.7168171015625 0.24932812499999998 0.74144893125 0.24932812499999998
9 0.38705463125 0.6473125 0.376603325 0.776171875 0.40534441875000005 0.784765625 0.40534441875000005 0.678234375 0.3687885984375 0.5802968749999999 0.381828978125 0.49096875000000006 0.3948931109375 0.515015625 0.39750593749999996 0.46518750000000003 0.37137767187500004 0.3844375 0.366175771875 0.31571875 0.20684085468750002 0.329453125 0.167672209375 0.37756249999999997 0.146769596875 0.4085 0.183325415625 0.49954687499999995 0.2120665078125 0.5545312499999999 0.24600950156249998 0.5665625000000001 0.2642992875 0.750390625 0.199002375 0.769296875 0.18855106875 0.791625 0.3165320671875 0.781328125 0.334821853125 0.678234375 0.3295962 0.6971406250000001 0.3269833734375 0.5425 0.38705463125 0.6473125
9 0.48693586718750004 0 0.47743467968750003 0.009375 0.47030878906250007 0.009375 0.4631828984375 0.0046875 0.44655581875 0.0046875 0.41805225625000003 0.0140625 0.406175771875 0.021875 0.4233509953125 0.0329326921875 0.09471496406249999 0.026708984375 0.0855106890625 0.0328125 0.0825415671875 0.02646484375 0.0703681703125 0.026220703125 0.06888361093749999 0.025 0.058194775 0.0259765625 0.049881234375 0.0203125 0.046021378125 0.025732421875 0.036817101562499996 0.0203125 0.03384798125 0.02548828125 0.02375296875 0.0203125 0.021674584375 0.025244140625 0.0095011875 0.025 0.002375296875 0.0296875 0.008256982812499999 0.036607142187500004 0.002375296875 0.0421875 0.002375296875 0.1203125 0.007125890625000001 0.1296875 0.016627078125 0.1375 0.035629453125 0.14375 0.06650831406249999 0.14375 0.0783847984375 0.140625 0.0906006109375 0.1334821421875 0.1141273609375 0.16116071406250002 0.1256748 0.16505681875 0.12000904999999999 0.1680803578125 0.1211401421875 0.1734375 0.0950118765625 0.1734375 0.0783847984375 0.1796875 0.06888361093749999 0.1796875 0.0546318296875 0.184375 0.03800475 0.1984375 0.035629453125 0.21875 0.04275534375 0.228125 0.0641330171875 0.228125 0.0973871734375 0.265625 0.0902612828125 0.2953125 0.1116389546875 0.334375 0.1258907359375 0.346875 0.1330166265625 0.3984375 0.1529097390625 0.400390625 0.1472684078125 0.4078125 0.1437054625 0.40859375 0.1472684078125 0.4109375 0.1353919234375 0.415625 0.0680198671875 0.665625 0.0617577203125 0.66875 0.0546318296875 0.6625 0.03800475 0.6625 0.030878859375 0.6671875 0.035629453125 0.703125 0.040380046875 0.7140625 0.053282228125 0.7203125 0.04275534375 0.759375 0.045130640625 0.7765625 0.0522565328125 0.78125 0.06650831406249999 0.78125 0.07363420468750001 0.775 0.06650831406249999 0.709375 0.12945368125 0.70546875 0.1330166265625 0.73125 0.1472684078125 0.7671875 0.1543943 0.771875 0.171021378125 0.771875 0.175771971875 0.76875 0.175771971875 0.7421875 0.19239905 0.734375 0.2019002375 0.71875 0.19952494062499998 0.646875 0.175771971875 0.634375 0.17418843906249998 0.615625 0.1638954875 0.6111979171875 0.173396675 0.60625 0.14489311093749999 0.62109375 0.1306413296875 0.6125 0.1330166265625 0.5828125 0.171021378125 0.5640625 0.1472684078125 0.5567708328125 0.1437054625 0.545703125 0.16864608125 0.5234375 0.166270784375 0.4875 0.14916864531250001 0.41578125000000005 0.15855106875 0.39296875 0.1811163890625 0.36328125 0.175771971875 0.353125 0.1867577203125 0.355859375 0.19239905 0.3484375 0.19239905 0.34375 0.1722882015625 0.3455208328125 0.173396675 0.340625 0.16880443437499998 0.3379166671875 0.171021378125 0.334375 0.1638954875 0.33125 0.1235154390625 0.2390625 0.1140142515625 0.2328125 0.1140142515625 0.2296875 0.1425178140625 0.228125 0.1496437046875 0.2328125 0.161520190625 0.2265625 0.16864608125 0.2171875 0.171021378125 0.2015625 0.161520190625 0.1859375 0.1472684078125 0.178125 0.171021378125 0.146875 0.2019002375 0.14375 0.204275534375 0.153125 0.21140142499999998 0.1578125 0.2304038 0.15625 0.23990498750000003 0.1484375 0.24465558125000003 0.134375 0.2541567703125 0.1234375 0.2565320671875 0.1078125 0.247030878125 0.0921875 0.39667458437500003 0.0609375 0.40855106875 0.075 0.406175771875 0.096875 0.41092636562499996 0.1109375 0.41805225625000003 0.115625 0.43230403749999996 0.115625 0.444180521875 0.1046875 0.4679334921875 0.1046875 0.4798099765625 0.0984375 0.4893111640625 0.0859375 0.5011876484375 0.0859375 0.5106888359374999 0.09375 0.5391923984375 0.09375 0.5439429921875 0.090625 0.5463182890625 0.0765625 0.55344418125 0.0703125 0.55344418125 0.059375 0.7131828984374999 0.058984375 0.7125890734375 0.0671875 0.7315914484375 0.09600694374999999 0.7102137765625 0.096875 0.7125890734375 0.125 0.7292161515625 0.1390625 0.7434679328125 0.14375 0.752969121875 0.14375 0.752969121875 0.14765625 0.7712928406249999 0.1694196421875 0.7790973875 0.16805555625 0.7774007453125 0.17667410781249998 0.78384798125 0.17526041718750002 0.788598575 0.182465278125 0.783508653125 0.183928571875 0.7933491687500001 0.18967013906250002 0.7896165578125001 0.1911830359375 0.7980997624999999 0.196875 0.7790973875 0.20625 0.7767220906250001 0.225 0.752969121875 0.2453125 0.752969121875 0.2609375 0.762470309375 0.2671875 0.76484560625 0.2765625 0.771971496875 0.28125 0.7790973875 0.28125 0.78384798125 0.284375 0.800475059375 0.284375 0.809976246875 0.2609375 0.8242280281250001 0.246875 0.8361045125000001 0.24375 0.8574821859374999 0.24375 0.8693586703125 0.246875 0.8812351546875 0.25625 0.8883610453124999 0.253125 0.8931116390625 0.225 0.8812351546875 0.215625 0.8741092640625 0.2140625 0.8717339671875 0.1953125 0.8646080765624999 0.1890625 0.8741092640625 0.18125 0.8907363421875001 0.1875 0.9192399046874999 0.1875 0.9453681703125 0.1765625 0.9548693593750001 0.1609375 0.96199525 0.1078125 0.9524940624999999 0.0921875 0.9263657953125 0.08125 0.8978622328125001 0.08125 0.8836104515625 0.0859375 0.8717339671875 0.09375 0.8527315921874999 0.0796875 0.838479809375 0.0796875 0.83135391875 0.084375 0.8206650828125 0.08515625 0.809976246875 0.0703125 0.81235154375 0.053125 0.826603325 0.0375 0.828978621875 0.021875 0.819477434375 0.00625 0.809976246875 0 0.7505938249999999 0 0.7244655578125 0.01875 0.7149643703125 0.034375 0.5570071265625 0.03359375 0.5451306406249999 0.03984375 0.5439429921875 0.0296875 0.5368171015625001 0.0203125 0.5225653203125 0.0125 0.5130641328125 0.0109375 0.5011876484375 0 0.48693586718750004 0