9 0.5409650921875 0.8547968750000001 0.5439014375 0.812296875 0.5409650921875 0.7541249999999999 0.5233059546875001 0.671359375 0.5497741265625 0.5997656250000001 0.5439014375 0.56396875 0.552710471875 0.546078125 0.5497741265625 0.5326562499999999 0.5056673515625 0.43421875 0.5497741265625 0.43198437500000003 0.6026899390625 0.40737500000000004 0.6438603703125 0.3760625 0.6614989734375001 0.349203125 0.6614989734375001 0.3313125 0.6438603703125 0.3313125 0.6291581109375 0.33803125 0.5909445578125 0.37829687500000003 0.5233059546875001 0.3961875 0.4586447640625 0.3961875 0.452751540625 0.3738125 0.4498151953125 0.35368750000000004 0.4410061609375 0.33803125 0.4145379875 0.329078125 0.3704312109375 0.333546875 0.35868583125 0.364875 0.37336755625 0.40290625 0.3292813140625 0.43421875 0.244024640625 0.47671875 0.1440657078125 0.49015624999999996 0.10583162187499999 0.49909375 0.1087885015625 0.512515625 0.21462012343749998 0.52146875 0.341047228125 0.49015624999999996 0.3527926078125 0.5975312500000001 0.35572895312499997 0.606484375 0.38219712499999997 0.606484375 0.3674948671875 0.8234843749999999 0.3527926078125 0.8794062500000001 0.4410061609375 0.8771718749999999 0.44394250468749996 0.7876875 0.45568788437499996 0.682546875 0.47039014375 0.666890625 0.47332648906249997 0.857046875 0.5409650921875 0.8547968750000001
9 0.609199178125 0.549765625 0.6245790546875 0.534890625 0.632956878125 0.5104375 0.6231827515624999 0.481734375 0.6105954828125 0.471109375 0.607802875 0.49554687499999994 0.6036139625 0.5104375 0.579876796875 0.500875 0.5784804921875 0.5040625000000001 0.5477412734375 0.509375 0.5477412734375 0.5210625 0.563100615625 0.5487031250000001 0.5421560578125 0.58059375 0.5435523609375 0.602921875 0.5477412734375 0.632671875 0.5491375765625001 0.6975156250000001 0.5435523609375 0.7262187499999999 0.5491375765625001 0.766609375 0.5589117046875 0.8197656249999999 0.57429158125 0.8059375 0.5840657078125 0.7825624999999999 0.591047228125 0.8006249999999999 0.5980287468750001 0.7995625000000001 0.607802875 0.7846875 0.6217864468750001 0.750671875 0.6273716625 0.702828125 0.6162012328124999 0.631609375 0.6175975359375 0.60184375 0.6036139625 0.56784375 0.609199178125 0.549765625
8 0.6190554421875001 0.4798125 0.6310677625000001 0.4798125 0.643100615625 0.48362499999999997 0.6971868578125 0.514859375 0.711190965625 0.5270625 0.7312320328124999 0.5346875 0.7692813140625 0.559828125 0.792320328125 0.575078125 0.820369609375 0.58575 0.8514168375000001 0.6139375 0.8694455859374999 0.582703125 0.8494250515624999 0.533921875 0.7973305953125001 0.508 0.7142094453125 0.475234375 0.737248459375 0.46990625 0.75726899375 0.484375 0.7592813140625 0.467609375 0.7412525671875 0.45999999999999996 0.7412525671875 0.43865625 0.7302258734375 0.42721875000000004 0.7071868578125 0.437125 0.7062012328125 0.42493749999999997 0.6751334703125 0.42417187500000003 0.6751334703125 0.437890625 0.66312115 0.44628125 0.653100615625 0.453890625 0.6370841890625 0.4485625 0.6230595484375 0.45618749999999997 0.607043121875 0.45465625000000004 0.5990143734375 0.46228125000000003 0.5209034906250001 0.467609375 0.5269199171875 0.48209375000000004 0.562956878125 0.481328125 0.6190554421875001 0.4798125
9 0.8441478437500001 0.35546875 0.8447638609375 0.35190625 0.8385215609375001 0.35095312500000003 0.8366324437499999 0.352625 0.8385215609375001 0.35546875 0.8360164265625001 0.357609375 0.8328952765625001 0.36665625 0.8372689937500001 0.372125 0.8457084187499999 0.37259375 0.8469609859375 0.37140625 0.8497741265625001 0.363796875 0.8441478437500001 0.35546875
9 0.9164271046874999 0.3455625 0.915092403125 0.3453125 0.910123203125 0.346734375 0.909342915625 0.34859375 0.9107802875000001 0.351109375 0.9107802875000001 0.352703125 0.902176590625 0.357078125 0.89698151875 0.35926562500000003 0.8966529781249999 0.3604375 0.899075975 0.361953125 0.9039425046874999 0.360359375 0.910123203125 0.35809375 0.9125462015625001 0.36153124999999997 0.9131006156250001 0.36296875 0.91365503125 0.364484375 0.9185215609374999 0.364484375 0.9226078031249999 0.365484375 0.9286858312499999 0.3648125 0.9307802875 0.362546875 0.9311088296875001 0.35809375 0.9297946609375 0.35540625000000003 0.9274743328125 0.3545625 0.9195071875 0.3499375 0.9195071875 0.350015625 0.9194045171875 0.34757812499999996 0.9164271046874999 0.3455625
9 0.9828747437500001 0.348859375 0.9815400406249999 0.344828125 0.97560575 0.34382812500000004 0.9782340859374999 0.348859375 0.9769199171875 0.349359375 0.9749281312500001 0.355890625 0.9841889109374999 0.355890625 0.9861601640625001 0.353890625 0.9828747437500001 0.348859375
9 0.259486653125 0.366328125 0.261437371875 0.36559375 0.261437371875 0.3624375 0.2621560578125 0.35540625000000003 0.2621560578125 0.34984375 0.2602053390625 0.34446875 0.2545995890625 0.340578125 0.2485215609375 0.34168750000000003 0.24802874687499998 0.345953125 0.24681724843750003 0.348734375 0.2487679671875 0.351515625 0.249979465625 0.355765625 0.249979465625 0.361703125 0.253880903125 0.36521875000000004 0.2545995890625 0.36707812500000003 0.259486653125 0.366328125
9 0.21852156093750003 0.349203125 0.2195071875 0.352734375 0.21876796718749997 0.356453125 0.2217043125 0.35775 0.2224229984375 0.36015625 0.2239014375 0.362390625 0.22414784375000002 0.364984375 0.2270636546875 0.36684375 0.2292607796875 0.36517187500000003 0.23024640624999998 0.363140625 0.2317043125 0.362765625 0.2309650921875 0.36071875000000003 0.2326899390625 0.355515625 0.2326899390625 0.352359375 0.23024640624999998 0.34828125 0.2282956875 0.34585937499999997 0.2292607796875 0.344375 0.22657084218749998 0.34195312499999997 0.22414784375000002 0.342515625 0.2239014375 0.345484375 0.22195071875 0.34734375 0.2204722796875 0.348453125 0.21852156093750003 0.349203125
9 0.8032854203124999 0.350546875 0.8027926078125001 0.349609375 0.8025462015624999 0.34665625 0.799876796875 0.34609375 0.797679671875 0.347390625 0.795728953125 0.349796875 0.794517453125 0.352953125 0.7974332656249999 0.353140625 0.7989117046875001 0.35609375 0.7933059546875 0.35739062499999996 0.7930595484375 0.35943749999999997 0.7955030796875 0.36165625 0.7901437375 0.36796875 0.7959753593750001 0.368515625 0.7969609859375 0.3694375 0.798172484375 0.37129687499999997 0.802320328125 0.37240625 0.803778234375 0.373328125 0.805482546875 0.365921875 0.8064476390624999 0.36 0.805482546875 0.35425 0.8032854203124999 0.350546875
9 0.9540451750000001 0.35762499999999997 0.9537782343749999 0.354 0.9511293640625 0.351984375 0.9511293640625 0.34915625 0.9484804921875 0.348140625 0.9466119093750001 0.348140625 0.9455646812499999 0.348140625 0.9439630390625 0.34975 0.9439630390625 0.35157812499999996 0.9452977406249999 0.352578125 0.941581109375 0.355609375 0.94024640625 0.35762499999999997 0.94024640625 0.360046875 0.9484804921875 0.36146875 0.9511293640625 0.36146875 0.9548459953125 0.36025 0.9540451750000001 0.35762499999999997
9 0.8648459953125001 0.348484375 0.8662012328124999 0.34434375 0.8607597531250001 0.33709375 0.8575975359375001 0.338484375 0.8575975359375001 0.34228125 0.8594045171875001 0.34745312500000003 0.8630390140624999 0.35090625000000003 0.8648459953125001 0.348484375