9 0.47515482656249997 0.88546875 0.47014571875 0.8848593749999999 0.462641165625 0.8851718749999999 0.46051001874999997 0.88884375 0.46051001874999997 0.8912968749999999 0.45907103749999995 0.897125 0.45406193124999994 0.9005000000000001 0.45156648437499997 0.9032656250000001 0.45156648437499997 0.9078593749999999 0.45156648437499997 0.909390625 0.45227686718750004 0.9097031250000001 0.45298724999999995 0.9118437500000001 0.45371584687500005 0.917359375 0.45406193124999994 0.9216562500000001 0.4555009109375 0.9235 0.4630054640625 0.92471875 0.4676502734375 0.92471875 0.47014571875 0.929328125 0.478014571875 0.932390625 0.48517304218749996 0.9354531250000001 0.48695810625 0.9376093750000001 0.4880327875 0.942203125 0.497686703125 0.9406718749999999 0.4980327875 0.9403593750000001 0.4980327875 0.936375 0.4980327875 0.9360625 0.4962477234375 0.934234375 0.49409836093750004 0.933 0.49231329687500003 0.9299375 0.49052823281249996 0.9262499999999999 0.48910746875 0.9235 0.48588342500000004 0.9216562500000001 0.48517304218749996 0.921046875 0.48265938124999996 0.9195156250000001 0.4819489984375 0.9170624999999999 0.4805282328125 0.9127656249999999 0.4797996359375 0.9103125000000001 0.479089253125 0.9069375000000001 0.479089253125 0.9063281249999999 0.4787249546875 0.90234375 0.4787249546875 0.90171875 0.47812386093750003 0.901140625 0.4787249546875 0.8974375 0.47837887031250004 0.89253125 0.47730418906249994 0.887921875 0.47515482656249997 0.88546875
9 0.331092896875 0.86971875 0.3420218578125 0.871421875 0.3420218578125 0.8684375 0.3410200359375 0.861203125 0.3390346078125 0.850125 0.3390346078125 0.838640625 0.3335883421875 0.8267187500000001 0.3385428046875 0.82203125 0.3410200359375 0.81521875 0.3405282328125 0.8147968750000001 0.3266302375 0.8164999999999999 0.32415300468749997 0.8211718749999999 0.323151184375 0.827984375 0.322167578125 0.8305468749999999 0.32018215 0.838203125 0.3216757734375 0.846296875 0.327122040625 0.8548125000000001 0.31770491875 0.8565156249999999 0.31770491875 0.86503125 0.32116575625 0.8671562500000001 0.331092896875 0.86971875
9 0.38723132968749996 0.8711249999999999 0.391803278125 0.868 0.39453551875000004 0.8766093749999999 0.40686703125 0.87896875 0.40823315156250006 0.8777968749999999 0.4027504546875 0.8746562499999999 0.4027504546875 0.8711249999999999 0.401384334375 0.866421875 0.3995628421875 0.8535 0.40229508125 0.847234375 0.4105282328125 0.84996875 0.41007285937500004 0.84684375 0.400018215625 0.8405781250000001 0.4009289625 0.8346875 0.40229508125 0.83078125 0.40047358906249997 0.8284218750000001 0.3995628421875 0.8249062500000001 0.3899635703125 0.8268593750000001 0.38905282343750003 0.83234375 0.38723132968749996 0.8405781250000001 0.385865209375 0.852328125 0.3881420765625 0.86446875 0.37901639375 0.87034375 0.3803825140625 0.875046875 0.38723132968749996 0.8746562499999999 0.38723132968749996 0.8711249999999999
9 0.3183060109375 0.8471718750000001 0.31734061874999997 0.8387499999999999 0.3179781421875 0.8325625000000001 0.31896174843749997 0.82890625 0.3176502734375 0.824984375 0.31602914375 0.822453125 0.31340619375 0.822453125 0.3107832421875 0.8258281249999999 0.307176684375 0.8303125 0.30979963593750004 0.8325625000000001 0.306848815625 0.83846875 0.3127504546875 0.8466093750000001 0.3117668484375 0.848859375 0.31734061874999997 0.8485781250000001 0.3183060109375 0.8471718750000001
9 0.9850819671875 0.876203125 0.9891985421875 0.869328125 0.9889799640625 0.862640625 0.9891985421875 0.86209375 0.9891985421875 0.8594843750000001 0.9820582874999999 0.8535468749999999 0.9731693984374999 0.85559375 0.970582878125 0.8572656249999999 0.9731693984374999 0.8672968750000001 0.9729508203125 0.8721249999999999 0.9679781421874999 0.875828125 0.9567213109375 0.8841875 0.9562841531249999 0.8849375 0.9562841531249999 0.88771875 0.9516757734375 0.901015625 0.9502914390624999 0.904546875 0.9649362484375 0.908078125 0.9713479046875 0.9076875 0.9717850640625001 0.906015625 0.9717850640625001 0.90396875 0.9702732234375 0.901 0.9616029140625001 0.90025 0.960091075 0.898578125 0.9637704921875001 0.8918906249999999 0.969180328125 0.8868750000000001 0.9709289625 0.8846562499999999 0.977285975 0.8827031249999999 0.9868123859375 0.8849375 0.9922222218750001 0.88103125 0.9891985421875 0.8788125000000001 0.9850819671875 0.876203125
9 0.24391621093750002 0.833921875 0.24324225937500002 0.8327656250000001 0.24189435312500002 0.830015625 0.2395264109375 0.829875 0.23632058281249999 0.829875 0.2358287796875 0.835234375 0.23464480937499999 0.8366718750000001 0.23413479062500003 0.84175 0.23058287812499997 0.845078125 0.23041894375 0.85 0.23480874375 0.8497031249999999 0.23346083750000002 0.8459375 0.2398724953125 0.8459375 0.23970856093749998 0.84940625 0.24291438906249999 0.8492656249999999 0.242222221875 0.846515625 0.243078325 0.84434375 0.24510018281249998 0.843046875 0.24391621093750002 0.833921875
9 0.9047723140624999 0.9555312499999999 0.8970491796875001 0.949234375 0.9063205828124999 0.94359375 0.9016939890625 0.9313125 0.893952640625 0.9134062500000001 0.8873770484374999 0.9110781250000001 0.88041894375 0.913078125 0.8800364296875 0.920046875 0.8858287796875001 0.9243593750000001 0.8846630234375 0.92634375 0.8726775953124999 0.924015625 0.8750091078125 0.933640625 0.8869945359375 0.9333125000000001 0.8889253187499999 0.94028125 0.8808014578125001 0.948234375 0.886612021875 0.9508906250000001 0.8931876140625 0.960515625 0.9047723140624999 0.9555312499999999
9 0.097176684375 0.8385624999999999 0.09575592031249999 0.83459375 0.0932604734375 0.8327656250000001 0.09076502656249999 0.833375 0.08792349687499999 0.837953125 0.0829326046875 0.8434531249999999 0.082222221875 0.85353125 0.0825865203125 0.859328125 0.0872131140625 0.859015625 0.08471766875 0.8730625 0.0886338796875 0.8742812499999999 0.09397085625 0.869703125 0.097176684375 0.861765625 0.10001821562499999 0.844359375 0.097176684375 0.8385624999999999
9 0.21757741406250003 0.8309218749999999 0.21163934375000001 0.8323124999999999 0.21326047343750001 0.83971875 0.21273224062499999 0.84203125 0.21163934375000001 0.8471249999999999 0.2143351546875 0.8494375 0.2191985421875 0.8411093749999999 0.21974499062500003 0.83925 0.21757741406250003 0.8309218749999999
0 0.886193078125 0.9587031250000001 0.8904553734375 0.955328125 0.8904553734375 0.9623593749999999 0.895683059375 0.9592656249999999 0.9058469953125 0.9685312500000001 0.9074681234374999 0.9716250000000001 0.9140255015625 0.97359375 0.919927140625 0.9702187500000001 0.9222040078125 0.963765625 0.9166484515625 0.954765625 0.91238615625 0.953078125 0.9032240437500001 0.954484375 0.9015847000000001 0.952796875 0.8986338796875 0.952796875 0.8979781421874999 0.946625 0.8946994531250001 0.9497187500000001 0.8966666671875 0.954484375 0.8943715843750001 0.955328125 0.8855373406249999 0.951953125 0.8786520953125001 0.9440937500000001 0.884553734375 0.930890625 0.8816029140625 0.928921875 0.8816029140625 0.92584375 0.8773406187499999 0.9233125 0.8744080140625 0.930890625 0.8770309656249999 0.932578125 0.8727686703125 0.933984375 0.8763752281249999 0.9407187499999999 0.8730965390625001 0.94184375 0.8711293265625001 0.9457812499999999 0.8789799640625 0.9516718750000001 0.871939890625 0.9602421874999999 0.8639162109375 0.953640625 0.8613114749999999 0.954484375 0.86032786875 0.9572968749999999 0.858688525 0.962078125 0.8622950812499999 0.9685312500000001 0.8767030968749999 0.97190625 0.886193078125 0.9587031250000001
9 0.1127504546875 0.8552031250000001 0.112459015625 0.858390625 0.112459015625 0.8633593749999999 0.115118396875 0.8657812500000001 0.1154280515625 0.8695937499999999 0.12344262343750001 0.8707499999999999 0.1249362484375 0.86934375 0.12612021874999998 0.8652656249999999 0.1301275046875 0.86309375 0.1314571953125 0.848828125 0.1302732234375 0.8402968749999999 0.126703096875 0.8349375 0.1256648453125 0.8307343749999999 0.12076502656250002 0.8299687499999999 0.1179417125 0.8311093749999999 0.11839708593750001 0.835578125 0.11808743125000001 0.8364687500000001 0.1160109296875 0.83775 0.115118396875 0.838890625 0.1139344265625 0.840546875 0.1127504546875 0.844109375 0.1126047359375 0.845265625 0.1126047359375 0.851625 0.1127504546875 0.8552031250000001
9 0.5412021859375 0.864984375 0.5410200359374999 0.862921875 0.540819671875 0.8599062500000001 0.5389799640625 0.857046875 0.5358287796875 0.85515625 0.5317668484375 0.8549843750000001 0.5297267765625 0.8567343749999999 0.5295446265625 0.859125 0.529908925 0.862125 0.5310200359375 0.8632500000000001 0.532495446875 0.864359375 0.5314025499999999 0.8660937499999999 0.5243715843750001 0.872609375 0.540819671875 0.874984375 0.541384334375 0.8711718749999999 0.5412021859375 0.864984375
9 0.2787067390625 0.84159375 0.2780327875 0.8398749999999999 0.27695810625 0.837109375 0.2746812390625 0.8366562500000001 0.271985428125 0.835734375 0.270910746875 0.8344687499999999 0.27105646562499996 0.8315781250000001 0.2697085609375 0.83009375 0.2666302375 0.830890625 0.263533696875 0.834109375 0.264881603125 0.8397500000000001 0.2690346078125 0.84240625 0.2737340625 0.8473593749999999 0.2738615671875 0.848734375 0.2744080140625 0.84896875 0.2808378875 0.8484999999999999 0.28165755937500003 0.847703125 0.2807103828125 0.845390625 0.2787067390625 0.84159375
8 0.36298725 0.43184374999999997 0.36265938124999997 0.43014062500000005 0.3806010921875 0.42165625 0.394608378125 0.42095312500000004 0.3947723140625 0.41798437499999996 0.388524590625 0.415453125 0.3753369765625 0.420390625 0.36808743125 0.4218125 0.3532604734375 0.422375 0.34304189375 0.42632812500000006 0.3407468125 0.418265625 0.33826958125 0.42209375 0.3306921671875 0.42279687499999996 0.3226229515625 0.423640625 0.3232786890625 0.42604687500000005 0.3308561015625 0.42759375000000005 0.34420765000000003 0.432125 0.34865209531249997 0.438484375 0.357868853125 0.443140625 0.36214936249999996 0.442296875 0.3758287796875 0.435234375 0.3731876140625 0.4338125 0.36298725 0.43184374999999997
9 0.104298725 0.8586874999999999 0.10477231406250001 0.8599062500000001 0.106193078125 0.867234375 0.1069034609375 0.871109375 0.111894353125 0.87090625 0.111420765625 0.855421875 0.11236794218749999 0.845453125 0.11236794218749999 0.840359375 0.11023679374999999 0.838328125 0.1109471765625 0.83384375 0.105719490625 0.831609375 0.10335154843750001 0.83303125 0.09979963593749999 0.836890625 0.09836065625 0.839140625 0.09836065625 0.84178125 0.10122040000000002 0.846265625 0.0990710375 0.855828125 0.09883424375 0.8680468749999999 0.1002732234375 0.87090625 0.1014571953125 0.8713124999999999 0.106429871875 0.8705 0.10453551875 0.8658125 0.1031147546875 0.860515625 0.104298725 0.8586874999999999
9 0.0255009109375 0.86875 0.036429871875 0.871875 0.045537340625 0.8640625 0.047358834375 0.8328125 0.0513921421875 0.8258928578125 0.060629715625000004 0.8256696421875 0.14754098437500002 0.8375 0.15300546406249999 0.8453125 0.16393442656249999 0.8484375 0.1712204 0.84375 0.17304189375 0.834375 0.23497267812499997 0.8262499999999999 0.29880775000000004 0.8284801140625 0.30783242187500004 0.8296875 0.30783242187500004 0.8390625 0.2896174859375 0.8390625 0.2896174859375 0.85 0.3005464484375 0.8546875 0.30783242187500004 0.8484375 0.30799801250000003 0.8288352265625001 0.6388474421875 0.8416193156249999 0.313296903125 0.821875 0.309653915625 0.81875 0.29872495468750004 0.81875 0.225865209375 0.8259375 0.15300546406249999 0.8234375 0.14754098437500002 0.828125 0.1437678890625 0.8236607140625001 0.0698672921875 0.825446428125 0.040072859375 0.821875 0.0329169921875 0.8263392859375 0.0291438984375 0.821875 0.0236794171875 0.8265625 0.0236794171875 0.865625 0.0255009109375 0.86875