8 0.124140625 0.9026458328125001 0.12977031249999998 0.9064583328125 0.1321755515625 0.9041764703125 0.13781875 0.9074583328125 0.140210478125 0.9057071078125001 0.1458671875 0.9084583328125 0.1482454046875 0.9072377453125 0.153915625 0.9094583328124999 0.186109375 0.9134583328125 0.1884200375 0.9148909312500001 0.1941578125 0.9144583328125 0.1964549625 0.91642156875 0.20220625 0.9154583328125 0.20448988906249999 0.9179522062500001 0.21025468749999998 0.9164583328125 0.212524815625 0.91948284375 0.218303125 0.9174583328124999 0.2205597421875 0.9210134812499999 0.22635156250000002 0.9184583328124999 0.22859466875 0.9225441171875 0.2344 0.9194583328125001 0.2366295953125 0.9240747546874999 0.2424484375 0.9204583328125 0.244664521875 0.9256053921875 0.250496875 0.9214583328125 0.2526994484375 0.9271360296875001 0.2585453125 0.9224583328125 0.260734375 0.9286666671875 0.26659375 0.9234583328125 0.273734375 0.9139166671875 0.267234375 0.8991875 0.24121874999999998 0.8948541671875001 0.18659375 0.8948541671875001 0.1212604171875 0.8701874999999999 0.1167760421875 0.8789513890625 0.11309374999999999 0.8671041671875 0.099765625 0.8852499999999999 0.105625 0.9034583328125001 0.0895833328125 0.9034583328125001 0.08545312499999999 0.8869791671874999 0.069203125 0.8878541671875 0.065296875 0.8930624999999999 0.08156250000000001 0.9034583328125001 0.12172187500000001 0.9054583328125 0.124140625 0.9026458328125001
8 0.665 0.9281 0.668625 0.9246874999999999 0.6734296875 0.9288895828125 0.6776875 0.9259999999999999 0.6818593749999999 0.9296791671875001 0.6869453125 0.92665625 0.6902890625 0.93046875 0.696203125 0.9273125 0.69871875 0.9312583328124999 0.7054609375 0.92796875 0.7071484375 0.9320479171875 0.7147187500000001 0.928625 0.7155781250000001 0.9328375 0.7237773437499999 0.9287552078125 0.7240078125 0.9336270828125001 0.7324375 0.9344166671874999 0.7328359375 0.9288854171875001 0.74189453125 0.9290156250000001 0.7418984375 0.9338854171875001 0.751359375 0.9333541671875001 0.750953125 0.9291458328125 0.75646875 0.9296875 0.75646875 0.9265208328125001 0.7030669640625 0.9139136890625 0.7025 0.9118124999999999 0.69778125 0.9160208328125 0.695421875 0.9112916671875 0.6875390625 0.9170729171875 0.684515625 0.9114652765625 0.677296875 0.9181250000000001 0.67440625 0.91111805625 0.6690208328125 0.9160208328125 0.664296875 0.9107708328124999 0.6607447921875 0.9139166671875 0.6524687499999999 0.9118124999999999 0.648140625 0.9265208328125001 0.6565703125 0.9273104171875 0.6595625 0.9233750000000001 0.665 0.9281
8 0.555359375 0.812375 0.53228125 0.8097083328125001 0.504203125 0.8097083328125001 0.4955 0.8070208328125 0.49458984375000004 0.8095885421875 0.4855833328125 0.80731944375 0.4849765625 0.80903125 0.46575 0.8079166671875001 0.541640625 0.8154999999999999 0.555359375 0.812375
9 0.6968593750000001 0.7583125 0.696125 0.7945 0.685109375 0.8130833328125 0.690984375 0.8248125 0.7027187500000001 0.7993750000000001 0.70125 0.8199166671875 0.700515625 0.8649166671874999 0.70565625 0.9128541671875 0.684375 0.9216458328125 0.720328125 0.9304583328125 0.7467343750000001 0.9167708328125 0.729125 0.8453541671875 0.740140625 0.8208958328125 0.7482031250000001 0.7358125 0.723265625 0.7142916671874999 0.718859375 0.7025416671875 0.7093281250000001 0.7015625 0.70125 0.7074374999999999 0.70125 0.727 0.7028125000000001 0.7344583328125001 0.7041875 0.7279791671875 0.710796875 0.7338541671875001 0.6968593750000001 0.7583125
9 0.671953125 0.7903749999999999 0.676140625 0.779875 0.678765625 0.7735624999999999 0.680875 0.7679791671875 0.67246875 0.7707708328125 0.67353125 0.7637708328125 0.674578125 0.7595833328125 0.674578125 0.7567708328125 0.6756249999999999 0.751875 0.67771875 0.7462916671875 0.67771875 0.741375 0.67246875 0.741375 0.66721875 0.741375 0.6661718750000001 0.7504791671875 0.666703125 0.755375 0.664078125 0.7602708328125 0.66303125 0.7707708328125 0.6604062500000001 0.783375 0.6604062500000001 0.7917708328125 0.663546875 0.8029583328125 0.665125 0.8085625000000001 0.664078125 0.8141666671875001 0.65778125 0.8253541671875 0.656734375 0.8295416671875 0.659875 0.8323541671875001 0.665125 0.8351458328125 0.6682812499999999 0.8344583328124999 0.670375 0.8309583328124999 0.67090625 0.8309583328124999 0.6682812499999999 0.8253541671875 0.67246875 0.8113541671875 0.67353125 0.8043541671875 0.671953125 0.7903749999999999
9 0.65703125 0.684125 0.652390625 0.679125 0.652390625 0.6758124999999999 0.6506093749999999 0.6727083328125001 0.6486562499999999 0.6741458328125 0.646875 0.6758124999999999 0.647765625 0.6793750000000001 0.64596875 0.6827083328125 0.64596875 0.6869791671875001 0.64615625 0.6929375 0.6465156249999999 0.6995833328125001 0.6486562499999999 0.7031666671875 0.659 0.7050625 0.65846875 0.694125 0.65703125 0.684125
9 0.49615625 0.6172708328125001 0.49567187500000004 0.6198125 0.49557812500000004 0.6236458328125 0.49634375000000003 0.6254166671875 0.49710937499999996 0.6266875 0.49759374999999995 0.62975 0.49978125 0.6316666671875 0.5021718749999999 0.6330625000000001 0.503515625 0.6342083328125 0.5058125 0.635625 0.506671875 0.6342083328125 0.506671875 0.6317916671875 0.507046875 0.629625 0.506375 0.6261875 0.5058125 0.6224999999999999 0.506 0.6190416671875 0.507140625 0.61625 0.505328125 0.6129374999999999 0.5019843749999999 0.6093541671875 0.5017968749999999 0.6077083328125 0.5012187499999999 0.6060416671875 0.499109375 0.6050208328125 0.49778124999999995 0.6056666671875 0.49701562499999996 0.6086041671875 0.497484375 0.6108958328125 0.497484375 0.6113958328125 0.49692187499999996 0.6140833328124999 0.49615625 0.6172708328125001
9 0.57921875 0.6204583328125 0.576546875 0.6191041671875 0.573546875 0.6262291671875 0.570203125 0.6320208328125 0.56753125 0.6386875 0.573203125 0.639125 0.576875 0.6355625 0.580875 0.6364583328125 0.583546875 0.64225 0.583890625 0.6360208328125 0.580546875 0.6288958328125 0.580546875 0.6217916671875 0.57921875 0.6204583328125
9 0.6049375 0.634375 0.60778125 0.6328958328125001 0.607953125 0.6272083328125 0.609375 0.6219375 0.609375 0.6166666671875001 0.608421875 0.6139166671875 0.60446875 0.6153958328125 0.6038281249999999 0.6240416671875 0.605421875 0.6314166671875 0.6049375 0.634375
9 0.637375 0.6128958328125 0.6364375 0.6073125 0.634140625 0.6040625000000001 0.634265625 0.6017083328124999 0.633046875 0.5990208328125 0.63184375 0.5990208328125 0.63034375 0.6020833328124999 0.630078125 0.6042500000000001 0.627921875 0.6092916671874999 0.627375 0.6141458328125 0.629140625 0.6166666671875001 0.6295468750000001 0.6166666671875001 0.630625 0.6188333328125 0.6331875 0.6213541671875 0.635890625 0.6190208328125 0.636703125 0.6163125 0.637375 0.6128958328125
9 0.64765625 0.6366041671875 0.64940625 0.6369583328124999 0.65115625 0.6357083328125 0.647921875 0.6299791671875 0.6516875 0.6288958328125 0.6500781250000001 0.6242291671875 0.655859375 0.622625 0.655046875 0.6084583328125001 0.651546875 0.599125 0.649 0.6011041671874999 0.6445624999999999 0.6134791671875 0.644015625 0.6242291671875 0.64590625 0.6242291671875 0.647515625 0.6299791671875 0.64765625 0.6366041671875
9 0.154609375 0.9628125000000001 0.154015625 0.9459375 0.16304687499999998 0.9113958328124999 0.1491875 0.9065833328125 0.13774999999999998 0.9033749999999999 0.125703125 0.8985416671875001 0.12448437500000001 0.8905208328124999 0.12268749999999999 0.8865000000000001 0.1190625 0.8776666671875001 0.117265625 0.8640000000000001 0.1124375 0.85275 0.11184374999999999 0.8358958328125 0.115453125 0.8318749999999999 0.1461875 0.8511458328125 0.169078125 0.8623958328124999 0.178109375 0.8656041671875 0.177515625 0.8623958328124999 0.17690625 0.8487500000000001 0.17871874999999998 0.8382916671875 0.184734375 0.8318749999999999 0.18534375 0.820625 0.18534375 0.809375 0.190765625 0.7973333328125001 0.190765625 0.7876875 0.187140625 0.77725 0.17450000000000002 0.75475 0.164859375 0.7435208328125 0.1660625 0.7394999999999999 0.16425 0.7226250000000001 0.165453125 0.7073541671875 0.157625 0.6969166671875 0.14859375 0.6945208328125 0.137140625 0.7065625 0.132921875 0.7210208328125 0.13353125 0.733875 0.1190625 0.7435208328125 0.10279687500000001 0.7571666671874999 0.085328125 0.8109791671875 0.084125 0.8423125 0.0991875 0.8872916671875 0.10159375 0.9033749999999999 0.11184374999999999 0.9346875000000001 0.12268749999999999 0.9668333328125 0.11785937500000002 0.9973541671874999 0.152203125 0.9989583328125 0.152203125 0.9869166671875 0.154609375 0.9628125000000001
9 0.050296875 0.7416666671875001 0.0578125 0.7462083328125 0.059171875 0.7398333328125 0.06121875 0.7298333328125 0.061906249999999996 0.7070833328125 0.063953125 0.7007083328125 0.063953125 0.6906875 0.0653125 0.678875 0.0653125 0.6761250000000001 0.061906249999999996 0.6688541671875 0.060546875 0.6579375 0.055765625 0.6515625 0.05234375 0.6524791671875 0.04825 0.6706666671875 0.04484375 0.6979791671875 0.04825 0.7061666671875 0.050296875 0.718 0.050296875 0.7416666671875001
9 0.5794374999999999 0.8144791671875 0.575015625 0.8036666671875 0.57721875 0.7948333328125 0.583125 0.7859791671874999 0.582390625 0.77125 0.58459375 0.7604375 0.5868125 0.7466875 0.582390625 0.7368750000000001 0.573546875 0.7407916671875 0.57059375 0.7633958328125 0.57059375 0.7702708328125001 0.569859375 0.7869791671875 0.559546875 0.8135 0.56175 0.8105416671875 0.5720625 0.8193958328125 0.5794374999999999 0.8144791671875
8 0.740140625 0.787 0.741359375 0.7834166671875 0.7428125 0.774 0.7430625 0.7629583328125 0.744765625 0.760375 0.7479218750000001 0.7577708328125 0.746703125 0.7493333328125 0.744765625 0.7457499999999999 0.74378125 0.7438125 0.7418437499999999 0.7386041671875 0.736234375 0.7343958328125 0.731609375 0.7340625000000001 0.7260156249999999 0.7347083328124999 0.72090625 0.7360208328125 0.7194375 0.7399166671875 0.719921875 0.7457499999999999 0.721390625 0.7551666671875 0.718703125 0.7714166671875 0.715546875 0.772375 0.711890625 0.7727083328125001 0.711890625 0.7753125 0.711890625 0.7808125 0.71725 0.7824375 0.72065625 0.7860208328125 0.7264999999999999 0.7889375000000001 0.731609375 0.7899166671875 0.7333125 0.7889375000000001 0.740140625 0.787
8 0.447734375 0.7901041671875 0.44803125 0.7857083328125001 0.44564062499999996 0.7885 0.43846875 0.7868958328125 0.43846875 0.7793333328125 0.43696875 0.7785416671875 0.4306875 0.7793333328125 0.43846875 0.7908958328125 0.44384375 0.7888958328125 0.447734375 0.7901041671875
8 0.593796875 0.80955555625 0.594828125 0.8073541671875001 0.6029375 0.8119444437500001 0.6037656250000001 0.8091875 0.612078125 0.8143333328125 0.612703125 0.8110208328124999 0.585890625 0.8030416671875 0.58115625 0.798375 0.577859375 0.8022291671874999 0.58465625 0.8071666671875001 0.5879531250000001 0.80525 0.593796875 0.80955555625
8 0.6178125 0.8012083328124999 0.622953125 0.8074166671875 0.6223124999999999 0.8104166671874999 0.6272968750000001 0.807625 0.6324375 0.807625 0.6313125 0.8050625 0.605609375 0.795 0.606734375 0.7995 0.61234375 0.8007708328125 0.6145234375 0.8049583328125 0.6178125 0.8012083328124999
8 0.091703125 0.6989791671875001 0.09340625 0.6976875 0.0967395828125 0.7034166671875 0.113625 0.7155416671875 0.10071875 0.7025625 0.096578125 0.6931458328125 0.10996874999999999 0.6600208328125 0.11873437499999999 0.6532083328125 0.11751562499999998 0.6489791671875 0.109234375 0.6587291671875 0.0944453125 0.6876979171875 0.09559375 0.68925 0.088296875 0.6973541671875 0.091703125 0.6989791671875001
8 0.13571875 0.6606875 0.13803125 0.6581458328124999 0.13639062500000002 0.6554375 0.133125 0.6543333328125 0.127 0.6559791671874999 0.12782812500000001 0.6625 0.1308125 0.6605000000000001 0.13571875 0.6606875
9 0.125796875 0.6188958328124999 0.127 0.6211666671875 0.12725 0.6240833328125001 0.12628124999999998 0.6289374999999999 0.125546875 0.638 0.126765625 0.6580833328125 0.128703125 0.659375 0.12992187500000002 0.6590625 0.131140625 0.6425416671875 0.133078125 0.6425416671875 0.132109375 0.6584166671875 0.135515625 0.6574375 0.13671875 0.6567916671875 0.13696875 0.6532291671875 0.137203125 0.6347708328125 0.1379375 0.6315208328125 0.138421875 0.6214999999999999 0.14254687500000002 0.6250625000000001 0.143765625 0.6247291671874999 0.143765625 0.6205208328125 0.14134375 0.61825 0.138671875 0.6133958328125 0.13696875 0.611125 0.136234375 0.6066041671875 0.13453125 0.6049791671875 0.133078125 0.6046458328125001 0.132109375 0.6043333328125 0.12992187500000002 0.6091875 0.128953125 0.614375 0.125796875 0.6150208328125 0.125796875 0.6188958328124999
8 0.42690625000000004 0.7207083328125 0.42578125 0.7164166671875 0.42417187500000003 0.7162083328125 0.42160937499999995 0.7162083328125 0.41695312500000004 0.716625 0.41470312500000006 0.7187708328125 0.41453125 0.7232708328124999 0.415015625 0.7275625 0.41534375 0.7303333328125 0.41534375 0.7346250000000001 0.415015625 0.7410625 0.41726562500000003 0.7427708328125 0.424015625 0.7414791671875001 0.42690625000000004 0.7369791671875 0.427234375 0.7305625 0.42690625000000004 0.7207083328125
8 0.356375 0.7018541671875 0.357984375 0.7052916671875 0.35926562500000003 0.7057083328125 0.36312500000000003 0.7052916671875 0.36698437500000003 0.7031458328125 0.36746875 0.6958541671875 0.3665 0.6862291671875 0.365859375 0.6787291671875 0.36746875 0.6755208328125 0.36729687499999997 0.673375 0.36409375 0.6746458328125 0.36343749999999997 0.6765833328124999 0.35750000000000004 0.6712291671874999 0.35525 0.6722916671875 0.35653125 0.6757291671875 0.35926562500000003 0.6761458328125001 0.362 0.676375 0.355734375 0.6780833328125 0.351875 0.6832291671874999 0.354609375 0.6945833328125001 0.356375 0.7018541671875
8 0.40648437499999995 0.7459374999999999 0.413875 0.7635625 0.42239062499999996 0.7635625 0.412296875 0.7477291671875 0.40893750000000006 0.7429583328125 0.40648437499999995 0.7459374999999999
9 0.0484375 0.6191666671875 0.0484375 0.6516666671875 0.0546875 0.6520833328125 0.0484375 0.6625 0.0578125 0.675 0.0625 0.6708333328125 0.0640625 0.675 0.06875 0.6791666671875001 0.065625 0.6854166671875 0.06789772656250001 0.6884469703125 0.071590909375 0.710037878125 0.0787109375 0.7139322921875 0.0734375 0.7208333328125 0.077734375 0.7247395828125 0.0734375 0.7322916671875 0.0767578125 0.735546875 0.0734375 0.74375 0.078125 0.7541666671875 0.0748046875 0.7571614578125 0.073828125 0.76796875 0.0765625 0.7708333328125 0.0728515625 0.7787760421875001 0.071875 0.7895833328124999 0.0774147734375 0.7895833328124999 0.071875 0.8208333328125 0.0765625 0.8270833328125 0.084375 0.8270833328125 0.0859375 0.8104166671874999 0.1 0.7666666671875 0.0984375 0.7458333328125 0.09375 0.7333333328125 0.08849431875 0.7270833328124999 0.0921875 0.7229166671875 0.0874177625 0.7111842109375 0.09375 0.70625 0.1015625 0.70625 0.10139802656250001 0.7015350875 0.1643092109375 0.6581140343749999 0.334375 0.55625 0.34375 0.5666666671875 0.34375 0.6 0.346875 0.6229166671875 0.3515625 0.6291666671875 0.3515625 0.6541666671875 0.346875 0.6541666671875 0.340625 0.6666666671875 0.3390625 0.7229166671875 0.34375 0.7291666671875 0.3484375 0.7291666671875 0.35 0.7375 0.35625 0.7458333328125 0.3625 0.7458333328125 0.365625 0.75 0.38125 0.75 0.390625 0.7291666671875 0.3953125 0.7291666671875 0.4 0.7354166671875 0.4078125 0.7375 0.4109375 0.7645833328125 0.428125 0.7833333328125 0.4390625 0.7833333328125 0.44375 0.775 0.4578125 0.7770833328125 0.4609375 0.7833333328125 0.4609375 0.7979166671875 0.465625 0.8041666671875 0.5140625 0.8083333328125001 0.51875 0.8 0.5203125 0.7791666671875 0.528125 0.7625 0.528125 0.7458333328125 0.5425 0.7408333328125 0.5421875 0.7333333328125 0.54984375 0.7368750000000001 0.55 0.7333333328125 0.5546875 0.7270833328124999 0.5578125 0.7291666671875 0.5571875000000001 0.7329166671875 0.5703125 0.7270833328124999 0.5796875 0.7395833328125 0.5921875 0.74375 0.5921875 0.7854166671875 0.584375 0.7979166671875 0.584375 0.8125 0.5890625 0.81875 0.6 0.81875 0.60625 0.8125 0.6296875 0.8104166671874999 0.634375 0.8020833328125001 0.634375 0.7833333328125 0.63125 0.775 0.63125 0.7416666671875001 0.628125 0.73125 0.646875 0.725 0.6578125 0.7104166671875001 0.6578125 0.70625 0.661288265625 0.704634353125 0.6740513390625 0.7120535718750001 0.678125 0.7104166671875001 0.6813337046875 0.7158482140625 0.6796875 0.725 0.684375 0.73125 0.69375 0.73125 0.6984375 0.71875 0.703180803125 0.7272321421875 0.7250279015625 0.738616071875 0.7458333328125 0.7611111109375 0.740625 0.8166666671874999 0.73671875 0.828125 0.74375 0.8416666671874999 0.7515625 0.8208333328125 0.7671875 0.8375 0.7765625 0.8375 0.7828125 0.8208333328125 0.7828125 0.8020833328125001 0.7875 0.7770833328125 0.7875 0.75 0.7828125 0.7416666671875001 0.7734375 0.7416666671875001 0.7609375 0.7541666671875 0.75625 0.7458333328125 0.7484375 0.7458333328125 0.746875 0.75 0.7323102671874999 0.7424107140625 0.721875 0.7083333328125 0.7234375 0.7041666671875 0.721875 0.6729166671875 0.7171875 0.6645833328124999 0.70625 0.6645833328124999 0.7 0.6729166671875 0.6953125 0.6645833328124999 0.68125 0.6645833328124999 0.6671875 0.6416666671875 0.6765625 0.6291666671875 0.68125 0.6125 0.6859375 0.6125 0.690625 0.61875 0.7 0.61875 0.703125 0.6145833328125 0.70625 0.6041666671875 0.7046875 0.5916666671875 0.7015625 0.5875 0.6921875 0.5875 0.684375 0.5729166671875 0.7015625 0.5645833328125 0.7125 0.5645833328125 0.7171875 0.55625 0.7171875 0.5479166671875 0.7125 0.5395833328124999 0.671875 0.54375 0.665625 0.5520833328125 0.6703125 0.5645833328125 0.665625 0.56875 0.6421875 0.5708333328124999 0.63125 0.5708333328124999 0.6234375 0.5583333328125 0.596875 0.5583333328125 0.5859375 0.5416666671875 0.575 0.5416666671875 0.5703125 0.5479166671875 0.559375 0.5354166671875 0.5484375 0.5354166671875 0.5453125 0.53125 0.534375 0.53125 0.515625 0.5479166671875 0.509375 0.5375 0.4953125 0.5375 0.4890625 0.5395833328124999 0.4828125 0.5479166671875 0.4703125 0.5479166671875 0.4671875 0.5520833328125 0.4546875 0.5520833328125 0.4515625 0.55625 0.4484375 0.5416666671875 0.4390625 0.53125 0.4203125 0.525 0.4015625 0.5270833328125 0.396875 0.51875 0.390625 0.51875 0.384375 0.5041666671875 0.375 0.5041666671875 0.3703125 0.5104166671875 0.3703125 0.5229166671875001 0.375 0.5291666671875 0.38125 0.5291666671875 0.3828125 0.5375 0.3703125 0.5479166671875 0.3681919640625 0.552678571875 0.36090959843750003 0.548883928125 0.3578125 0.5375 0.35362723281249997 0.5450892859375001 0.3484375 0.5375 0.346344865625 0.5412946421875 0.3390625 0.5375 0.334375 0.54375 0.33207236875 0.5423245609375 0.1712993421875 0.6532894734375 0.1640625 0.6333333328124999 0.171875 0.6270833328125 0.1796875 0.6125 0.1875 0.6125 0.1921875 0.6041666671875 0.1890625 0.5645833328125 0.184375 0.55625 0.1703125 0.5520833328125 0.14375 0.5520833328125 0.1375 0.5604166671875 0.1328125 0.5604166671875 0.125 0.5708333328124999 0.1109375 0.5708333328124999 0.1046875 0.58125 0.0953125 0.58125 0.090625 0.5875 0.0866477265625 0.6295454546875 0.06875 0.61875 0.0640625 0.6298611109375 0.0586647734375 0.634469696875 0.05681818125 0.6236742421875 0.0625 0.6020833328124999 0.053125 0.6020833328124999 0.0484375 0.6083333328125 0.054971590625 0.6128787875 0.0484375 0.6191666671875