7 0.280125 0.5005620609375 0.290671875 0.5208899296875 0.299703125 0.5344262296875 0.31628124999999996 0.5524824359375 0.33999999999999997 0.5744906328125 0.337359375 0.5863466046875 0.31778125 0.6021545671874999 0.299703125 0.6427868859375 0.28765625 0.690187353125 0.298203125 0.751124121875 0.35090625000000003 0.8685011703125 0.384046875 0.9046370015624999 0.408140625 0.9136533953124999 0.43375 0.8865573765624999 0.4503125 0.8504449656249999 0.463875 0.8120843093750001 0.4819375 0.834660421875 0.5120625000000001 0.852716628125 0.594890625 0.864004684375 0.62953125 0.8165807968750001 0.6521250000000001 0.825620609375 0.6686875 0.8278688531249999 0.672453125 0.8165925062499999 0.67621875 0.8165807968750001 0.67621875 0.8504449656249999 0.72140625 0.8955971890625 0.7650781249999999 0.8955971890625 0.789171875 0.8617330203125 0.79971875 0.818852459375 0.79971875 0.7849882906250001 0.795203125 0.746604215625 0.772609375 0.6834192031249999 0.775625 0.645035128125 0.76809375 0.6156908671875 0.750015625 0.5863466046875 0.7379687500000001 0.5637704921875 0.724421875 0.5592505859375 0.70634375 0.5773067921874999 0.6973125 0.5818266984375 0.6837500000000001 0.6089227171875 0.6867656249999999 0.6269789234375 0.6980625 0.64729508125 0.67621875 0.667611240625 0.664171875 0.6382669796875 0.65965625 0.633747071875 0.641578125 0.5795784546875 0.585859375 0.5005620609375 0.5406718749999999 0.4305854796875 0.524109375 0.4125292734375 0.5120625000000001 0.40800936718749997 0.5000104171875 0.39071038125 0.49314930625000003 0.394213375 0.49398958281249994 0.3824277921875 0.4884635421875 0.384682278125 0.48796875 0.3741451984375 0.483777778125 0.375151184375 0.484953125 0.3628571421875 0.4790920140625 0.3656200890625 0.4819375 0.35156908593749997 0.47440625000000003 0.35608899374999997 0.45934375000000005 0.34255269374999997 0.45634375 0.32674473125 0.445796875 0.32674473125 0.41567187499999997 0.34030445 0.3735 0.37189695624999997 0.36145312500000004 0.4215690859375 0.33132812500000003 0.4915456671875 0.28615625 0.49604215468749996 0.280125 0.5005620609375
9 0 0.461779859375 0.003921875 0.5213817328125 0.00303125 0.5902341921875001 0.018062500000000002 0.5902341921875001 0.022468750000000003 0.599508196875 0.0189375 0.6286416859374999 0.02778125 0.6538173296875 0.019828125 0.6776580796875 0.039265625 0.675003903125 0.046328125 0.6723653390625 0.048984375000000004 0.673676815625 0.0497834828125 0.6616315375 0.046328125 0.660003903125 0.046328125 0.6476424671875 0.0505825890625 0.6495862609375 0.05138169687500001 0.637540984375 0.046328125 0.6352810296875 0.046328125 0.6229195937500001 0.052180803124999994 0.62549570625 0.0529799109375 0.6134504296875 0.046328125 0.6105581578125 0.046328125 0.5981967218750001 0.0537790171875 0.6014051515625 0.059372767187499995 0.5170882125 0.06665625 0.5121077281249999 0.060171875 0.5050429359375 0.0609709828125 0.49299765781250005 0.0665290171875 0.49905319531250003 0.071078125 0.5015105390625 0.0755 0.4909133484375 0.0742625 0.4787259953125 0.0664017859375 0.4859986625 0.0617700890625 0.48095238125 0.062569196875 0.468907103125 0.066274553125 0.472944128125 0.07302499999999999 0.46653864218749996 0.066147321875 0.4598895953125 0.0717875 0.45435128750000003 0.0660200890625 0.44683506250000005 0.07055 0.442163934375 0.06589285781250001 0.43378052812499995 0.0693125 0.42997658124999993 0.068421875 0.42468384062500003 0.06576562500000001 0.4207259953125 0.0458303578125 0.42355971875 0.045453125 0.3823185015625 0.055609375 0.3823185015625 0.059875 0.3739266203125 0.048093750000000005 0.3571428578125 0.048093750000000005 0.347868853125 0.056937499999999995 0.3306557375 0.056937499999999995 0.300187353125 0.0375 0.2843091328125 0.021593750000000002 0.29224824374999997 0.021593750000000002 0.32138173281250004 0.02778125 0.35449648749999996 0.006562500000000001 0.38362997656250003 0.007453125 0.41674473125 0.010984375000000001 0.43925058593750005 0 0.461779859375
9 0.276671875 0.4635363 0.276671875 0.44906323125 0.276375 0.4435363 0.274109375 0.44140515156250004 0.26956250000000004 0.436299765625 0.26501562500000003 0.4328805625 0.26189062500000004 0.426932084375 0.26189062500000004 0.42224824375000003 0.26387499999999997 0.4128805625 0.2664375 0.4048009375 0.267 0.39967213125 0.26671875 0.394988290625 0.26501562500000003 0.3928805625 0.25990625 0.3928805625 0.25621875 0.3894613578125 0.252234375 0.3839344265625 0.24684374999999997 0.384355971875 0.24115625000000002 0.3886182671875 0.23490625 0.40096018750000006 0.23490625 0.408196721875 0.23518750000000002 0.4158548015625 0.23717187499999998 0.4226697890625 0.23803125 0.4265105390625 0.23889062499999997 0.4328805625 0.2383125 0.4401170953125 0.236328125 0.4418266984375 0.23149999999999998 0.4448009375 0.22751562500000003 0.44693208437500004 0.22525 0.45119437968750004 0.223828125 0.45971897031250003 0.22496875 0.460140515625 0.2758125 0.4644028109375 0.276671875 0.4635363
9 0.20203125000000002 0.41976580781250006 0.200875 0.4263466046875 0.20134375000000002 0.430163934375 0.20203125000000002 0.43433255312499996 0.20387499999999997 0.4405620609375 0.204578125 0.44159250625 0.20503125 0.4447306796875 0.20503125 0.4450585484375 0.20573437499999997 0.44992974218750004 0.2048125 0.4516627640625 0.20226562499999998 0.45372365312499996 0.20134375000000002 0.45477751718750004 0.200875 0.457540984375 0.20179687500000001 0.45962529218750003 0.20249999999999999 0.46065573750000005 0.20387499999999997 0.46065573750000005 0.20665624999999999 0.4613583140625 0.2094375 0.462060890625 0.2154375 0.462060890625 0.22145312499999997 0.462060890625 0.22168749999999998 0.45824355937499994 0.22678125 0.4502576109375 0.22584374999999998 0.449227165625 0.224921875 0.44679156875 0.22515625 0.4450585484375 0.22562500000000002 0.4402107734375 0.225390625 0.43674473125 0.226078125 0.43154566718750004 0.226546875 0.4308665109375 0.22931249999999997 0.4287822015625 0.23140624999999998 0.42807962499999996 0.23440625 0.4235831375 0.23625 0.4214988296875 0.235796875 0.42011709531249997 0.2325625 0.4187353625 0.23025 0.4155971890625 0.22723437500000002 0.41491803281250006 0.2246875 0.4131850109375 0.221 0.40971897031250004 0.21637499999999998 0.40971897031250004 0.21128125 0.4107494140625 0.20665624999999999 0.412131146875 0.20295312499999998 0.41700234218750004 0.20203125000000002 0.41976580781250006
9 0.7796093749999999 0.44913348906249995 0.7783125 0.44526932031250005 0.774015625 0.43494145156249997 0.768421875 0.4226697890625 0.7662656250000001 0.41557377031250003 0.764109375 0.40782201406249996 0.761953125 0.4039578453125 0.75721875 0.40138173281249995 0.754203125 0.39814988281249997 0.75721875 0.3942857140625 0.7589375 0.3916861828125 0.760671875 0.3845901640625 0.76153125 0.3858782203125 0.7662656250000001 0.3916861828125 0.7705625 0.3903981265625 0.769703125 0.3839578453125 0.7692812499999999 0.3768618265625 0.771 0.3729742390625 0.774875 0.3723419203125 0.774875 0.3691100703125 0.772296875 0.3645901640625 0.771859375 0.36135831406249996 0.772296875 0.3536299765625 0.77271875 0.34587822031250004 0.77315625 0.3387822015625 0.767125 0.3323185015625 0.759375 0.3245901640625 0.756359375 0.3252224828125 0.7481718749999999 0.3277985953125 0.7421562500000001 0.33103044531250003 0.738703125 0.3400702578125 0.736984375 0.3510304453125 0.73784375 0.3645901640625 0.74 0.3723419203125 0.7395625 0.3813583140625 0.73828125 0.3858782203125 0.73353125 0.3891100703125 0.728375 0.39491803281250004 0.7245 0.40524590156249995 0.72578125 0.41299765781250003 0.727515625 0.4162060890625 0.729234375 0.4207259953125 0.73225 0.4200936765625 0.7365468749999999 0.42138173281249997 0.7356874999999999 0.42395784531249997 0.73225 0.43494145156249997 0.730953125 0.44266978906250004 0.73009375 0.4478454328125 0.72965625 0.45170960156250006 0.730953125 0.4529976578125 0.7796093749999999 0.4529976578125 0.7796093749999999 0.44913348906249995
9 0.70840625 0.36594847812500003 0.7037656250000001 0.3828805625 0.698453125 0.41173302031250003 0.688703125 0.4190398125 0.68471875 0.42765807968749997 0.692921875 0.4392740046875 0.701546875 0.45053864218750006 0.719703125 0.446908665625 0.727890625 0.446908665625 0.73209375 0.44325526875000004 0.730546875 0.424332553125 0.722796875 0.42168618281250003 0.7250156249999999 0.39946135781250003 0.7380625000000001 0.388852459375 0.7380625000000001 0.377564403125 0.7371875 0.36297423906250004 0.735859375 0.3507025765625 0.7380625000000001 0.338079625 0.7506875 0.3258079625 0.75953125 0.32648711874999997 0.7613125000000001 0.3231615921875 0.764625 0.3112177984375 0.7621875 0.30060889999999996 0.7478125 0.2866744734375 0.7429375 0.2866744734375 0.73828125 0.2870023421875 0.734296875 0.28997658125000003 0.7285468749999999 0.3002810296875 0.727890625 0.306908665625 0.728328125 0.320515221875 0.728328125 0.3340983609375 0.7245625 0.3404215453125 0.715265625 0.3510304453125 0.70840625 0.36594847812500003
9 0.6979062500000001 0.35185011718750003 0.705078125 0.3344730671875 0.703984375 0.3270023421875 0.69403125 0.3278454328125 0.68684375 0.3203747078125 0.6785625 0.3137704921875 0.665296875 0.319555034375 0.65921875 0.33032786875000003 0.6575624999999999 0.3477283375 0.660328125 0.367587821875 0.6536875 0.392435596875 0.665296875 0.40983606562499997 0.6851875 0.427236534375 0.700671875 0.4065339578125 0.691828125 0.37505854843750003 0.6979062500000001 0.35185011718750003
9 0.63746875 0.34812646406250003 0.64221875 0.32627634687499996 0.6444062500000001 0.31971897031249996 0.64621875 0.3142388765625 0.6433125000000001 0.30932084375 0.640390625 0.2918501171875 0.63528125 0.28967213125 0.625453125 0.28911007031249997 0.61925 0.291311475 0.61159375 0.301124121875 0.619984375 0.3361124125 0.628 0.34648711875 0.6301875 0.35414519843750003 0.63565625 0.3683372359375 0.640390625 0.36997658125 0.6385625 0.36562060937499996 0.6349218750000001 0.3508665109375 0.63746875 0.34812646406250003
9 0.874953125 0.38810304375000004 0.872609375 0.364964871875 0.8698124999999999 0.3446370015625 0.8772968750000001 0.337611240625 0.8698124999999999 0.333419203125 0.8660625 0.3179859484375 0.86465625 0.31658079687499996 0.859515625 0.3137704921875 0.8515625 0.3109601875 0.8403281249999999 0.3193911 0.8351875 0.3242857140625 0.8351875 0.3397189703125 0.836125 0.34323185 0.83190625 0.35444964843750004 0.825359375 0.373395784375 0.8216093750000001 0.3768852453125 0.821140625 0.39512880625 0.8160000000000001 0.40423887656249996 0.83378125 0.389508196875 0.839859375 0.381100703125 0.8393906250000001 0.369180328125 0.84640625 0.3628571421875 0.8496874999999999 0.3628571421875 0.8543593749999999 0.364964871875 0.8576406249999999 0.367775175 0.8557656250000001 0.381803278125 0.8487500000000001 0.38391100625 0.8393906250000001 0.40142857187500003 0.826296875 0.415456675 0.8239531250000001 0.41826697968750004 0.8192656250000001 0.42807962499999996 0.81834375 0.4365105390625 0.8188124999999999 0.44351288125000005 0.819734375 0.4526463703125 0.8202031249999999 0.454028103125 0.8510937500000001 0.46456674531250003 0.878703125 0.4547306796875 0.8772968750000001 0.454028103125 0.8796250000000001 0.4365105390625 0.88103125 0.41967213125 0.874953125 0.3888056203125 0.874953125 0.38810304375000004
9 0.9719218749999999 0.43274004687499995 0.95734375 0.409555034375 0.9664531249999999 0.361803278125 0.9600781250000001 0.34543325468749997 0.937328125 0.3386182671875 0.9273125 0.3563466046875 0.9273125 0.3877283375 0.9136562500000001 0.4068149890625 0.9072812499999999 0.44229508125 0.914578125 0.45730679218750003 0.9236718749999999 0.47229508124999997 0.9792031250000001 0.4818501171875 0.9819218749999999 0.473676815625 0.9719218749999999 0.43274004687499995
9 0.695234375 0.7686182671874999 0.70596875 0.7518032781249999 0.719625 0.72840749375 0.720109375 0.7152459015625 0.724984375 0.7108665109375 0.72790625 0.6933021078125 0.719125 0.6721779859375 0.71328125 0.6655971890625 0.692796875 0.6297892265625 0.678640625 0.5939578453125 0.67475 0.5873770484375 0.6620625 0.564028103125 0.65571875 0.545011709375 0.691328125 0.5267213109375 0.6976718749999999 0.4974941453125 0.700109375 0.46023419218750006 0.6966875 0.44854800937499995 0.6937656249999999 0.4383138171875 0.676703125 0.42222482499999997 0.6674218749999999 0.412716628125 0.65571875 0.390796253125 0.648890625 0.37836065625000004 0.636703125 0.366651053125 0.629375 0.34840749375 0.62109375 0.3396487125 0.61815625 0.32941452031249996 0.609875 0.3008899296875 0.5771875 0.25487119375 0.544015625 0.228548009375 0.539140625 0.2307494140625 0.535234375 0.228548009375 0.534265625 0.225620609375 0.53134375 0.18615925 0.521578125 0.15836065625 0.5025625 0.13864168593749998 0.470859375 0.1371662765625 0.44890625 0.15398126406249998 0.434765625 0.182459015625 0.431828125 0.2058548015625 0.430859375 0.220468384375 0.434265625 0.2680093671875 0.445 0.30236533906249996 0.4479375 0.3089461359375 0.45378125 0.3155269328125 0.449875 0.3228337234375 0.448421875 0.33817330156250003 0.448421875 0.363044496875 0.44890625 0.39447306718749997 0.45329687500000004 0.39519906250000003 0.462078125 0.3367213109375 0.46353125000000006 0.335995315625 0.47817187499999997 0.3498829046875 0.49670312499999997 0.3886182671875 0.516703125 0.417868853125 0.524015625 0.426604215625 0.553296875 0.456580796875 0.57084375 0.4773536296875 0.586453125 0.49709601875000003 0.611328125 0.5373067921875 0.6269375 0.57679156875 0.63475 0.6122014046875 0.63571875 0.6129274 0.636203125 0.6173067921875 0.66596875 0.6640983609375 0.6732812499999999 0.6860421546875 0.678640625 0.7130913343749999 0.6757187499999999 0.7584074937499999 0.6757187499999999 0.767915690625 0.68059375 0.770796253125 0.686453125 0.770796253125 0.695234375 0.7686182671874999
9 0.77975 0.44878220156250004 0.790125 0.45215456718749997 0.79959375 0.45419203750000003 0.80725 0.45620608906250004 0.8212343750000001 0.46093676875 0.8180781250000001 0.4379625296875 0.821671875 0.42311475468750004 0.8446718750000001 0.39 0.8514375 0.3845901640625 0.85775 0.38323185 0.8581875 0.3710772828125 0.8563906250000001 0.3643091328125 0.849171875 0.36365339531249996 0.8442187499999999 0.3643091328125 0.83971875 0.3744496484375 0.8388125000000001 0.37850117031249997 0.8356562500000001 0.38391100625 0.83384375 0.385948478125 0.825734375 0.39810304375 0.8176249999999999 0.401475409375 0.8158125 0.4021545671875 0.808609375 0.3812177984375 0.809953125 0.364988290625 0.816265625 0.372435596875 0.819421875 0.368384075 0.820328125 0.36229508125 0.82528125 0.358243559375 0.8239375000000001 0.3494613578125 0.824828125 0.343372365625 0.8324999999999999 0.336604215625 0.83340625 0.3305386421875 0.83384375 0.32716627656249997 0.8306875 0.3244496484375 0.828890625 0.3244496484375 0.82528125 0.32107728281250003 0.8207812499999999 0.31229508125 0.8117656249999999 0.3055269328125 0.796890625 0.307564403125 0.790578125 0.32107728281250003 0.794171875 0.351475409375 0.77659375 0.379859484375 0.773890625 0.42648711875 0.77434375 0.4386416859375 0.77975 0.44878220156250004
9 0.12809375 0.5033021078125001 0.131375 0.4934894609375 0.138390625 0.48297423906250003 0.1449375 0.4731615921875 0.160390625 0.471756440625 0.171609375 0.4773536296875 0.170203125 0.45351288125 0.167875 0.431779859375 0.16740625 0.411428571875 0.17254687500000002 0.41494145156249995 0.182375 0.4184543328125 0.19173437499999998 0.42196721249999997 0.19593750000000001 0.41634660468750007 0.195015625 0.4023185015625 0.187984375 0.3925058546875 0.18003125 0.391803278125 0.177234375 0.3868852453125 0.173015625 0.36023419218749997 0.16928125 0.3518266984375 0.16928125 0.3441217796875 0.17489062500000002 0.3300936765625 0.18284375 0.3223653390625 0.18284375 0.314660421875 0.17489062500000002 0.3062295078125 0.169734375 0.2971194375 0.158515625 0.2851990625 0.14540625000000001 0.295011709375 0.138390625 0.3055503515625 0.141203125 0.3279859484375 0.13371875 0.33709601875 0.122953125 0.3455035125 0.11265624999999999 0.36163934375 0.10984374999999999 0.38128805625 0.100484375 0.40021077343749994 0.0995625 0.41072599531250004 0.09346875 0.43037470781250003 0.10610937499999999 0.47805620624999995 0.11078125000000001 0.504707259375 0.11499999999999999 0.520843090625 0.11967187500000001 0.540468384375 0.12060937499999999 0.53416861875 0.131375 0.516627634375 0.12809375 0.5033021078125001
9 1 0.341428571875 0.995765625 0.33967213125 0.9908125 0.33543325468749996 0.985171875 0.3389695546875 0.98021875 0.33967213125 0.975984375 0.34812646406250003 0.9738749999999999 0.3555503515625 0.9745781250000001 0.36894613593750003 0.975984375 0.38517564375 0.9741093749999999 0.3894145203125 0.970578125 0.39716627656250003 0.9602187499999999 0.4038875875 0.980703125 0.4822014046875 0.984234375 0.48255269375000004 0.989875 0.4829274 0.998359375 0.4832786890625 0.999296875 0.47763466093750007 1 0.45822014062500005 0.998109375 0.45362997656250004 0.99434375 0.4423419203125 0.993171875 0.43281030468750004 0.987515625 0.41906323125 0.9905781250000001 0.40740046875 0.988234375 0.4038875875 0.991765625 0.39859484843750004 1 0.3961124125 1 0.341428571875
9 0.0734375 0.4707259953125 0.0640625 0.4894613578125 0.065625 0.5128805625 0.0626736109375 0.51496226875 0.05989583281250001 0.565964090625 0.0625 0.5737704921875 0.0592013890625 0.5787145453125 0.061328125 0.5860655734375 0.05850694375 0.5914650015625 0.0609375 0.5971896953125 0.0578125 0.6042154562500001 0.0578125 0.6229508203125 0.0609375 0.6323185015624999 0.0640625 0.6744730671875 0.075 0.6908665109375 0.084375 0.6908665109375 0.096875 0.672131146875 0.103125 0.6463700234374999 0.1125 0.6276346609375001 0.1265625 0.62997658125 0.13125 0.6206089 0.13125 0.5878220140625 0.1234375 0.54098360625 0.1203125 0.536299765625 0.121875 0.5339578453125 0.1171875 0.531615925 0.1046875 0.473067915625 0.09375 0.43793910937499997 0.09635416718749999 0.42466822656250003 0.09505208281250001 0.41256830625 0.1027994796875 0.41090944531250007 0.2625 0.428571428125 0.2703125 0.4391100703125 0.2796875 0.43325526875 0.278125 0.4496487125 0.29375 0.4402810296875 0.29375 0.454332553125 0.2984375 0.4613583140625 0.3421875 0.4613583140625 0.346875 0.45199063281249996 0.346875 0.4426229515625 0.3421875 0.43325526875 0.3359375 0.428571428125 0.3390625 0.41451990624999996 0.3375 0.400468384375 0.3265625 0.3817330203125 0.3140625 0.374707259375 0.3078125 0.374707259375 0.3 0.3840749421875 0.2916666671875 0.3832943015625 0.284375 0.391100703125 0.2833333328125 0.3825136609375 0.275 0.3817330203125 0.2703125 0.378220140625 0.2666666671875 0.38095238125 0.2625 0.374707259375 0.253125 0.3864168625 0.2484375 0.3864168625 0.25 0.3793911 0.110546875 0.40925058593749997 0.1015625 0.3981264640625 0.109375 0.3840749421875 0.1109375 0.365339578125 0.09375 0.34426229531249997 0.078125 0.35128805625 0.071875 0.3793911 0.071875 0.3934426234375 0.075 0.40281030468749995 0.06875 0.40749414531249994 0.07180989531250001 0.41754488749999996 0.0640625 0.41920374687499995 0.06875 0.428571428125 0.0640625 0.444964871875 0.0640625 0.4613583140625 0.0734375 0.4707259953125