8 0.47684375 0.255149571875 0.489234375 0.2652350421875 0.502140625 0.26811965781249997 0.52034375 0.26162393125 0.531140625 0.24576923125 0.5324687499999999 0.2219658125 0.534578125 0.2208974359375 0.5319375 0.1999786328125 0.524296875 0.1833974359375 0.51190625 0.171858975 0.496875 0.170064103125 0.48421875 0.1747435890625 0.474734375 0.18376068437499998 0.467078125 0.19925213749999998 0.46471875 0.2198076921875 0.46576562499999996 0.2302564109375 0.467875 0.2403632484375 0.47684375 0.255149571875
8 0.5705 0.3093803421875 0.57140625 0.3031196578125 0.589734375 0.298098290625 0.590640625 0.2655341875 0.57325 0.26805555625 0.5741562499999999 0.264294871875 0.593390625 0.2542735046875 0.59521875 0.2304700859375 0.57140625 0.22670940156250002 0.566828125 0.22670940156250002 0.565921875 0.34194444375 0.589734375 0.340705128125 0.596140625 0.3118803421875 0.5705 0.3093803421875
8 0.06603125 0.3402991453125 0.070984375 0.254508546875 0.056125 0.207115384375 0.031359375 0.19583333281249998 0.024765625 0.22066239375 0.024765625 0.32901709375 0.06603125 0.3402991453125
8 0.20896875 0.27207265 0.19821875 0.26692307656250003 0.171375 0.2654700859375 0.168140625 0.283098290625 0.17459375 0.3660683765625 0.185328125 0.3756196578125 0.20842187499999998 0.3829700859375 0.20896875 0.373418803125 0.20896875 0.27207265
2 0.9299531249999999 0.6473076921875001 0.93371875 0.635042734375 0.9450468750000001 0.6395726500000001 0.9615625 0.645384615625 0.967234375 0.65957265 0.9804375000000001 0.6602136749999999 0.998375 0.6582905984375 0.9993281250000001 0.6227991453125 0.998375 0.5092094015625 0.97903125 0.5053418796875 0.9389218749999999 0.5072649578124999 0.9289999999999999 0.520170940625 0.921453125 0.5376068375 0.914375 0.5801923078125 0.9129687499999999 0.5976282046875 0.9129687499999999 0.615042734375 0.9134375 0.6266666671875 0.914375 0.645384615625 0.9153281249999999 0.6473076921875001 0.922875 0.6486111109375 0.9299531249999999 0.6473076921875001
2 0.80178125 0.504508546875 0.79196875 0.5283547015625001 0.790875 0.5417735046875001 0.788703125 0.5708333328124999 0.788703125 0.6051282046875001 0.7930625 0.624508546875 0.812140625 0.623760684375 0.8148593749999999 0.60587606875 0.83121875 0.61183760625 0.8317656250000001 0.6177991453125 0.8372031249999999 0.6319658125000001 0.8535625 0.6312179484375 0.85628125 0.6148076921875 0.8759062500000001 0.61555555625 0.8764531249999999 0.6222649578125 0.882984375 0.6274786328124999 0.888984375 0.6274786328124999 0.896609375 0.61630341875 0.9129687499999999 0.61555555625 0.9140625 0.5909615390625 0.9184218749999999 0.55816239375 0.9205937499999999 0.5417735046875001 0.9227812500000001 0.5365598296874999 0.89825 0.500042734375 0.877546875 0.494081196875 0.8115937499999999 0.4977991453125 0.80178125 0.504508546875
2 0.716171875 0.61055555625 0.7227812499999999 0.6099145296875 0.72890625 0.6060470078125 0.731265625 0.5989529921875001 0.7515625 0.6015384609375001 0.7525000000000001 0.6047649578125001 0.753921875 0.608632478125 0.758640625 0.608632478125 0.762890625 0.6060470078125 0.7661875 0.6015384609375001 0.78365625 0.60087606875 0.785546875 0.608632478125 0.78978125 0.6112179484375 0.78978125 0.608632478125 0.78978125 0.5879700859375 0.791203125 0.5634615390625 0.791203125 0.555064103125 0.78790625 0.55183760625 0.7888437500000001 0.5498931625 0.7888437500000001 0.546025640625 0.784125 0.54087606875 0.78034375 0.5447435890625 0.771859375 0.5305341875 0.75203125 0.524081196875 0.7383437500000001 0.5227991453125 0.71428125 0.5266666671875 0.7024843749999999 0.53183760625 0.6949375 0.5441025640625 0.689265625 0.5486111109375 0.68690625 0.55183760625 0.683140625 0.56151709375 0.68171875 0.573141025 0.68171875 0.5834615390625 0.68171875 0.5944230765625 0.6855 0.6041025640625 0.6906875 0.607329059375 0.69540625 0.6060470078125 0.6972968749999999 0.6028205125 0.698234375 0.5970085468749999 0.712390625 0.597649571875 0.712875 0.607991453125 0.716171875 0.61055555625
2 0.68509375 0.5565170937499999 0.6969375 0.542115384375 0.6969375 0.5349145296875 0.6844375 0.5177991453125 0.667984375 0.51151709375 0.637046875 0.513311965625 0.6271718749999999 0.5160042734375 0.61203125 0.5376068375 0.611375 0.5835042734375 0.6212500000000001 0.5889102562499999 0.62190625 0.5826068375 0.63309375 0.587115384375 0.637703125 0.5979059828125 0.6442812499999999 0.5979059828125 0.648890625 0.5889102562499999 0.671921875 0.5925213671875 0.6817968750000001 0.5970085468749999 0.683125 0.5943162390625 0.683125 0.5754059828125 0.68509375 0.5565170937499999
2 0.52165625 0.522350428125 0.524234375 0.52525030625 0.539140625 0.5140903546875 0.544453125 0.51673076875 0.54659375 0.508510378125 0.562109375 0.5119658125 0.575265625 0.5041025640625 0.5615 0.497350428125 0.5540468749999999 0.5029304031249999 0.5465 0.49566239375 0.527609375 0.4928632484375 0.521859375 0.49566239375 0.5097343750000001 0.51 0.50809375 0.5361111109375 0.51425 0.5394871796875 0.51678125 0.5308302796875 0.52165625 0.522350428125
2 0.45679687500000005 0.5547435890625 0.45601562500000004 0.5457905984375 0.45409375 0.5363247859375 0.45332812499999997 0.5321153843750001 0.4525625 0.53 0.45178124999999997 0.5247435890625 0.44446874999999997 0.5189529921875 0.43715624999999997 0.5142094015625001 0.43253125 0.5126282046874999 0.42598437499999997 0.5126282046874999 0.405578125 0.5126282046874999 0.40173437500000003 0.5194658125 0.396734375 0.5342094015625001 0.390578125 0.5405341875 0.389796875 0.562115384375 0.390953125 0.5673717953125 0.395578125 0.5668589749999999 0.397890625 0.5668589749999999 0.3975 0.561581196875 0.400578125 0.5605341875 0.40134375 0.5679059828125 0.405203125 0.5684401703125 0.407125 0.5684401703125 0.40982812500000004 0.5673717953125 0.4094375 0.562649571875 0.434453125 0.56316239375 0.43676562499999994 0.5668589749999999 0.440625 0.5679059828125 0.44178125 0.5679059828125 0.44370312500000003 0.5663247859375 0.44678125 0.5647435890625 0.44870312500000004 0.5700213671875 0.453703125 0.5694871796875 0.45679687500000005 0.5657905984375 0.45640625 0.5610683765625 0.45679687500000005 0.5547435890625
2 0.358328125 0.5614529921875 0.36671875 0.561153846875 0.36843750000000003 0.554081196875 0.38971875 0.5543803421875 0.390375 0.541153846875 0.396828125 0.5343803421875 0.40198437499999995 0.5196794875 0.39896875 0.5146794875 0.39553125 0.5114529921875001 0.3645625 0.5123290593750001 0.35746875 0.521153846875 0.35121875 0.521153846875 0.35143749999999996 0.526153846875 0.352296875 0.527329059375 0.35015625 0.5299786328125 0.34971874999999997 0.5543803421875 0.349296875 0.5585042734375001 0.35575 0.55880341875 0.358328125 0.5614529921875
2 0.47990625 0.48651709375 0.4725 0.49598290624999997 0.462609375 0.49598290624999997 0.45668749999999997 0.5054487171875001 0.45618749999999997 0.5182905984375 0.45965625 0.52098290625 0.47348437499999996 0.5216666671875 0.48040625 0.5291025640625 0.48435937500000004 0.5277350421875 0.487328125 0.5230128203125 0.486328125 0.5230128203125 0.4883125 0.48651709375 0.47990625 0.48651709375
2 0.32459375 0.54423076875 0.3285625 0.5471367515625001 0.3500625 0.54858974375 0.351125 0.5311752140625 0.352984375 0.528632478125 0.35139062499999996 0.5220940171875 0.351921875 0.520641025 0.357234375 0.5220940171875 0.364671875 0.5115598296874999 0.3649375 0.507564103125 0.363875 0.50358974375 0.36121875000000003 0.5003205125 0.35590625 0.4974145296875 0.32909375 0.49632478593749996 0.32459375 0.498867521875 0.32598828125 0.508846153125 0.320875 0.5053846156249999 0.31928125 0.514829059375 0.3155625 0.521367521875 0.317953125 0.544957265625 0.32459375 0.54423076875
2 0.56959375 0.558867521875 0.57225 0.5581410250000001 0.5762343750000001 0.554508546875 0.6120625000000001 0.558867521875 0.61365625 0.5378205125 0.62375 0.522564103125 0.611796875 0.5127564109375 0.59746875 0.506239315625 0.56746875 0.50587606875 0.562171875 0.5134829062499999 0.56190625 0.516025640625 0.561375 0.55087606875 0.56296875 0.5559615390625 0.5642968749999999 0.5581410250000001 0.56959375 0.558867521875
2 0.37898437500000004 0.48974358906250004 0.3805625 0.49207265 0.38453125 0.48993589687499994 0.385109375 0.4864316234375 0.39392187500000003 0.48702991406249996 0.394921875 0.48974358906250004 0.397203125 0.49168803437499997 0.3991875 0.4911111109375 0.399328125 0.4885683765625 0.40217187499999996 0.4887820515625 0.40431249999999996 0.49188034218750004 0.405296875 0.49188034218750004 0.4074375 0.49188034218750004 0.408859375 0.48974358906250004 0.408859375 0.48702991406249996 0.408859375 0.47923076875000004 0.408859375 0.47361111093749997 0.40800000000000003 0.47164529843749997 0.4074375 0.47145299218750003 0.40275 0.4697008546875 0.40146875 0.4642735046875 0.398484375 0.457457265625 0.39079687500000004 0.45608974375000005 0.38625 0.45608974375000005 0.3785625 0.46038461562500005 0.37415625 0.46641025625 0.372453125 0.47068376093750003 0.371875 0.47632478593750005 0.372015625 0.48352564062500003 0.372453125 0.487991453125 0.374015625 0.48935897500000003 0.374578125 0.48897435937499995 0.376140625 0.4876068375 0.37628125 0.48467948749999995 0.37956249999999997 0.484294871875 0.37928125 0.4876068375 0.37898437500000004 0.48974358906250004
2 0.442765625 0.5112820515625 0.45142187500000003 0.5134401703125 0.46084375 0.496239315625 0.473421875 0.496239315625 0.48128125 0.4801068375 0.46870312500000005 0.4801068375 0.45534375000000005 0.487649571875 0.44434375 0.49085470156250005 0.442765625 0.5112820515625
2 0.53378125 0.5214957265625 0.522109375 0.52326923125 0.516484375 0.534786325 0.5151875 0.53923076875 0.5175625 0.5445512828125 0.52275 0.547222221875 0.532703125 0.547222221875 0.537671875 0.54957265 0.540484375 0.551346153125 0.546109375 0.551346153125 0.546109375 0.518525640625 0.5435156250000001 0.518525640625 0.53378125 0.5214957265625
8 0.039890625 0.636367521875 0.07976562499999999 0.62598290625 0.07596875 0.5662393156250001 0.058875 0.57401709375 0.047484375 0.5194871796875 0.034187499999999996 0.5532478625 0.019 0.5532478625 0.015187500000000001 0.5584401703124999 0 0.6571367515625 0.039890625 0.636367521875
2 0.2677734375 0.4922542734375 0.2625 0.5064102562499999 0.2640625 0.5128205125 0.271875 0.521367521875 0.2875 0.521367521875 0.290625 0.525641025 0.3 0.525641025 0.303125 0.521367521875 0.3171875 0.51923076875 0.3181640625 0.509882478125 0.325 0.5 0.333984375 0.5 0.3265625 0.5128205125 0.34296875 0.5 0.3609375 0.5 0.3640625 0.49358974375000003 0.3625 0.48076923125000004 0.3741666671875 0.47706552812499997 0.3505729171875 0.47556980156249995 0.353125 0.4572649578125 0.3359375 0.4380341875 0.321875 0.4380341875 0.3109375 0.446581196875 0.303125 0.45940170937499997 0.296875 0.45940170937499997 0.2921875 0.452991453125 0.2796875 0.452991453125 0.27421875 0.4615384609375 0.2719270828125 0.4705840453125 0.2640625 0.4700854703125 0.259375 0.4764957265625 0.259375 0.4893162390625 0.2677734375 0.4922542734375