2 0.37496874999999996 0.8471226421875 0.446109375 0.8337028296875 0.4609375 0.8337028296875 0.463890625 0.8270047171874999 0.4609375 0.739740565625 0.4609375 0.717382075 0.45796875000000004 0.7017216984375 0.452046875 0.6950000000000001 0.444625 0.6905188671875 0.44167187500000005 0.6860613203125 0.41646875000000005 0.6905188671875 0.383859375 0.6950000000000001 0.3779375 0.73528301875 0.37496874999999996 0.753160378125 0.37053125 0.8113443390624999 0.369046875 0.8337028296875 0.37496874999999996 0.8471226421875
2 0.457515625 0.5144811328125 0.46178125000000003 0.5108254718749999 0.46624999999999994 0.50971698125 0.47181249999999997 0.5083018874999999 0.47757812499999996 0.507476415625 0.47925000000000006 0.5108254718749999 0.48109375 0.511674528125 0.483703125 0.51028301875 0.4851875 0.5035377359375001 0.485375 0.495707546875 0.485 0.4892452828125 0.48425 0.48084905625 0.485 0.474410378125 0.4855625 0.47242924531249997 0.487234375 0.4690801890625 0.4855625 0.4671226421875 0.483515625 0.465990565625 0.4779375 0.45702830156249996 0.474234375 0.45589622656250006 0.466984375 0.4556132078125 0.453796875 0.4578537734375 0.452140625 0.4592688671875 0.45046875000000003 0.46346698125 0.44712500000000005 0.4752358484375 0.44489062500000004 0.48337264218750003 0.44321875000000005 0.490943396875 0.44340624999999995 0.497382075 0.444515625 0.5029952828125 0.44507812500000005 0.5057783015624999 0.44489062500000004 0.511674528125 0.44545312499999995 0.5144811328125 0.44731249999999995 0.5158726421875001 0.44860937500000003 0.5153301890625 0.45082812499999997 0.5153301890625 0.457515625 0.5144811328125
2 0.8221093749999999 0.5361556609375 0.824421875 0.5294103781249999 0.8276406250000001 0.51028301875 0.8154999999999999 0.4938443390625 0.81853125 0.4906132078125 0.817109375 0.48441037812500004 0.815328125 0.48441037812500004 0.8106875 0.487382075 0.807640625 0.4803773578125 0.8026562500000001 0.4687971703125 0.79640625 0.46608490625 0.7756875 0.4644811328125 0.76515625 0.4671698109375 0.759265625 0.475259434375 0.7548125 0.48386792500000003 0.754265625 0.49735849062500004 0.753921875 0.5124528296874999 0.758203125 0.515943396875 0.762484375 0.514056603125 0.771953125 0.5264622640625001 0.772296875 0.5315801890625 0.778015625 0.5353537734375 0.79621875 0.5358726421875 0.8103281250000001 0.5366981125 0.8221093749999999 0.5361556609375
2 0.9995625 0.7191273578125 0.9883906250000001 0.7082783015625 0.9604687500000001 0.66733490625 0.9389375 0.6492688671875 0.9205781249999999 0.6360377359375 0.9126093750000001 0.64084905625 0.8567656250000001 0.64084905625 0.851171875 0.6480660375 0.8447968749999999 0.669740565625 0.839203125 0.6998584906249999 0.8376093750000001 0.711910378125 0.840796875 0.7263443390625001 0.85515625 0.7347877359375 0.8663281250000001 0.7600707546875001 0.9134062500000001 0.8335377359375 0.9134062500000001 0.8443632078125001 0.924578125 0.8612264156249999 0.9389375 0.8636320749999999 1 0.890117925 0.9995625 0.7191273578125
2 0.51646875 0.3846462265625 0.5213125 0.38280660312500003 0.5281875 0.38280660312500003 0.53021875 0.38556603749999996 0.53325 0.3883018875 0.5314375 0.3785377359375 0.535078125 0.38433962187500004 0.53325 0.3754716984375 0.5354687499999999 0.373042453125 0.532234375 0.3693867921875 0.527796875 0.3629716984375 0.524546875 0.36327830156249996 0.5138281250000001 0.36051886718750004 0.511203125 0.3675471703125 0.511203125 0.3766981125 0.510796875 0.3766981125 0.512828125 0.38066037812500003 0.51646875 0.3846462265625
2 0.855890625 0.608443396875 0.870484375 0.6158018875 0.8738906249999999 0.6179952828124999 0.8811875 0.63415094375 0.88653125 0.63415094375 0.9055156249999999 0.636367925 0.921078125 0.6407547171875 0.948328125 0.6378301890625 0.952703125 0.6304952828125 0.9507656250000001 0.6091981125 0.93615625 0.57834905625 0.9167031250000001 0.545306603125 0.8787499999999999 0.517382075 0.8471249999999999 0.5203301890625001 0.847609375 0.5247405656249999 0.838859375 0.5386792453125 0.8359375 0.552641509375 0.853453125 0.5680660375000001 0.855890625 0.608443396875
2 0.55803125 0.3537028296875 0.560453125 0.3546226421875 0.5663125 0.35431603749999996 0.5663125 0.3378301890625 0.558640625 0.33721698125 0.5584374999999999 0.3378301890625 0.556203125 0.3396698109375 0.55803125 0.3537028296875
2 0.72109375 0.477523584375 0.723953125 0.47858490624999994 0.725375 0.47563679218750005 0.72984375 0.47509433906250004 0.729484375 0.48235849062499997 0.7305625 0.49124999999999996 0.735375 0.4891037734375 0.735375 0.486957546875 0.755015625 0.4893632078125 0.755015625 0.485589621875 0.7600156250000001 0.47481132031250006 0.766078125 0.46728773593749995 0.7662656250000001 0.46540094375 0.764109375 0.4573113203125 0.7682187500000001 0.4578537734375 0.768046875 0.454339621875 0.764296875 0.454339621875 0.7619687500000001 0.4457311328125 0.7589375 0.436556603125 0.7539374999999999 0.43358490625 0.746265625 0.42632075468749997 0.74109375 0.4265801890625 0.732515625 0.42820754687499996 0.723765625 0.432240565625 0.72359375 0.442476415625 0.722515625 0.45514150937500003 0.720015625 0.45702830156249996 0.7194843750000001 0.46268867968749994 0.72109375 0.477523584375
2 0.9198124999999999 0.4731839625 0.95921875 0.4691981125 0.9603906249999999 0.44344339687499995 0.9577500000000001 0.4225943390625 0.9459843749999999 0.4012971703125 0.920703125 0.398632075 0.9192343749999999 0.430141509375 0.9162812499999999 0.46698113281250003 0.9198124999999999 0.4731839625
2 0.655640625 0.453042453125 0.678734375 0.45110849062499997 0.68471875 0.445306603125 0.682578125 0.42014150937499994 0.67403125 0.409174528125 0.6526562499999999 0.409174528125 0.6517968749999999 0.41950471718750004 0.6483749999999999 0.42271226406249995 0.647515625 0.4408018875 0.655640625 0.453042453125
8 0.26578124999999997 0.519882075 0.24984375 0.5175707546874999 0.24923437499999998 0.530990565625 0.254140625 0.5425471703125 0.26578124999999997 0.5277358484375 0.26578124999999997 0.519882075
2 0.4935625 0.42410377343750005 0.494734375 0.42563679218750006 0.49545312499999994 0.42891509375 0.49559375 0.43504717031249995 0.49660937499999996 0.4433726421875 0.49907812500000004 0.43066037812499997 0.49762500000000004 0.42257075468750005 0.49545312499999994 0.41971698125 0.49632812499999995 0.40681603749999995 0.47675 0.4085613203125 0.47515625000000006 0.4232311328125 0.47326562499999997 0.42804245312500006 0.47239062499999995 0.4425 0.4735625 0.445117925 0.476171875 0.445117925 0.47645312500000003 0.4407311328125 0.49240625 0.4420518875 0.49124999999999996 0.43396226406249994 0.4916875 0.4247641515625 0.4935625 0.42410377343750005
7 0.651421875 0.41504717031249994 0.6524062500000001 0.41176886718750005 0.652734375 0.41011792500000005 0.653703125 0.408160378125 0.655015625 0.40667452812500005 0.655546875 0.4042216984375 0.655453125 0.3979952828125 0.65446875 0.39733490625 0.65328125 0.39912735781249997 0.652953125 0.40209905625 0.651640625 0.4024056609375 0.64871875 0.4024056609375 0.648171875 0.398490565625 0.6471875 0.396839621875 0.64490625 0.399292453125 0.64490625 0.4017688671875 0.64534375 0.40471698125 0.64534375 0.40766509375000004 0.64534375 0.41061320781250005 0.6463281249999999 0.4130660375 0.6471875 0.41504717031249994 0.647296875 0.420117925 0.649140625 0.4189858484375 0.6502343749999999 0.4175 0.651421875 0.41504717031249994
1 0.60440625 0.33733490625 0.607921875 0.333325471875 0.608515625 0.328891509375 0.6088125 0.32134433906250004 0.6088125 0.3164622640625 0.609109375 0.3120283015625 0.609109375 0.30537735781249997 0.60734375 0.3027122640625 0.602640625 0.3027122640625 0.584703125 0.30358490625 0.58028125 0.30936320781250004 0.581171875 0.30846698125 0.58175 0.3395518875 0.58821875 0.3413207546875 0.601171875 0.34221698125 0.60440625 0.33733490625
1 0.557890625 0.3287971703125 0.56096875 0.3307783015625 0.5647031250000001 0.33110849062500003 0.56865625 0.3297877359375 0.570421875 0.3271226421875 0.571734375 0.32415094375 0.57459375 0.320825471875 0.577015625 0.31816037812500003 0.5803125 0.3151886796875 0.58140625 0.3128537734375 0.58140625 0.306556603125 0.583171875 0.2999292453125 0.57546875 0.29726415156249997 0.569984375 0.29959905625 0.551734375 0.30290094375 0.549765625 0.3244811328125 0.551078125 0.3258018875 0.5539375 0.3271226421875 0.557890625 0.3287971703125
13 0.71403125 0.4079716984375 0.71328125 0.3874528296875 0.71253125 0.360117925 0.70875 0.34700471718750003 0.68875 0.3464386796875 0.676671875 0.349292453125 0.681203125 0.3760613203125 0.6789375 0.39771226406250004 0.679703125 0.41195754687499997 0.691015625 0.41422169843749995 0.69440625 0.40625 0.71403125 0.4079716984375
9 0.84959375 0.44280660312500003 0.84959375 0.4425943390625 0.85040625 0.44077830156250003 0.8505625 0.43841981093750004 0.8505625 0.4366273578125 0.850484375 0.43403301875 0.850484375 0.43268867968749997 0.8505625 0.42874999999999996 0.85078125 0.4243632078125 0.8505625 0.4236792453125 0.8501093750000001 0.4229952828125 0.8498125 0.42099056562500003 0.849671875 0.41985849062499997 0.8491406250000001 0.4170518875 0.8487656250000001 0.41231132031250006 0.8489218749999999 0.4101886796875 0.848546875 0.4083726421875 0.8469843750000001 0.40601415156250004 0.846328125 0.4036792453125 0.84571875 0.402193396875 0.8453593749999999 0.40089622656249996 0.844734375 0.3997877359375 0.8446093749999999 0.4018160375 0.8446093749999999 0.41959905624999994 0.844125 0.4309198109375 0.8442500000000001 0.43127358437499996 0.8442500000000001 0.440424528125 0.844078125 0.441226415625 0.8454843750000001 0.442924528125 0.84571875 0.443042453125 0.8479531250000001 0.4445047171875 0.84959375 0.44280660312500003
9 0.9098593749999999 0.573726415625 0.909734375 0.5712971703124999 0.9098593749999999 0.568891509375 0.9117031250000001 0.566674528125 0.9126875 0.56278301875 0.9123125 0.5575943390625 0.9119531249999999 0.5542452828125 0.9108437500000001 0.5514858484375 0.9096093749999999 0.551108490625 0.909 0.5581367921875 0.9087500000000001 0.5607311328125 0.9076562499999999 0.561674528125 0.9053125 0.561674528125 0.90409375 0.5607311328125 0.90359375 0.5592688671875 0.896484375 0.5599999999999999 0.896234375 0.5605660375 0.895734375 0.5620283015624999 0.894390625 0.5635141515625001 0.8927968749999999 0.5651886796875 0.8918125 0.5672405656249999 0.8914375 0.5701886796875 0.8919375 0.5725943390625 0.8930312499999999 0.575943396875 0.89365625 0.5763207546875 0.9098593749999999 0.57483490625 0.9098593749999999 0.573726415625
2 0.49240625 0.392476415625 0.49290625 0.394740565625 0.49415624999999996 0.398891509375 0.49515624999999996 0.4049292453125 0.49590625 0.40908018906250004 0.49665625 0.41096698125 0.5001562500000001 0.4113443390625 0.50215625 0.410589621875 0.5041562500000001 0.4075707546875 0.50590625 0.4049292453125 0.50790625 0.40153301875 0.51190625 0.398891509375 0.51465625 0.3970047171875 0.51465625 0.3913443390625 0.51340625 0.377382075 0.49665625 0.377382075 0.49415624999999996 0.3792688671875 0.49265625 0.3822877359375 0.49240625 0.392476415625
7 0.653046875 0.374976415625 0.65353125 0.3686556609375 0.65353125 0.3628301890625 0.653375 0.3613443390625 0.6539531249999999 0.357617925 0.6544375 0.355023584375 0.65115625 0.353891509375 0.6501718750000001 0.353891509375 0.6471250000000001 0.3545283015625 0.6458125 0.3558726421875 0.647375 0.35823113281249996 0.64671875 0.360707546875 0.64540625 0.364056603125 0.6450781250000001 0.3695047171875 0.647546875 0.370141509375 0.647625 0.3750943390625 0.649765625 0.3763207546875 0.652390625 0.37596698125 0.653046875 0.374976415625
7 0.640234375 0.38606132031249996 0.640234375 0.381226415625 0.642859375 0.38070754687499997 0.6434375 0.3783018875 0.6421718750000001 0.376910378125 0.643203125 0.376910378125 0.6434375 0.371910378125 0.6406875000000001 0.3708962265625 0.6386406250000001 0.370542453125 0.635546875 0.3710613203125 0.6340625 0.3724292453125 0.6335 0.3765801890625 0.632234375 0.37778301875000003 0.632703125 0.3801886796875 0.634296875 0.381391509375 0.634296875 0.3824292453125 0.6346406250000001 0.38518867968750004 0.634875 0.3889858484375 0.6364687499999999 0.3910613203125 0.63978125 0.3910613203125 0.640234375 0.38606132031249996
13 0.5509062499999999 0.683632075 0.6558125 0.675424528125 0.627484375 0.5088915093749999 0.5485 0.5161792453125 0.5466875 0.5198113203125 0.5388437500000001 0.555306603125 0.5509062499999999 0.683632075
13 0.744125 0.591957546875 0.7429375 0.5949528296875 0.74015625 0.6003537734375 0.744921875 0.6033726421875001 0.744125 0.6135613203125 0.744125 0.6171698109375 0.744921875 0.6237735843750001 0.752875 0.6333726421875 0.75725 0.6321698109375 0.75925 0.6255660375 0.761234375 0.6183726421875 0.765609375 0.6219811328125 0.76759375 0.6297877359374999 0.771578125 0.6351886796875 0.7735624999999999 0.6483962265625001 0.7779375 0.651391509375 0.793859375 0.6616037734375 0.799015625 0.6645990562499999 0.80778125 0.6730188671875 0.8455625 0.6706132078125 0.8487500000000001 0.6579952828125 0.851921875 0.6525943390625 0.85709375 0.6411792453125 0.858296875 0.6219811328125 0.8567031249999999 0.6165801890625 0.8554999999999999 0.570943396875 0.8376093750000001 0.551132075 0.811359375 0.5517216984375 0.79584375 0.5421226421875 0.7835156249999999 0.5529245281249999 0.754078125 0.5535377359375 0.740953125 0.53971698125 0.737765625 0.58415094375 0.740953125 0.5871462265625 0.744125 0.591957546875
13 0.0045 0.66266509375 0.0063437499999999996 0.66266509375 0.065234375 0.6641981125 0.07421875 0.6839622640624999 0.086703125 0.684575471875 0.09303125 0.6756132078125 0.1114375 0.673773584375 0.13659375 0.6496933968749999 0.1400625 0.6429009437500001 0.14170312499999999 0.62221698125 0.14170312499999999 0.616674528125 0.138015625 0.6 0.134546875 0.590117925 0.12759375 0.5697641515625 0.13025 0.566674528125 0.1294375 0.566367925 0.12390625 0.5632783015625 0.120234375 0.5620283015624999 0.0985625 0.5617216984375 0.050093750000000006 0.5592688671875 0.026171875 0.558325471875 0.020859375 0.559882075 0.00040625000000000004 0.5731367921875 0.0008125000000000001 0.673773584375 0.004296875 0.67346698125 0.0045 0.66266509375
9 0.65478125 0.39771226406250004 0.655953125 0.39516509375000003 0.655453125 0.392382075 0.65428125 0.392382075 0.6529375 0.3918867921875 0.6529375 0.391367925 0.65328125 0.38808962187499996 0.6529375 0.3850471703125 0.6519375000000001 0.38403301875 0.6514375 0.3832783015625 0.649921875 0.38278301875 0.647921875 0.38556603749999996 0.6467343750000001 0.3893632078125 0.64740625 0.3903773578125 0.6467343750000001 0.3916273578125 0.6455625 0.3916273578125 0.6445624999999999 0.3908726421875 0.6435625 0.3908726421875 0.6432187500000001 0.3918867921875 0.6435625 0.39568396250000004 0.6445624999999999 0.3979481125 0.64590625 0.39771226406250004 0.647578125 0.39771226406250004 0.64825 0.39971698125 0.652609375 0.4004952828125 0.65278125 0.39771226406250004 0.65478125 0.39771226406250004
2 0.5503750000000001 0.363632075 0.549703125 0.3570518875 0.5481874999999999 0.356792453125 0.547015625 0.3517452828125 0.5315937500000001 0.3529952828125 0.5310937499999999 0.36766509375 0.534953125 0.3729952828125 0.543828125 0.372476415625 0.545671875 0.368443396875 0.54803125 0.3658962265625 0.5503750000000001 0.363632075
2 0.0015625 0.5330188671875 0.003125 0.7075471703125 0.0546875 0.7099056609375001 0.065625 0.7004716984375 0.075 0.6839622640624999 0.0984375 0.6863207546875 0.10625 0.6792452828125 0.115625 0.6792452828125 0.134375 0.6627358484375 0.1453125 0.643867925 0.15 0.622641509375 0.15 0.6037735843750001 0.1453125 0.5825471703125 0.3796875 0.34905660312500003 0.3859375 0.35849056562500003 0.3859375 0.367924528125 0.3890625 0.372641509375 0.4 0.375 0.4078125 0.363207546875 0.41015625 0.3573113203125 0.4166015625 0.36468160312500003 0.41875 0.37028301875 0.423046875 0.37205188749999996 0.4875 0.458726415625 0.4875 0.497641509375 0.49375 0.516509434375 0.503125 0.5330188671875 0.5109375 0.5613207546875 0.521875 0.5801886796875 0.5296875 0.5872641515625 0.5328125 0.625 0.5390625 0.643867925 0.5515625 0.6627358484375 0.5515625 0.6674528296875 0.540625 0.6792452828125 0.5328125 0.6933962265625 0.5265625 0.7122641515625 0.5265625 0.76415094375 0.5375 0.7900943390624999 0.546875 0.8254716984374999 0.5546875 0.8396226421874999 0.56875 0.853773584375 0.578125 0.8584905656249999 0.603125 0.8584905656249999 0.6203125 0.8466981125 0.6484375 0.8066037734375 0.65625 0.7830188671875 0.6578125 0.74528301875 0.653125 0.719339621875 0.646875 0.7028301890625 0.628125 0.6768867921874999 0.628125 0.6721698109375 0.634375 0.6674528296875 0.646875 0.64858490625 0.653125 0.632075471875 0.65625 0.613207546875 0.65625 0.5896226421875 0.653125 0.5707547171875 0.646875 0.5542452828125 0.61875 0.51415094375 0.6181703625 0.49490261718750006 0.6258568546875 0.4977936703125 0.62568359375 0.5029481125 0.633447265625 0.5056014156249999 0.633543346875 0.5006847234375 0.6412298390625 0.5035757765625 0.6412109375 0.5082547171875 0.6489163312499999 0.506466828125 0.648974609375 0.51090801875 0.656602821875 0.5093578828124999 0.65673828125 0.5135613203125 0.6642893140624999 0.512248934375 0.664501953125 0.516214621875 0.6719758062500001 0.5151399875 0.672265625 0.518867925 0.6796622984375 0.518031040625 0.680029296875 0.5215212265625 0.687348790625 0.52092209375 0.68779296875 0.524174528125 0.6950352828125 0.523813146875 0.695556640625 0.5268278296875 0.7027217734375 0.5267042 0.7033203125 0.5294811328125 0.710408265625 0.529595253125 0.711083984375 0.532134434375 0.7180947578125 0.53248630625 0.71884765625 0.5347877359375001 0.72578125 0.5353773578125 0.7328125 0.5424528296875 0.7265625 0.5542452828125 0.7265625 0.5754716984375 0.734375 0.5919811328125 0.7375 0.617924528125 0.74375 0.627358490625 0.753125 0.62971698125 0.7671875 0.6650943390624999 0.7828125 0.6816037734375 0.7921875 0.6863207546875 0.821875 0.6839622640624999 0.834375 0.6745283015625 0.846875 0.655660378125 0.853125 0.63915094375 0.85625 0.62028301875 0.8541666671874999 0.5919811328125 0.8564516125000001 0.584525259375 0.8641381046875001 0.5874163109375 0.9625 0.6650943390624999 0.965625 0.6768867921874999 0.984375 0.7004716984375 0.9984375 0.7004716984375 0.9779017859374999 0.6613881390625 0.9796130953125 0.6495956859375001 0.9727678578125 0.6516172499999999 0.9727678578125 0.6455525609375 0.9813244046875 0.6378032328125001 0.9830357140625001 0.62601078125 0.9984375 0.5966981125 0.9796875 0.599056603125 0.9671875 0.6155660375 0.9625 0.632075471875 0.9563760078125 0.6221089484375 0.871824596875 0.590307365625 0.853125 0.5778301890625 0.85 0.5683962265625 0.8375 0.5542452828125 0.834375 0.5424528296875 0.825 0.5353773578125 0.7796875 0.5377358484375 0.76875 0.5283018875 0.746875 0.5283018875 0.7488407265625 0.5440505171875001 0.7359375 0.5377358484375 0.7334677421875 0.5382684109375 0.7309375 0.5284198109375 0.6959375 0.463207546875 0.7 0.4481132078125 0.721875 0.44575471718750004 0.7265625 0.43160377343749995 0.7296875 0.43160377343749995 0.7328125 0.4245283015625 0.7546875 0.41981132031249996 0.7578125 0.4150943390625 0.759375 0.39858490625 0.753125 0.3844339625 0.7453125 0.37971698125 0.7328125 0.37971698125 0.7234375 0.39150943437499997 0.71484375 0.37971698125 0.715625 0.35849056562500003 0.7125 0.3372641515625 0.7046875 0.32311320781249997 0.6984375 0.32311320781249997 0.69375 0.3183962265625 0.696875 0.3066037734375 0.6828125 0.2853773578125 0.6703125 0.2877358484375 0.6671875 0.28301886718749997 0.6578125 0.28301886718749997 0.646875 0.3066037734375 0.6328125 0.30188679218750003 0.6328125 0.29009433906250004 0.628125 0.280660378125 0.615625 0.280660378125 0.60625 0.2971698109375 0.5859375 0.2971698109375 0.578125 0.3066037734375 0.575 0.30188679218750003 0.553125 0.3042452828125 0.546875 0.3136792453125 0.5453125 0.3254716984375 0.540625 0.3325471703125 0.534375 0.3325471703125 0.5296875 0.3396226421875 0.540625 0.353773584375 0.53125 0.356132075 0.5375 0.375 0.5328125 0.382075471875 0.5328125 0.386792453125 0.525 0.38915094375 0.51875 0.39858490625 0.5125 0.40094339687499997 0.5015625 0.4127358484375 0.49375 0.4268867921875 0.4953125 0.42924528281249996 0.4921875 0.43160377343749995 0.4921875 0.44103773593750006 0.4875 0.44575471718750004 0.4294921875 0.3794221703125 0.4296875 0.37028301875 0.4328125 0.3655660375 0.4328125 0.356132075 0.4296875 0.35141509375 0.4203125 0.34905660312500003 0.3984375 0.3278301890625 0.4046875 0.3396226421875 0.4037109375 0.3499410375 0.384375 0.3278301890625 0.3796875 0.33490566093749996 0.37703125000000004 0.3319339625 0.0171875 0.5330188671875 0.0015625 0.5330188671875