9 0.458796875 0.7443541671875 0.46557812500000006 0.7917708328125 0.43001562499999996 0.8301458328125 0.377546875 0.8685 0.4029375 0.9204375 0.4029375 0.8797916671875001 0.43679687500000003 0.8685 0.48081250000000003 0.8143333328125 0.5180625 0.8120833328125 0.5163593750000001 0.9249375000000001 0.557 0.9204375 0.534984375 0.9181666671875 0.54853125 0.8120833328125 0.5603906249999999 0.7014583328125 0.541765625 0.5457083328125 0.56546875 0.5457083328125 0.590859375 0.4644375 0.538375 0.4644375 0.538375 0.5028125 0.50959375 0.520875 0.49775 0.5750625 0.47234375 0.6382708328125 0.47573437500000004 0.6427708328125 0.47234375 0.6879166671875 0.458796875 0.7443541671875
8 0.5408125 0.693875 0.505109375 0.7120208328125 0.46939062500000006 0.7052083328125 0.518703125 0.5872916671875 0.49659375 0.5895625 0.43707812500000004 0.7687083328125001 0.477890625 0.8344583328124999 0.5136093749999999 0.8344583328124999 0.539109375 0.7482916671875001 0.5408125 0.693875
8 0.304421875 0.1516458328125 0.29553124999999997 0.1368333328125 0.28775 0.1916875 0.2821875 0.3340208328125 0.28775 0.34587500000000004 0.29775 0.3547708328125 0.304421875 0.1516458328125
8 0.33014062499999997 0.34710416718750003 0.33014062499999997 0.325125 0.336375 0.2859375 0.344390625 0.1594375 0.33459374999999997 0.14875 0.33146875 0.160625 0.321671875 0.3435416671875 0.323453125 0.35481250000000003 0.326578125 0.35481250000000003 0.33014062499999997 0.34710416718750003
8 0.894734375 0.2507291671875 0.8879374999999999 0.2408333328125 0.8737031249999999 0.2886458328125 0.8477343749999999 0.3043125 0.8520625000000001 0.3719375 0.84278125 0.4345833328125 0.8471093749999999 0.44283333281250004 0.8755625 0.381 0.8866875000000001 0.3109166671875 0.88359375 0.29112499999999997 0.894734375 0.2507291671875
8 0.8823593750000001 0.43904166718750004 0.9001875 0.4092916671875 0.9030625000000001 0.40208333281249997 0.9097500000000001 0.38933333281250004 0.9154843749999999 0.3804166671875 0.9202656250000001 0.369375 0.9256875000000001 0.3562083328125 0.9326874999999999 0.34387500000000004 0.9374687500000001 0.3298541671875 0.93365625 0.3213541671875 0.9310937499999999 0.3056458328125 0.9282343750000001 0.295875 0.92790625 0.28525 0.9247343750000001 0.2759166671875 0.917078125 0.27718750000000003 0.9151718750000001 0.28439583281249997 0.916765625 0.2890833328125 0.918671875 0.2839791671875 0.921859375 0.2822916671875 0.9221718750000001 0.2912083328125 0.9193125 0.295875 0.9189999999999999 0.3005416671875 0.921546875 0.3213541671875 0.9231406249999999 0.33410416718749997 0.9154843749999999 0.3400625 0.90784375 0.3519583328125 0.899234375 0.3740416671875 0.8893593750000001 0.40208333281249997 0.87884375 0.43904166718750004 0.8823593750000001 0.43904166718750004
8 0.400578125 0.17375000000000002 0.392125 0.26045833281249997 0.386328125 0.3554791671875 0.398796875 0.3067708328125 0.400578125 0.25154166718750004 0.4028125 0.2384791671875 0.404140625 0.22839583281250003 0.404140625 0.20997916718749998 0.404140625 0.1915833328125 0.407703125 0.1707916671875 0.409484375 0.1601041671875 0.40192187500000004 0.1583125 0.400578125 0.17375000000000002
8 0.16107812500000002 0.348 0.16107812500000002 0.3971041671875 0.169265625 0.3916458328125 0.169265625 0.3725625 0.1713125 0.35208333281250004 0.16415625 0.3452708328125 0.162796875 0.3344375 0.17376562499999998 0.3351875 0.177046875 0.278875 0.17759375 0.24597916718750001 0.18034375 0.2240625 0.18034375 0.2028541671875 0.16747189375 0.21104898906249997 0.1640625 0.3010336546875 0.163015625 0.30588020781249997 0.163640625 0.31216826875 0.16253125 0.31641015625 0.16321875 0.3233028859375 0.16204687499999998 0.3269401046875 0.16107812500000002 0.348
8 0.23729687500000002 0.2853958328125 0.242515625 0.20695833281249998 0.23859375 0.1895208328125 0.243828125 0.132 0.235984375 0.12677083281249998 0.2320625 0.1720833328125 0.22553125000000002 0.2871458328125 0.22945312499999998 0.290625 0.22421875 0.3272291671875 0.2320625 0.3394375 0.235984375 0.3028333328125 0.23729687500000002 0.2853958328125
8 0.2778125 0.1870833328125 0.275125 0.1395833328125 0.26975 0.136 0.262359375 0.20231249999999998 0.24957812499999998 0.3259791671875 0.26101562500000003 0.3349375 0.26773437499999997 0.3223958328125 0.2724375 0.300875 0.2724375 0.28922916718749997 0.2778125 0.1870833328125
8 0.314383928125 0.2952604171875 0.3213872765625 0.30151488125000003 0.31384151718750003 0.3059166671875 0.3132991078125 0.31657291718749997 0.320709821875 0.3119285703125 0.32003236562500004 0.3223422625 0.312756696875 0.3272291671875 0.3193549109375 0.3327559515625 0.3122142859375 0.3378854171875 0.31867745468750003 0.34316964375 0.311671875 0.3485416671875 0.318 0.3535833328125 0.31253700625 0.3574484640625 0.311671875 0.3679166671875 0.3129375 0.40754166718749996 0.318 0.3679166671875 0.3227421875 0.2806875 0.319458059375 0.27370285 0.3234196421875 0.27027381093749997 0.32032319062500003 0.26323465 0.3240970984375 0.25986011875 0.321188321875 0.25276644843749996 0.32477455312500003 0.2494464296875 0.3220534546875 0.2422982453125 0.325452009375 0.2390327375 0.3229185859375 0.23183004375 0.3261294640625 0.2286190484375 0.3237837171875 0.22136184218750002 0.3268069203125 0.21820535625 0.32464884843749997 0.21089363906249997 0.327484375 0.20779166718750003 0.3255139796875 0.2004254390625 0.327484375 0.1951458328125 0.3263791125 0.1899572375 0.32115625 0.1883958328125 0.32115625 0.18587499999999998 0.327484375 0.1825 0.32724424375 0.1794890359375 0.32178125 0.1740625 0.32810937500000004 0.1690208328125 0.32684375 0.1504791671875 0.32115625 0.1546875 0.3149263390625 0.28460416718750003 0.318592928125 0.2841710515625 0.3177277953125 0.29463925468749996 0.314383928125 0.2952604171875
8 0.8957656249999999 0.3470833328125 0.8893437499999999 0.3642291671875 0.8572031250000001 0.4413333328125 0.8585 0.4464791671875 0.866203125 0.43277083281250006 0.907328125 0.3488125 0.9253281250000001 0.3231041671875 0.91890625 0.3111041671875 0.9104218749999999 0.2849375 0.9039999999999999 0.2832291671875 0.9155625000000001 0.2558125 0.9104218749999999 0.2438125 0.90784375 0.2506666671875 0.902703125 0.26779166718749997 0.89628125 0.2780833328125 0.8885624999999999 0.288375 0.8893437499999999 0.3111041671875 0.886765625 0.32825000000000004 0.8957656249999999 0.3470833328125
8 0.19953125 0.37745833281249996 0.202390625 0.352625 0.1966640625 0.34403125 0.193796875 0.3344791671875 0.20024999999999998 0.3344791671875 0.20596874999999998 0.331625 0.21242187499999998 0.1855416671875 0.20884375 0.1759791671875 0.21026562499999998 0.1330208328125 0.203109375 0.1311041671875 0.203109375 0.1769375 0.20024999999999998 0.1845833328125 0.193078125 0.3497708328125 0.193078125 0.37745833281249996 0.194515625 0.3975 0.19953125 0.37745833281249996
8 0.25884375 0.20925 0.2608125 0.1426458328125 0.255546875 0.132125 0.2456875 0.21625 0.23978125 0.32579166718749997 0.24175 0.3363125 0.24371874999999998 0.3345625 0.25884375 0.20925
8 0.41753125 0.1571041671875 0.415828125 0.22170833281250002 0.40564062500000003 0.29312499999999997 0.40648437499999995 0.3350625 0.40564062500000003 0.35775 0.40903124999999996 0.3452708328125 0.415828125 0.307875 0.41753125 0.2863333328125 0.42178125 0.25006249999999997 0.422640625 0.2319166671875 0.422640625 0.2171875 0.4251875 0.19452083281250002 0.42689062499999997 0.1809166671875 0.422640625 0.18997916718750002 0.42603125000000003 0.1559791671875 0.41753125 0.1571041671875