8 0.04 0.2065075375 0.04292 0.21690954843750002 0.047599999999999996 0.22223618125 0.059019999999999996 0.2244974875 0.06416 0.22364321562499997 0.074 0.22082914531250003 0.08002000000000001 0.2163316578125 0.0836 0.2112814078125 0.0836 0.19977386875 0.07802 0.189371859375 0.06528 0.18572864375 0.056999999999999995 0.18572864375 0.04984 0.1874120609375 0.0456 0.18964824062500002 0.04134 0.1966834171875 0.04 0.2065075375
9 0.48334 0.091984925 0.49054000000000003 0.09650753749999999 0.49234 0.1145477390625 0.49413999999999997 0.16874371875 0.50492 0.1845477390625 0.50492 0.22065326562499998 0.49592 0.23645728593749998 0.48334 0.24773869375 0.47796000000000005 0.2590201 0.49951999999999996 0.2612814078125 0.52828 0.2635427140625 0.5372600000000001 0.2612814078125 0.53186 0.137135678125 0.53186 0.1145477390625 0.52828 0.0468341703125 0.53186 0.0174874375 0.52288 0.0039447234375000004 0.48514 0.0039447234375000004 0.48514 0.01298995 0.47796000000000005 0.049095478125 0.45999999999999996 0.0716582921875 0.46538 0.0829648234375 0.48334 0.091984925
9 0.394606665625 0.048190954687499996 0.40252470625000003 0.0486417390625 0.40742 0.0529145734375 0.40338705781249995 0.061894768749999995 0.4008 0.057060301562500006 0.38975333437500004 0.0634422109375 0.39748 0.070376884375 0.3849 0.0786934671875 0.38954 0.08369346718750001 0.4042494125 0.0751477984375 0.40675999999999995 0.08783919531249999 0.4051117640625 0.0884008265625 0.40076 0.1012060296875 0.40597411875 0.10165385625000001 0.40808 0.1053140703125 0.39858 0.1140703515625 0.402721665625 0.11457914531249999 0.40412 0.11914572812499999 0.40940000000000004 0.1227889453125 0.4076988234375 0.1281599171875 0.39826 0.1303266328125 0.40194 0.13263819062499999 0.4041 0.13776381875000002 0.39506 0.1450753765625 0.39438 0.15266331718749998 0.39658000000000004 0.152889446875 0.39814 0.16105527656250002 0.40942352968750007 0.154665978125 0.41028588125 0.1679190078125 0.39748 0.179371859375 0.41253 0.1814447234375 0.4120105875 0.194425065625 0.40343999999999997 0.199346734375 0.4128729421875 0.2076780953125 0.41403999999999996 0.206005025 0.416453334375 0.20819095468749999 0.41373529375 0.22093112499999998 0.41601999999999995 0.2317839203125 0.41459764843749997 0.23418415625 0.41546000000000005 0.24743718593750003 0.40826 0.2575125625 0.39582 0.2627135671875 0.39333999999999997 0.2662060296875 0.39692 0.272110553125 0.42624000000000006 0.27904522656249997 0.42762 0.2714070359375 0.43612 0.2681239515625 0.4412 0.28005025156249996 0.45444000000000007 0.27422110625 0.44914 0.24924623124999998 0.44582 0.18103015 0.44582 0.16022613125000001 0.45111999999999997 0.11781407031249999 0.44648000000000004 0.072864321875 0.44648000000000004 0.0362814078125 0.43986000000000003 0.0179648234375 0.43788 0.0063065328125 0.40675999999999995 0.00298995 0.4008 0.022135678125 0.4041 0.0329396984375 0.40166235156249996 0.035388707812499996 0.39946000000000004 0.0329396984375 0.394606665625 0.048190954687499996
9 0.24104 0.11005025156249999 0.24016 0.0474120609375 0.23612000000000002 0.001608040625 0.1809 0.0005025125 0.18180000000000002 0.03701005 0.18292 0.065100503125 0.17912 0.078015075 0.17174 0.10919597968750001 0.17486 0.1274623109375 0.17934 0.1285929640625 0.18738 0.1476884421875 0.18939999999999999 0.174648240625 0.19297999999999998 0.19432160781250002 0.20013999999999998 0.1974120609375 0.2037 0.23927135625 0.19946 0.249371859375 0.19522 0.2546984921875 0.18560000000000001 0.25919597968749997 0.1733 0.26427135625 0.17709999999999998 0.2724120609375 0.19276 0.2718341703125 0.19768 0.27381909531250004 0.21734 0.28055276406249996 0.24128 0.27690954843750004 0.24596 0.2625628140625 0.23792 0.242638190625 0.23679999999999998 0.19374371875000002 0.24194 0.190653265625 0.24104 0.1577889453125 0.24104 0.11005025156249999
9 0.29582 0.12273869374999999 0.2976 0.1385175875 0.29582 0.1745477390625 0.31374 0.1655527640625 0.31554000000000004 0.1790452265625 0.31911999999999996 0.1903266328125 0.33704 0.1925628140625 0.34242 0.1813065328125 0.34064 0.16103015 0.34242 0.1340201 0.35137999999999997 0.0394221109375 0.35137999999999997 0.005628140625 0.2976 0.005628140625 0.29582 0.0461809046875 0.29044 0.10022613124999999 0.29044 0.12050251249999999 0.29582 0.12273869374999999
9 0.6891 0 0.6891 0.0230402015625 0.69258 0.036959798437500004 0.69072 0.0857035171875 0.6888799999999999 0.12977386875000002 0.69072 0.1483417078125 0.71844 0.1181658296875 0.75352 0.10889447187500001 0.75352 0.10424623125000002 0.73896 0.034648240625 0.73712 0 0.72972 0 0.7038800000000001 0 0.6928 0 0.6891 0
8 0.36114 0.34379397031250003 0.38561999999999996 0.34273869375 0.43542 0.3215326640625 0.45570000000000005 0.3204522609375 0.52492 0.350150753125 0.530833334375 0.33326819375 0.54012 0.3384924625 0.5443399999999999 0.344849246875 0.54518 0.358643215625 0.55532 0.3565326640625 0.557 0.340603015625 0.5215466656250001 0.32804392187500003 0.502973334375 0.317595384375 0.49983428593749996 0.3177243359375 0.493686665625 0.31237111562500003 0.49006571406250005 0.31363244687499997 0.48440000000000005 0.30714684375 0.4802971421875 0.30954056093750004 0.47511333437500003 0.30192257499999997 0.47052857187499997 0.3054486703125 0.465826665625 0.29669830625000004 0.46075999999999995 0.301356784375 0.45654000000000006 0.2914740375 0.44725333437500003 0.286249765625 0.44696666562500004 0.27803182656250003 0.43796666562500003 0.281025496875 0.42868000000000006 0.275801228125 0.44006999999999996 0.266369346875 0.41938000000000003 0.23138190937499997 0.38730000000000003 0.19849246250000002 0.32568 0.1815326640625 0.30148 0.19213567812500001 0.298666665625 0.2026614546875 0.28938 0.19743718593749998 0.27671999999999997 0.222889446875 0.274466665625 0.2554187609375 0.27334 0.2716834171875 0.30034 0.31834170781250004 0.33074 0.3395477390625 0.36114 0.34379397031250003
8 0.14758 0.203391959375 0.14323999999999998 0.229597990625 0.1454 0.24326633125 0.15758 0.2553015078125 0.16976 0.25474874375 0.1789 0.24271356718749998 0.18542 0.2285175875 0.1889 0.2164824125 0.18586 0.19190954843750002 0.18238000000000001 0.1837185921875 0.17976 0.1694974875 0.17846 0.14489949687499998 0.18108 0.13288944687499998 0.17586 0.1274371859375 0.16976 0.15530150781250002 0.1641 0.1733165828125 0.1554 0.18535175937499998 0.14758 0.203391959375
8 0.37592 0.150100503125 0.38214000000000004 0.16477386875 0.4016 0.16575376875 0.40784000000000004 0.1452010046875 0.41018 0.1227135671875 0.40393999999999997 0.0865075375 0.40784000000000004 0.059120603125000004 0.40784000000000004 0.0346733671875 0.40082000000000007 0.0385929640625 0.39927999999999997 0.0424874375 0.39849999999999997 0.06597990000000001 0.38058000000000003 0.0953266328125 0.37357999999999997 0.1236934671875 0.37592 0.150100503125
8 0.77096 0.1505527640625 0.77274 0.1662814078125 0.8013600000000001 0.17527638125 0.8013600000000001 0.1955025125 0.7816799999999999 0.191005025 0.7816799999999999 0.20673366875000002 0.87292 0.2134924625 0.9641400000000001 0.2224623109375 0.99992 0.22022613125 0.9945600000000001 0.17077889375 0.94268 0.17527638125 0.87828 0.1618090453125 0.77096 0.1505527640625
8 0.45008 0.0755527640625 0.45236 0.080879396875 0.45561999999999997 0.086633165625 0.46216 0.09195979843749999 0.46769999999999995 0.0960552765625 0.47096 0.0985175875 0.47325999999999996 0.10057788906250001 0.47522000000000003 0.10057788906250001 0.47816000000000003 0.1001758796875 0.47978 0.0989447234375 0.48044000000000003 0.09319095468750001 0.48012 0.08703517656250001 0.47652 0.07841708593749999 0.47424 0.076381909375 0.47228000000000003 0.0759547734375 0.46868 0.078844221875 0.4664 0.07841708593749999 0.46346 0.075150753125 0.46118 0.0673366828125 0.46083999999999997 0.0644723625 0.45986000000000005 0.061206029687499997 0.45464000000000004 0.059145728125 0.44844 0.0570854265625 0.44778 0.0644723625 0.44875999999999994 0.0685678390625 0.45008 0.0755527640625
8 0.29942 0.1224371859375 0.29942 0.130653265625 0.29828 0.13324120625 0.29748 0.1385175875 0.29748 0.1464824125 0.29716 0.154597990625 0.29725999999999997 0.16075376875 0.29788000000000003 0.163844221875 0.29900000000000004 0.164874371875 0.30228 0.164874371875 0.30362 0.16396985 0.30657999999999996 0.15972361875000002 0.3077 0.1574120609375 0.30966 0.1496984921875 0.3117 0.14276381875 0.31386 0.133115578125 0.31386 0.129899496875 0.31386 0.1223115578125 0.31364000000000003 0.11625628125000001 0.31456 0.1104773875 0.31334 0.106859296875 0.31252 0.1046733671875 0.31026 0.1044221109375 0.30914 0.10763819062499999 0.3069 0.110603015625 0.30412 0.11472361874999999 0.3029 0.11690954843750001 0.30238 0.115603015625 0.30135999999999996 0.1115075375 0.29952 0.11381909531250001 0.29952 0.11690954843750001 0.29942 0.1224371859375
8 0.52938 0.1389447234375 0.53194 0.14374371875 0.53806 0.14374371875 0.5452 0.1427889453125 0.5523399999999999 0.139899496875 0.55464 0.13444723593750002 0.55464 0.12484924687500001 0.55286 0.11331658281250001 0.5454600000000001 0.1005025125 0.5342399999999999 0.097613065625 0.53372 0.1014572859375 0.53142 0.110100503125 0.52938 0.1389447234375
9 0.63396 0.369346734375 0.64108 0.3536934671875 0.65532 0.34472361875 0.65888 0.409623115625 0.64286 0.41633165781250003 0.64642 0.4386934671875 0.66422 0.45434673437499995 0.65176 0.48344221093749995 0.6856 0.499095478125 0.68916 0.5348994968749999 0.67668 0.586356784375 0.6695599999999999 0.6333165828125 0.64108 0.7832160796875 0.60546 0.798869346875 0.60368 0.839145728125 0.6748999999999999 0.8346733671875001 0.68916 0.794396984375 0.68738 0.7653266328125 0.69806 0.7228140703125 0.7140799999999999 0.619899496875 0.73546 0.6266080406250001 0.73724 0.6557035171875001 0.7871 0.6579396984375 0.8708 0.6937185921875 0.88148 0.7407035171875 0.91174 0.7384673359375 0.91174 0.68701005 0.91174 0.6377889453125001 0.8957200000000001 0.6333165828125 0.87614 0.6557035171875001 0.7871 0.6064824125 0.77464 0.5438442218749999 0.78176 0.48567839218750003 0.7675 0.42527638124999995 0.7586 0.409623115625 0.7710600000000001 0.39394472343750003 0.7639400000000001 0.2932914578125 0.73902 0.2619597984375 0.77642 0.2015577890625 0.76928 0.1612814078125 0.7408 0.141155778125 0.6945 0.15233668281249998 0.68916 0.194849246875 0.69094 0.253015075 0.68204 0.2641959796875 0.61436 0.2955276375 0.62148 0.3268341703125 0.51998 0.320125628125 0.51286 0.34922110625 0.5377799999999999 0.36711055312499996 0.56806 0.3536934671875 0.63396 0.369346734375
8 0.86982 0.1610804015625 0.8831300000000001 0.143856784375 0.90234 0.1463316578125 0.9071694125 0.1347975171875 0.914613334375 0.146825796875 0.9174705875000001 0.1352024828125 0.9268866656249999 0.1473199328125 0.9277717640625 0.13560745000000002 0.9380729421874999 0.1360124140625 0.93916 0.1478140703125 0.9490500000000001 0.15322236250000001 0.9560000000000001 0.14977386875 0.9589399999999999 0.158630653125 0.9683400000000001 0.157889446875 0.96883 0.16403894531250002 0.97872 0.1694472359375 0.9806800000000001 0.166005025 0.978 0.1500125625 1 0.15025125625 0.9998799999999999 0.1384422109375 0.90154 0.13253768906250002 0.8968682359375 0.13439255 0.89528 0.13007537656249998 0.8865670578125 0.1339875859375 0.88494 0.1295829140625 0.8762658812499999 0.13358261875 0.8746 0.1290904515625 0.8702 0.143366834375 0.86426 0.128597990625 0.8556635296874999 0.1327726859375 0.8539199999999999 0.128105528125 0.8453623515625001 0.132367721875 0.84358 0.12761306562500002 0.8350611765625 0.131962753125 0.82476 0.13155778906249999 0.8231999999999999 0.1404271359375 0.85728 0.143366834375 0.85924 0.158140703125 0.86982 0.1610804015625
8 0.9999800000000001 0.1081909546875 0.968233334375 0.1068425453125 0.9650063703124999 0.1179716640625 0.9999800000000001 0.1203266328125 0.9999800000000001 0.1081909546875
8 0.941956665625 0.11641959843750001 0.964694659375 0.11795067343750001 0.9576511125 0.10639307499999999 0.9364866656249999 0.1054941375 0.93048 0.1154773875 0.92590444375 0.10504466875 0.8880000000000001 0.104145728125 0.88606 0.1065829140625 0.88414 0.11304020156250001 0.90086 0.11384422187500001 0.9066599999999999 0.1186934671875 0.92276 0.1186934671875 0.92276 0.1324371859375 0.9324 0.1308291453125 0.941956665625 0.11641959843750001