8 0.3806089 0.7016875 0.5826932078125 0.290453125 0.7174238875000001 0.32415625000000003 0.919508196875 0.30842187499999996 0.9902341921875 0.30842187499999996 0.9868618265625001 0.11965624999999999 0.5725761125 0.0005625 0.13473067968750002 0.0072968749999999995 0.15156908593750001 0.20954687500000002 0.5557377046875 0.290453125 0.3806089 0.690453125 0.3806089 0.7016875
9 0.3388056203125 0.46539062500000006 0.34496487187499997 0.46001562500000004 0.3444964875 0.43568749999999995 0.3444964875 0.41451562500000005 0.3336065578125 0.40504687500000003 0.3336065578125 0.399984375 0.3312177984375 0.39587500000000003 0.32032786875 0.39587500000000003 0.3170257609375 0.400296875 0.3170257609375 0.406625 0.314660421875 0.41546874999999994 0.32175644062500003 0.42589062499999997 0.3179625296875 0.42621875 0.3160655734375 0.4350625 0.32648711874999997 0.454640625 0.3241217796875 0.46475 0.3189227171875 0.46696875000000004 0.3260187359375 0.471078125 0.3388056203125 0.46539062500000006
9 0.3177985953125 0.431109375 0.309812646875 0.40979687499999995 0.30384075 0.3978125 0.2925292734375 0.394265625 0.2765573765625 0.403140625 0.27391100625 0.40979687499999995 0.28985948437500003 0.41823437500000005 0.2865339578125 0.4364375 0.2838875875 0.45375 0.28985948437500003 0.47371875 0.2925292734375 0.479046875 0.31248243593749997 0.47726562499999997 0.3078220140625 0.47726562499999997 0.3171428578125 0.47415624999999995 0.3164637 0.465734375 0.3177985953125 0.446203125 0.3177985953125 0.431109375
9 0.2845667453125 0.46253124999999995 0.2845667453125 0.438265625 0.28522248281249996 0.41953125 0.2807494140625 0.4114375 0.2807494140625 0.40462499999999996 0.277564403125 0.393984375 0.257775175 0.39696875 0.2539344265625 0.40718750000000004 0.2590398125 0.42123437499999994 0.25969555 0.431453125 0.257775175 0.447203125 0.26351288125 0.457421875 0.2666978921875 0.46934375 0.2692505859375 0.4680625 0.277564403125 0.4680625 0.2845667453125 0.46253124999999995
8 0.6570491796875 0.753125 0.6398360656250001 0.7516406250000001 0.6173302109375001 0.74940625 0.5981498828125 0.748859375 0.57871194375 0.74940625 0.5606557375000001 0.751078125 0.5401170953125 0.75478125 0.5262295078125 0.7579374999999999 0.5087119437500001 0.76553125 0.49676815 0.77609375 0.49648711875 0.785359375 0.504543325 0.79259375 0.5155269328125 0.799625 0.5274238875 0.830453125 0.5397658078124999 0.8405312500000001 0.5795784546875 0.8481562500000001 0.644988290625 0.847859375 0.6692505859375 0.8365625 0.6994379390625001 0.81153125 0.7159250578125 0.7831406249999999 0.687868853125 0.76053125 0.67482435625 0.756828125 0.6570491796875 0.753125
8 0.58810304375 0.68553125 0.5746135828125001 0.678453125 0.5476580796875 0.6720312500000001 0.5255035125 0.6720312500000001 0.5081733015625 0.672671875 0.48700234218749994 0.675890625 0.47255269375 0.679109375 0.4629274 0.6816718749999999 0.45906323125000004 0.68553125 0.4571428578125 0.69259375 0.45810304375 0.69709375 0.4677283375 0.70415625 0.48025761093749997 0.7092968749999999 0.5072131140625 0.7092968749999999 0.538992975 0.7092968749999999 0.5553629984375 0.7073750000000001 0.5746135828125001 0.706078125 0.5871428578125 0.700296875 0.5938875875 0.696453125 0.59002341875 0.696453125 0.59098360625 0.693875 0.58810304375 0.68553125
9 0.620491803125 0.46867187499999996 0.6029508203125 0.47890625 0.60512880625 0.48475 0.6226697890625 0.48035937500000003 0.6643091328125 0.47890625 0.6643091328125 0.47525000000000006 0.6708899296874999 0.46428125 0.6489695546875 0.4101875 0.6281498828125 0.399953125 0.6084309140624999 0.40214062500000003 0.6062295078125 0.41090625000000003 0.6062295078125 0.420421875 0.6237704921875 0.43357812500000004 0.6270491796875 0.4365 0.6237704921875 0.44381250000000005 0.620491803125 0.46867187499999996
8 0.3902107734375 0.478734375 0.40807962499999995 0.3658125 0.4806089 0.372828125 0.49323185 0.37071875 0.511100703125 0.361609375 0.511100703125 0.35529687499999996 0.503723653125 0.353890625 0.46063231875 0.33846875 0.41859484843750006 0.318828125 0.393372365625 0.3209375 0.29770491875 0.342671875 0.2724824359375 0.35109375 0.301920375 0.35459375 0.31451990625000004 0.356703125 0.3155737703125 0.369328125 0.40072599531249997 0.366515625 0.3828571421875 0.482234375 0.3902107734375 0.478734375
9 0.191007025 0.581796875 0.1792505859375 0.58140625 0.18100702500000002 0.5951562499999999 0.18100702500000002 0.6159687500000001 0.1857142859375 0.6226406250000001 0.18395784531249998 0.6308906249999999 0.1857142859375 0.6340312499999999 0.20220140468749997 0.632453125 0.213372365625 0.6226406250000001 0.2127868859375 0.618328125 0.21749414531250003 0.561390625 0.2210304453125 0.560984375 0.22690866562499998 0.5602031249999999 0.2310304453125 0.5543125 0.2292740046875 0.547640625 0.231615925 0.5448906250000001 0.2345667453125 0.52565625 0.231615925 0.49934375 0.228688525 0.4958125 0.220444965625 0.49031250000000004 0.21573770468750003 0.48089062499999996 0.209836065625 0.475 0.20866510468750002 0.47853124999999996 0.189836065625 0.471078125 0.2004215453125 0.53075 0.20161592499999997 0.56728125 0.191007025 0.581796875
9 0.1744262296875 0.44029687500000003 0.1799531609375 0.436609375 0.185971896875 0.436265625 0.1925058546875 0.427890625 0.1925058546875 0.42553124999999997 0.1879859484375 0.41950000000000004 0.1829508203125 0.41546874999999994 0.1809601875 0.411453125 0.1809601875 0.40709375000000003 0.1774238875 0.404734375 0.16838407500000002 0.40171875 0.1628571421875 0.404078125 0.16032786875 0.412796875 0.16334894687499998 0.4185 0.1593442625 0.43324999999999997 0.16032786875 0.43728125 0.1623419203125 0.43962500000000004 0.1744262296875 0.44029687500000003
9 0.160796253125 0.44203125 0.148243559375 0.4386875 0.1507494140625 0.41775 0.138196721875 0.40603125 0.1118266984375 0.399328125 0.08421545625 0.394296875 0.0704215453125 0.400171875 0.06915690937499999 0.44371875000000005 0.07793910937500001 0.45292187500000003 0.0653864171875 0.47553124999999996 0.035269320312500005 0.539171875 0.02775175625 0.5584374999999999 0.040304450000000006 0.56596875 0.067915690625 0.5567656249999999 0.0653864171875 0.64971875 0.0829742390625 0.71921875 0.07543325468749999 0.733453125 0.11686182656249999 0.7368125 0.125644028125 0.71503125 0.11936768125 0.607 0.1419672125 0.6530625 0.1683138171875 0.67484375 0.1695784546875 0.65390625 0.182131146875 0.6346406250000001 0.18337236562499998 0.5802031249999999 0.20220140468749997 0.56346875 0.19215456718749999 0.470515625 0.1745901640625 0.45543750000000005 0.160796253125 0.44203125
9 0.38002341875 0.40970312499999995 0.38149882968750004 0.40239062499999995 0.3712646375 0.40239062499999995 0.3734426234375 0.40774999999999995 0.367611240625 0.412140625 0.3654098359375 0.422875 0.3749180328125 0.4301875 0.37419203749999996 0.439453125 0.380772834375 0.4501875 0.385152225 0.452625 0.3902576109375 0.44920312500000004 0.3858782203125 0.4253125 0.38660421562499997 0.41165624999999995 0.38002341875 0.40970312499999995
9 0.19512880625 0.40412499999999996 0.18840749375000002 0.401625 0.182435596875 0.405359375 0.1854098359375 0.413078125 0.189531615625 0.421296875 0.19325526875000001 0.43624999999999997 0.20482435625 0.439984375 0.21229508125000002 0.43773437499999995 0.21229508125000002 0.43624999999999997 0.20967213125 0.43499999999999994 0.21004683906250002 0.42853125 0.20519906250000003 0.41931250000000003 0.1955035125 0.408109375 0.19512880625 0.40412499999999996
9 0.2539812640625 0.434640625 0.25608899375 0.42984375 0.2586416859375 0.424484375 0.25906323124999997 0.412921875 0.2531381734375 0.412640625 0.2484777515625 0.42223437500000005 0.24002341875000002 0.42476562500000004 0.24213114687499998 0.435765625 0.24468384062499998 0.442828125 0.25103044531249996 0.44310937499999997 0.25103044531249996 0.43689062500000003 0.2539812640625 0.434640625
8 0.3968149890625 0.39390625 0.41482435625 0.39390625 0.41641686250000004 0.3808125 0.3862060890625 0.37303125000000004 0.3586182671875 0.3744375 0.33901639375000003 0.3786875 0.374004684375 0.390359375 0.3968149890625 0.39390625
9 0.0456908671875 0.41432812500000005 0.0494613578125 0.42592187499999995 0.0541451984375 0.429375 0.056978923437499995 0.4325 0.0541451984375 0.43470312499999997 0.041007025 0.43751562499999996 0.026908665625 0.44034375 0.017517564062499998 0.44942187499999997 0.017517564062499998 0.459453125 0.017517564062499998 0.46290624999999996 0.0240983609375 0.47512499999999996 0.027377048437500003 0.48892187500000006 0.0245667453125 0.5039687500000001 0.0240983609375 0.5186875 0.022201404687500002 0.5378125 0.03676815 0.532171875 0.0602576109375 0.48581250000000004 0.0757611234375 0.452265625 0.07906323125 0.4463125 0.079531615625 0.44506249999999997 0.07482435625 0.440359375 0.0724824359375 0.43346875 0.0715456671875 0.4215625 0.068243559375 0.407765625 0.0696487125 0.40149999999999997 0.0715456671875 0.40178125 0.0654332546875 0.40021874999999996 0.052740046875 0.40084375000000005 0.04615925 0.407109375 0.0456908671875 0.41432812500000005
8 0.1070726 0.39184375 0.1194145203125 0.398140625 0.1342857140625 0.403703125 0.14805620625 0.406375 0.1542388765625 0.406375 0.161475409375 0.40395312499999997 0.174543325 0.40298437500000006 0.18651053906249998 0.401046875 0.195948478125 0.397890625 0.2028337234375 0.394265625 0.2028337234375 0.391359375 0.18433255312500002 0.38215625000000003 0.15459016406249998 0.375390625 0.1208665109375 0.37684375000000003 0.12014051562500001 0.375875 0.111428571875 0.38071875 0.1070726 0.39184375
9 0.4087822015625 0.44178125 0.41290398125000005 0.440015625 0.4158548015625 0.440609375 0.4170491796875 0.42228125 0.4208899296875 0.4205 0.4211709609375 0.41360937499999995 0.42000000000000004 0.408875 0.41468384062499997 0.40690625 0.41231850156250005 0.40532812500000004 0.41231850156250005 0.3988125 0.4099531609375 0.397234375 0.4064168625 0.39665625000000004 0.40405152187500004 0.39782812500000003 0.4031615921875 0.400796875 0.4028571421875 0.404734375 0.400491803125 0.40690625 0.39901639375000003 0.42246875 0.40580796250000006 0.42523437499999994 0.407587821875 0.425625 0.4087822015625 0.44178125