2 0.24351562499999999 0.650515221875 0.24479687499999997 0.6462295078125 0.257671875 0.6462295078125 0.2583125 0.65194379375 0.260703125 0.6531381734374999 0.26546875000000003 0.6522014046875 0.266578125 0.6469555031249999 0.284390625 0.6469555031249999 0.28454687500000003 0.652435596875 0.291703125 0.6512412171874999 0.291875 0.644332553125 0.29314062500000004 0.64290398125 0.2925 0.6262060890625001 0.290921875 0.617868853125 0.287734375 0.6121545671875 0.284875 0.6104683843750001 0.25353125 0.6133255265625001 0.23921874999999998 0.6316861828125 0.23859375 0.6502810296875 0.24112499999999998 0.6512412171874999 0.24351562499999999 0.650515221875
2 0.133953125 0.6313348953125 0.13539062500000001 0.6313348953125 0.1359375 0.6302576109375 0.14170312499999999 0.6313348953125 0.14170312499999999 0.634847775 0.1449375 0.634847775 0.147640625 0.634028103125 0.14890625 0.62969555 0.1635 0.630515221875 0.164578125 0.6318735359375001 0.16675 0.6318735359375001 0.166390625 0.6178220140625 0.163859375 0.607283371875 0.142421875 0.6062060890625001 0.133046875 0.6202576109375 0.133046875 0.627540984375 0.13340625 0.62997658125 0.133953125 0.6313348953125
2 0.136421875 0.6141217796875 0.13609374999999999 0.6136065578125 0.13474999999999998 0.6136065578125 0.131390625 0.61159250625 0.12603124999999998 0.611100703125 0.11965624999999999 0.6181498828125 0.1183125 0.6181498828125 0.11260937499999998 0.6201405156249999 0.11126562499999999 0.629203746875 0.112265625 0.6342388765625 0.11696875 0.6302107734375 0.12165625 0.63323185 0.12267187500000001 0.6352459015624999 0.125359375 0.6352459015624999 0.126359375 0.628688525 0.12803124999999999 0.628688525 0.13273437500000002 0.629203746875 0.1320625 0.6261826703125 0.132390625 0.6196487125 0.136421875 0.6141217796875
8 0.8673125 0.411428571875 0.8354531250000001 0.419812646875 0.840625 0.535971896875 0.8686093749999999 0.537915690625 0.8673125 0.411428571875
8 0.9426406249999999 0.39688524531249997 0.9028437500000001 0.3979625296875 0.9078125 0.55030445 0.9440625 0.55030445 0.9426406249999999 0.39688524531249997
8 0.8729947921875001 0.46443403437499997 0.8699479171875 0.46658860156250004 0.8749114578125001 0.47755659687499996 0.8688177078124999 0.48186573125 0.876828125 0.49067915624999997 0.8787447921875 0.5038017171875 0.8676875000000001 0.4971428578125 0.871609375 0.5163466046875 0.86978125 0.541803278125 0.882578125 0.5300468390625 0.8806614578125 0.5169242781250001 0.8778750000000001 0.51320843125 0.882578125 0.49674473125 0.8849375 0.45482435624999995 0.8776171875 0.447388759375 0.88128125 0.439555034375 0.8820625 0.41487119375 0.8669062500000001 0.4207494140625 0.8759218750000001 0.43073770468749994 0.870296875 0.4399531609375 0.8729947921875001 0.46443403437499997
9 0.446859375 0.6669789234375 0.44743750000000004 0.6644262296875 0.446578125 0.6546370015625 0.446578125 0.6499531609375 0.4485625 0.644847775 0.449984375 0.6380327875 0.449984375 0.636323184375 0.449984375 0.6337704921875 0.45028125 0.6286651046875 0.45084375000000004 0.62482435625 0.45084375000000004 0.6205620609375 0.45028125 0.6158782203125 0.44771875000000005 0.6141920375 0.44459375 0.6150351281249999 0.443734375 0.618875878125 0.443734375 0.62482435625 0.443453125 0.6303512875 0.443171875 0.6341920375 0.44175000000000003 0.6490866515625 0.44175000000000003 0.6631381734375 0.44203125 0.6669789234375 0.44573437499999996 0.668688525 0.446859375 0.6669789234375
9 0.400703125 0.619836065625 0.395625 0.614988290625 0.393328125 0.614988290625 0.39078124999999997 0.6181030437499999 0.39125 0.6236299765625 0.3919375 0.6288290390625 0.3889375 0.6360889937499999 0.389171875 0.6402341921875 0.388484375 0.6444028109375 0.385484375 0.6429976578125001 0.38109375 0.643348946875 0.383171875 0.6502810296875 0.389859375 0.6474941453125 0.390328125 0.6474941453125 0.39309375 0.6620374703125 0.393328125 0.6685948484375001 0.39309375 0.6765573765624999 0.39632812500000003 0.67517564375 0.398625 0.6710304453125 0.399328125 0.6661826703125 0.39909374999999997 0.6648009375 0.39725 0.6547775171875 0.39909374999999997 0.643700234375 0.40093750000000006 0.63679156875 0.400703125 0.619836065625
9 0.8000937499999999 0.6470726 0.800734375 0.64969555 0.800421875 0.6542388765625 0.79834375 0.6578220140625 0.7985 0.6625995312499999 0.8000937499999999 0.668571428125 0.800734375 0.676932084375 0.8008906250000001 0.6876814984374999 0.8053593749999999 0.688875878125 0.80759375 0.6872131140625 0.8079062499999999 0.68194379375 0.808546875 0.6692974234375 0.80934375 0.6614051515625 0.8095000000000001 0.651124121875 0.80934375 0.63679156875 0.805671875 0.631779859375 0.805203125 0.6270023421875 0.8016875000000001 0.622224825 0.799296875 0.6226932078125 0.7981874999999999 0.6236533953125 0.800421875 0.632740046875 0.7999375 0.6355971890625 0.799625 0.6403747078124999 0.799625 0.641100703125 0.8000937499999999 0.6470726
9 0.800734375 0.6563231843749999 0.7994375 0.642060890625 0.79596875 0.6355737703125001 0.792078125 0.62325526875 0.789484375 0.6258548015625001 0.788625 0.6291100703125 0.7873281249999999 0.642716628125 0.788625 0.651147540625 0.789046875 0.651779859375 0.79078125 0.653091334375 0.791640625 0.6679859484375 0.789484375 0.6809601875 0.792078125 0.6848477749999999 0.7938125 0.68679156875 0.7985625 0.6945667453125 0.800734375 0.6563231843749999
9 0.765359375 0.6815456671875 0.7656562499999999 0.6869086656250001 0.770734375 0.6873536296875 0.7758125 0.6869086656250001 0.774328125 0.681100703125 0.773421875 0.6694379390625 0.774625 0.6618266984375001 0.77521875 0.6564637 0.7773125000000001 0.650187353125 0.7773125000000001 0.6434660421875 0.774625 0.6381030437499999 0.773421875 0.63093676875 0.77253125 0.6237704921875 0.76834375 0.628243559375 0.7656562499999999 0.638548009375 0.764765625 0.6425761125 0.7635625 0.6448009375 0.7656562499999999 0.6591334890625 0.7656562499999999 0.66810304375 0.765359375 0.6752693203125 0.765359375 0.6815456671875
9 0.374953125 0.6355503515625001 0.375640625 0.6284074937499999 0.375640625 0.6216627640625 0.37453125 0.6143091328125 0.374671875 0.6100936765625 0.3755 0.6058782203125 0.37453125 0.6073536296875 0.372 0.61093676875 0.370875 0.61451990625 0.3714375 0.6229274 0.36890625 0.6328337234375 0.3691875 0.6425058546875 0.3691875 0.6485948484375 0.369609375 0.655339578125 0.3736875 0.6568149890625 0.374671875 0.655339578125 0.373828125 0.6515456671875001 0.374953125 0.6355503515625001
13 0.909734375 0.6949414515625 0.94934375 0.69967213125 0.999671875 0.7002810296875001 1 0.6622716625 0.997296875 0.6610772828125 0.9758906250000001 0.6355503515625001 0.913296875 0.6337704921875 0.9085468750000001 0.6450585484375 0.906953125 0.6658313812500001 0.909734375 0.6949414515625
13 0.2445 0.647587821875 0.245359375 0.643747071875 0.258734375 0.645035128125 0.25903125 0.6488758781249999 0.25987499999999997 0.651428571875 0.26187499999999997 0.6531381734374999 0.265 0.6518501171875 0.266140625 0.650163934375 0.26756250000000004 0.646323184375 0.28465625 0.6458782203125 0.2855 0.651007025 0.28976562499999997 0.6518501171875 0.29034375 0.6488758781249999 0.291765625 0.643747071875 0.2931875 0.64290398125 0.292328125 0.6254098359375 0.28721874999999997 0.611311475 0.2573125 0.611756440625 0.252765625 0.6143091328125 0.240234375 0.6288056203125 0.23937499999999998 0.62967213125 0.23853125 0.6326463703125 0.237953125 0.634355971875 0.23767187500000003 0.650163934375 0.239953125 0.65229508125 0.24365625 0.651007025 0.2445 0.647587821875
9 0.77890625 0.621756440625 0.7770312500000001 0.6270726 0.777234375 0.6292505859374999 0.775984375 0.6376814984375 0.776828125 0.64487119375 0.7753593750000001 0.6542388765625 0.774328125 0.6648477749999999 0.775984375 0.679531615625 0.779109375 0.6829742390625 0.78578125 0.681100703125 0.7889062499999999 0.6814051515624999 0.791828125 0.669859484375 0.792859375 0.6558079625000001 0.789109375 0.6473770484375 0.787859375 0.6386182671875 0.788703125 0.6292505859374999 0.786828125 0.6248946140625 0.784953125 0.6233255265625 0.783484375 0.6205152218750001 0.77890625 0.621756440625