0 0.5945625 0.8970416671875 0.65575 0.9061041671875 0.68975 0.8625833328124999 0.72646875 0.8643958328125001 0.733265625 0.8172708328124999 0.757734375 0.7665 0.77134375 0.770125 0.78221875 0.8498958328124999 0.8243750000000001 0.8934166671874999 0.842046875 0.8589583328125 0.8379687499999999 0.8498958328124999 0.8135 0.7791875 0.7849375000000001 0.7519791671875 0.74821875 0.6794583328125 0.760453125 0.6631458328125001 0.7536562499999999 0.6522708328125 0.7509375 0.6649583328124999 0.7060625 0.6722083328124999 0.676140625 0.6776458328125 0.67478125 0.7084791671875 0.7210156249999999 0.6939583328125 0.7359843749999999 0.6976041671875 0.738703125 0.7302291671875001 0.7169375 0.8045625 0.6802343750000001 0.784625 0.666625 0.7247916671875 0.665265625 0.6921458328125001 0.64759375 0.6903333328125 0.635359375 0.7102916671874999 0.648953125 0.7284166671875 0.6448750000000001 0.7338541671875001 0.60271875 0.7175416671875 0.606796875 0.7483541671875 0.60271875 0.7447291671875 0.56871875 0.7973125 0.56328125 0.8317708328125001 0.575515625 0.8281458328125 0.5945625 0.8970416671875
0 0.3886959640625 0.99591493125 0.394665440625 0.9986470578125 0.39675781250000003 0.9962291671875001 0.4029016546875 0.9987598046875 0.4048196609375 0.9965434015625 0.4111378671875 0.99887255 0.41288151093750003 0.9968576390624999 0.41937408125 0.99898529375 0.420943359375 0.997171875 0.42761029375000004 0.9990980390624999 0.4290052078125 0.9974861109375001 0.43584650781249995 0.9992107828125001 0.4370670578125 0.9978003484375 0.4440827203125 0.9993235296874999 0.44512890625 0.9981145828125 0.49349999999999994 1 0.51671875 0.9858958328125 0.528671875 0.969 0.506859375 0.9530625 0.475203125 0.9511875 0.41046875 0.9652499999999999 0.37790625 0.9840119046875 0.3806341140625 0.9956006937499999 0.372572265625 0.9952864578125 0.369765625 0.9887023812500001 0.3645104171875 0.9949722234375 0.361625 0.9933928562500001 0.3564485671875 0.9946579859375 0.35348437499999996 0.9980833328125 0.34838671875 0.99434375 0.300015625 0.9924583328125 0.3049375 0.9793333328125 0.300015625 0.9530625 0.2859427078125 0.9636875 0.27890625 0.969 0.279609375 0.9971458328124999 0.386429228125 0.9985343140625 0.3886959640625 0.99591493125
0 0.254859375 0.7035 0.252171875 0.676625 0.262921875 0.6694583328125 0.273 0.6685625 0.273 0.6622916671875 0.26090625 0.6587083328125 0.250828125 0.6667708328125 0.238734375 0.6569166671875 0.232015625 0.6560208328125 0.207140625 0.6613958328125 0.20982812499999998 0.6694583328125 0.23134375000000001 0.6694583328125 0.24343750000000003 0.6748333328125 0.25015624999999997 0.7124583328125 0.254859375 0.7035
8 0.43834375000000003 0.9436249999999999 0.4533125 0.9253125000000001 0.45082812499999997 0.9585833328125 0.46018749999999997 0.9585833328125 0.462671875 0.9436249999999999 0.463296875 0.9103333328125001 0.463296875 0.887875 0.45893750000000005 0.8604166671875 0.44520312500000003 0.8446041671875 0.44021875 0.8362916671875 0.42898437500000003 0.8362916671875 0.40340625 0.8620833328125 0.391546875 0.882875 0.3828125 0.9195 0.38156249999999997 0.9585833328125 0.38406250000000003 0.9785625 0.38406250000000003 0.9793958328124999 0.43709375 0.9610833328125 0.43834375000000003 0.9436249999999999
8 0.0546875 0.6622291671875 0.079171875 0.6714791671875 0.093859375 0.6638541671875 0.10037499999999999 0.6410208328125 0.10079687500000001 0.6257708328125 0.096296875 0.6018541671875 0.093859375 0.5838958328125 0.0901875 0.5795416671875 0.081203125 0.5757291671875 0.079171875 0.5719166671875 0.0763125 0.5659375 0.071 0.5692083328125 0.071 0.5751875 0.058765625 0.5735625 0.052234375 0.5741041671875 0.04896875 0.5784583328124999 0.04896875 0.5817083328125 0.06284375 0.579 0.06325 0.60075 0.05795312500000001 0.6252291671875 0.050203125 0.6459166671875 0.0546875 0.6622291671875
9 0.075828125 0.5510833328125 0.075828125 0.5363958328125 0.059687500000000004 0.5315208328125001 0.04575 0.5334791671875 0.03328125 0.5461875 0.032546874999999996 0.5520625 0.034015625 0.5696666671874999 0.040625 0.5784583328124999 0.039890625 0.5921666671875 0.034749999999999996 0.6156458328125 0.02740625 0.63325 0.000265625 0.6342291671875 0.000265625 0.6488958328125001 0.01640625 0.6469375 0.030343750000000003 0.649875 0.032546874999999996 0.6674791671875 0.032546874999999996 0.6801875 0.02740625 0.69975 0.01934375 0.7222500000000001 0.012734375000000001 0.7516041671875 0.021546875 0.7594166671875 0.026687499999999996 0.7770208328125 0.020078125 0.8318125000000001 0.00246875 0.851375 0.0039375 0.85625 0.038421875 0.8533333328125 0.040625 0.8503958328125 0.038421875 0.8366875 0.039890625 0.8210416671875 0.04575 0.7643125000000001 0.06703125 0.7995208328125 0.067765625 0.8181041671875 0.058953124999999995 0.8357083328125 0.064828125 0.8386458328125 0.098578125 0.8151875000000001 0.09784375 0.81225 0.08317187499999999 0.7917083328125 0.05603125 0.7545416671875 0.067765625 0.7251875 0.08903124999999999 0.7026875 0.089765625 0.6674791671875 0.10296875000000001 0.6361666671874999 0.0993125 0.599 0.08684375 0.5784583328124999 0.08903124999999999 0.5823750000000001 0.06703125 0.56575 0.075828125 0.5510833328125
9 0.9474218750000001 0.6747708328125 0.939015625 0.6972291671875 0.9374375 0.70775 0.939015625 0.7673541671875 0.9132031250000001 0.8198541671875 0.912296875 0.8238125000000001 0.918015625 0.8338958328125001 0.921453125 0.8351041671875 0.9143593750000001 0.8198541671875 0.9237343750000001 0.8198541671875 0.935959375 0.7778541671875 0.9395468749999999 0.7757708328125 0.941640625 0.784875 0.94059375 0.7947083328125 0.9348124999999999 0.8129375 0.9348124999999999 0.8367708328125 0.9553125 0.8381875000000001 0.95584375 0.8073333328125001 0.957421875 0.8003125000000001 0.980046875 0.7533333328125 0.9942343749999999 0.7112499999999999 0.997921875 0.6944166671875001 0.9958125000000001 0.6726666671875 0.9984531249999999 0.6719791671875 1 0.6691666671875 0.9989687500000001 0.6425208328124999 0.991609375 0.6207708328125 0.97478125 0.6123541671875 0.97425 0.5976250000000001 0.967421875 0.5801041671875 0.95846875 0.5766041671875 0.9532187499999999 0.5766041671875 0.9458437500000001 0.5822083328125001 0.94321875 0.594125 0.94321875 0.5997291671875 0.9490000000000001 0.6123541671875 0.9553125 0.619375 0.946375 0.6277916671875 0.9305937500000001 0.6467291671875001 0.929546875 0.65725 0.93165625 0.6614583328125 0.9474218750000001 0.6705625000000001 0.9474218750000001 0.6747708328125
9 0.42809375000000005 0.6494375 0.41965624999999995 0.6247291671874999 0.411234375 0.5820208328125 0.39437500000000003 0.5797708328125 0.387640625 0.60675 0.38090625 0.6292083328125 0.37078125 0.6629166671875 0.384265625 0.6808958328125 0.37921875 0.7393333328125 0.42134375 0.7528125 0.416296875 0.7258333328125001 0.42809375000000005 0.6494375
9 0.554125 0.7929375000000001 0.5647031250000001 0.7505833328125 0.555875 0.7152916671875 0.5629375 0.6517708328125 0.545296875 0.5388333328125 0.527640625 0.5364791671875 0.50646875 0.5552916671875 0.51 0.5811666671875 0.518828125 0.6047083328125 0.501171875 0.6305833328125 0.504703125 0.6705833328125 0.49235937500000004 0.6705833328125 0.474703125 0.6799999999999999 0.49940625 0.6964791671875 0.5029375 0.7176458328125 0.504703125 0.7623541671875 0.501171875 0.9435208328125 0.471171875 0.9835208328125 0.518828125 0.9741250000000001 0.554125 0.9670624999999999 0.554125 0.7929375000000001
9 0.22484375 0.7266458328125001 0.22726562499999997 0.7008125 0.223390625 0.678875 0.22726562499999997 0.675 0.22726562499999997 0.6672708328125 0.21032812500000003 0.6692083328125 0.21081249999999999 0.6614583328125 0.22871875 0.658875 0.23790624999999999 0.6543541671875001 0.23259375000000002 0.6253124999999999 0.22871875 0.6201458328125 0.21612499999999998 0.6143541671875 0.21709375 0.6104791671875 0.22000000000000003 0.60725 0.22290625 0.5995 0.21903125 0.5827291671875 0.21032812500000003 0.5840208328125 0.21226562499999999 0.5878958328125 0.21081249999999999 0.6020833328124999 0.20403125000000003 0.6059583328125 0.2030625 0.611125 0.194359375 0.6156458328125 0.201125 0.62725 0.19339062499999998 0.6679166671875 0.194359375 0.7105 0.208875 0.786 0.21564062499999997 0.7892291671875 0.21612499999999998 0.7537499999999999 0.22000000000000003 0.7556666671875 0.22484375 0.7266458328125001
9 0.6166406249999999 0.7073333328125 0.631640625 0.7248333328125 0.631640625 0.6823333328125 0.635390625 0.6510833328125 0.641015625 0.6223541671875 0.6428906249999999 0.6036041671875 0.620390625 0.5848541671875 0.622265625 0.5748541671875 0.617578125 0.5598541671875 0.597890625 0.5636041671875 0.596953125 0.5948541671875 0.58946875 0.5998541671875001 0.5819687499999999 0.6473333328125 0.5932031249999999 0.6660833328125 0.5885312500000001 0.6960833328125 0.598828125 0.6985833328125 0.608203125 0.7010833328125 0.6166406249999999 0.7073333328125
9 0.65928125 0.6394375 0.66484375 0.6542916671875 0.6696093750000001 0.6903541671875 0.67040625 0.6914166671875 0.6839375000000001 0.6871666671875001 0.6895 0.6935208328125 0.6811484375 0.6977708328125 0.678359375 0.708375 0.6719999999999999 0.7168541671875001 0.67359375 0.7168541671875001 0.6719999999999999 0.7380833328125 0.684734375 0.7667083328125 0.6879062499999999 0.7709583328125 0.6978515625 0.76353125 0.702234375 0.7688333328125 0.699046875 0.7794375 0.697453125 0.8123125 0.7014375 0.813375 0.707796875 0.8123125 0.71178125 0.8070208328125 0.710984375 0.7698958328125001 0.707796875 0.7561041671875001 0.710984375 0.7077375 0.704609375 0.6998958328125 0.71178125 0.6956458328124999 0.70859375 0.6532291671875 0.71178125 0.6479166671875001 0.71575 0.6320208328125 0.7165468749999999 0.607625 0.7125781250000001 0.5959583328125 0.697453125 0.5895833328125 0.6926875 0.5842916671875 0.6926875 0.57475 0.69665625 0.5609583328125 0.6895 0.5482291671875 0.678359375 0.5482291671875 0.6719999999999999 0.5524791671875 0.671203125 0.5567083328125 0.67359375 0.5779166671875 0.678359375 0.5864166671875 0.6719999999999999 0.5906458328124999 0.65928125 0.6394375
9 0.563734375 0.7427708328125 0.568984375 0.7480208328125 0.5860624999999999 0.7515208328125 0.57559375 0.7015416671875 0.5722968749999999 0.6591458328125 0.5722968749999999 0.6518333328125 0.5816250000000001 0.6474375 0.5816250000000001 0.6372083328125 0.5816250000000001 0.6364791671875001 0.578890625 0.6174791671875 0.57175 0.6065 0.566828125 0.5882291671875 0.564078125 0.5765208328125 0.5596875 0.572875 0.554203125 0.5757916671875 0.5503750000000001 0.5860416671875 0.5569531249999999 0.6065 0.553234375 0.6184583328125 0.553234375 0.6885 0.563734375 0.7427708328125
9 0.45062499999999994 0.6506875 0.45759375 0.652875 0.46684374999999995 0.7196875 0.46684374999999995 0.7983333328125 0.4703125 0.810375 0.46823437500000004 0.8339583328125 0.46857812499999996 0.8446041671875 0.462328125 0.8867083328125 0.463375 0.908 0.4765625 0.9098541671874999 0.4841875 0.9010624999999999 0.481765625 0.8834791671875 0.49424999999999997 0.8302708328125 0.495296875 0.8122291671875 0.4998125 0.7960208328125 0.5015468750000001 0.7164375 0.498421875 0.7122708328125 0.4691015625 0.7083541671875 0.471359375 0.6970208328124999 0.4839389203125 0.6567253796875 0.50103125 0.670375 0.5051249999999999 0.670375 0.504171875 0.657625 0.49870833281250004 0.65780555625 0.4963854171875 0.6452361109375 0.50321875 0.6448750000000001 0.5022656249999999 0.632125 0.518234375 0.6026041671875 0.51209375 0.59440625 0.5028082390625 0.5962821984375 0.505953125 0.5862083328125001 0.50840625 0.5654583328125 0.5022656249999999 0.5583541671875001 0.5014375 0.5375833328125 0.48464062500000005 0.5282916671875 0.4735625 0.5343125 0.466609375 0.5501458328125 0.470296875 0.5725625 0.45881249999999996 0.5818333328125 0.452265625 0.6009583328125 0.44857812499999994 0.6195416671875 0.44529687500000004 0.6288333328125 0.44529687500000004 0.6430416671875 0.45062499999999994 0.6506875
9 0.35871875000000003 0.645 0.36209375 0.6585208328125 0.363546875 0.6823333328125 0.368859375 0.7364375 0.377546875 0.7383541671875 0.375625 0.7075 0.37706249999999997 0.7023541671875 0.376578125 0.6913958328125 0.370796875 0.6939791671875 0.366921875 0.68625 0.364515625 0.6772291671875 0.368859375 0.6682291671875 0.36789062499999997 0.6553333328125001 0.37271875 0.6360208328125 0.377546875 0.6147708328125 0.38865625000000004 0.6057708328125 0.388171875 0.5948125 0.38625 0.5780833328125 0.381421875 0.5716458328125 0.376109375 0.5697083328125 0.368375 0.5761458328125 0.366921875 0.5812916671874999 0.368859375 0.5909583328125 0.368859375 0.5986875 0.37465625 0.6076875 0.37465625 0.6095833328125 0.36257812500000003 0.6385625 0.35871875000000003 0.645
9 0.29235937500000003 0.6457291671875 0.294296875 0.6534791671875 0.290421875 0.678 0.290421875 0.6876666671875 0.288484375 0.6999375 0.288 0.7096041671875 0.289609375 0.7142395828125 0.28315625 0.72575 0.2860625 0.7283333328125 0.293328125 0.7283333328125 0.299125 0.7212291671875 0.30396875 0.7302708328125 0.308328125 0.7212291671875 0.31510937499999997 0.7322083328125 0.316546875 0.7289791671875 0.321875 0.729625 0.32429687500000004 0.7283333328125 0.323328125 0.7167083328125 0.30978125 0.7134791671875 0.30784375 0.7186458328125 0.29557812499999997 0.7053125 0.301546875 0.6963854171875 0.30396875 0.7005833328125 0.31510937499999997 0.6999375 0.316078125 0.6889583328125 0.3238125 0.6980000000000001 0.32429687500000004 0.6908958328125 0.322359375 0.6715416671875001 0.319453125 0.6696041671875 0.313484375 0.67853125 0.306875 0.6670208328125 0.306875 0.6560416671875 0.302515625 0.6470208328125 0.308328125 0.6418541671875 0.310265625 0.6366875000000001 0.307359375 0.6160416671875 0.310265625 0.6005416671875 0.33640625 0.6121666671875 0.336875 0.6199166671875 0.340265625 0.6218541671875 0.345109375 0.6231458328125 0.35140625000000003 0.6218541671875 0.342203125 0.5979791671875 0.3335 0.5992708328125 0.33640625 0.590875 0.32865625 0.5895833328125 0.321390625 0.5953958328125 0.3238125 0.5798958328125 0.32575 0.5747291671875 0.32575 0.5624791671875 0.321875 0.5534375 0.314140625 0.5502083328125 0.301546875 0.5579583328125 0.30203125000000003 0.5650625 0.3010625 0.5721666671875 0.299609375 0.5740833328125 0.305421875 0.5837708328125 0.297671875 0.5889375 0.291875 0.5960416671875 0.2860625 0.6095833328125 0.282671875 0.6218541671875 0.28121874999999996 0.6328125 0.281703125 0.6412083328125 0.28509375000000003 0.6470208328125 0.29235937500000003 0.6457291671875
9 0.0106171875 0.6348333328125 0.01225 0.6473541671875 0.0008281250000000001 0.6500625 0.0072578124999999995 0.7379166671874999 0.0036875 0.7751875 0.00490625 0.780625 0.001234375 0.7963958328125 0.009796875 0.799125 0.01184375 0.789875 0.0175625 0.7958541671875 0.0075625 0.7273125 0.008171875 0.7061041671875 0.0191875 0.7022916671874999 0.0191875 0.6468125 0.0208125 0.635375 0.023265625 0.6310208328125 0.021234375 0.6136250000000001 0.026937499999999996 0.5940416671875 0.02653125 0.5864166671875 0.035921875 0.58425 0.034687499999999996 0.5777083328125 0.02815625 0.5684791671875 0.022046875 0.5662916671875 0.01796875 0.5624791671875 0.01959375 0.5570416671875 0.02653125 0.5570416671875 0.0330625 0.5532291671875 0.038359375 0.5352916671875 0.03959375 0.5260416671875 0.03428125 0.5184166671875 0.02734375 0.5129791671875 0.015921875 0.5129791671875 0.008578125 0.5200625 0.0045 0.5407291671875 0 0.5439791671875 0.00042187500000000005 0.6342916671875 0.0106171875 0.6348333328125
0 0.014124999999999999 0.9035208328125 0.007062499999999999 0.9199999999999999 0 0.945875 0.0017656249999999998 0.9835208328125 0.16412500000000002 0.9882291671875001 0.15 0.9388333328125 0.10587500000000001 0.905875 0.045875 0.8847083328125 0.014124999999999999 0.9035208328125
0 0.714921875 0.8173541671875 0.718890625 0.80728125 0.72490625 0.8112083328124999 0.72859375 0.8019916671875 0.73259375 0.8101875 0.73259375 0.8206333328125 0.7341249999999999 0.8204166671875001 0.734890625 0.8276041671875 0.73259375 0.8310791671875 0.737203125 0.8398749999999999 0.73259375 0.8415250000000001 0.73259375 0.8519708328125001 0.729515625 0.8552500000000001 0.73259375 0.8624166671875001 0.754875 0.8562708328124999 0.770234375 0.8409166671875001 0.777140625 0.8265625 0.77656640625 0.79353125 0.823234375 0.7989166671875 0.8270781250000001 0.8081250000000001 0.836296875 0.818375 0.8585625 0.8572916671874999 0.8839218750000001 0.8675416671875 0.910796875 0.8613958328125 0.9292343750000001 0.8532083328125 0.936921875 0.8286250000000001 0.934609375 0.8040416671875 0.9277031250000001 0.7784375 0.910796875 0.7569166671875001 0.8793124999999999 0.7374583328125001 0.8516562499999999 0.7456666671875001 0.8447421875 0.74003125 0.8485781250000001 0.733375 0.844734375 0.7272291671875 0.837828125 0.7343958328125 0.8316874999999999 0.7292708328125 0.8370625 0.7046875 0.84090625 0.7098125 0.8554999999999999 0.6985416671875 0.8554999999999999 0.6903541671875 0.837828125 0.6903541671875 0.826296875 0.6852291671875 0.8270781250000001 0.70059375 0.8170937500000001 0.6965 0.815883928125 0.7240029765625 0.8142321421875 0.7318988109375 0.8066607140625001 0.7291190484375 0.8079821421875 0.7213690484375 0.7990892859375001 0.7263392859375 0.8000803578125 0.71873511875 0.792178571875 0.7161011890625 0.7915178578125001 0.7235595234375001 0.7839464281249999 0.7207797625000001 0.7842767859374999 0.7134672625 0.776375 0.7108333328125 0.776375 0.718 0.7366875 0.74105555625 0.738734375 0.7569166671875001 0.7351536453125 0.7582916671875 0.72875 0.7456666671875001 0.709546875 0.7528333328125 0.691109375 0.7743333328124999 0.69034375 0.7815000000000001 0.696484375 0.7978958328125 0.7049375 0.8112083328124999 0.714921875 0.8173541671875
0 0.69315625 0.7922291671874999 0.6908125 0.781875 0.687875 0.7758125 0.6703281249999999 0.7381458328125 0.6691874999999999 0.7418541671875001 0.688203125 0.7922291671874999 0.69315625 0.7922291671874999
0 0.43674999999999997 0.7697083328125001 0.44520312500000003 0.7840416671875 0.46901562500000005 0.7861041671875 0.46901562500000005 0.74 0.467484375 0.7113333328125 0.4498125 0.7113333328125 0.438296875 0.7277291671875 0.432921875 0.7512708328125 0.43674999999999997 0.7697083328125001
8 0.9555312499999999 0.6617916671875 0.959375 0.6663958328125 0.9570703125 0.6720208328124999 0.9609062500000001 0.6771458328125 0.960515625 0.6802083328124999 0.958609375 0.68225 0.957828125 0.6940208328125 0.954 0.7016875 0.9566874999999999 0.7083541671875 0.98009375 0.7119375 0.9831562500000001 0.6873750000000001 0.979328125 0.6837916671875 0.99121875 0.6715 0.9866250000000001 0.6699791671875001 0.96934375 0.6832708328125 0.957453125 0.649 0.957828125 0.6356875 0.9559218749999999 0.6336458328125001 0.9551562499999999 0.6223958328125 0.954375 0.6234166671875 0.9559218749999999 0.6484791671875 0.9584140624999999 0.6553958328125 0.9566874999999999 0.6561666671874999 0.9555312499999999 0.6617916671875
8 0.333171875 0.6576666671875 0.345203125 0.6661041671875 0.35025 0.6661041671875 0.35309375 0.6639999999999999 0.35278125 0.6631458328125001 0.34709375 0.6631458328125001 0.33981249999999996 0.6568333328125 0.33223437499999997 0.6509166671875 0.32432812499999997 0.6433333328125 0.321796875 0.6492291671875 0.32401562500000003 0.6513333328125 0.333171875 0.6576666671875
8 0.19021875 0.565125 0.189890625 0.5663125 0.18943749999999998 0.5702916671875 0.20525000000000002 0.5705833328125001 0.20503125 0.5668958328125 0.19021875 0.565125
8 0.486703125 0.6329583328124999 0.46475 0.6314583328125 0.4609375 0.6419166671875 0.465421875 0.6493958328125 0.46585937499999996 0.6634375 0.46967187499999996 0.6706041671875 0.4755 0.6708958328125 0.47415624999999995 0.6478958328125 0.479984375 0.6428125 0.486703125 0.6329583328124999
9 0.213171875 0.8866458328125001 0.213171875 0.8746666671875 0.18360937500000002 0.8472500000000001 0.20032812500000002 0.782125 0.192609375 0.6278958328125 0.192609375 0.6056250000000001 0.21703125 0.6090416671875001 0.21703125 0.5525 0.19646875 0.5302083328125 0.17976562499999998 0.5216458328125 0.18746875000000002 0.4805208328125 0.159203125 0.4685208328125 0.143765625 0.475375 0.143765625 0.5147916671874999 0.11164062500000001 0.5267916671874999 0.11164062500000001 0.6210416671875 0.12578125 0.6244583328125 0.119359375 0.6871458328125 0.12450000000000001 0.747125 0.1155 0.8019583328125 0.123203125 0.8482291671875 0.1155 0.8979166671875 0.16690624999999998 0.8986458328125 0.16690624999999998 0.8900833328125 0.213171875 0.8866458328125001
9 0.253125 0.6625 0.2578125 0.68125 0.2640625 0.6895833328125 0.284375 0.6895833328125 0.278125 0.70625 0.278125 0.7229166671875 0.2875 0.7395833328125 0.3046875 0.7416666671875001 0.3125 0.7333333328125 0.325 0.73125 0.3296875 0.7375 0.3375 0.7395833328125 0.3484375 0.7520833328125 0.3625 0.7520833328125 0.3734375 0.7416666671875001 0.3734375 0.7375 0.36875 0.7354166671875 0.3765625 0.7229166671875 0.3796875 0.7020833328125 0.375 0.69375 0.3796875 0.6895833328125 0.3765625 0.6791666671875001 0.3625 0.6666666671875 0.359375 0.6479166671875001 0.3609375 0.6354166671875 0.3578125 0.6270833328125 0.3515625 0.61875 0.35 0.6229166671875 0.3390625 0.6229166671875 0.3328125 0.6 0.321875 0.5958333328125 0.3109375 0.6020833328124999 0.2953125 0.5916666671875 0.2984375 0.58125 0.2984375 0.56875 0.290625 0.5520833328125 0.284375 0.5479166671875 0.2671875 0.55 0.2515625 0.5791666671875 0.2453125 0.6041666671875 0.2375 0.6125 0.234375 0.6208333328125 0.2375 0.6520833328125 0.24375 0.6604166671875 0.253125 0.6625