9 0.48687500000000006 0.7249582171875 0.48687500000000006 0.732785515625 0.49235937500000004 0.7367130921875 0.4918125 0.750389971875 0.494015625 0.7455153203125 0.5044375 0.729860725 0.51265625 0.7181337046875 0.51321875 0.7288857937500001 0.545578125 0.7239832875000001 0.571375 0.731810584375 0.58015625 0.731810584375 0.586734375 0.7151810578125 0.594421875 0.7239832875000001 0.584546875 0.73476323125 0.60209375 0.7406128140625 0.61965625 0.7269359328125 0.6427031249999999 0.7249582171875 0.648734375 0.7142061281250001 0.6481874999999999 0.7063788296875 0.66190625 0.6868245125 0.656421875 0.5889972140624999 0.65915625 0.5929247906249999 0.667390625 0.6330362109375 0.66903125 0.6457381609375 0.668484375 0.65064066875 0.6701406249999999 0.65746518125 0.67671875 0.683899721875 0.68440625 0.6975766015625 0.7025 0.7122562671875 0.705796875 0.732785515625 0.708546875 0.732785515625 0.708 0.7161559890625 0.71403125 0.7337604453125001 0.720609375 0.73476323125 0.72775 0.74746518125 0.7189687499999999 0.7122562671875 0.725546875 0.731810584375 0.7326875 0.729860725 0.721703125 0.7005292484375001 0.709640625 0.690724234375 0.6882343750000001 0.6613927578125 0.688796875 0.65064066875 0.68934375 0.639860725 0.6855 0.6330362109375 0.683296875 0.5489136484375 0.680015625 0.5185793875 0.675078125 0.48727019531250004 0.681109375 0.484345403125 0.68934375 0.4804456828125 0.664640625 0.3562116984375 0.65696875 0.3122005578125 0.648734375 0.303398328125 0.626234375 0.28969359375 0.6097812499999999 0.274038996875 0.609234375 0.2691643453125 0.612515625 0.250557103125 0.6256875 0.23100278593749998 0.6355625 0.19969359375 0.6355625 0.17623955468750002 0.627890625 0.159610028125 0.613078125 0.136128134375 0.6097812499999999 0.129275765625 0.5949687499999999 0.116573815625 0.584546875 0.116573815625 0.581796875 0.111671309375 0.5735625 0.111671309375 0.562046875 0.123398328125 0.551625 0.1429805015625 0.553265625 0.1449303625 0.545578125 0.158635096875 0.53790625 0.171337046875 0.5335156249999999 0.18306406718749998 0.5335156249999999 0.1918662953125 0.53625 0.2094986078125 0.5340625 0.2231754875 0.53515625 0.23197771562499997 0.54009375 0.24470752031249998 0.544484375 0.2574094703125 0.552171875 0.2691643453125 0.55984375 0.2671866296875 0.55984375 0.270139275 0.551078125 0.2789415046875 0.528578125 0.297520890625 0.514859375 0.3180501390625 0.51046875 0.321977715625 0.4995 0.3689136484375 0.4890625 0.4325069640625 0.48084375 0.49509749375 0.48412499999999997 0.497047353125 0.4819375 0.5156545968749999 0.47975 0.5528133703125 0.4819375 0.588022284375 0.487421875 0.6281337046875 0.4890625 0.6496657375 0.48851562499999995 0.6525905296875 0.48796875 0.6584679671875 0.48796875 0.66922005625 0.4890625 0.678022284375 0.483578125 0.702479109375 0.4819375 0.702479109375 0.48687500000000006 0.7181337046875 0.48687500000000006 0.7249582171875
9 0.324515625 0.1683844015625 0.312109375 0.1595264625 0.309625 0.156573815625 0.303 0.1536211703125 0.2930625 0.1580501390625 0.27484375 0.1801949859375 0.26490625 0.20086350937500003 0.264078125 0.22448467968750002 0.26821875 0.2495543171875 0.2765 0.2598885796875 0.27732812500000004 0.2716991640625 0.2765 0.2923676875 0.270703125 0.29827298125 0.24753124999999998 0.310083565625 0.23925000000000002 0.3410863515625 0.23096875 0.40158774375000006 0.22765624999999998 0.42963788281250004 0.22931249999999997 0.4517827296875 0.22517187500000002 0.4768523671875 0.216890625 0.59935933125 0.21771875000000002 0.6155988859375 0.22517187500000002 0.6185515328125 0.2359375 0.624456825 0.24339062500000003 0.6229805015625 0.24918749999999998 0.6274094703124999 0.26490625 0.643649025 0.285609375 0.59935933125 0.290578125 0.586100278125 0.295546875 0.5846239546875001 0.2996875 0.5846239546875001 0.30134375 0.5846239546875001 0.303 0.59935933125 0.28064062500000003 0.640696378125 0.28064062500000003 0.6421727015625 0.29885937500000004 0.6421727015625 0.309625 0.6495543171875 0.312109375 0.661364903125 0.321203125 0.6731754875 0.3236875 0.6672701953125 0.34190624999999997 0.6347910859375 0.35515625 0.6200278546875 0.36178125 0.6185515328125 0.36343749999999997 0.6274094703124999 0.357640625 0.63922005625 0.33528125000000003 0.66874651875 0.32865625 0.6805571031250001 0.334453125 0.6894150421874999 0.339421875 0.6982729812499999 0.33528125000000003 0.72334261875 0.339421875 0.73810585 0.34853125 0.7395821734375 0.36178125 0.7469637890625 0.37171875 0.7440111421875 0.379171875 0.735153203125 0.38 0.72334261875 0.38 0.6997214484375001 0.38165625 0.6790807796875 0.384953125 0.6598885796875 0.39240624999999996 0.640696378125 0.39240624999999996 0.624456825 0.388265625 0.60969359375 0.384953125 0.5949303625 0.40565625 0.5196657375 0.40565625 0.4871866296875 0.404 0.4517827296875 0.39654687499999997 0.4178272984375 0.38578125 0.379442896875 0.377515625 0.3455153203125 0.37171875 0.3263231203125 0.360125 0.3130362109375 0.342734375 0.3041782734375 0.334453125 0.2894150421875 0.334453125 0.28350975 0.33859374999999997 0.276128134375 0.344390625 0.2569359328125 0.344390625 0.2348189421875 0.342734375 0.2141504171875 0.33859374999999997 0.20086350937500003 0.33528125000000003 0.19348189375 0.33196875000000003 0.18462395468749998 0.334453125 0.1875766015625 0.3303125 0.1772423390625 0.324515625 0.1683844015625
9 0.005046875 0.28988857968750004 0.01890625 0.35729805 0.031515625000000005 0.40225626718749996 0.04790625 0.43370473593750003 0.0680625 0.49888579375 0.103359375 0.6337047359375 0.132359375 0.737075209375 0.147484375 0.7662952640625 0.16890624999999998 0.7483008359375 0.177734375 0.72807799375 0.179 0.6854039000000001 0.16009374999999998 0.6269637890624999 0.13109375 0.5168523671874999 0.09957812499999999 0.42247910937500005 0.092015625 0.3910027859375 0.09328125000000001 0.3415598890625 0.0970625 0.321337046875 0.124796875 0.33259052968749997 0.094546875 0.28540390000000004 0.09328125000000001 0.25169916406250004 0.07815625000000001 0.23144846718749998 0.04034375 0.2044846796875 0.008828125000000001 0.21122562656250002 0.005046875 0.24044568281249998 0.005046875 0.28988857968750004
8 0.41471875 0.835961003125 0.38571875 0.905626740625 0.37312500000000004 0.9528133703125 0.5697656249999999 0.977520890625 0.563453125 0.8921448468750001 0.547078125 0.85618384375 0.41471875 0.835961003125
8 0.70878125 0.963426184375 0.714265625 0.9419220062500001 0.714265625 0.9409192203125001 0.706578125 0.9174651812500001 0.69615625 0.9047353765624999 0.6818906250000001 0.9057103062499999 0.67640625 0.9242896937499999 0.676953125 0.9605013921875001 0.67915625 0.9565738156249999 0.69121875 0.9663509749999999 0.70878125 0.963426184375
8 0.6075781250000001 0.721337046875 0.565984375 0.719108634375 0.524375 0.7258495828125 0.49665625 0.7325905296874999 0.47775 0.761810584375 0.462609375 0.81348189375 0.491609375 0.81348189375 0.5369843750000001 0.82922005625 0.588671875 0.8247075203125 0.59875 0.8112256265625 0.60884375 0.761810584375 0.6075781250000001 0.721337046875
9 0.2090625 0.48785515312500005 0.210578125 0.5033147625 0.21360937500000002 0.5050417828125 0.21642187499999999 0.4979108640625 0.21771875000000002 0.5037047359375 0.2220625 0.50350975 0.22162500000000002 0.4926740953125 0.21903125 0.4812813375 0.2205052078125 0.477548746875 0.2193854171875 0.4624233984375 0.2204375 0.45888579375000005 0.218265625 0.44729805 0.21382812499999998 0.44286908125 0.21642187499999999 0.4378272984375 0.21675 0.43300835624999995 0.21501562500000002 0.42913649062500003 0.20765625000000001 0.42874651874999997 0.205265625 0.43434540312500003 0.205265625 0.439777159375 0.207109375 0.44286908125 0.20440624999999998 0.44459609999999994 0.199734375 0.45406685312499995 0.19953125 0.45888579375000005 0.202671875 0.4706685234375 0.202984375 0.48362117031249996 0.2090625 0.48785515312500005
8 0.455078125 0.5147910859375 0.455078125 0.5625069640625 0.46103125 0.5635933140625 0.46281249999999996 0.5391922 0.482453125 0.5116155984375 0.48364062499999994 0.4946518109375 0.45092187499999997 0.49571030625 0.44615625000000003 0.5084401109375001 0.455078125 0.5147910859375
8 0.412703125 0.77746518125 0.42279687499999996 0.7880501390625 0.431109375 0.7912256265625001 0.442984375 0.789108634375 0.451296875 0.7880501390625 0.4649375 0.7859331468749999 0.47384375 0.7785236765625 0.47562499999999996 0.7700557109374999 0.47443749999999996 0.7594707515625 0.47146875 0.7531197765625001 0.4530625 0.74253481875 0.431109375 0.7372423390625 0.41032812500000004 0.7467688015625 0.40795312499999997 0.7689972140625 0.412703125 0.77746518125
8 0.784046875 0.907855153125 0.7563125 0.905626740625 0.7550625 0.9662952640625001 0.768921875 0.9865181062499999 0.7890937499999999 0.97077994375 0.784046875 0.907855153125
8 0.625578125 0.9096935937499999 0.628125 0.8980501390625 0.62775 0.8889972140625 0.617953125 0.8831754875 0.609984375 0.88509749375 0.60453125 0.8902785515625 0.6034531249999999 0.89350975 0.5958281249999999 0.8948189421875 0.59365625 0.9 0.590015625 0.9109749296875 0.594734375 0.9155153203124999 0.59146875 0.9181058500000001 0.59365625 0.9400835656250001 0.59728125 0.9446239546875 0.602359375 0.9510863515624999 0.600546875 0.9523676875 0.6110625 0.9549582171875001 0.623765625 0.9452646234375001 0.625578125 0.9252089140624999 0.625578125 0.9096935937499999
8 0.68259375 0.79841225625 0.67646875 0.792952646875 0.668046875 0.8025069640625 0.6626875 0.822952646875 0.6642187500000001 0.836601671875 0.691765625 0.8325069640624999 0.691765625 0.8202228406250001 0.68259375 0.79841225625
8 0.651484375 0.9589136484375 0.6634375 0.9550696375 0.66678125 0.94827298125 0.66940625 0.9295264624999999 0.667484375 0.9112256265625 0.664390625 0.902284121875 0.654828125 0.89334261875 0.645046875 0.8907799437499999 0.64003125 0.8924791093750001 0.635484375 0.90270195 0.6340625 0.9073816156250001 0.631421875 0.9171866296875001 0.635734375 0.9503899718750001 0.644328125 0.9584679671874999 0.651484375 0.9589136484375
8 0.7072499999999999 0.8005013921874999 0.700734375 0.8017827296875 0.69784375 0.805654596875 0.691328125 0.8185793875 0.693859375 0.8353481890625 0.69278125 0.8366295265625 0.7126875 0.8488857937500001 0.721375 0.8501949859375 0.734046875 0.8211420609375001 0.715953125 0.8108356546875 0.7108749999999999 0.8011420609375 0.7072499999999999 0.8005013921874999
8 0.61953125 0.8338161562499999 0.6344375 0.8421169921875 0.64003125 0.8172144843750001 0.645625 0.7972701953125 0.633515625 0.788969359375 0.617671875 0.7789972140625 0.6065 0.795626740625 0.613015625 0.810557103125 0.609296875 0.8055710312500001 0.612078125 0.8288300828124999 0.61953125 0.8338161562499999
8 0.1905390625 0.556197771875 0.173125 0.551504178125 0.175325 0.56358774375 0.168828125 0.575320334375 0.1769375 0.5829805015625 0.1821875 0.5829805015625 0.1798046875 0.6004178265625 0.1745546875 0.6008495828125 0.172171875 0.6187186625 0.177421875 0.6178551531250001 0.19125 0.585543175 0.19889062500000002 0.57618384375 0.2055625 0.5778830078125 0.209390625 0.6178551531250001 0.213671875 0.6178551531250001 0.21559374999999997 0.6025348187499999 0.21081249999999999 0.596601671875 0.216546875 0.5875116078125 0.214625 0.5744846796874999 0.21749999999999997 0.5724883921874999 0.22084375 0.525153203125 0.21892187500000002 0.5123955437500001 0.21081249999999999 0.525153203125 0.2031875 0.5268523671875001 0.20175 0.5293871859375 0.199375 0.5234540390625 0.19793750000000002 0.527688021875 0.195078125 0.5259888578125 0.1933625 0.533487465625 0.189828125 0.5268523671875001 0.178375 0.525153203125 0.175515625 0.5285515328125 0.18735 0.543520890625 0.19018359375 0.5415250703125001 0.195078125 0.5441318468749999 0.1905390625 0.556197771875
8 0.190015625 0.5341225625 0.21226562499999999 0.5213649031250001 0.213390625 0.5128412250000001 0.21170312500000002 0.5113091921875 0.20210937499999998 0.514846796875 0.1960625 0.5244846796875 0.18890625 0.525013928125 0.188203125 0.518495821875 0.1781328125 0.519136490625 0.1761875 0.5247910859375 0.1680625 0.519777159375 0.1672421875 0.5387743734375 0.177921875 0.553398328125 0.171875 0.5630362109375 0.166421875 0.5577715875 0.165828125 0.5726740953125 0.16865625 0.573091921875 0.171125 0.5657381609375001 0.190015625 0.5341225625
8 0.1599114578125 0.5443175484375 0.1662239578125 0.5489507890625 0.159109375 0.5611977718750001 0.162453125 0.5678272984375 0.165234375 0.565487465625 0.180640625 0.5085793875 0.18843749999999998 0.5178272984375 0.19224609374999999 0.5074930359375001 0.2018125 0.5135376046875 0.2014375 0.5072423390624999 0.20570312500000001 0.5125348187500001 0.2085 0.510557103125 0.21165625000000002 0.5035933140625 0.210359375 0.49896935937500003 0.188625 0.5085793875 0.164671875 0.508245125 0.161515625 0.510557103125 0.168203125 0.51983286875 0.1672135421875 0.5343918296875 0.1607135421875 0.5274373265625 0.1599114578125 0.5443175484375
8 0.1804635421875 0.5078365828125 0.18757812499999998 0.4990250703125 0.190109375 0.4996657375 0.18939062499999998 0.5086908078125 0.1939140625 0.4975626734375 0.201703125 0.4983844015625 0.203515625 0.5035376046875 0.20604687500000002 0.50158774375 0.20821874999999998 0.495793871875 0.163328125 0.4996657375 0.162609375 0.506128134375 0.1715364578125 0.506982359375 0.17781249999999998 0.4996657375 0.1804635421875 0.5078365828125
8 0.686734375 0.803426184375 0.6935781249999999 0.8110584953125001 0.695296875 0.8079944296875 0.697 0.7950417828125 0.699359375 0.7847353765625 0.6974375 0.778635096875 0.694015625 0.77253481875 0.686734375 0.7671866296875 0.6818125 0.7667966578125001 0.678390625 0.76793871875 0.67646875 0.769108634375 0.674109375 0.771754875 0.671109375 0.7755710312499999 0.666828125 0.782451253125 0.668328125 0.7919777156250001 0.6751875 0.7957938718750001 0.682671875 0.7988579390625 0.686734375 0.803426184375
8 0.6648125 0.774038996875 0.660234375 0.7667966578125001 0.6569375 0.766350975 0.6516093749999999 0.767715878125 0.649828125 0.7686072421875 0.647546875 0.7722284125 0.649828125 0.777214484375 0.6490625 0.7767688015624999 0.6516093749999999 0.7840111421875 0.6571875 0.786740946875 0.663796875 0.7849303625 0.6648125 0.774038996875
8 0.70946875 0.9182172703125 0.7103125 0.927158775 0.71240625 0.9361281343750001 0.71365625 0.9450696375 0.71365625 0.9592479109375001 0.718671875 0.9681894156249999 0.72328125 0.973426184375 0.729140625 0.9778830078125 0.7395937499999999 0.97490250625 0.7454531249999999 0.9637047359375 0.752984375 0.9510306406250001 0.7559218750000001 0.9294150421875 0.75215625 0.9174651812500001 0.748796875 0.9085236765625 0.7429375 0.9010584953125 0.735 0.90030640625 0.727046875 0.9025626734375001 0.72203125 0.9062952640624999 0.715328125 0.9122562671875001 0.7165781250000001 0.9032869078125 0.710734375 0.9144846796874999 0.70946875 0.9182172703125
8 0.45390625 0.5416434546875 0.4541875 0.5637883015625 0.4575 0.5637883015625 0.45887500000000003 0.5431197765625 0.479296875 0.5416434546875 0.47903124999999996 0.5342618390625 0.459984375 0.532785515625 0.463015625 0.5131197765625 0.481234375 0.5131197765625 0.48234374999999996 0.4963788296875 0.45307812500000005 0.49688022343749993 0.44590625 0.508189415625 0.45307812500000005 0.5091643453125 0.45390625 0.5342618390625 0.446171875 0.5337883015625 0.44534375 0.5411699171875 0.45390625 0.5416434546875
8 0.44703125000000005 0.68651810625 0.45571875000000006 0.6912813375 0.46440625 0.68651810625 0.46440625 0.69604456875 0.46842187500000004 0.636434540625 0.48848437499999997 0.636434540625 0.48848437499999997 0.62213091875 0.6891730765624999 0.63797443125 0.69575 0.6412256265625 0.69575 0.6722005578125 0.719828125 0.6912813375 0.7559218750000001 0.7818662953125 0.8441875 0.7723398328125 0.85621875 0.7127298046874999 0.873609375 0.6912813375 0.8762812500000001 0.629303621875 0.826796875 0.624540390625 0.820109375 0.6388300828125 0.7052947921875 0.6388300828125 0.49115624999999996 0.6165830999999999 0.48848437499999997 0.6078272984375 0.48323557656249994 0.6157274484374999 0.480728125 0.6054484671875 0.475314903125 0.61487179375 0.472971875 0.6030696375 0.46739423125 0.6140161421875 0.465215625 0.6006908078125 0.449703125 0.595933146875 0.451552884375 0.6123048359375 0.44363221093750005 0.61144918125 0.4423515625 0.604275765625 0.43499999999999994 0.6126183843749999 0.427790865625 0.609737875 0.4236328125 0.6114206125 0.4198701921875 0.6088822234375 0.412265625 0.610222840625 0.41194951875 0.6080265687499999 0.404028846875 0.6071709171874999 0.4015625 0.6030640671875 0.38953125 0.6078272984375 0.3881875 0.605459609375 0.38864062499999996 0.62452181875 0.386859375 0.6579108640625 0.38953125 0.69604456875 0.44703125000000005 0.68651810625
8 0.396234375 0.7172701953125 0.399859375 0.7264623953125 0.40406250000000005 0.7288300828125001 0.438828125 0.7257660171875 0.442078125 0.7210027859375 0.44953125 0.7077158781249999 0.45315625 0.697855153125 0.45125000000000004 0.6903621171875 0.438078125 0.6876323125 0.41857812499999997 0.686601671875 0.405203125 0.688635096875 0.391265625 0.697158775 0.38859374999999996 0.702952646875 0.396234375 0.7172701953125
8 0.39904687499999997 0.8233983281249999 0.39904687499999997 0.815459609375 0.39509375 0.8101671312500001 0.356546875 0.807548746875 0.3348125 0.8374930359375 0.33184375 0.8489415046875 0.33332812500000003 0.8542339828125 0.33925 0.893871865625 0.36840625 0.9017827296875 0.392625 0.8691922 0.39904687499999997 0.8233983281249999
8 0.662609375 0.8339275765625 0.662609375 0.8197214484374999 0.6621875 0.8025069640625 0.653796875 0.7912813375 0.6433125000000001 0.7950417828125 0.6303124999999999 0.8167130921875 0.6307343750000001 0.8249303625 0.63828125 0.83841225625 0.6563125000000001 0.8413927578125 0.662609375 0.8339275765625
8 0.22937500000000002 0.45754874687499997 0.22140624999999997 0.46072423437500004 0.22162500000000002 0.447688021875 0.201453125 0.4524233984375 0.197015625 0.459136490625 0.22117187500000002 0.46111420625 0.229828125 0.463871865625 0.22937500000000002 0.45754874687499997
8 0.3665 0.9625905296875 0.36090625 0.9526183843749999 0.37489062500000003 0.90523676875 0.397265625 0.875320334375 0.404265625 0.8578551531249999 0.39446875000000003 0.85286908125 0.3665 0.9027298046875 0.34690625 0.8977437328125 0.33571875 0.8852924796874999 0.327328125 0.8852924796874999 0.268578125 0.9551253484375 0.20982812499999998 0.9526183843749999 0.17485937499999998 0.9476323125 0.19584375 0.987520890625 0.38887499999999997 0.987520890625 0.37489062500000003 0.977548746875 0.3665 0.9625905296875
8 0.6015625 0.8774373265625 0.6078125 0.8885793874999999 0.621875 0.885793871875 0.6265625 0.8885793874999999 0.628125 0.8941504171875 0.646875 0.8913649031249999 0.696875 0.9080779937499999 0.71640625 0.9052924796875 0.7240624999999999 0.9086350968750001 0.728125 0.9025069640625001 0.739375 0.915320334375 0.7390625 0.9025069640625001 0.74375 0.9025069640625001 0.746875 0.9080779937499999 0.74703125 0.918662953125 0.7515625 0.916434540625 0.753125 0.9220055703125001 0.7578125 0.9080779937499999 0.7796875 0.9080779937499999 0.7859375 0.8941504171875 0.7859375 0.8718662953124999 0.7796875 0.85793871875 0.7734375 0.855153203125 0.765625 0.8412256265625 0.7484375 0.8412256265625 0.734375 0.8161559890625 0.7375 0.7855153203125 0.7359375 0.7548746515625 0.7265625 0.738161559375 0.7109375 0.738161559375 0.7015625 0.7270194984375 0.684375 0.7242339828125 0.659375 0.7242339828125 0.6453125 0.7298050140625 0.628125 0.7270194984375 0.61875 0.7520891359374999 0.3975 0.7454039 0.6015625 0.855153203125 0.604241071875 0.8639076796875 0.6015625 0.8774373265625