8 0.42726 0.02096 0.42245999999999995 0.0017866671875 0.37138 0.0013599999999999999 0.35286 0.0201066671875 0.35828000000000004 0.0452266671875 0.36338 0.0707733328125 0.40234 0.0707733328125 0.40586 0.06056 0.41256000000000004 0.0401066671875 0.42598 0.04096 0.43364 0.0384266671875 0.42726 0.02096
8 0.29716 0.1889066671875 0.32004 0.20186666718750002 0.3389 0.1820533328125 0.35832 0.14928 0.30174 0.1660533328125 0.29716 0.1889066671875
8 0.46182 0.1267466671875 0.46786000000000005 0.1157066671875 0.47866 0.0970666671875 0.48724 0.07714666718749999 0.48630000000000007 0.0606133328125 0.47675999999999996 0.06274666718750001 0.45831999999999995 0.06952 0.45831999999999995 0.0729066671875 0.45831999999999995 0.0847733328125 0.44909999999999994 0.1254666671875 0.44623999999999997 0.1356266671875 0.44020000000000004 0.13352 0.4351 0.1330933328125 0.42812 0.1369066671875 0.42716000000000004 0.1445333328125 0.42812 0.1610666671875 0.44020000000000004 0.1500533328125 0.45164 0.13986666718750002 0.46182 0.1267466671875
8 0.5557000000000001 0.0120266671875 0.58064 0.0433333328125 0.62538 0.00128 0.54542 0.00128 0.5557000000000001 0.0120266671875
8 0.7228 0.01944 0.72486 0.01976 0.7386 0.014879999999999999 0.75004 0.0112 0.74524 0.01456 0.72716 0.023119999999999998 0.72532 0.0237333328125 0.7243999999999999 0.028906667187500002 0.7267 0.0292266671875 0.7324200000000001 0.026479999999999997 0.73928 0.024640000000000002 0.75184 0.015253332812500001 0.7652 0.0075466671875 0.77366 0.0010133328125 0.76164 0 0.75074 0.0054133328124999994 0.72304 0.0151733328125 0.7228 0.01944
8 0.95228 0.1356266671875 0.9455199999999999 0.1429066671875 0.9410999999999999 0.15501333281250002 0.94266 0.1674933328125 0.94916 0.172 0.9603400000000001 0.1726933328125 0.96268 0.16541333281249998 0.9678800000000001 0.15848 0.9837400000000001 0.16055999999999998 0.9915200000000001 0.15917333281249998 0.9951599999999999 0.14776 0.9775 0.128 0.9775 0.12904 0.96892 0.13112 0.95228 0.1356266671875
8 0.277 0.028613332812499996 0.2854 0.017413332812499998 0.28278 0.015306667187500001 0.25016 0.02792 0.27962 0.0188 0.27542 0.025119999999999996 0.25122 0.03984 0.25806 0.050373332812500005 0.27593999999999996 0.0356266671875 0.277 0.028613332812499996
9 0.23294 0.5164799999999999 0.23106 0.5214933328125 0.23762 0.5264800000000001 0.23481999999999997 0.5502133328125 0.20202 0.5614666671874999 0.18702000000000002 0.57272 0.19075999999999999 0.5327200000000001 0.19075999999999999 0.50648 0.1739 0.5077333328125 0.16826000000000002 0.55272 0.1664 0.6239733328125 0.17951999999999999 0.6327200000000001 0.19075999999999999 0.6277066671875 0.19075999999999999 0.6577066671875 0.18326 0.6977066671875 0.19452 0.7039466671875 0.18138 0.7526933328125 0.17296 0.8664266671874999 0.17576 0.9214133328124999 0.17014 0.9638933328125001 0.15702 0.9689066671875001 0.15702 0.9876533328124999 0.19263999999999998 0.9938933328124999 0.20576 0.9851466671875 0.20482 0.9314133328124999 0.22355999999999998 0.7989333328125 0.23481999999999997 0.8089333328125001 0.24606 0.85768 0.24606 0.8951733328125 0.24232 0.9314133328124999 0.2367 0.95264 0.26574 0.9701333328124999 0.28074 0.9676533328125 0.28636 0.8689066671875001 0.28074 0.76768 0.28450000000000003 0.72768 0.27793999999999996 0.6964533328125 0.27512 0.6577066671875 0.28824 0.6477066671875 0.29386 0.5889599999999999 0.27044 0.5552266671874999 0.26574 0.5477333328125 0.28168000000000004 0.5177333328125 0.28450000000000003 0.48898666718749995 0.26949999999999996 0.47648 0.25732 0.47149333281250005 0.24700000000000003 0.47400000000000003 0.24044 0.4814933328125 0.24325999999999998 0.4927466671875 0.23388 0.5014933328125 0.23294 0.5164799999999999
9 0.59518 0.5485599999999999 0.58904 0.5622133328125 0.58904 0.5731200000000001 0.59826 0.5799466671875 0.59826 0.59904 0.59622 0.62224 0.60542 0.62904 0.60848 0.5390133328125 0.60338 0.5349066671875 0.59518 0.5485599999999999
9 0.50838 0.5938399999999999 0.50354 0.5990133328125 0.50404 0.60352 0.49726 0.6058933328125 0.50404 0.6080533328125 0.505 0.6138666671874999 0.49653 0.61944 0.49386 0.6471733328125 0.48758 0.6736533328125 0.49338 0.7146266671875 0.49047999999999997 0.7356 0.4958 0.7297866671875 0.50137 0.7350666671874999 0.51226 0.7345333328125 0.5113000000000001 0.70936 0.5126466656249999 0.7075466671874999 0.51284 0.6940533328125 0.50888 0.6861333328125 0.513033334375 0.68056 0.50888 0.6777333328124999 0.51032 0.6667733328125001 0.51806 0.6674133328125 0.5204799999999999 0.6542933328125 0.51342 0.6535733328125 0.513613334375 0.64008 0.5229 0.6411733328125 0.52532 0.6280533328125 0.52484 0.6151466671875 0.52146 0.6067466671874999 0.51952 0.6054666671875 0.514 0.6130933328125 0.5107999999999999 0.6086933328125 0.514193334375 0.5996 0.514386665625 0.5861066671875 0.5229 0.5802933328125001 0.5243599999999999 0.5757866671875 0.5234 0.5654666671874999 0.514773334375 0.55912 0.52098 0.5525599999999999 0.51806 0.54352 0.51806 0.5321333328125 0.53066 0.53472 0.53404 0.5211466671875 0.53114 0.5146933328125 0.52242 0.5089066671875 0.51614 0.5095466671875 0.51274 0.5121333328125 0.5107999999999999 0.5179199999999999 0.5151600000000001 0.5321333328125 0.514966665625 0.5456266671875001 0.51178 0.54352 0.49968 0.5542666671875 0.49532 0.56136 0.48806000000000005 0.5600533328124999 0.48032 0.5761866671875 0.47984 0.5839466671875 0.48806000000000005 0.59104 0.49726 0.5871733328125 0.50838 0.5938399999999999
9 0.50392 0.5979466671875 0.50392 0.606 0.50888 0.61112 0.50998 0.6096533328125 0.51326 0.606 0.51932 0.6001333328125 0.52096 0.5994133328125 0.5226200000000001 0.5986666671875 0.5259 0.6037866671875001 0.5269999999999999 0.6104 0.5281 0.6140533328125 0.52756 0.62432 0.5242600000000001 0.6441066671875 0.51712 0.6763466671875 0.52042 0.69392 0.5226200000000001 0.7158933328125 0.5226200000000001 0.72984 0.52206 0.7371466671875 0.52096 0.7415466671875001 0.51822 0.7466933328125 0.51052 0.7496 0.51106 0.7598666671875 0.51436 0.7664533328124999 0.5231600000000001 0.7679199999999999 0.5264599999999999 0.7672 0.5468 0.7628 0.54844 0.7598666671875 0.54184 0.7452266671875 0.5413 0.7364266671874999 0.5374399999999999 0.7144533328125 0.53854 0.6917333328125 0.54624 0.7056533328125 0.55944 0.7181066671874999 0.56218 0.72176 0.56548 0.7283733328124999 0.56602 0.7386133328125 0.56548 0.7430133328124999 0.5649200000000001 0.74376 0.55228 0.7569333328125001 0.56218 0.7606133328125 0.56438 0.7606133328125 0.56822 0.7584 0.5891 0.7518133328125 0.5891 0.73936 0.5891 0.7342133328125 0.57976 0.7202933328125 0.57482 0.7041866671875 0.56328 0.67488 0.56438 0.6719466671875 0.5649200000000001 0.6624266671875 0.5649200000000001 0.6397066671875 0.56548 0.6221066671875 0.56548 0.6089333328125 0.56712 0.5942666671875 0.56382 0.57816 0.56382 0.5634933328125 0.56328 0.54664 0.56328 0.53712 0.55944 0.5341866671875 0.55614 0.5290666671875 0.55284 0.5217333328125 0.55228 0.5166133328125 0.55668 0.5085333328125 0.55668 0.50488 0.55668 0.49242666718750006 0.55558 0.48656 0.55064 0.4806933328125 0.5478799999999999 0.47704 0.5402 0.47775999999999996 0.53526 0.48509333281250006 0.5336000000000001 0.49901333281250004 0.53416 0.5129333328125 0.5368999999999999 0.5202666671875 0.5374399999999999 0.5297866671875 0.5259 0.5349333328125 0.5242600000000001 0.5444533328125 0.5231600000000001 0.55544 0.5264599999999999 0.5730133328125 0.5160199999999999 0.5898666671874999 0.50722 0.5942666671875 0.50392 0.5979466671875
9 0.82774 0.6039466671875 0.82678 0.57232 0.8340400000000001 0.5665066671875 0.8325799999999999 0.5310133328125 0.8291999999999999 0.5252 0.8291999999999999 0.51488 0.8234 0.5129333328125 0.8175800000000001 0.5168 0.81806 0.5310133328125 0.80596 0.53552 0.7992 0.5368266671875 0.79726 0.54392 0.8079000000000001 0.5471466671874999 0.8132199999999999 0.5497333328125 0.80984 0.6142666671875 0.80888 0.6149066671875 0.81952 0.6142666671875 0.8234 0.6168533328125 0.82774 0.6149066671875 0.82774 0.6039466671875
9 0.85434 0.4944266671875 0.8577600000000001 0.5111733328125 0.8572 0.5195733328125 0.84404 0.5027999999999999 0.83432 0.50432 0.8337600000000001 0.5165333328124999 0.8354799999999999 0.5272 0.8337600000000001 0.5370933328125 0.84404 0.54472 0.8434799999999999 0.5729066671874999 0.8434799999999999 0.5828266671875 0.8423400000000001 0.60568 0.8354799999999999 0.6155999999999999 0.8429 0.6315999999999999 0.8429 0.6529333328125 0.8423400000000001 0.6636266671875 0.8583399999999999 0.6719999999999999 0.8726200000000001 0.6697066671874999 0.87948 0.66208 0.8640599999999999 0.62016 0.8640599999999999 0.6034133328125 0.86862 0.58968 0.87206 0.5813066671875 0.87206 0.5713866671875001 0.87662 0.55616 0.87834 0.5691200000000001 0.88634 0.5729066671874999 0.8869199999999999 0.5576800000000001 0.88462 0.5424266671875 0.87948 0.5233866671875 0.88006 0.4989866671875 0.8726200000000001 0.48909333281249995 0.86006 0.48832000000000003 0.85434 0.4944266671875
9 0.98712 0.49018666718750004 0.9901199999999999 0.4710933328125 0.98978 0.45111999999999997 0.98878 0.4436 0.97646 0.44136 0.96882 0.4426933328125 0.96316 0.4546933328125 0.95784 0.4644533328125 0.95816 0.47642666718750004 0.9621600000000001 0.4870666671875 0.96182 0.49728000000000006 0.95716 0.5048266671875 0.95184 0.52256 0.94984 0.5522933328125 0.94518 0.5492 0.93054 0.54032 0.92522 0.54608 0.92688 0.55808 0.9381999999999999 0.5669333328125 0.94718 0.5713866671875001 0.94718 0.5740533328125 0.94718 0.6046666671875001 0.93986 0.6206400000000001 0.9372 0.6388266671875 0.9352 0.6933866671875 0.94052 0.6982666671875 0.9475199999999999 0.6982666671875 0.94884 0.7106933328125 0.95184 0.7386666671875 0.94884 0.75152 0.93686 0.7568533328125 0.93388 0.75952 0.93388 0.7644 0.93786 0.77328 0.9432 0.77416 0.95716 0.77416 0.9648199999999999 0.7679466671874999 0.9684799999999999 0.7604 0.9674799999999999 0.72136 0.97414 0.7049333328125 0.97814 0.6933866671875 0.9827999999999999 0.6778666671875 0.98512 0.6366133328125 0.99576 0.6002133328125 0.9947800000000001 0.6002133328125 0.9821199999999999 0.60112 0.97646 0.5766933328125 0.97448 0.5412 0.9778 0.5341066671875 0.9798 0.5017066671875 0.98712 0.49018666718750004
9 0.36074 0.5711733328124999 0.36448 0.55872 0.35638000000000003 0.5388 0.34392 0.5388 0.33584 0.5512533328125 0.33458 0.5612266671875 0.3352 0.56288 0.33584 0.5637066671875 0.33334 0.5728266671875 0.3265 0.5745066671875 0.30968 0.5612266671875 0.30346 0.5819733328125001 0.31466 0.5944266671875 0.32152 0.6035466671874999 0.32152 0.6442133328125 0.32711999999999997 0.6724533328125 0.32898 0.7006666671875 0.35762 0.7181066671874999 0.3545 0.64008 0.3626 0.5844533328125 0.36074 0.5711733328124999
9 0.83262 0.53152 0.8338599999999999 0.5657866671875 0.8273400000000001 0.5722933328125 0.8273400000000001 0.5743199999999999 0.8278800000000001 0.5893333328125 0.83858 0.5898933328125 0.8384600000000001 0.5676533328125 0.84026 0.5646933328125 0.8405400000000001 0.5432 0.83804 0.54152 0.834 0.5359466671875001 0.83568 0.5266933328125 0.83414 0.5227999999999999 0.8298400000000001 0.5226133328125 0.82942 0.5242933328125 0.8303800000000001 0.5272533328125 0.83262 0.53152
9 0.75408 0.51224 0.74968 0.5102666671875 0.74968 0.5151733328125 0.74748 0.5229866671875001 0.75114 0.5288533328125 0.75114 0.5464533328125001 0.75554 0.54744 0.75408 0.5259199999999999 0.75774 0.5259199999999999 0.75408 0.51224
9 0.6845 0.5755733328125 0.6848799999999999 0.5519466671875 0.68412 0.54392 0.68148 0.53336 0.67318 0.53888 0.67244 0.5449066671875 0.6698000000000001 0.5519466671875 0.66866 0.5569866671875 0.66866 0.5625066671875001 0.6690400000000001 0.56904 0.66942 0.5770933328125001 0.6679 0.5891733328125001 0.66866 0.5952 0.66866 0.6017333328125 0.66866 0.60576 0.67318 0.6027466671874999 0.67318 0.6067733328125 0.6784600000000001 0.60576 0.6803600000000001 0.5982133328125 0.68224 0.5871466671875 0.6845 0.5755733328125
8 0.47632 0.22408 0.47502000000000005 0.2280533328125 0.47594000000000003 0.23104 0.47874 0.23079999999999998 0.48268000000000005 0.22679999999999997 0.4866 0.22306666718749998 0.48902 0.21983999999999998 0.49518000000000006 0.2146133328125 0.49836 0.20986666718749997 0.49593999999999994 0.20514666718750002 0.49482 0.20688 0.49256 0.20888 0.48958 0.21312000000000003 0.48360000000000003 0.21685333281250002 0.46996000000000004 0.2183466671875 0.46996000000000004 0.2205866671875 0.47240000000000004 0.2238133328125 0.47632 0.22408
8 0.1736 0.3314666671875 0.17382 0.32704 0.17116 0.31584 0.1621 0.31584 0.15436 0.3143733328125 0.14950000000000002 0.3176 0.14882 0.3273333328125 0.14994000000000002 0.33410666718750004 0.1528 0.33410666718750004 0.16032 0.33410666718750004 0.16696 0.3346933328125 0.1694 0.3346933328125 0.17204 0.3344 0.1736 0.3314666671875
9 0.64944 0.54048 0.64986 0.5317866671875 0.6497200000000001 0.5249333328125 0.64888 0.5141866671875001 0.64666 0.51472 0.6454 0.5189866671875001 0.6454 0.5326933328125001 0.64708 0.53288 0.64652 0.53288 0.6462399999999999 0.5406666671875 0.64944 0.54048
8 0.16197999999999999 0.3629866671875 0.1537 0.3624 0.14904 0.36312 0.14650000000000002 0.3707466671875 0.14701999999999998 0.3754133328125 0.15042 0.37922666718750003 0.15434 0.3796533328125 0.15816 0.3797866671875 0.1608 0.3809333328125 0.1659 0.3772533328125 0.16812 0.3741333328125 0.16546 0.36736 0.16197999999999999 0.3629866671875
8 0.80946 0.2654133328125 0.81268 0.25888 0.81268 0.25384 0.8108000000000001 0.2520533328125 0.80902 0.2525066671875 0.8059 0.2525066671875 0.8042400000000001 0.25592000000000004 0.8030200000000001 0.25783999999999996 0.80012 0.2615466671875 0.7997799999999999 0.26496 0.80334 0.26509333281249997 0.80946 0.2654133328125
8 0.48116000000000003 0 0.45780000000000004 0.0025866671875 0.46364 0.023386667187499998 0.5025999999999999 0 0.48116000000000003 0
9 0.6658000000000001 0.5294666671875 0.6631 0.5174666671875 0.6595 0.5178666671875 0.6565000000000001 0.5242666671875 0.6565000000000001 0.5322666671875 0.6604 0.5490666671875 0.6592 0.5478666671875 0.6625 0.5514666671875 0.6652 0.5438666671875 0.6658000000000001 0.5294666671875
9 0.728 0.5599999999999999 0.736 0.5413333328125 0.737 0.5253333328124999 0.76 0.536 0.766 0.5559999999999999 0.76 0.568 0.764 0.5733333328125 0.772 0.5733333328125 0.786 0.544 0.79 0.5493333328125 0.798 0.5493333328125 0.8 0.5386666671875 0.818 0.5333333328125 0.818 0.5173333328124999 0.826 0.512 0.8220000000000001 0.5066666671875 0.8039999999999999 0.5013333328125 0.792 0.5013333328125 0.786 0.5093333328125 0.78 0.49866666718749997 0.772 0.49866666718749997 0.762 0.5253333328124999 0.742 0.5173333328124999 0.734 0.504 0.726 0.504 0.722 0.5093333328125 0.716 0.5386666671875 0.716 0.5546666671875 0.72 0.5599999999999999 0.728 0.5599999999999999