8 0.49446874999999996 0.6692723 0.49632812499999995 0.61873239375 0.49384375 0.5981220656249999 0.49259375 0.5887793421875 0.48948437499999997 0.5738028171875 0.47639062499999996 0.574718309375 0.470171875 0.590633803125 0.46892187500000004 0.6299530515625 0.4645625 0.6692723 0.49446874999999996 0.6692723
8 0.71828125 0.47471830937500004 0.717625 0.49516431875 0.7124375 0.5088028171875 0.711796875 0.52730046875 0.7105 0.5681924875 0.7228125000000001 0.5915727703125 0.731234375 0.5496948359375 0.735125 0.5204929578125 0.7331875 0.48931924843749997 0.735125 0.4795774640625 0.731234375 0.465962440625 0.72475 0.4591314546875 0.72021875 0.4649765265625 0.71828125 0.47471830937500004
8 0.243703125 0.236361503125 0.253421875 0.2453990609375 0.25609375 0.23183098593749998 0.24706250000000002 0.173497653125 0.24304687500000002 0.149366196875 0.23935937499999999 0.1337793421875 0.2366875 0.133286384375 0.234671875 0.1342723 0.237015625 0.1488732390625 0.24103124999999997 0.183568075 0.24504687500000003 0.21422535156250003 0.243703125 0.236361503125
8 0.379125 0.526502346875 0.39353125 0.51626760625 0.401109375 0.439366196875 0.352953125 0.454741784375 0.340828125 0.511713615625 0.33134375 0.511713615625 0.30479687499999997 0.52194835625 0.30821875 0.5703755875 0.31770312500000003 0.562394365625 0.379125 0.526502346875
8 0.8643906250000001 0.496338028125 0.8454843750000001 0.48859155000000004 0.84978125 0.502159625 0.8600937500000001 0.516361503125 0.856234375 0.53053990625 0.85665625 0.535704225 0.8648281250000001 0.5260328640624999 0.867828125 0.5428169015625001 0.87340625 0.542159625 0.8639687500000001 0.516361503125 0.896171875 0.53053990625 0.8978906249999999 0.54410798125 0.93484375 0.6622065734375 0.939140625 0.660258215625 0.93440625 0.6350938968750001 0.9060625 0.5570187796875 0.903484375 0.535704225 0.926671875 0.6053990609375 0.9296875 0.6053990609375 0.906484375 0.533122065625 0.9219531249999999 0.5292488265624999 0.92925 0.5144131453125 0.9494374999999999 0.43051643124999994 0.95803125 0.4066431921875 0.955890625 0.394389671875 0.94471875 0.3898591546875 0.9395625000000001 0.39373239375 0.908203125 0.47828638437500004 0.9021874999999999 0.4827934265625 0.8854374999999999 0.4789201875 0.884578125 0.4808685453125 0.8764218749999999 0.49375586875 0.8643906250000001 0.496338028125
8 0.23751562499999998 0.7839906109375 0.24006249999999998 0.7903755875 0.24318749999999997 0.7967605640625 0.246296875 0.799741784375 0.253109375 0.7993192484375 0.25792187499999997 0.8027230046874999 0.265296875 0.8112910796874999 0.2718125 0.8219248828125 0.27718750000000003 0.8278873234375 0.282578125 0.832582159375 0.28484375 0.8321596250000001 0.286828125 0.830446009375 0.287109375 0.8283098593749999 0.283421875 0.8210798125000001 0.28003125 0.8172535218749999 0.274921875 0.8108685453125 0.26756250000000004 0.8036150234375 0.262171875 0.7976525828125001 0.25906250000000003 0.7925586859375 0.25906250000000003 0.7870187796875 0.258203125 0.7810563375 0.25621875 0.77551643125 0.251125 0.7704225359375 0.250546875 0.7703521125 0.24517187499999998 0.769929578125 0.23978125 0.7733333328125 0.23751562499999998 0.7788732390625001 0.23751562499999998 0.7839906109375
9 0.45382812499999997 0.549295775 0.46878125 0.5447887328125 0.555546875 0.57626760625 0.5585312499999999 0.562769953125 0.567515625 0.547042253125 0.585453125 0.5268075125 0.57946875 0.48187793437500004 0.5465625000000001 0.4369248828125 0.542078125 0.4189436625 0.530109375 0.41446009375 0.531609375 0.4054694828125 0.533109375 0.3874882625 0.53459375 0.36276995312500004 0.533109375 0.349295775 0.525625 0.33805164374999996 0.519640625 0.3290610328125 0.5061875 0.320070421875 0.495703125 0.32232394375 0.48375 0.3313145546875 0.476265625 0.3717605640625 0.48075 0.3942253515625 0.48075 0.42345070468749996 0.45532812500000003 0.4369248828125 0.43289062500000003 0.533568075 0.443359375 0.533568075 0.44634375000000004 0.535798121875 0.45382812499999997 0.549295775
9 0.8022089843750001 0.95926203125 0.80831875 0.9613521125 0.8065403640625 0.9690933093749999 0.8080187499999999 0.9739389671875 0.80771875 0.986525821875 0.8122187500000001 0.9775352109375 0.815203125 0.98875586875 0.827171875 0.9775352109375 0.837640625 0.9662910796874999 0.8570781249999999 0.9123708921875 0.861578125 0.905610328125 0.8705468749999999 0.9011267609375 0.8825156249999999 0.8876291078125 0.8914843749999999 0.8741549296875 0.8914843749999999 0.8449530515625 0.8869999999999999 0.8224647890625001 0.87803125 0.7932629109375 0.8660625 0.7685446015624999 0.858578125 0.770798121875 0.858578125 0.7588106406249999 0.8635677078124999 0.75730829375 0.8610729171875 0.7460719874999999 0.858578125 0.7468231624999999 0.858578125 0.73483568125 0.8481093749999999 0.69213615 0.872046875 0.683145540625 0.87653125 0.6719014078125001 0.8735468750000001 0.62697183125 0.8690468750000001 0.5932629109375 0.858578125 0.532582159375 0.85409375 0.5146009390625 0.8481093749999999 0.48089201875 0.8481093749999999 0.4494366203125 0.8286718750000001 0.42246478906249996 0.815203125 0.4067370890625 0.783796875 0.3910093890625 0.7748125 0.3910093890625 0.7748125 0.364037559375 0.7718281250000001 0.3460563375 0.7718281250000001 0.3258450703125 0.768828125 0.31011737031250003 0.76434375 0.2988732390625 0.756875 0.2876291078125 0.7359218750000001 0.26741784062499996 0.7105 0.26741784062499996 0.70003125 0.27866197187499997 0.6880625 0.29661971875000004 0.6850625 0.3303286390625 0.67909375 0.35730046875 0.680578125 0.375281690625 0.6865625 0.39551643125 0.6431875 0.4067370890625 0.6387031249999999 0.4337089203125 0.62971875 0.45394366249999996 0.628234375 0.4719014078125 0.61028125 0.49213615 0.6072968750000001 0.50786385 0.60878125 0.5146009390625 0.6072968750000001 0.516854459375 0.8022089843750001 0.95926203125
9 0.27821875 0.3505633796875 0.27821875 0.240446009375 0.263265625 0.14157277031249998 0.24681250000000002 0.1258450703125 0.24681250000000002 0.08539906093750001 0.237828125 0.0719014078125 0.21090625 0.067417840625 0.215390625 0.12133802812500001 0.195953125 0.14382629062500002 0.191453125 0.164037559375 0.218390625 0.31011737031250003 0.224375 0.30786385 0.25428125 0.3011267609375 0.25129687500000003 0.348309859375 0.22137500000000002 0.3460563375 0.22137500000000002 0.4314553984375 0.24231250000000001 0.42471830937500005 0.2438125 0.4202347421875 0.26775000000000004 0.41124413125 0.27821875 0.3505633796875
9 0.019484375 0.5822065734375 0.0075 0.586713615625 0 0.6002347421875001 0.0015 0.796173709375 0.0015 0.9876056343749999 0.139421875 0.9876056343749999 0.137921875 0.9763615031249999 0.140921875 0.94481220625 0.133421875 0.9313145546875001 0.12892187500000002 0.9020187796875 0.1139375 0.8907746484375 0.10193749999999999 0.875 0.08545312499999999 0.8412206578125 0.08545312499999999 0.8096948359375 0.089953125 0.7916666671875 0.1034375 0.784906103125 0.1154375 0.7646478875 0.1184375 0.737605634375 0.1229375 0.7105868546874999 0.1214375 0.6925586859374999 0.1184375 0.6700469484375 0.10793749999999999 0.6092253515625 0.08695312499999999 0.5799530515625 0.023984375 0.5709389671875 0.026984374999999998 0.575446009375 0.020984375 0.575446009375 0.019484375 0.5822065734375
9 0.6865625 0.3303286390625 0.6880625 0.2898826296875 0.665625 0.2719014078125 0.6491718750000001 0.29661971875000004 0.650671875 0.3415727703125 0.63271875 0.35730046875 0.617765625 0.4202347421875 0.6267343750000001 0.45169014062499996 0.6416875 0.42246478906249996 0.683578125 0.3910093890625 0.6865625 0.3932629109375 0.6865625 0.3618075125 0.6865625 0.3303286390625
9 0.45646875 0.21957746406249998 0.462078125 0.21115023437499997 0.471703125 0.2075352109375 0.474109375 0.191877934375 0.466890625 0.158145540625 0.459671875 0.1424882625 0.45326562499999995 0.11119718281249999 0.44123437499999996 0.11359155000000001 0.43321875 0.12805164375 0.432421875 0.1533333328125 0.43401562499999996 0.17380281718749999 0.432421875 0.182230046875 0.42279687499999996 0.1858450703125 0.423609375 0.2075352109375 0.432421875 0.214741784375 0.432421875 0.2400469484375 0.44925 0.238826290625 0.45006250000000003 0.21957746406249998 0.45646875 0.21957746406249998
9 0.5338125 0.12983568125 0.5338125 0.1425586859375 0.5305625 0.154295775 0.52478125 0.1653990609375 0.51934375 0.189201878125 0.5152187500000001 0.20291079843749998 0.5177968749999999 0.2136150234375 0.5240781250000001 0.237394365625 0.53315625 0.25014084531249997 0.5308437500000001 0.26417840312499996 0.5278125 0.28715962500000003 0.527296875 0.3176525828125 0.524046875 0.33427229999999997 0.52990625 0.3420892015625 0.532515625 0.34795774687500003 0.53315625 0.3616666671875 0.532515625 0.37730046875 0.5305625 0.39295774687499996 0.531203125 0.4076291078125 0.53315625 0.41643192500000004 0.539671875 0.41349765312500003 0.541625 0.397840375 0.54228125 0.3870892015625 0.542921875 0.3870892015625 0.552046875 0.3880751171875 0.566359375 0.3939436625 0.572875 0.40960093906250006 0.574828125 0.44481220625000006 0.581984375 0.4653521125 0.583296875 0.47805164375000003 0.58525 0.4956572765625 0.5885 0.5132629109375 0.59696875 0.5142488265625 0.5963125 0.506431925 0.590453125 0.4770892015625 0.587203125 0.442840375 0.58915625 0.4105633796875 0.586546875 0.38316901406250004 0.591109375 0.329389671875 0.58915625 0.2775352109375 0.590453125 0.25600938906250004 0.598921875 0.25112676093749997 0.600875 0.2354694828125 0.59565625 0.19145539843749998 0.5885 0.1679812203125 0.58134375 0.1484272296875 0.572875 0.12983568125 0.5683125 0.11124413124999999 0.563765625 0.089741784375 0.55725 0.08680751249999999 0.54878125 0.090704225 0.544234375 0.090704225 0.54096875 0.09267605625 0.5338125 0.11124413124999999 0.5338125 0.12983568125
9 0.341046875 0.2314553984375 0.353 0.20899061093750002 0.347015625 0.1685446015625 0.3335625 0.159553990625 0.326078125 0.11460093906249999 0.309625 0.11460093906249999 0.303640625 0.12359155 0.308125 0.1618075125 0.28718750000000004 0.17302816875 0.2901875 0.22920187812499998 0.29765625 0.2853990609375 0.31262500000000004 0.37976525781250003 0.348515625 0.370798121875 0.353 0.35730046875 0.350015625 0.3258450703125 0.341046875 0.2314553984375
9 0.360609375 0.20638497656250002 0.35281250000000003 0.2435211265625 0.35176562499999997 0.25016431875 0.352546875 0.25446009375 0.36529687499999997 0.26032863906250003 0.36634375 0.2818309859375 0.369453125 0.300985915625 0.367375 0.36197183125 0.377 0.36626760625 0.38559375 0.365093896875 0.38584375 0.2900234734375 0.3879375 0.2919953046875 0.38740625 0.362746478125 0.404578125 0.35882629062500004 0.40667187499999996 0.333826290625 0.40328125000000004 0.325610328125 0.40303125 0.301361503125 0.4025 0.2704929578125 0.400421875 0.268145540625 0.39859374999999997 0.257582159375 0.39260937500000004 0.25093896718750003 0.394171875 0.245070421875 0.399375 0.24194835625 0.424359375 0.23960093906250002 0.424359375 0.23922535156250002 0.42121875 0.226150234375 0.42018750000000005 0.2175352109375 0.41732812499999994 0.2069953046875 0.40560937499999994 0.1803990609375 0.399625 0.16828638437500001 0.3980625 0.1608685453125 0.39625 0.1577230046875 0.39703125 0.1503051640625 0.39625 0.135446009375 0.39078124999999997 0.12098591562500001 0.3819375 0.11746478906249999 0.37465625 0.1205868546875 0.36996875 0.1327230046875 0.368140625 0.141713615625 0.368671875 0.15305164375 0.365796875 0.16359155 0.36425 0.166338028125 0.360609375 0.1743192484375 0.36009375 0.191525821875 0.360609375 0.20638497656250002
9 0.6972343750000001 0.2846009390625 0.7185312500000001 0.2647887328125 0.7205625 0.257934271875 0.70940625 0.24192488281250002 0.6941875 0.252605634375 0.6916562500000001 0.2701173703125 0.68809375 0.29375586875000004 0.68809375 0.2914788734375 0.68759375 0.300610328125 0.6972343750000001 0.2846009390625
8 0.368921875 0.258568075 0.388671875 0.252042253125 0.389015625 0.24852112656249997 0.39034375 0.240985915625 0.389015625 0.232934271875 0.375953125 0.20828638437500002 0.37328125 0.2103051640625 0.37228125 0.213826290625 0.370265625 0.21483568125 0.36524999999999996 0.2133333328125 0.3615625 0.20929577500000002 0.358546875 0.20730046875000002 0.35754687500000004 0.21784037500000003 0.35085937500000003 0.24500000000000002 0.34984375 0.25406103281250003 0.356546875 0.2565727703125 0.368921875 0.258568075
8 0.313671875 0.7610328640625 0.31465624999999997 0.7580985921875001 0.31465624999999997 0.707417840625 0.311234375 0.7022769953125 0.30928125 0.67805164375 0.30340625 0.66483568125 0.30096875 0.6560328640625 0.28581249999999997 0.6589671359375 0.28142187500000004 0.6758450703125 0.282390625 0.7015492953125 0.27896875 0.713309859375 0.282890625 0.7625117375 0.2916875 0.772042253125 0.296578125 0.7632394359375 0.304875 0.7573708921875 0.313671875 0.7610328640625
8 0.32239062500000004 0.7829107984375 0.315171875 0.7576291078125 0.29353125 0.758826290625 0.290328125 0.76483568125 0.285515625 0.798568075 0.303953125 0.8334741781250001 0.31437499999999996 0.828661971875 0.324 0.7973474171875 0.32239062500000004 0.7829107984375
9 0.683890625 1 0.6808125 0.9958450703124999 0.675671875 0.9371126765625 0.6736093750000001 0.8953990609375 0.661265625 0.8505633796875 0.63965625 0.8273943656249999 0.6561250000000001 0.808849765625 0.672578125 0.78875586875 0.6900625 0.759389671875 0.728140625 0.68983568125 0.7301875 0.6450234734375 0.7301875 0.594014084375 0.6900625 0.53373239375 0.6581718750000001 0.5074647890625 0.6232031250000001 0.5074647890625 0.571765625 0.5368309859375 0.55221875 0.594014084375 0.534734375 0.61410798125 0.529578125 0.69910798125 0.529578125 0.7114788734374999 0.519296875 0.70373239375 0.50284375 0.70838028125 0.506953125 0.7300234734375 0.49048437500000003 0.7315727703125 0.479171875 0.705281690625 0.46168750000000003 0.709929578125 0.440078125 0.7161032859375001 0.42053124999999997 0.754741784375 0.38864062499999996 0.909295775 0.378359375 1 0.683890625 1
8 0.10874999999999999 0.4670892015625 0.107984375 0.476361503125 0.137296875 0.4775117375 0.12456249999999999 0.4404225359375 0.113375 0.4485211265625 0.111453125 0.44622065781250003 0.109515625 0.4276525828125 0.1068125 0.40910798125000003 0.1045 0.4010093890625 0.102578125 0.405633803125 0.10334375 0.41781690156250006 0.102578125 0.43983568125000005 0.103734375 0.4589671359375 0.1045 0.4612910796875 0.108359375 0.4624413140625 0.10874999999999999 0.4670892015625
8 0.586328125 0.37387323906250003 0.591234375 0.3775586859375 0.610046875 0.43530516406249997 0.6157812500000001 0.43408450781249996 0.5977812499999999 0.38124413125 0.6018749999999999 0.3640610328125 0.605953125 0.30138497656249996 0.5920625 0.3063145546875 0.591234375 0.3603755875 0.585515625 0.3640610328125 0.586328125 0.37387323906250003
8 0.9774218749999999 0.5377934265625 0.96775 0.6578169015625 0.9753281250000001 0.6578169015625 0.9841562500000001 0.5384272296875 0.9887812500000001 0.5302347421875 1 0.5283333328125 0.9997031249999999 0.46896713593749995 0.9917187500000001 0.4765492953125 0.9917187500000001 0.477159625 0.9866718750000001 0.5030751171875 0.9879374999999999 0.5074882625 0.9845625 0.50875586875 0.9774218749999999 0.5377934265625
8 0.158109375 0.775281690625 0.312 0.8885211265624999 0.437625 0.718661971875 0.472171875 0.6966431921875 0.46484375 0.685633803125 0.26384375000000004 0.5944131453125 0.23796875 0.60910798125 0.282796875 0.6816431921875 0.158109375 0.775281690625
8 0.490109375 0.6905633796874999 0.5193749999999999 0.654178403125 0.540578125 0.6238497656249999 0.5567031250000001 0.5746713609375 0.391890625 0.5167605640625 0.282015625 0.5919014078125 0.4729375 0.6936150234375 0.490109375 0.6905633796874999
8 0.37634375000000003 1 0.715625 0.998849765625 0.7192556812500001 0.987944940625 0.7235071015625001 0.99869398125 0.8023281250000001 0.99713615 0.8114531250000001 0.8840375593750001 0.78065625 0.8480516437500001 0.74871875 0.8343427234374999 0.7555625 0.8788967140624999 0.7228863640625 0.9770401203124999 0.70766493125 0.9977725609375 0.5656701390625 0.998727178125 0.425390625 0.75551643125 0.30676562500000004 0.892605634375 0.3048645828125 0.9068857578125 0.3010625 0.9354460093749999 0.327296875 0.9491549296875 0.3193125 0.990281690625 0.37634375000000003 1
8 0.19134374999999998 0.59859155 0.11576562500000001 0.6488028171875 0.11285937500000001 0.7645305171875 0.12448437500000001 0.7885446015625 0.13903125 0.7885446015625 0.26692187500000003 0.70340375625 0.28145312499999997 0.659741784375 0.275640625 0.6488028171875 0.19134374999999998 0.59859155
8 0.2691875 0.3551408453125 0.270671875 0.35589201875 0.27415625 0.38946009375 0.29700000000000004 0.3819953046875 0.294015625 0.3551408453125 0.2691875 0.3551408453125
9 0.827140625 0.2872769953125 0.82553125 0.301877934375 0.829296875 0.31159624375 0.8320000000000001 0.3132159625 0.829296875 0.3188967140625 0.833625 0.3269953046875 0.83415625 0.3278169015625 0.8347031250000001 0.3375352109375 0.8395625000000001 0.34239436562500003 0.8465624999999999 0.3432159625 0.848734375 0.34401408437500003 0.8373906249999999 0.35375586875 0.8012499999999999 0.3553755875 0.79315625 0.35699530468749996 0.792078125 0.3577934265625 0.786671875 0.361854459375 0.7845156249999999 0.374014084375 0.7893749999999999 0.3796948359375 0.806640625 0.374014084375 0.832546875 0.3764553984375 0.8395625000000001 0.3780751171875 0.84009375 0.3853521125 0.813125 0.3821126765625 0.795859375 0.3813145546875 0.787765625 0.3813145546875 0.7748125 0.3804929578125 0.77534375 0.391854459375 0.792609375 0.3983333328125 0.8222968749999999 0.40481220625000003 0.835234375 0.41535211250000004 0.838484375 0.4218309859375 0.839015625 0.42833333281249997 0.844953125 0.43319248750000006 0.8465624999999999 0.47694835625 0.8503437500000001 0.4907277 0.8530468750000001 0.495610328125 0.86815625 0.5037089203125 0.875703125 0.49802816875 0.877328125 0.49154929531249997 0.8827187500000001 0.4858685453125 0.88703125 0.47938967187500003 0.8913593750000001 0.4453521125 0.897828125 0.3991314546875 0.885953125 0.3432159625 0.8784062499999999 0.333474178125 0.874625 0.3196948359375 0.8730156250000001 0.314037559375 0.875703125 0.304295775 0.877328125 0.289718309375 0.8735468750000001 0.28079812187500003 0.871921875 0.270258215625 0.8627499999999999 0.259718309375 0.851421875 0.2588967140625 0.8395625000000001 0.2637793421875 0.827140625 0.2872769953125
9 0.00490625 0.158122065625 0.009328125 0.1873474171875 0.027890625000000002 0.2179107984375 0.034078125 0.24845070468750002 0.04115625 0.26704225312499996 0.04115625 0.28697183125 0.039375 0.31089201875 0.029656250000000002 0.32018779375 0.001359375 0.30424882656249996 0.016390625 0.36136150312500004 0.019046874999999998 0.3812910796875 0.025234374999999996 0.4264553984375 0.043796875 0.43840375624999994 0.033187499999999995 0.4569953046875 0.03584375 0.4769248828125 0.072984375 0.4676291078125 0.066796875 0.4264553984375 0.075625 0.38659624375 0.08446875000000001 0.463638496875 0.1056875 0.4556807515625 0.11895312499999999 0.43974178437500006 0.12160937499999999 0.41582159687500003 0.12603124999999998 0.38659624375 0.10834375 0.26838028125 0.10392187500000001 0.245798121875 0.087125 0.2139201875 0.075625 0.191338028125 0.06414062499999999 0.17673708906250002 0.047343750000000004 0.1554694828125 0.022578124999999998 0.1395305171875 0.022578124999999998 0.1448591546875 0.01196875 0.14617370937500002 0.00490625 0.158122065625
8 0.78821875 0.11863849687500001 0.794640625 0.11774647812500001 0.796 0.1159389671875 0.8010781250000001 0.11323943593750001 0.814390625 0.12133802812500001 0.8142343750000001 0.1038028171875 0.8131875000000001 0.102230046875 0.78403125 0.10291079843749999 0.78403125 0.11213614999999999 0.78328125 0.11638497656249999 0.784625 0.1184272296875 0.78821875 0.11863849687500001
8 0.91621875 0.19450704218749998 0.9231562500000001 0.19450704218749998 0.920671875 0.13335680781249998 0.9157187499999999 0.1340845078125 0.91621875 0.19450704218749998
9 0.734375 0.22769953125 0.734375 0.2417840375 0.7390625 0.248826290625 0.7421875 0.248826290625 0.7484375 0.2629107984375 0.7515625 0.284037559375 0.765625 0.3028169015625 0.7703125 0.31924882656250003 0.771875 0.34741784062500003 0.7828125 0.34741784062500003 0.7875 0.34037558749999997 0.79375 0.33802816875 0.8015625 0.3262910796875 0.8046875 0.3262910796875 0.809375 0.314553990625 0.8078125 0.267605634375 0.8096875000000001 0.25446009375 0.8079202593750001 0.2382224375 0.8115625 0.24131455468750002 0.8155711203125 0.24121741874999997 0.899730603125 0.2741622140625 0.960546875 0.30985915468749997 0.959375 0.345070421875 0.9625 0.3685446015625 0.9671875 0.37323943593750003 0.975 0.37323943593750003 0.9828125 0.38262910781250004 0.9921875 0.38262910781250004 0.9984375 0.37089201875 0.996875 0.2793427234375 0.99375 0.267605634375 0.9890625 0.2605633796875 0.9765625 0.2629107984375 0.9609375 0.298122065625 0.9073814656250001 0.2771571953125 0.8134375 0.22816901406249998 0.8171875 0.20187793437499998 0.8140625 0.1760563375 0.8203125 0.1643192484375 0.81875 0.12910798125 0.8046875 0.10798122031249999 0.7953125 0.10798122031249999 0.7859375 0.1150234734375 0.7734375 0.1408450703125 0.7640625 0.169014084375 0.75625 0.169014084375 0.7515625 0.1760563375 0.7453125 0.20422535156250002 0.7467133625 0.2142625875 0.7390625 0.21126760625 0.731098790625 0.211116159375 0.7375 0.2230046953125 0.734375 0.22769953125
9 0.340625 0.1150234734375 0.3375 0.1173708921875 0.32755681875 0.13743064375 0.3338541671875 0.1447574328125 0.33125 0.1478873234375 0.3225852265625 0.1474605203125 0.287784090625 0.21766965468750002 0.290234375 0.22828638437499998 0.2828125 0.22769953125 0.278125 0.23943662031250001 0.275 0.229833546875 0.11875 0.272513871875 0.11875 0.28051643125000003 0.1140625 0.2793427234375 0.1109375 0.2746478875 0.109375 0.2769953046875 0.0401041671875 0.2824726140625 0.040625 0.267605634375 0.034375 0.251173709375 0.0265625 0.21596244062499997 0.0151041671875 0.19718309843749998 0.015711806249999998 0.187336984375 0.0123263890625 0.1523213359375 0.0125 0.1478873234375 0.015625 0.1478873234375 0.0171875 0.1408450703125 0.0111979171875 0.1406494515625 0.01006944375 0.12897756875 0.015625 0.1267605640625 0.0140625 0.11267605624999999 0.0078125 0.105633803125 0.0015625 0.105633803125 0.008940971875 0.11730568593749999 0.0015625 0.1176543265625 0.0015625 0.153715896875 0.00625 0.1572769953125 0.0015625 0.1657364203125 0.0078125 0.1725352109375 0.0015625 0.17775694375 0.009375 0.1877934265625 0.0015625 0.1897774671875 0.0015625 0.2979621796875 0.0078125 0.30985915468749997 0.0015625 0.309982703125 0.0046875 0.3169014078125 0.0015625 0.321843340625 0.0015625 0.5234741781250001 0.0109375 0.5234741781250001 0.0109375 0.53286385 0.0078125 0.539906103125 0.009375 0.5704225359375 0.0140625 0.5751173703125 0.025 0.5751173703125 0.03125 0.5704225359375 0.0375 0.5586854453125001 0.040625 0.5289514859375 0.0484375 0.525821596875 0.046875 0.5751173703125 0.0703125 0.57981220625 0.084375 0.57981220625 0.0875 0.5751173703125 0.090625 0.556338028125 0.084375 0.5446009390625 0.075 0.5446009390625 0.0703125 0.549295775 0.06875 0.53286385 0.0625 0.5211267609375 0.053125 0.5211267609375 0.051278409375 0.514404609375 0.0421875 0.5140845078125 0.04618055625 0.5024778296875 0.05411931875 0.5029876234375 0.10809659062500002 0.2860648734375 0.1109375 0.2863849765625 0.115625 0.314553990625 0.128125 0.31924882656250003 0.134375 0.3262910796875 0.140625 0.3262910796875 0.14375 0.330985915625 0.15 0.330985915625 0.15625 0.33802816875 0.18125 0.34741784062500003 0.1875 0.35446009375 0.203125 0.35915492968749996 0.209375 0.3661971828125 0.2203125 0.37089201875 0.221875 0.34741784062500003 0.2265625 0.33802816875 0.23125 0.3482003125 0.25 0.3497652578125 0.2515625 0.345070421875 0.2526041671875 0.3169014078125 0.240625 0.3157277 0.246875 0.3028169015625 0.253125 0.3028169015625 0.2796875 0.2934272296875 0.279296875 0.279929578125 0.284375 0.284037559375 0.284375 0.281690140625 0.29375 0.26525821562499996 0.29140625 0.240610328125 0.3375 0.1643192484375 0.3421875 0.1666666671875 0.3595982140625 0.1301140171875 0.3618303578125 0.1277666 0.3669642859375 0.1343617265625 0.4258928578125 0.16834339375000001 0.490625 0.22065727656249998 0.5084375 0.23051643125000001 0.490625 0.298122065625 0.49375 0.3169014078125 0.4984375 0.3239436625 0.5078125 0.32159624375 0.515625 0.328638496875 0.5203125 0.328638496875 0.5265625 0.3169014078125 0.5265625 0.284037559375 0.5328125 0.251173709375 0.5234375 0.2370892015625 0.5160786296875 0.20702710937500002 0.7231350812499999 0.21096471249999998 0.5328125 0.1314553984375 0.5296875 0.1267605640625 0.5234375 0.12206572812500001 0.5140625 0.12206572812500001 0.509375 0.12910798125 0.5 0.175273865625 0.503125 0.1807511734375 0.49765625 0.18661971875 0.500151209375 0.20672421562499999 0.4921875 0.2065727703125 0.433258928125 0.1725911015625 0.4328125 0.15962441249999998 0.4265625 0.1643192484375 0.4234375 0.1572769953125 0.4203125 0.1561032859375 0.42291666718750004 0.1447574328125 0.421875 0.11971830937500001 0.434375 0.1267605640625 0.440625 0.1150234734375 0.44375 0.1150234734375 0.440625 0.07981220624999999 0.4359375 0.0680751171875 0.421875 0.0539906109375 0.415625 0.0539906109375 0.396875 0.0211267609375 0.3875 0.0211267609375 0.3828125 0.025821596875000002 0.3609375 0.0751173703125 0.35625 0.07981220624999999 0.340625 0.1150234734375