9 0.4446875 1 0.44896874999999997 0.9951877937500001 0.463953125 0.9742723 0.46609375000000003 0.9581924875000001 0.463953125 0.95016431875 0.45753125 0.9260563375 0.4543125 0.8874647890625 0.45859375 0.8681690140624999 0.4618125 0.8247652578125001 0.46715625000000005 0.8070892015625001 0.48428125 0.7604694828125 0.49390625000000005 0.8087089203125 0.4885625 0.8424647890625 0.490703125 0.8955164312499999 0.49712500000000004 0.9099765265625 0.4885625 0.95338028125 0.48 0.99838028125 0.508890625 0.99838028125 0.50996875 0.9919718312500001 0.513171875 0.97589201875 0.514234375 0.95338028125 0.5249375 0.9164084499999999 0.530296875 0.9164084499999999 0.541 0.8987323937499999 0.535640625 0.8730046953124999 0.535640625 0.8521126765625 0.539921875 0.8215492953125001 0.544203125 0.7942253515625 0.5484843749999999 0.639906103125 0.54634375 0.609366196875 0.535640625 0.5563145546875 0.531359375 0.4984272296875 0.50996875 0.4164553984375 0.49390625000000005 0.39875586875 0.5014062499999999 0.3859154921875 0.50996875 0.3859154921875 0.50996875 0.36983568125 0.518515625 0.32643192499999996 0.503546875 0.29589201875 0.490703125 0.28302816875 0.477859375 0.28462441250000003 0.455390625 0.3039201875 0.44576562500000005 0.300704225 0.4446875 0.313568075 0.4446875 0.33929577499999997 0.43934375000000003 0.3859154921875 0.451109375 0.4003755875 0.432921875 0.41483568125000003 0.42542187499999995 0.41483568125000003 0.409375 0.42448356875000004 0.40295312499999997 0.4228873234375 0.3644375 0.37786385 0.36015625 0.35053990625 0.35053125 0.3360798125 0.340890625 0.34410798125 0.332328125 0.34089201875 0.325921875 0.358568075 0.331265625 0.3923474171875 0.355875 0.41805164375 0.37834375 0.45502347343749994 0.3740625 0.4614553984375 0.325921875 0.41805164375 0.3195 0.39875586875 0.313078125 0.3907277 0.30343749999999997 0.36983568125 0.282046875 0.37786385 0.27240625 0.3907277 0.275625 0.41161971875000003 0.317359375 0.44218309843750003 0.36015625 0.5129107984375 0.415796875 0.4984272296875 0.42221875000000003 0.5032629109375 0.43184374999999997 0.586854459375 0.43184374999999997 0.667230046875 0.43184374999999997 0.686525821875 0.424359375 0.7443896718749999 0.410453125 0.8087089203125 0.40403124999999995 0.8553286390625001 0.42328124999999994 0.8649530515625001 0.433984375 0.9260563375 0.42221875000000003 0.96302816875 0.40295312499999997 1 0.4446875 1
9 0.804734375 0.336502346875 0.807421875 0.3400234734375 0.81446875 0.36018779375 0.818484375 0.3631924875 0.8211718749999999 0.35413145468749996 0.8161406250000001 0.341525821875 0.813453125 0.3259154921875 0.8080937499999999 0.3198591546875 0.808765625 0.310281690625 0.8090937500000001 0.305258215625 0.809765625 0.301713615625 0.8054062500000001 0.29213615000000004 0.8000468749999999 0.2891314546875 0.791984375 0.2911267609375 0.789984375 0.3002112671875 0.789640625 0.305258215625 0.7903125 0.3097887328125 0.7893125000000001 0.3092723 0.78259375 0.3112910796875 0.779578125 0.31481220625 0.774890625 0.3213849765625 0.770859375 0.338497653125 0.7671718750000001 0.361690140625 0.7665 0.36823943593749997 0.7698437499999999 0.3823474171875 0.789640625 0.381338028125 0.797015625 0.38739436562499996 0.8010468749999999 0.386877934375 0.81546875 0.38589201875 0.8147968750000001 0.39544600937499996 0.81815625 0.4075586859375 0.8164843749999999 0.43476525781250003 0.8195 0.43525821562499994 0.8412968749999999 0.43476525781250003 0.8416406249999999 0.4292253515625 0.8386250000000001 0.42570422499999994 0.8342499999999999 0.426690140625 0.83459375 0.41410798125000003 0.8302343750000001 0.37732394375 0.825203125 0.3717605640625 0.817484375 0.3637089203125 0.8003750000000001 0.361690140625 0.799703125 0.3631924875 0.8000468749999999 0.3511032859375 0.804734375 0.336502346875
9 0.85096875 0.35140845 0.841015625 0.3620892015625 0.8324843749999999 0.371690140625 0.826796875 0.38983568125 0.826796875 0.40373239375000003 0.826796875 0.4090610328125 0.84740625 0.40478873281250005 0.8793906249999999 0.3834272296875 0.8829375 0.367417840625 0.8893437499999999 0.3556807515625 0.8921875 0.3396478875 0.8836562499999999 0.3086854453125 0.87796875 0.29481220625 0.8765468750000001 0.2819953046875 0.8616250000000001 0.2734507046875 0.862328125 0.28840375625000003 0.8687343750000001 0.3022769953125 0.868015625 0.315093896875 0.865171875 0.318309859375 0.857359375 0.3364553984375 0.860203125 0.318309859375 0.854515625 0.34286384999999997 0.85096875 0.35140845
9 0.707546875 0.2928873234375 0.704421875 0.29875586875 0.70234375 0.30699530468749997 0.699984375 0.315610328125 0.700515625 0.328145540625 0.70234375 0.3285446015625 0.70259375 0.330093896875 0.70259375 0.335985915625 0.704171875 0.339906103125 0.709125 0.33793427187499997 0.712515625 0.3383333328125 0.714328125 0.343826290625 0.714328125 0.3465492953125 0.7198125 0.346173709375 0.721640625 0.34812206562500003 0.7247656250000001 0.3504694828125 0.72346875 0.33873239375 0.7247656250000001 0.32697183124999996 0.72425 0.31755868593750003 0.72503125 0.314037559375 0.7271093750000001 0.308568075 0.7271093750000001 0.3054225359375 0.7271093750000001 0.299553990625 0.7271093750000001 0.293661971875 0.72528125 0.289741784375 0.722421875 0.28661971875000003 0.7184999999999999 0.2858450703125 0.715640625 0.2862206578125 0.70990625 0.2909154921875 0.707546875 0.2928873234375
9 0.744234375 0.35704225312500004 0.73865625 0.33786385 0.73865625 0.3343427234375 0.7395625 0.324366196875 0.73721875 0.3105868546875 0.739734375 0.3057277 0.74028125 0.293568075 0.741890625 0.2895305171875 0.738109375 0.2808685453125 0.729484375 0.2789906109375 0.7264375000000001 0.2884507046875 0.7264375000000001 0.31194835625 0.7244531249999999 0.3411032859375 0.727328125 0.3524413140625 0.746390625 0.3680985921875 0.753578125 0.3670187796875 0.744234375 0.35704225312500004
9 0.769890625 0.34232394374999997 0.7682187500000001 0.316690140625 0.77590625 0.308145540625 0.7715625 0.29657277031249996 0.7601875 0.2900469484375 0.7528125 0.30159624375 0.754828125 0.3066431921875 0.749140625 0.308638496875 0.7424375000000001 0.319201878125 0.7404375 0.34483568125 0.74846875 0.36093896718749996 0.7611875 0.370985915625 0.764875 0.37502347343750003 0.767875 0.361431925 0.769890625 0.34232394374999997
8 0.61465625 0.38208920156250004 0.6180625 0.3868075125 0.62303125 0.38483568125 0.6287812500000001 0.37659624375 0.66328125 0.3789436625 0.659875 0.3930751171875 0.659359375 0.40251173749999997 0.6669375 0.40053990625 0.66615625 0.38955399062499996 0.6685 0.3773708921875 0.6739843750000001 0.3742488265625 0.671640625 0.3691314546875 0.6068125 0.371877934375 0.60603125 0.371877934375 0.6057812499999999 0.3769953046875 0.61465625 0.38208920156250004
8 0.16434375 0.250281690625 0.166296875 0.2659389671875 0.16825 0.276690140625 0.1760625 0.291361503125 0.18453124999999998 0.30016431875 0.193640625 0.30408450781249996 0.20665624999999999 0.3099530515625 0.21837499999999999 0.31190140781250003 0.22945312499999998 0.305070421875 0.23595312499999999 0.297230046875 0.240515625 0.2854929578125 0.24312499999999998 0.2678873234375 0.24246875 0.256150234375 0.23921874999999998 0.2434507046875 0.232703125 0.23267605625 0.22684375 0.22584507031249998 0.21903125 0.21800469531250002 0.20992187499999998 0.213122065625 0.20340625 0.21018779375 0.19559375 0.20920187812500002 0.181265625 0.213122065625 0.17215625 0.2238732390625 0.16434375 0.23659624375 0.16434375 0.250281690625
9 0.931578125 0.3846948359375 0.9260468749999999 0.36152582187500004 0.9149843750000001 0.3419248828125 0.9047031249999999 0.34133802812499997 0.901546875 0.3692488265625 0.8964062500000001 0.3953755875 0.8794062500000001 0.4102112671875 0.8501562500000001 0.41913145468749996 0.876640625 0.43218309843749997 0.9307968750000001 0.43100938906249997 0.93 0.40605633750000003 0.931578125 0.3846948359375
8 0.6243593749999999 0.44575117343750004 0.661625 0.4445305171875 0.6626562500000001 0.44483568125 0.6626562500000001 0.43840375624999994 0.664484375 0.42678403749999994 0.665296875 0.4182159625 0.66509375 0.41607981250000003 0.6624375 0.4105633796875 0.65715625 0.403826290625 0.647984375 0.3968075125 0.6412656250000001 0.3983333328125 0.6371875 0.4010798125 0.6331249999999999 0.4041314546875 0.629859375 0.4050469484375 0.62721875 0.40842722968749995 0.6270156250000001 0.40842722968749995 0.624765625 0.41546948281249996 0.622125 0.4230985921875 0.622125 0.4243427234375 0.62009375 0.432582159375 0.6213124999999999 0.4393192484375 0.62375 0.44208920156250003 0.6243593749999999 0.44575117343750004
8 0.830140625 0.3869953046875 0.830140625 0.394014084375 0.830140625 0.39586854531250004 0.830140625 0.3970892015625 0.830140625 0.4031924875 0.829328125 0.4114553984375 0.830953125 0.41084507031250006 0.8370625 0.39096244062499996 0.845828125 0.4359389671875 0.8480624999999999 0.4365492953125 0.8488749999999999 0.43532863906249997 0.8490781249999999 0.43319248750000006 0.8500937499999999 0.435633803125 0.852546875 0.42828638437500005 0.8576406249999999 0.3924882625 0.86109375 0.389741784375 0.8753437500000001 0.43746478906249997 0.878203125 0.43502347343750003 0.878203125 0.43194835625000005 0.86659375 0.39096244062499996 0.870265625 0.387605634375 0.87128125 0.38669014062499996 0.8708750000000001 0.38300469531250003 0.8678125 0.3799530515625 0.8631249999999999 0.3765727703125 0.8584531249999999 0.3606807515625 0.8543749999999999 0.351502346875 0.8505 0.3447652578125 0.847453125 0.3435446015625 0.84684375 0.3435446015625 0.837265625 0.3426291078125 0.8368593750000001 0.3426291078125 0.8297343749999999 0.343849765625 0.827296875 0.34659624375 0.8266718750000001 0.34873239375 0.825859375 0.35180751250000003 0.83196875 0.379037559375 0.83196875 0.3814788734375 0.830140625 0.3839201875 0.830140625 0.3869953046875
8 0.789390625 0.42244131406249996 0.79234375 0.43178403750000005 0.793984375 0.41159624375000003 0.80053125 0.39732394375 0.80053125 0.3909389671875 0.8080624999999999 0.38798122031250004 0.810359375 0.38354460156250003 0.8011874999999999 0.38354460156250003 0.797578125 0.3594366203125 0.794640625 0.3535446015625 0.7903749999999999 0.34812206562500003 0.778265625 0.3422065734375 0.76778125 0.3422065734375 0.7618750000000001 0.346150234375 0.759265625 0.3535446015625 0.7599218750000001 0.3638732390625 0.76090625 0.3791314546875 0.76121875 0.3860093890625 0.762859375 0.3909389671875 0.7635156249999999 0.4248826296875 0.7674531250000001 0.426361503125 0.76909375 0.4234272296875 0.789390625 0.42244131406249996
8 0.8639374999999999 0.40220657343750005 0.8701302078125 0.410688575 0.8785416671874999 0.40665884218750004 0.8811249999999999 0.4076291078125 0.886953125 0.40262910781250005 0.88225 0.384718309375 0.87309375 0.3863849765625 0.87309375 0.375962440625 0.882796875 0.36305164375 0.889453125 0.34553990625000003 0.88584375 0.3434507046875 0.8800156250000001 0.3526291078125 0.8765546875 0.364295775 0.86365625 0.37805164375 0.8614375000000001 0.3968075125 0.855890625 0.41053990625000003 0.86171875 0.414718309375 0.8639374999999999 0.40220657343750005