8 0.5030769234375 0.5373125 0.5178418796875001 0.539015625 0.524829059375 0.5373125 0.525598290625 0.531625 0.525598290625 0.529921875 0.5691239312499999 0.49809374999999995 0.58391025625 0.5009375 0.5908974359375 0.489578125 0.6134401703125001 0.4770625 0.6142094015625 0.4645625 0.6111111109375 0.4583125 0.6056623937500001 0.45376562500000006 0.5986752140625 0.44865625 0.5908974359375 0.446375 0.582350428125 0.44523437499999996 0.571474359375 0.44523437499999996 0.524829059375 0.47365625 0.53337606875 0.478203125 0.5364957265625 0.487296875 0.5263888890625 0.490703125 0.5170512828125 0.489 0.5100641031250001 0.483890625 0.47119658124999997 0.5134375 0.4758547015625 0.526515625 0.494508546875 0.53446875 0.5030769234375 0.5373125
8 0.2620512828125 0.744578125 0.25675213750000003 0.752875 0.2580128203125 0.7530625 0.258525640625 0.7598906249999999 0.2595299140625 0.775203125 0.2615598296875 0.7763125 0.263311965625 0.7871875 0.263311965625 0.7894062500000001 0.263311965625 0.792359375 0.263311965625 0.7929062499999999 0.26130341874999996 0.799734375 0.2610470078125 0.799921875 0.2620512828125 0.8045312499999999 0.2620512828125 0.805828125 0.26305555625 0.8069375000000001 0.263311965625 0.811359375 0.2615598296875 0.8185625 0.260042734375 0.83515625 0.25271367499999997 0.8456718750000001 0.2547435890625 0.847703125 0.257777778125 0.847703125 0.26079059843749997 0.847515625 0.2653418796875 0.8445625 0.2698717953125 0.83940625 0.27316239375 0.834609375 0.273418803125 0.834609375 0.27871794843750003 0.83165625 0.2799786328125 0.8296250000000001 0.2822435890625 0.82925 0.283760684375 0.834609375 0.2913247859375 0.834421875 0.29358974375 0.8329531250000001 0.2976282046875 0.83128125 0.2976282046875 0.825375 0.293846153125 0.8185625 0.284508546875 0.815421875 0.2807264953125 0.8198437500000001 0.2746794875 0.820953125 0.2749145296875 0.8178124999999999 0.27542735 0.814125 0.2759401703125 0.813578125 0.2784615390625 0.813578125 0.2804700859375 0.813390625 0.28576923125000003 0.811546875 0.2882905984375 0.8093281250000001 0.28955128281250003 0.80859375 0.2867735046875 0.802875 0.284508546875 0.798078125 0.28123931562500004 0.796421875 0.273418803125 0.79678125 0.2746794875 0.79125 0.27391025625 0.7759375000000001 0.2729059828125 0.742171875 0.269615384375 0.7364531249999999 0.2698717953125 0.7371875 0.26811965781249997 0.7375625 0.2620512828125 0.744578125
9 0.058141025 0.42878125 0.051474359375 0.443421875 0.051474359375 0.45903124999999995 0.060811965625 0.474640625 0.0674786328125 0.491234375 0.0714957265625 0.50978125 0.0728205125 0.536125 0.0808333328125 0.5439375 0.08884615312500001 0.56053125 0.09683760625 0.5761406250000001 0.104850428125 0.5839531250000001 0.1155341875 0.5878593750000001 0.128867521875 0.586875 0.142222221875 0.5898125000000001 0.15557692343750001 0.592734375 0.15557692343750001 0.5800468750000001 0.1368803421875 0.575171875 0.1155341875 0.558578125 0.0875 0.54784375 0.0835042734375 0.538078125 0.0835042734375 0.528328125 0.0835042734375 0.516609375 0.08884615312500001 0.494171875 0.08884615312500001 0.46684374999999995 0.07948717968749999 0.45121874999999995 0.09284187968749999 0.447328125 0.11952991406249999 0.45512499999999995 0.12087606875000001 0.44829687500000004 0.130213675 0.44634375000000004 0.12619658125 0.44146875 0.13555555625 0.439515625 0.1368803421875 0.43365625 0.1448931625 0.434640625 0.1462179484375 0.431703125 0.14756410312499998 0.419015625 0.1488888890625 0.41023437500000004 0.180918803125 0.41218750000000004 0.1582264953125 0.40242187500000004 0.1582264953125 0.397546875 0.15557692343750001 0.38290625 0.14354700781250002 0.373140625 0.1101923078125 0.3663125 0.0835042734375 0.36924999999999997 0.07014957187500001 0.379984375 0.0621367515625 0.394625 0.046132478125 0.39071875 0.0501282046875 0.3995 0.059465812500000007 0.41414062500000004 0.058141025 0.42878125
9 0.23957265 0.640953125 0.2227350421875 0.630875 0.2173717953125 0.608484375 0.1959401703125 0.5413125 0.192115384375 0.5026875000000001 0.1905769234375 0.49260937499999996 0.229615384375 0.48421875 0.2533547015625 0.47134375000000006 0.2533547015625 0.46518750000000003 0.2380341875 0.442796875 0.2158333328125 0.41312499999999996 0.1867521375 0.41312499999999996 0.1752564109375 0.41928124999999994 0.156132478125 0.435515625 0.158418803125 0.453984375 0.13621794843749999 0.46909375000000003 0.10177350468749999 0.49260937499999996 0.084935896875 0.5110781249999999 0.0918162390625 0.546359375 0.122435896875 0.56090625 0.1377564109375 0.5721093749999999 0.156132478125 0.5810625 0.16147435937500002 0.59225 0.2020512828125 0.649359375 0.197457265625 0.7204531249999999 0.2074145296875 0.7238125 0.26023504218750004 0.6644687499999999 0.23957265 0.640953125
9 0.55683760625 0.7385312500000001 0.5553418796875 0.717765625 0.5628205125 0.70575 0.56207265 0.699734375 0.56207265 0.693171875 0.5643162390625001 0.689890625 0.5747649578125 0.6800625 0.5717735046875 0.6751406249999999 0.55683760625 0.672953125 0.552350428125 0.680609375 0.5456196578125 0.690984375 0.5426282046875001 0.696453125 0.53891025625 0.701921875 0.53292735 0.710109375 0.53292735 0.724875 0.535170940625 0.7330625000000001 0.5366666671875 0.7401718749999999 0.5321794875 0.7560156250000001 0.5314316234375001 0.7675 0.552350428125 0.769671875 0.549358975 0.763671875 0.549358975 0.7565625 0.55683760625 0.7385312500000001
9 0.52683760625 0.7574687499999999 0.5308974359375 0.731921875 0.5292735046875 0.720046875 0.5317094015625 0.7063906249999999 0.52683760625 0.698078125 0.527649571875 0.688578125 0.5146367515625 0.689171875 0.5097649578125 0.696296875 0.4975854703125 0.709953125 0.49839743593749997 0.720046875 0.490277778125 0.745 0.493525640625 0.7651875 0.49433760624999995 0.7657812500000001 0.5138247859375 0.76875 0.52683760625 0.7574687499999999
9 0.49841880312500003 0.691578125 0.49145299218750005 0.687875 0.47880341875 0.689265625 0.475641025 0.6980625 0.475641025 0.7096250000000001 0.475641025 0.756359375 0.4958974359375 0.765609375 0.49651709374999997 0.7063906249999999 0.49905982968749996 0.69759375 0.49841880312500003 0.691578125
9 0.73555555625 0.77425 0.73555555625 0.76253125 0.72391025625 0.747609375 0.73555555625 0.7305625 0.7268162390625 0.712453125 0.722457265625 0.69434375 0.707884615625 0.69221875 0.707884615625 0.705 0.7035042734375 0.71778125 0.7020512828125 0.731640625 0.7137179484375 0.7380312499999999 0.722457265625 0.771046875 0.715170940625 0.778515625 0.7253632484375 0.7838437500000001 0.73555555625 0.77425
9 0.55316239375 0.4494375 0.614615384375 0.45168749999999996 0.63305555625 0.4539375 0.6791452984374999 0.4449375 0.648418803125 0.37753125 0.6945085468750001 0.37978125 0.7344658125 0.42921875 0.7651923078125 0.42021875 0.7129487171875 0.361796875 0.5654487171875 0.339328125 0.5500854703125 0.316859375 0.500918803125 0.32809374999999996 0.49476495781249996 0.361796875 0.5224145296875 0.37753125 0.5070512828125 0.43370312499999997 0.5070512828125 0.48764062499999994 0.534722221875 0.49214062500000005 0.5224145296875 0.46965625 0.55316239375 0.4494375
9 0.676581196875 0.70115625 0.6772008546875 0.70625 0.669615384375 0.712265625 0.6740384609375 0.716421875 0.6772008546875 0.720125 0.6791025640624999 0.723375 0.6791025640624999 0.7270625 0.6791025640624999 0.731703125 0.6803632484375 0.73678125 0.6822649578125 0.736328125 0.6847863249999999 0.733546875 0.6885897437499999 0.731703125 0.69555555625 0.72059375 0.6999786328125001 0.716421875 0.6987179484375 0.7053281250000001 0.697457265625 0.700703125 0.697457265625 0.69884375 0.705042734375 0.698390625 0.7006196578125 0.689125 0.69555555625 0.6868125 0.694294871875 0.688203125 0.69619658125 0.683578125 0.69619658125 0.67940625 0.694294871875 0.676171875 0.686688034375 0.6757187499999999 0.6810042734375 0.678484375 0.68162393125 0.680796875 0.68162393125 0.681265625 0.6829059828124999 0.683578125 0.6847863249999999 0.6868125 0.683525640625 0.688671875 0.676581196875 0.688203125 0.6702350421875 0.692375 0.6721367515625001 0.6965312499999999 0.676581196875 0.70115625
9 0.061068376562500006 0.545359375 0.079786325 0.57959375 0.069081196875 0.581546875 0.0677564109375 0.592296875 0.07576923125 0.605015625 0.082457265625 0.604046875 0.07576923125 0.61675 0.0971794875 0.622625 0.1025213671875 0.6138281250000001 0.1092094015625 0.61284375 0.121260684375 0.6285000000000001 0.12660256406249998 0.6265468750000001 0.11991452968750001 0.6138281250000001 0.0985042734375 0.589375 0.079786325 0.5463281249999999 0.0677564109375 0.53753125 0.0677564109375 0.49645312500000005 0.0476923078125 0.44851562500000003 0.0543803421875 0.41428125 0.036987179687499996 0.393734375 0.061068376562500006 0.370265625 0.08380341875 0.365375 0.0971794875 0.342875 0.103867521875 0.342875 0.1051923078125 0.3399375 0.099850428125 0.32721875 0.103867521875 0.3174375 0.12527777812500002 0.311578125 0.12660256406249998 0.295921875 0.0958333328125 0.29396875 0.069081196875 0.2705 0.0289529921875 0.275390625 0.014252137500000001 0.28517187499999996 0.00598290625 0.29162499999999997 0.0035470078125 0.5248125 0.061068376562500006 0.545359375
8 0.0658720625 0.6437802734375 0.01790731875 0.7338388671875 0.0208333328125 0.736234375 0.01391025625 0.74134375 0.0018162390625 0.76409375 0.0035470078125 0.8777968749999999 0.0208333328125 0.8828437499999999 0.04848290625 0.8828437499999999 0.06576923125 0.868953125 0.0744230765625 0.8600937500000001 0.0744230765625 0.85125 0.0536752140625 0.829765625 0.041581196875 0.783 0.0372542734375 0.7722578125 0.11589743593749999 0.765359375 0.110705128125 0.7615624999999999 0.119620315625 0.7579699515625 0.164294871875 0.669296875 0.1781196578125 0.666765625 0.17985042812500002 0.6591875 0.1763888890625 0.6566562499999999 0.17292734999999998 0.6478125 0.18158119687500002 0.617484375 0.1677564109375 0.59978125 0.148739315625 0.589671875 0.1245299140625 0.587140625 0.10553418750000002 0.587140625 0.11416666718749999 0.60484375 0.1227991453125 0.61621875 0.11589743593749999 0.62 0.10380341875000001 0.6136874999999999 0.0899786328125 0.6250625000000001 0.0726923078125 0.62 0.0738661859375 0.6287705078125 0.06923076875 0.6301249999999999 0.07367521406250001 0.6463705359375 0.0658720625 0.6437802734375
8 0.23722222187500003 0.860765625 0.2438888890625 0.85784375 0.25589743593750003 0.8469374999999999 0.2598931625 0.833671875 0.2612179484375 0.8215781249999999 0.222286325 0.8245156250000001 0.2465598296875 0.7937031250000001 0.2497649578125 0.78590625 0.24943732187499998 0.7801145828125 0.262564103125 0.78278125 0.2593803421875 0.77478125 0.25288461562500003 0.71571875 0.22318376093749998 0.77478125 0.23631054062499998 0.7774479171875 0.2364316234375 0.799359375 0.2217735046875 0.804625 0.22123931562500002 0.848484375 0.222286325 0.851421875 0.2356196578125 0.856671875 0.23722222187500003 0.860765625
8 0.31004273437499996 0.739515625 0.31162393125 0.7429375 0.3053632484375 0.74465625 0.3130299140625 0.75209375 0.30645726562500003 0.75278125 0.3075512828125 0.76090625 0.314435896875 0.76125 0.318653846875 0.7661171875 0.3195227921875 0.7497786453125 0.3350854703125 0.689734375 0.3350854703125 0.6834374999999999 0.329615384375 0.6759999999999999 0.3233547015625 0.677140625 0.3155341875 0.684015625 0.322564103125 0.692015625 0.319957265625 0.741609375 0.31004273437499996 0.739515625
8 0.31083333281250003 0.7852812499999999 0.318653846875 0.7887187499999999 0.31265669375 0.7930989578125 0.3169159546875 0.7987942703125 0.3144800578125 0.8009166671875001 0.31648148125 0.8069635421875001 0.31083333281250003 0.8379218749999999 0.3147435890625 0.839640625 0.31709401718749997 0.835625 0.31265669375 0.8281927078125 0.32021367500000003 0.827046875 0.3156125359375 0.8233020828125 0.3144800578125 0.8184635421875001 0.3160470078125 0.8151328124999999 0.321260684375 0.8192291671874999 0.3223076921875 0.8114114578124999 0.31630341875 0.808734375 0.330384615625 0.799578125 0.33743589687500003 0.8053125 0.3468162390625 0.8041562499999999 0.3523076921875 0.797875 0.3507264953125 0.792140625 0.34369658125 0.7887187499999999 0.3210042734375 0.784140625 0.31778490000000004 0.7824557296875 0.318219371875 0.774286465625 0.31724786250000003 0.7795625 0.309739315625 0.77715625 0.31083333281250003 0.7852812499999999
9 0.47207265 0.75525 0.47459401718749994 0.71696875 0.469957265625 0.69475 0.47754273437499994 0.6845625 0.4788247859375 0.678390625 0.4695299140625 0.6753125 0.46066239375 0.675609375 0.45645299218749996 0.68025 0.452649571875 0.6895 0.4497008546875 0.698453125 0.44673076875 0.70803125 0.4480128203125 0.726234375 0.445042734375 0.745671875 0.441260684375 0.764203125 0.4387179484375 0.769140625 0.4497008546875 0.768203125 0.46108974375 0.768515625 0.4657264953125 0.768828125 0.46869658125 0.761734375 0.47207265 0.75525
9 0.0833974359375 0.48490625 0.0833974359375 0.49254687500000005 0.0858547015625 0.5019843749999999 0.0993803421875 0.49389062499999997 0.11444444375 0.48871875 0.136260684375 0.47096875000000005 0.1411752140625 0.463546875 0.1522435890625 0.459953125 0.1746581203125 0.43321875 0.18910256406249998 0.41860937500000006 0.1860470078125 0.41410937499999995 0.16514957187499998 0.41118750000000004 0.15316239375000001 0.41231249999999997 0.14854700781250002 0.41771874999999997 0.148846153125 0.42579687499999996 0.14485042812499999 0.430078125 0.1374786328125 0.43590625000000005 0.131025640625 0.44085937499999994 0.11997863281250001 0.44715625000000003 0.1116666671875 0.455234375 0.095384615625 0.464453125 0.088311965625 0.468265625 0.0833974359375 0.48490625
9 0.016175214062500002 0.28446875 0.018974359375 0.27578125 0.02598290625 0.276796875 0.024572649999999998 0.272703125 0.025277778125 0.257859375 0.0399786328125 0.256328125 0.046260684375 0.249171875 0.041367521875 0.24507812499999998 0.02108974375 0.24507812499999998 0.02108974375 0.2415 0.0105769234375 0.236375 0.0007905984375 0.24456250000000002 0.0014957265625 0.28140624999999997 0.0014957265625 0.2855 0.0063888890625 0.286015625 0.016175214062500002 0.28446875
8 0.4492094015625 0.6986875 0.44395299218749995 0.6929375 0.4334615390625 0.696390625 0.4324145296875 0.7098125 0.43136752187500005 0.7577499999999999 0.4387179484375 0.764265625 0.4423931625 0.75928125 0.4470940171875 0.7270625 0.4492094015625 0.6986875
8 0.5237820515625 0.754703125 0.5217521374999999 0.75321875 0.5217521374999999 0.736984375 0.5271367515625001 0.7364843750000001 0.526474359375 0.731078125 0.5217521374999999 0.730578125 0.5204059828125 0.7261562500000001 0.5183974359375 0.728125 0.515705128125 0.727625 0.515705128125 0.728125 0.508974359375 0.7591249999999999 0.508311965625 0.758640625 0.5103205125 0.76553125 0.5150213671875 0.7615937500000001 0.5257905984375 0.7576562499999999 0.5237820515625 0.754703125
8 0.7163888890625 0.774359375 0.7186111109375 0.77078125 0.7128418796875 0.773390625 0.715064103125 0.78053125 0.725705128125 0.780859375 0.7270512828125 0.776953125 0.7323717953125 0.7730625 0.7274786328125 0.775984375 0.7208333328125 0.7772812499999999 0.7163888890625 0.774359375
9 0.1980769234375 0.407234375 0.20288461562500001 0.38790625 0.2185042734375 0.384390625 0.22209401718750002 0.377359375 0.21728632499999997 0.36065625 0.20888888906249997 0.338703125 0.1980769234375 0.324640625 0.1896581203125 0.31321875 0.1908547015625 0.30267187500000003 0.1992735046875 0.293015625 0.1992735046875 0.286859375 0.1896581203125 0.278953125 0.16923076875 0.271046875 0.1451923078125 0.272796875 0.137991453125 0.278078125 0.12957265 0.29476562500000003 0.12957265 0.30003125 0.1235683765625 0.3070625 0.11876068437500001 0.31234375000000003 0.103141025 0.32025000000000003 0.10194444375 0.331671875 0.103141025 0.338703125 0.0971367515625 0.34221875 0.08151709375 0.36329687499999996 0.07309829062499999 0.3668125 0.058696581250000004 0.370328125 0.058696581250000004 0.377359375 0.06350427343750001 0.3949375 0.069508546875 0.384390625 0.08151709375 0.3676875 0.09352564062499999 0.368578125 0.119957265625 0.368578125 0.1416025640625 0.37471875 0.15480769218749998 0.38351562499999997 0.158418803125 0.40635937499999997 0.177649571875 0.413375 0.180042734375 0.413375 0.19326923125 0.416015625 0.1980769234375 0.407234375
9 0.25641025625 1 0.2884615390625 0.9828125 0.3119658125 0.965625 0.3354700859375 0.9421875 0.3482905984375 0.9234375 0.358974359375 0.8984375 0.3632478625 0.8765625 0.3632478625 0.85 0.35683760625 0.8203125 0.35042735 0.80625 0.3354700859375 0.7828125 0.324786325 0.771875 0.3354700859375 0.7625 0.3376068375 0.7453125 0.346153846875 0.7265625 0.346153846875 0.7140625 0.461941621875 0.7004422171875 0.5555555562500001 0.71875 0.5555555562500001 0.7421875 0.5512820515625 0.753125 0.5555555562500001 0.771875 0.5619658125 0.7765625 0.5790598296875 0.7765625 0.59401709375 0.75625 0.5997151 0.7364583328125 0.6452991453125 0.7416666671875001 0.6431623937500001 0.75 0.6431623937500001 0.7671875 0.64957265 0.771875 0.6623931625 0.771875 0.6709401703125 0.7625 0.6880341875 0.753125 0.6901709406250001 0.7421875 0.6837606843749999 0.7359375 0.677350428125 0.734375 0.675213675 0.7265625 0.6688034187499999 0.7203125 0.65598290625 0.7203125 0.64957265 0.725 0.647435896875 0.7333333328125 0.6378205125 0.72421875 0.6143162390625 0.72265625 0.602564103125 0.7265625 0.602564103125 0.721875 0.590811965625 0.72109375 0.596153846875 0.7125 0.5897435890625 0.70625 0.5769230765625 0.70625 0.5790598296875 0.7203125 0.5673076921875 0.71953125 0.45154007500000004 0.69840801875 0.3371230453125 0.6760318390625 0.32905982968749997 0.6734375 0.32905982968749997 0.665625 0.322649571875 0.659375 0.31623931562499996 0.6578125 0.2991452984375 0.640625 0.2927350421875 0.640625 0.2927350421875 0.6296875 0.2863247859375 0.6234375 0.264957265625 0.621875 0.264957265625 0.59375 0.2606837609375 0.590625 0.24572649531250002 0.5890625 0.24358974375 0.571875 0.22863247812499998 0.5578125 0.21918145937500003 0.5576322109375 0.21663379218749998 0.5498798078125 0.2264957265625 0.5453125 0.2200854703125 0.5390625 0.2136752140625 0.5390625 0.2115384609375 0.5203125 0.2136752140625 0.515625 0.2200854703125 0.515625 0.2264957265625 0.509375 0.224358975 0.4875 0.222222221875 0.4859375 0.19444444375 0.4921875 0.19444444375 0.5265625 0.0296092796875 0.6002232140625 0.029914529687500004 0.6046875 0.020451771875 0.6043154765625001 0.025076599999999998 0.615005896875 0.0042735046875000005 0.6109375 0.0021367515625 0.675 0.014957265624999999 0.6828125 0.0085470078125 0.7140625 0.0085470078125 0.728125 0.014957265624999999 0.7375 0.0042735046875000005 0.7703125 0.0042735046875000005 0.978125 0.0235042734375 0.990625 0.044871795312500004 1 0.25641025625 1