8 0.47378125000000004 0.42852459062500003 0.503765625 0.39932084375 0.48278125000000005 0.354379390625 0.424296875 0.3206557375 0.33734375 0.295948478125 0.284859375 0.2802107734375 0.265375 0.2397658078125 0.27137500000000003 0.286955503125 0.24289062499999997 0.30269320781250003 0.1424375 0.352131146875 0.05696875 0.451007025 0.052468749999999995 0.4734660421875 0.158921875 0.462224825 0.245890625 0.43976580781249996 0.278875 0.43976580781249996 0.32084375 0.4375175640625 0.3853125 0.42402810312500006 0.47378125000000004 0.42852459062500003
8 0.6746875 0.898875878125 0.6776875 0.9123653390625 0.6761874999999999 0.9325761124999999 0.6716875 0.9662997656250001 0.6701875 0.9820140515625001 0.6896718749999999 0.9865105390625001 0.6896718749999999 0.959555034375 0.694171875 0.9438173296875 0.71815625 0.9438173296875 0.72265625 0.9528103046874999 0.72265625 0.9573067921874999 0.713671875 0.9797658078125 0.72715625 0.9865105390625001 0.72865625 0.9573067921874999 0.74665625 0.9573067921874999 0.815625 0.9550585484375 0.818609375 0.964051521875 0.8171250000000001 0.9775175640624999 0.8381093749999999 0.9662997656250001 0.844109375 0.9258313812500001 0.8680937500000001 0.7393208437500001 0.769140625 0.7415690859375 0.752640625 0.7775175640625 0.7421562500000001 0.8584309140625 0.6791875 0.8494379390625 0.6821875000000001 0.8674238875 0.6701875 0.8831381734375 0.6746875 0.898875878125
9 0.4168125 0.9101170953125 0.427296875 0.8674238875 0.43629687500000003 0.86517564375 0.45278124999999997 0.8516861828125 0.45428125 0.7775175640625 0.433296875 0.692131146875 0.41231249999999997 0.6786416859375 0.3883125 0.698875878125 0.32084375 0.7168618265625 0.350828125 0.7887587828125 0.34634375 0.93482435625 0.40481249999999996 0.9483138171875 0.428796875 0.9236065578125 0.4168125 0.9101170953125
9 0.641703125 0.87416861875 0.6596875 0.8831381734375 0.6761874999999999 0.8674238875 0.6896718749999999 0.8629274 0.72565625 0.8539344265625 0.7421562500000001 0.831451990625 0.754140625 0.80674473125 0.761640625 0.773044496875 0.7751406249999999 0.7483138171875 0.785625 0.7393208437500001 0.835109375 0.7348243562500001 0.8306093750000001 0.73032786875 0.818609375 0.7101170953125 0.815625 0.6471896953125 0.806625 0.626955503125 0.781140625 0.629203746875 0.7676406250000001 0.6449414515624999 0.763140625 0.6808899296875001 0.763140625 0.707868853125 0.7556406250000001 0.7348243562500001 0.74815625 0.7438173296875 0.7331562500000001 0.768548009375 0.71965625 0.7955035125000001 0.6791875 0.8247306796875 0.6701875 0.8224824359375 0.640203125 0.8561826703125 0.641703125 0.87416861875
9 0.588875 0.5931147546875 0.578328125 0.6111709609375 0.570796875 0.6382669796875 0.5617656249999999 0.7127634656249999 0.55121875 0.746604215625 0.55121875 0.7940281031249999 0.5406718749999999 0.845948478125 0.5421875 0.8685011703125 0.546703125 0.8843091328125 0.555734375 0.8843091328125 0.5617656249999999 0.8617330203125 0.5617656249999999 0.825620609375 0.56478125 0.789508196875 0.5723125 0.744355971875 0.576828125 0.721779859375 0.58134375 0.6992037468750001 0.58134375 0.692435596875 0.59640625 0.710491803125 0.59640625 0.755644028125 0.5798281249999999 0.8481967218750001 0.587359375 0.9159250578125 0.591890625 0.9362295078124999 0.593390625 0.9046370015624999 0.599421875 0.8865573765624999 0.623515625 0.8820608906249999 0.634046875 0.8820608906249999 0.647609375 0.845948478125 0.65965625 0.830140515625 0.66115625 0.803044496875 0.65965625 0.769180328125 0.656640625 0.726299765625 0.655140625 0.6766276343750001 0.655140625 0.6563231843749999 0.656640625 0.6427868859375 0.662671875 0.6156908671875 0.662671875 0.5908665109375 0.6521250000000001 0.5773067921874999 0.6370625000000001 0.5773067921874999 0.632546875 0.5705386421875 0.632546875 0.5547306796875 0.631046875 0.5434426234374999 0.625015625 0.5186182671874999 0.61446875 0.5005620609375 0.599421875 0.5028103046875 0.6009218749999999 0.5208899296875 0.591890625 0.5231381734375 0.588875 0.5479625296874999 0.588875 0.5637704921875 0.588875 0.5931147546875
9 0.662 0.8225058546874999 0.666734375 0.8222716625000001 0.6663281249999999 0.8015925062499999 0.666734375 0.7968618265625 0.671859375 0.78030445 0.684078125 0.750163934375 0.6734375 0.7353864171875 0.67028125 0.7229742390625 0.673046875 0.7111475406250001 0.679359375 0.68608899375 0.686453125 0.67189695625 0.693546875 0.663044496875 0.6998593750000001 0.6612646375 0.70578125 0.66421545625 0.70775 0.6429274 0.70459375 0.637611240625 0.70775 0.6328805625 0.70025 0.6246135828125 0.70065625 0.6216627640625 0.703015625 0.6198829046875 0.704203125 0.6074707265625 0.704203125 0.60451990625 0.702625 0.5962295078125 0.7014375 0.581451990625 0.695921875 0.5714051515625 0.6896093750000001 0.5702341921875 0.683296875 0.56608899375 0.673046875 0.5737704921875 0.6663281249999999 0.5861826703124999 0.6659375 0.5944730671875 0.6679062499999999 0.6100468390625 0.67225 0.6165573765625 0.67225 0.619508196875 0.662390625 0.6183372359375 0.67225 0.6378454328125 0.674625 0.6396018734375 0.669484375 0.6555737703125 0.66515625 0.661475409375 0.65371875 0.6502576109375 0.6533125 0.6449180328125 0.64425 0.6307494140625 0.6383281249999999 0.636651053125 0.6367499999999999 0.647283371875 0.6379374999999999 0.657939109375 0.64503125 0.665620609375 0.65175 0.6709367687500001 0.6584531250000001 0.672716628125 0.66278125 0.68159250625 0.6600312500000001 0.684543325 0.6600312500000001 0.692224825 0.656875 0.692224825 0.659234375 0.7265105390625 0.659625 0.7454332546875 0.6533125 0.7661124125 0.6505625 0.8069086656250001 0.6501718750000001 0.809484778125 0.6545 0.823091334375 0.662 0.8225058546874999
9 0.62453125 0.9433255265625 0.653453125 0.978243559375 0.6629375 0.978243559375 0.6784687500000001 0.959484778125 0.6784687500000001 0.9433255265625 0.6720052078125 0.894379390625 0.666390625 0.8818735359375 0.67028125 0.8805854796875 0.6834374999999999 0.8230210765624999 0.707171875 0.787763465625 0.713 0.7990866515625 0.732421875 0.77644028125 0.7445 0.7518735359375001 0.731125 0.7466978921874999 0.734578125 0.7350585484375001 0.73371875 0.7001170953125 0.723359375 0.6781264640625 0.711265625 0.6651990624999999 0.6991875000000001 0.661311475 0.685375 0.6716627640625 0.675453125 0.6930210765625 0.6711406249999999 0.724051521875 0.67675 0.7395784546875 0.685375 0.7460421546875 0.686671875 0.7570491796875001 0.69703125 0.7602810296875 0.69659375 0.765456675 0.6944375 0.7712646375000001 0.68606875 0.811508196875 0.6564687499999999 0.8721779859375 0.64696875 0.8825292734374999 0.641796875 0.8715222484374999 0.61159375 0.8766978921874999 0.5960468750000001 0.8961124125 0.5913125 0.9181030437500001 0.5951875 0.9433255265625 0.61546875 0.9387822015625 0.62453125 0.9433255265625
9 0.524609375 0.842131146875 0.525953125 0.8355737703124999 0.52628125 0.8259953156250001 0.52628125 0.817939109375 0.52628125 0.8058548015625 0.524609375 0.7992974234375 0.52259375 0.79676815 0.5195624999999999 0.7902341921875 0.517875 0.788220140625 0.511484375 0.788220140625 0.50409375 0.788220140625 0.49971875 0.7902341921875 0.49535937499999994 0.792740046875 0.49198437500000003 0.7982903984374999 0.48896875 0.807868853125 0.48996874999999995 0.8129039812500001 0.4913125 0.8209601875000001 0.4913125 0.8255035124999999 0.49098437500000003 0.8305386421875 0.490640625 0.83255269375 0.490640625 0.836580796875 0.495015625 0.845152225 0.498046875 0.8481733015625 0.524265625 0.8481733015625 0.524609375 0.8471662765625 0.524609375 0.842131146875
8 0.30078125 0.9551053859374999 0.31178125 0.9571662765625 0.32414062499999996 0.9578454328125 0.33421875 0.9571662765625 0.338796875 0.9516627640624999 0.339703125 0.9434192031249999 0.340625 0.932459015625 0.34199999999999997 0.921475409375 0.34428125 0.900187353125 0.34290625 0.894004684375 0.33604687499999997 0.8823419203125 0.329171875 0.878220140625 0.32734375 0.8768618265624999 0.3154375 0.8706791562499999 0.30993750000000003 0.8706791562499999 0.30398437500000003 0.8720374703125 0.294375 0.8720374703125 0.289328125 0.8740983609375 0.28704687500000003 0.8816627640625001 0.28384375 0.8823419203125 0.27742187500000004 0.8830210765625001 0.272390625 0.88578454375 0.2691875 0.88578454375 0.265984375 0.88578454375 0.264140625 0.8844028109375 0.26140625 0.8823419203125 0.25910937500000003 0.8816627640625001 0.25956250000000003 0.88578454375 0.26278125 0.8926463703125 0.265984375 0.894004684375 0.266890625 0.9008665109375 0.266890625 0.9077283375 0.2664375 0.9152927406250001 0.26551562500000003 0.931756440625 0.2705625 0.93932084375 0.293453125 0.9496018734374999 0.30078125 0.9551053859374999
8 0.9991562500000001 0.8514988296875 1 0.8294379390625 0.981171875 0.8086182671875 0.9721718750000001 0.7865573765625 0.9288437500000001 0.8000468390625001 0.925578125 0.8196487125 0.91821875 0.8748009375000001 0.957453125 0.8809133484375 0.9934375 0.8698829046875 0.9991562500000001 0.8514988296875
8 1 0.8703278687499999 0.9938750000000001 0.8651522249999999 0.91090625 0.8729274 0.90053125 0.984332553125 1 0.9739578453125001 1 0.8703278687499999
8 0.8400624999999999 0.9168852453125 0.848359375 0.94063231875 0.8611875 0.96323185 0.8664687499999999 0.9790632312499999 0.87928125 0.9802107734375 0.8830625 0.9666276343750001 0.87928125 0.9519437937499999 0.882296875 0.93159250625 0.8875781249999999 0.937236534375 0.8943749999999999 0.955339578125 0.8966406250000001 0.973419203125 0.9064375 0.973419203125 0.903421875 0.9474238875 0.8875781249999999 0.9248009375 0.886078125 0.9112412171875001 0.885328125 0.8829742390625 0.880046875 0.8727868859375001 0.86796875 0.8603512875 0.8596718750000001 0.8535831375 0.852890625 0.8569789234374999 0.8491093749999999 0.8784543328125001 0.8445937499999999 0.8999297421874999 0.8400624999999999 0.9168852453125
8 0.4525625 0.953676815625 0.45506250000000004 0.961147540625 0.46501562500000004 0.9559250578125 0.46898437499999995 0.9626463703124999 0.47396874999999994 0.9663700234375 0.49934375 0.9700936765625 0.542640625 0.9477283375000001 0.543640625 0.9350351281249999 0.542640625 0.8932786890625 0.544640625 0.8433021078125 0.5063125 0.8433021078125 0.491390625 0.8552224828125 0.4525625 0.8604449656250001 0.438640625 0.8634426234375001 0.42917187500000004 0.9253395781249999 0.423703125 0.953676815625 0.438640625 0.9544262296875001 0.4525625 0.953676815625
8 0.47146875 0.9591100703125001 0.49431250000000004 0.9719437937500001 0.522140625 0.9591100703125001 0.54496875 0.9451990625000001 0.537828125 0.9120374703125 0.54425 0.882107728125 0.543546875 0.8468149890625 0.5014375 0.8468149890625 0.48146875 0.8607025765625 0.47575 0.8628571421875 0.43009375 0.8628571421875 0.427234375 0.8799531609375 0.42865624999999996 0.9141920375 0.435078125 0.9473302109375 0.439359375 0.9484074937500001 0.45578124999999997 0.9484074937500001 0.47146875 0.9591100703125001