2 0.303632075 0.716078125 0.313089621875 0.7141093749999999 0.332617925 0.714515625 0.3367452828125 0.715296875 0.34266509375 0.719203125 0.34799528281250003 0.71803125 0.3444339625 0.710984375 0.3521226421875 0.713328125 0.36040094375 0.717640625 0.36278301874999996 0.7011875 0.36278301874999996 0.6925625 0.356273584375 0.6835625000000001 0.3408962265625 0.6675 0.33202830156249996 0.664359375 0.2906367921875 0.664359375 0.271108490625 0.665921875 0.2575 0.687078125 0.255141509375 0.699234375 0.259882075 0.719203125 0.266391509375 0.7223437500000001 0.27346698125 0.722734375 0.2722877359375 0.71646875 0.278207546875 0.71725 0.2805660375 0.721171875 0.285306603125 0.71646875 0.2900471703125 0.7149062500000001 0.295943396875 0.71371875 0.303632075 0.716078125
2 0.3355188671875 0.669234375 0.2770283015625 0.669234375 0.25627358437500003 0.694234375 0.2675943390625 0.72421875 0.2694811328125 0.719234375 0.2902358484375 0.717984375 0.301556603125 0.719234375 0.310990565625 0.7154843750000001 0.3411792453125 0.714234375 0.365707546875 0.719234375 0.365707546875 0.694234375 0.3355188671875 0.669234375
2 0.45834905625 0.6774218750000001 0.4599292453125 0.68053125 0.46566037812500005 0.6798437500000001 0.4682547171875 0.676046875 0.46721698125 0.667765625 0.46148584843749996 0.66225 0.4552358484375 0.655 0.43023584843749996 0.65534375 0.43231132031249997 0.65534375 0.4495047171875 0.676390625 0.45834905625 0.6774218750000001
2 0.6474528296875001 0.718453125 0.64625 0.7282656249999999 0.659882075 0.72865625 0.66403301875 0.72315625 0.659882075 0.6988125000000001 0.645660378125 0.6756562500000001 0.5810613203125 0.6736875 0.5739386796875 0.678 0.6024056609375 0.680359375 0.626108490625 0.717265625 0.6474528296875001 0.718453125
2 0.4595518875 0.658765625 0.4595518875 0.660671875 0.46082547187499995 0.661921875 0.4633726421875 0.66465625 0.4668632078125 0.666984375 0.46877358437499994 0.671609375 0.46941037812499997 0.673078125 0.4722641515625 0.67265625 0.47290094375 0.671609375 0.49037735781249997 0.6720312500000001 0.4906839625 0.673078125 0.4957783015625 0.673078125 0.4983018875 0.672453125 0.49957547187499995 0.6701406249999999 0.49957547187499995 0.662984375 0.498632075 0.66234375 0.49735849062500004 0.6615 0.4945047171875 0.660453125 0.4906839625 0.656453125 0.48624999999999996 0.65540625 0.47195754687499997 0.6551875 0.467806603125 0.65540625 0.46528301875 0.65625 0.4595518875 0.658765625
2 0.544174528125 0.65225 0.544174528125 0.65353125 0.5438915093750001 0.655203125 0.54165094375 0.656671875 0.5425 0.6585156249999999 0.5436084906249999 0.6594375 0.5436084906249999 0.660546875 0.5480660375 0.66184375 0.550023584375 0.66165625 0.5539150937499999 0.66184375 0.5628301890625 0.662390625 0.5642216984374999 0.6647968750000001 0.5667216984375 0.6635 0.5661556609375 0.661109375 0.5678301890624999 0.66128125 0.5678301890624999 0.6585156249999999 0.5681132078125 0.655203125 0.5683962265625 0.6516875 0.5670047171875 0.65021875 0.5645047171875001 0.648921875 0.5614386796875 0.6481874999999999 0.555589621875 0.649484375 0.549457546875 0.649109375 0.5455660375 0.649109375 0.54471698125 0.6485624999999999 0.543325471875 0.65021875 0.544174528125 0.651515625 0.544174528125 0.65225
8 0.34522071875 0.5977449874999999 0.3448413375 0.6039261359375 0.3332355828125 0.5976264734375001 0.332768009375 0.60299005625 0.3212504453125 0.597507959375 0.32069468125 0.6020539765625 0.309265309375 0.5973894453125 0.30862135625 0.6011178984375001 0.2972801703125 0.59727093125 0.29654802812500003 0.60018181875 0.2852950328125 0.5971524171875 0.28447469999999997 0.5992457390625 0.27330989687499996 0.597033903125 0.27007075468749997 0.594984375 0.2603280453125 0.5973735796875 0.24825471718749997 0.5964375000000001 0.2324292453125 0.59825 0.23516509375 0.622453125 0.27007075468749997 0.622453125 0.27007075468749997 0.604140625 0.3689879921875 0.6057982953125001 0.512759434375 0.616671875 0.513325471875 0.6242656249999999 0.5171226421874999 0.6242656249999999 0.5225943390625 0.6170312499999999 0.5215711171875 0.6108076921875 0.5303828015625001 0.604943509375 0.5249977765625 0.5995227 0.5609531859375 0.5998782421875 0.560829634375 0.59425 0.5727968921875 0.596609375 0.5729383234375 0.5999967578125001 0.5847641515625 0.5989687499999999 0.5847641515625 0.60403125 0.596226415625 0.605109375 0.596908596875 0.6002337859375 0.68080455625 0.601063384375 0.8453537734375001 0.615140625 0.8488679250000001 0.620234375 0.8446698109374999 0.622546875 0.8425707546875 0.629515625 0.8446698109374999 0.631828125 0.8523584906250001 0.6346093749999999 0.8586556609375 0.632296875 0.851674528125 0.62671875 0.848160378125 0.626265625 0.847476415625 0.623484375 0.851674528125 0.622546875 0.859009434375 0.6239453125 0.8593632078125 0.61559375 0.87266509375 0.622546875 0.8817688671875 0.6248750000000001 0.873714621875 0.61396875 0.883867925 0.6135078125 0.8845518875 0.603078125 0.88596698125 0.602140625 0.8747641515625 0.605390625 0.8725667500000001 0.6029596109375001 0.69278969375 0.6011818984375 0.595117925 0.5917343749999999 0.5904186328125001 0.5930429687500001 0.58584905625 0.591375 0.5955306609375 0.5853203125 0.6057547171875 0.569875 0.6262028296875 0.548375 0.647476415625 0.549109375 0.64858490625 0.538265625 0.6273113203125 0.5404375 0.6262028296875 0.538984375 0.6210908015625 0.54670703125 0.6184996375 0.5463016828125 0.6159787734375 0.5544296875 0.609687953125 0.5521658656249999 0.6108667453125001 0.56215234375 0.60087626875 0.5580300484375 0.5480061671875001 0.59321514375 0.5368951156249999 0.5895312500000001 0.41722253125000003 0.5659375 0.40587264218749997 0.5585 0.40525527187500004 0.563578125 0.39387971718750003 0.558859375 0.3932880140625 0.56121875 0.38132075468750004 0.558859375 0.3811761296875 0.59810053125 0.35720585625 0.5978635031249999 0.356914665625 0.6048622156250001 0.34522071875 0.5977449874999999
2 0.37224056562499996 0.6853281250000001 0.40875000000000006 0.686625 0.41108490625 0.686359375 0.4017688671875 0.6680937499999999 0.4017688671875 0.659078125 0.3959198109375 0.6547031249999999 0.3660141515625 0.6547031249999999 0.3660141515625 0.655484375 0.3566981125 0.6626875 0.355141509375 0.680703125 0.3566981125 0.685078125 0.37224056562499996 0.6853281250000001
9 1 0.6737968750000001 0.9983726421875 0.69921875 0.9998584906250001 0.670859375 0.9791981125 0.659125 0.9540801890624999 0.6796562500000001 0.9496698109375 0.69921875 0.9319339624999999 0.7148749999999999 0.908325471875 0.7383437500000001 0.9112735843750001 0.7755156249999999 0.915707546875 0.78628125 0.9481839624999999 0.784328125 0.9363679250000001 0.8068125 0.9408018874999999 0.837140625 0.9614622640625001 0.9359375 0.9688443390625 0.9691875 0.9718160375 0.983859375 0.951132075 0.9936406249999999 0.9954245281249999 0.9965781249999999 1 0.9946249999999999 1 0.6737968750000001
8 0.5150943390625 0.6372656250000001 0.5193160375 0.635875 0.5191509437499999 0.63028125 0.5161556609375 0.6286875000000001 0.5125471703125 0.629890625 0.5110377359375 0.631875 0.5113207546874999 0.6351718749999999 0.5150943390625 0.6372656250000001
8 0.2555660375 0.6267343750000001 0.2336792453125 0.62653125 0.23063679218750002 0.669015625 0.254056603125 0.668421875 0.2555660375 0.6267343750000001
2 0.5254481125 0.734015625 0.6075471703125 0.736234375 0.612924528125 0.743375 0.6283962265625 0.74025 0.6297405656249999 0.7184062499999999 0.6021462265624999 0.6800625 0.5833018875 0.6773906249999999 0.5294811328125 0.678734375 0.51266509375 0.69478125 0.500542453125 0.6965625 0.500542453125 0.70146875 0.504575471875 0.703703125 0.500542453125 0.713953125 0.5025707546875 0.74025 0.50391509375 0.742484375 0.5247641515625 0.74159375 0.5254481125 0.734015625
2 0.037995282812499996 0.730890625 0.0505581765625 0.7290182296875 0.0513443390625 0.731265625 0.0603301890625 0.7341562500000001 0.06471698125 0.731265625 0.062154087499999996 0.7275052078125 0.07375000000000001 0.7259921874999999 0.0816981125 0.731265625 0.084976415625 0.72871875 0.0853459125 0.7244791671875 0.0888207546875 0.721453125 0.0986792453125 0.7283593749999999 0.0970283015625 0.7221875 0.1085377359375 0.721453125 0.11457547187499999 0.72871875 0.1200471703125 0.7258125 0.131556603125 0.726546875 0.131556603125 0.709125 0.1288207546875 0.698953125 0.1178537734375 0.6949687499999999 0.0981367921875 0.6768125 0.06471698125 0.677171875 0.057051887499999995 0.683703125 0.0538443390625 0.68125 0.013207546875 0.6808125 0.007193396874999999 0.690609375 0.0291037734375 0.70221875 0.0356839625 0.716375 0.037995282812499996 0.730890625
2 0.5191037734374999 0.669265625 0.5204245281250001 0.668078125 0.5262028296875 0.668078125 0.5306367921875 0.66778125 0.5306367921875 0.6625 0.5284198109375 0.658671875 0.5253301890625 0.6548437500000001 0.5222169812499999 0.6525000000000001 0.5026886796875 0.6525000000000001 0.49735849062500004 0.6530781250000001 0.4986792453125 0.656609375 0.5057783015624999 0.661015625 0.5057783015624999 0.6683749999999999 0.5097877359375 0.668671875 0.5142216984375 0.6704375 0.5191037734374999 0.669265625
2 0.4965801890625 0.66034375 0.500117925 0.662671875 0.500117925 0.6715625000000001 0.5071698109375 0.6715625000000001 0.5057547171875 0.662203125 0.499410378125 0.652859375 0.4803537734375 0.652859375 0.47469339687499995 0.653796875 0.4902358484375 0.6561250000000001 0.4965801890625 0.66034375
2 0.130660378125 0.7049218749999999 0.130660378125 0.717609375 0.134410378125 0.7211875 0.1522877359375 0.72009375 0.15636792500000002 0.7107812499999999 0.1611792453125 0.71228125 0.166226415625 0.712625 0.192240565625 0.7113437499999999 0.209858490625 0.72009375 0.2120518875 0.706953125 0.216108490625 0.7135312500000001 0.22125 0.718390625 0.225660378125 0.7091406250000001 0.225660378125 0.706953125 0.22490566093750003 0.697953125 0.22125 0.690171875 0.215 0.691140625 0.2157311328125 0.68409375 0.20839622656249998 0.667296875 0.20325471718750002 0.66315625 0.1701886796875 0.6636562500000001 0.1360377359375 0.6665625000000001 0.1314858484375 0.668546875 0.12483490625 0.695828125 0.130660378125 0.7049218749999999
2 0 0.7265625 0.00471698125 0.7359375 0.011792453125000001 0.740625 0.0283018875 0.740625 0.037735848437500004 0.7328125 0.0330188671875 0.7109375 0.2560927671875 0.6708333328125 0.398388365625 0.6604166671875 0.4127358484375 0.6875 0.44575471718750004 0.6859375 0.45283018906250005 0.6796875 0.43396226406249994 0.6578125 0.422104296875 0.65868055625 0.418632075 0.6578125 0.4102463296875 0.6595486109375 0.40330188749999996 0.6578125 0.2442348015625 0.6717013890625 0.007075471875 0.6890625 0 0.69375 0 0.7265625