2 0.4744131453125 0.67915625 0.47516431875 0.67865625 0.4781924875 0.672109375 0.47969483593750006 0.67865625 0.490281690625 0.675125 0.4946713609375 0.6716875 0.520093896875 0.6700781250000001 0.520093896875 0.6666562500000001 0.518568075 0.660609375 0.518568075 0.657390625 0.5267605640624999 0.654765625 0.520704225 0.6527499999999999 0.5125352109375 0.649734375 0.5082863843750001 0.64771875 0.494366196875 0.6404687499999999 0.47016431875000003 0.6426875 0.47516431875 0.64496875 0.47366197187500003 0.659046875 0.4744131453125 0.67915625
2 0.7798826296875 0.6954374999999999 0.7869248828125001 0.689953125 0.8057276999999999 0.6973906249999999 0.8086619718750001 0.6973906249999999 0.8393974953125 0.688921875 0.9079107984375 0.700515625 0.912605634375 0.703640625 0.9184741781250001 0.702859375 0.9055633796875 0.694265625 0.920821596875 0.690734375 0.9184741781250001 0.6801875 0.9067370890625 0.671984375 0.8506207609375 0.6860989578125001 0.8151173703125 0.683703125 0.812769953125 0.651265625 0.826854459375 0.64265625 0.7775352109375 0.643046875 0.76286385 0.657515625 0.759906103125 0.675109375 0.765798121875 0.6801875 0.772253521875 0.69309375 0.7798826296875 0.6954374999999999
2 0.749553990625 0.654890625 0.7519953046875 0.658125 0.756431925 0.658125 0.7576525828125 0.657046875 0.76410798125 0.657578125 0.7661267609375 0.6465625 0.7544131453125 0.6376875 0.728145540625 0.639296875 0.7245305171875 0.643875 0.7257277 0.6540781250000001 0.730985915625 0.65865625 0.732605634375 0.654625 0.749553990625 0.654890625
9 0.39901408437499997 0.709484375 0.3956572765625 0.719015625 0.396502346875 0.7304999999999999 0.396502346875 0.744234375 0.3960798125 0.762171875 0.3914553984375 0.761328125 0.380070421875 0.763578125 0.37460093906249997 0.770015625 0.3762910796875 0.7770312500000001 0.381338028125 0.780109375 0.38387323906250004 0.77478125 0.3863849765625 0.7711406249999999 0.3998591546875 0.7714218749999999 0.40828638437500003 0.7714218749999999 0.41375586875000003 0.772828125 0.4217605640625 0.77646875 0.4280751171875 0.777875 0.4217605640625 0.78346875 0.41755868593749995 0.789078125 0.4209154921875 0.7929999999999999 0.42302816875 0.797765625 0.43061032812500005 0.797203125 0.43061032812500005 0.7927187499999999 0.4339671359375 0.787671875 0.4381924875 0.786 0.44239436562499995 0.787125 0.4474413140625 0.7913281249999999 0.44786384999999995 0.7865624999999999 0.444929578125 0.780109375 0.44450704218750003 0.766375 0.444929578125 0.7574062500000001 0.449553990625 0.7484375 0.4529107984375 0.73275 0.45713615 0.7229375 0.4604929578125 0.7145312500000001 0.46680751249999997 0.706125 0.4651408453125 0.699390625 0.462605634375 0.690984375 0.45502347343749994 0.683140625 0.47018779374999997 0.6741718750000001 0.471877934375 0.66940625 0.473122065625 0.66240625 0.473122065625 0.655953125 0.46765258281250005 0.6464218749999999 0.4588028171875 0.64053125 0.443661971875 0.638578125 0.42680751250000004 0.645296875 0.42302816875 0.65090625 0.42596244062500005 0.65959375 0.42934272343749996 0.669125 0.42471830937500005 0.675296875 0.416713615625 0.681171875 0.40828638437500003 0.6859375 0.40070422499999997 0.694625 0.39901408437499997 0.709484375
9 0.9145070421874999 0.89459375 0.9159859156250001 0.89459375 0.9453051640625001 0.91215625 0.96875586875 0.91215625 0.95410798125 0.8985 0.9394366203125 0.8262812500000001 0.9321126765625 0.8057812500000001 0.923309859375 0.7442968750000001 0.930633803125 0.72575 0.9174413140625 0.710140625 0.908638496875 0.6955 0.908638496875 0.66621875 0.882253521875 0.637921875 0.8925117374999999 0.635 0.8925117374999999 0.6223124999999999 0.8925117374999999 0.598890625 0.8675821593749999 0.5920468750000001 0.8426525828125 0.5979062500000001 0.8162676062499999 0.6408437499999999 0.8280046953125 0.6486562499999999 0.8118779343750001 0.6545156249999999 0.8133333328125 0.67403125 0.8148122062500001 0.693546875 0.8030751171875 0.709171875 0.8103990609375 0.730640625 0.8162676062499999 0.761859375 0.8221361500000001 0.7950468749999999 0.8133333328125 0.8223750000000001 0.7972065734375 0.854578125 0.8280046953125 0.8809374999999999 0.8338732390624999 0.8779999999999999 0.8338732390624999 0.8614218749999999 0.8514553984375001 0.8243281250000001 0.861713615625 0.77553125 0.8719953046875 0.7599218750000001 0.8719953046875 0.760890625 0.888122065625 0.786265625 0.8969248828125 0.8116406250000001 0.8969248828125 0.848734375 0.9145070421874999 0.89459375
2 0.3217370890625 0.7023906249999999 0.3365492953125 0.700609375 0.378286384375 0.696125 0.39713615 0.688953125 0.389037559375 0.680890625 0.3715492953125 0.67371875 0.36213615 0.667453125 0.3244366203125 0.651328125 0.2894366203125 0.651328125 0.2867370890625 0.65759375 0.28136150312499997 0.661171875 0.2746244125 0.663859375 0.26924882656250004 0.66565625 0.26924882656250004 0.667453125 0.26115023437499996 0.67103125 0.2665492953125 0.68446875 0.284037559375 0.699703125 0.3002112671875 0.7023906249999999 0.3217370890625 0.7023906249999999
2 0.332253521875 0.655140625 0.34285211250000003 0.652234375 0.3537617375 0.6570078125000001 0.3546948359375 0.65928125 0.36467136093749997 0.66178125 0.3755809859375 0.6665546875 0.37838028125 0.673390625 0.38649061093750003 0.6713281249999999 0.3908685453125 0.680875 0.397400234375 0.6761015625 0.4027112671875 0.6800390625 0.40582159687499997 0.686671875 0.413309859375 0.686671875 0.4045774640625 0.68253125 0.414553990625 0.679203125 0.418286384375 0.6800312500000001 0.419553990625 0.6700781250000001 0.412065728125 0.6634375 0.3796478875 0.65346875 0.37091549218750003 0.6485000000000001 0.3571830984375 0.64434375 0.33971830937499997 0.64434375 0.3319424875 0.6474609375 0.3210328640625 0.6426875 0.309389671875 0.6437916671874999 0.3097887328125 0.649328125 0.297746478125 0.6448958328125001 0.2861032859375 0.646 0.2836150234375 0.649328125 0.29670187812500004 0.649328125 0.3210211265625 0.652234375 0.332253521875 0.655140625
2 0.3878873234375 0.6558437500000001 0.41516431875000004 0.6638124999999999 0.4251408453125 0.67665625 0.4311267609375 0.6686875 0.428474178125 0.659828125 0.4278169015625 0.6483125000000001 0.407840375 0.642125 0.36194835625 0.63990625 0.3393192484375 0.641671875 0.3453051640625 0.644328125 0.36859155 0.646984375 0.3878873234375 0.6558437500000001
9 0.137417840625 0.668578125 0.143145540625 0.675015625 0.143497653125 0.683125 0.1488732390625 0.681921875 0.1513849765625 0.6611875 0.1517370890625 0.65021875 0.1542488265625 0.651421875 0.1546009390625 0.659046875 0.1560328640625 0.660953125 0.15819248749999998 0.6597500000000001 0.1574647890625 0.6499843750000001 0.1567605640625 0.6433125000000001 0.1510093890625 0.6390156250000001 0.1445774640625 0.636390625 0.1445774640625 0.63234375 0.14241784062500001 0.628046875 0.136338028125 0.628765625 0.134906103125 0.63234375 0.136338028125 0.63734375 0.1298826296875 0.638296875 0.1252347421875 0.640921875 0.1202112671875 0.6468906249999999 0.1223708921875 0.65021875 0.1209389671875 0.6561874999999999 0.1195070421875 0.6599999999999999 0.1212910796875 0.660234375 0.127746478125 0.6507031249999999 0.129178403125 0.655234375 0.1284507046875 0.6697656249999999 0.1298826296875 0.67025 0.135258215625 0.67025 0.137417840625 0.668578125
9 0.1846009390625 0.674328125 0.187840375 0.674328125 0.18948356875 0.67325 0.1889436625 0.670359375 0.187840375 0.667484375 0.187840375 0.664953125 0.19002347343749998 0.667125 0.19056337968749998 0.67071875 0.19056337968749998 0.6746875 0.1921830984375 0.6750468749999999 0.1938028171875 0.67396875 0.1938028171875 0.67071875 0.1921830984375 0.666765625 0.1916431921875 0.6624375 0.1938028171875 0.6624375 0.1932629109375 0.660984375 0.19110328593749998 0.656296875 0.19002347343749998 0.6516093749999999 0.18730046875 0.6498125 0.1819014078125 0.64909375 0.181361503125 0.6469375 0.1832159625 0.6420312499999999 0.1755633796875 0.639671875 0.17380281718749999 0.641234375 0.17380281718749999 0.6428125 0.174389671875 0.6459374999999999 0.1749765265625 0.648296875 0.17673708906250002 0.65025 0.17908450781250002 0.651421875 0.17732394375 0.651421875 0.1732159625 0.6510312500000001 0.17201877968749998 0.651421875 0.17201877968749998 0.6541718750000001 0.17201877968749998 0.657296875 0.1708450703125 0.66278125 0.172605634375 0.66396875 0.176150234375 0.665140625 0.176150234375 0.6690625 0.1779107984375 0.673359375 0.180798121875 0.6736093750000001 0.1824413140625 0.674328125 0.1846009390625 0.674328125
2 0.930821596875 0.6530625 0.9335211265625001 0.6551875 0.9384507046874999 0.6558437500000001 0.943122065625 0.654203125 0.9585915500000001 0.6546875 0.9639906109374999 0.6569843750000001 0.9681690140624999 0.65453125 0.9755633796875 0.653390625 0.973826290625 0.64765625 0.9652347421874999 0.647171875 0.95981220625 0.64340625 0.9433568078125001 0.6438906249999999 0.9406572765625001 0.64603125 0.9381924875 0.645703125 0.9320422531249999 0.646671875 0.9305868546875 0.647 0.9283568078125001 0.64978125 0.930821596875 0.6530625
2 0.4305633796875 0.645296875 0.43734741718750003 0.6386406250000001 0.42340375625000004 0.63959375 0.41269953125000003 0.64315625 0.4187793421875 0.643625 0.4255633796875 0.64696875 0.4305633796875 0.645296875
9 0.5405868546875 0.64578125 0.5323474171875 0.6363749999999999 0.522934271875 0.6348125 0.5217370890625 0.641078125 0.515281690625 0.6465625 0.517042253125 0.654796875 0.5199765265625 0.65321875 0.5199765265625 0.654390625 0.5405868546875 0.64578125
9 0.09985915468749999 0.655328125 0.09769953125 0.661296875 0.09948356875 0.6658125 0.0991314546875 0.67225 0.1077230046875 0.6677187499999999 0.1095070421875 0.671546875 0.1116666671875 0.6639062499999999 0.11561032812500001 0.6541406249999999 0.11596244062500001 0.6479375 0.11274647812500001 0.6450781250000001 0.1134507046875 0.6400781249999999 0.1077230046875 0.6376875 0.1041549296875 0.638171875 0.1030751171875 0.6407812500000001 0.1034272296875 0.646984375 0.09805164375 0.6486562499999999 0.09410798125 0.654859375 0.09985915468749999 0.655328125
8 0.65981220625 0.8262656249999999 0.6694131453125001 0.885015625 0.6738967140625001 0.907578125 0.67838028125 0.9182343749999999 0.6950000000000001 0.920359375 0.718661971875 0.9199375 0.7320892015625 0.9182343749999999 0.7519248828125 0.913125 0.7666431921875 0.905875 0.7768779343750001 0.892265625 0.7679107984375 0.81646875 0.76089201875 0.803703125 0.75 0.799875 0.7391314546875 0.796890625 0.7353051640625 0.7947656249999999 0.73018779375 0.7905 0.7173943656249999 0.788796875 0.7084272296874999 0.788796875 0.70267605625 0.7892187500000001 0.6918075124999999 0.7926249999999999 0.6860563375 0.794328125 0.6841314546875 0.7930625 0.664295775 0.704078125 0.6662206578125 0.6989687499999999 0.6700469484375 0.693859375 0.6579107984375 0.693859375 0.6495774640625 0.694703125 0.64197183125 0.695390625 0.658145540625 0.772421875 0.6662206578125 0.801578125 0.659178403125 0.818171875 0.65981220625 0.8262656249999999
9 0.25018779375 0.64284375 0.24906103281249997 0.636359375 0.24852112656249997 0.633953125 0.2426525828125 0.6311718749999999 0.24434272343750002 0.628015625 0.242394365625 0.6245 0.237934271875 0.625046875 0.23626760624999998 0.628015625 0.23626760624999998 0.631359375 0.2295774640625 0.633953125 0.2295774640625 0.646 0.2320892015625 0.647484375 0.2496244125 0.6463593750000001 0.25018779375 0.64284375
9 0.27152582187499996 0.643328125 0.27152582187499996 0.63821875 0.2651173703125 0.631828125 0.2568075125 0.6309843749999999 0.25042253593749997 0.64375 0.25298122031250003 0.645453125 0.2651173703125 0.645875 0.27152582187499996 0.643328125
9 0.33948356875 0.641875 0.33553990625 0.633625 0.3313145546875 0.631609375 0.3313145546875 0.627984375 0.327065728125 0.62778125 0.32556337968750004 0.6285937500000001 0.326173709375 0.63221875 0.322840375 0.6344218749999999 0.31981220625 0.64309375 0.33948356875 0.641875
2 0.51513525625 0.6408623515625 0.5164553984375 0.647390625 0.52302816875 0.6386406250000001 0.526960653125 0.640896578125 0.53878605 0.6409308031250001 0.5377934265625 0.6446562499999999 0.5419014078125 0.641375 0.5506114453125 0.6409650296875 0.5509389671875 0.645203125 0.5648826296875 0.650671875 0.574741784375 0.652859375 0.582957746875 0.664875 0.5927934265625 0.66596875 0.6010093890625 0.6687031250000001 0.6075821593749999 0.667609375 0.6092253515625 0.663234375 0.6198826296875 0.6583125 0.6190610328124999 0.6550312500000001 0.611690140625 0.650671875 0.6026525828125 0.6479375 0.5979130328125 0.641101934375 0.7752939859375 0.641615328125 0.982605634375 0.6729375 0.9916666671875 0.6784687500000001 0.9961971828125 0.67896875 0.9977230046875001 0.6734375 0.9992253515625 0.6734375 0.9871361500000001 0.670421875 0.9795774640625 0.662375 0.9811032859375001 0.648296875 0.9763257328125 0.642197171875 0.9999765265624999 0.6422656250000001 0.995446009375 0.63925 0.9645003359375 0.642162946875 0.7871193828124999 0.6416495531249999 0.5648826296875 0.637 0.5624368421875 0.64099925625 0.5574882624999999 0.635359375 0.5447652578125 0.6342734375 0.5336854453125001 0.637546875 0.532042253125 0.6331875 0.523849765625 0.63209375 0.523849765625 0.6348125 0.49920187812499994 0.636453125 0.5033098593750001 0.640828125 0.51513525625 0.6408623515625
2 0.9189906109375 0.640953125 0.9162676062499999 0.636515625 0.8899530515625 0.636109375 0.8893427234375 0.6451718750000001 0.8969014078124999 0.65525 0.9050704218750001 0.66128125 0.9141549296875 0.6643125000000001 0.921713615625 0.6625 0.9277699531250001 0.660484375 0.928661971875 0.656046875 0.928661971875 0.6506093749999999 0.9189906109375 0.640953125
2 0.501854459375 0.63715625 0.4987793421875 0.633265625 0.4943192484375 0.633265625 0.47255868593750006 0.631953125 0.4675352109375 0.635671875 0.466690140625 0.63828125 0.46615023437499997 0.639390625 0.494037559375 0.6403125000000001 0.5052112671875 0.64365625 0.507159625 0.641625 0.501854459375 0.63715625
8 0.2893192484375 0.710265625 0.25692488281250003 0.7076875 0.25058685468749997 0.7095625 0.2470892015625 0.71425 0.2896713609375 0.72596875 0.29284037500000004 0.718 0.2893192484375 0.710265625
2 0.6974647890625 0.633625 0.6643192484375 0.63215625 0.6616666671875 0.6406875000000001 0.65946009375 0.643625 0.6559154921875 0.65009375 0.6568075125 0.655390625 0.6603286390625 0.6583281249999999 0.6983333328125 0.657453125 0.7005399062500001 0.6600937499999999 0.701877934375 0.6580468749999999 0.702746478125 0.650390625 0.702746478125 0.649515625 0.7005399062500001 0.63775 0.6974647890625 0.633625
9 0.286854459375 0.650125 0.2832629109375 0.647984375 0.27821596249999997 0.647140625 0.2719248828125 0.647375 0.2692253515625 0.6488125 0.265281690625 0.647734375 0.24262910781249997 0.6488125 0.22697183124999998 0.654796875 0.22518779375000003 0.6577968750000001 0.2239201875 0.662578125 0.22812206562499998 0.662109375 0.23755868593749999 0.663734375 0.2421126765625 0.6672343749999999 0.2463145546875 0.673046875 0.2515492953125 0.676078125 0.2638028171875 0.691203125 0.270093896875 0.690046875 0.269389671875 0.6860937500000001 0.26589201875 0.68259375 0.2630985921875 0.67840625 0.2630985921875 0.66909375 0.26483568125 0.665140625 0.27359155 0.66909375 0.2795305171875 0.6695625 0.287582159375 0.6702656250000001 0.28582159687500003 0.666296875 0.2763849765625 0.66490625 0.27359155 0.66490625 0.2692253515625 0.659578125 0.27821596249999997 0.6599375000000001 0.2839671359375 0.65815625 0.2872065734375 0.6539531249999999 0.286854459375 0.650125
1 0.641525821875 0.653140625 0.6559154921875 0.6523749999999999 0.6662910796875 0.633203125 0.6991314546875 0.6320625 0.6996948359374999 0.627453125 0.710070421875 0.629375 0.7135211265625 0.631671875 0.7187089203125 0.630140625 0.715258215625 0.6125 0.7112206578125 0.612890625 0.623661971875 0.61365625 0.6253990609375 0.6516093749999999 0.631150234375 0.654296875 0.641525821875 0.653140625
9 0.6611032859375 0.8513437500000001 0.6438967140625 0.781640625 0.62359155 0.7712343749999999 0.62359155 0.768109375 0.607957746875 0.76290625 0.5673239437500001 0.749390625 0.564201878125 0.71296875 0.548568075 0.6932031249999999 0.5595070421874999 0.691125 0.57981220625 0.65784375 0.5782629109374999 0.649515625 0.5345070421875 0.6484687499999999 0.50481220625 0.6765625 0.462605634375 0.7119375 0.43291079843749997 0.77228125 0.45478873281250004 0.79725 0.5407511734375 0.8055625 0.595446009375 0.818046875 0.6063849765625 0.8554999999999999 0.6251408453125 0.8690312499999999 0.6251408453125 0.889828125 0.67359155 0.8939999999999999 0.67359155 0.88359375 0.6704694828125 0.871109375 0.6611032859375 0.8513437500000001
9 0.21622065781250002 0.67325 0.2146244125 0.66971875 0.21687793437499997 0.666734375 0.2175352109375 0.6656718749999999 0.22124413125000003 0.6638124999999999 0.2232394359375 0.66303125 0.22335680781249997 0.661875 0.2230985921875 0.6599375000000001 0.222957746875 0.656953125 0.2225586859375 0.655625 0.22190140781249998 0.653515625 0.2205868546875 0.65140625 0.21903755937499997 0.6491718750000001 0.2205868546875 0.647109375 0.22213615 0.645234375 0.2229107984375 0.64265625 0.2239201875 0.6394062500000001 0.22546948281249998 0.637 0.2234272296875 0.6346093749999999 0.21903755937499997 0.63375 0.21671361562499997 0.635296875 0.2144131453125 0.6363125000000001 0.213122065625 0.637515625 0.2118309859375 0.6388906249999999 0.2110563375 0.6404375 0.2110563375 0.642140625 0.2110563375 0.64403125 0.2110563375 0.6450625 0.2100234734375 0.647109375 0.20795774687500002 0.6505468750000001 0.206690140625 0.653625 0.2048826296875 0.656875 0.2046244125 0.659453125 0.2046244125 0.6639062499999999 0.2053990609375 0.667171875 0.2072065734375 0.67453125 0.21197183125 0.675265625 0.21516431875 0.674296875 0.21622065781250002 0.67325
9 0.2889201875 0.637953125 0.286854459375 0.634875 0.28314554062499997 0.634109375 0.2836150234375 0.632578125 0.28269953124999997 0.62996875 0.28037558749999997 0.62934375 0.277159625 0.630109375 0.2769248828125 0.632109375 0.277840375 0.633953125 0.2753051640625 0.63503125 0.275070421875 0.637796875 0.2736854453125 0.6425625 0.2903051640625 0.64225 0.29053990625 0.64071875 0.2889201875 0.637953125
9 0.1807511734375 0.6765625 0.1760563375 0.665625 0.328638496875 0.6453125 0.33802816875 0.6390625 0.3427230046875 0.653125 0.3849765265625 0.6515625 0.40375586874999997 0.659375 0.4248826296875 0.659375 0.4248826296875 0.6484375 0.443661971875 0.6390625 0.6157277 0.62234375 0.6995305171874999 0.6234375 0.6971830984375 0.6390625 0.7089201875 0.6484375 0.732394365625 0.65 0.7441314546875 0.64375 0.7723004687499999 0.6515625 0.7957746484375 0.653125 0.8075117374999999 0.646875 0.8122065734374999 0.640625 0.8941705796875 0.63515625 0.9061032859375 0.6359375 0.90375586875 0.6515625 0.9154929578125 0.6609375 0.9389671359375 0.6625 0.950704225 0.65625 0.9553990609375 0.65 0.9553990609375 0.640625 0.943661971875 0.6296875 0.92018779375 0.628125 0.8822378703125 0.634375 0.8225743359375001 0.63046875 0.8122065734374999 0.63125 0.8106416265625 0.6296875 0.7987089203125 0.62890625 0.8004694828125001 0.6203125 0.7769953046875 0.61875 0.7867762140625 0.628125 0.7629107984375 0.6265625 0.7605633796875 0.6421875 0.7488262906250001 0.6375 0.7502347421875 0.6259375 0.7488262906250001 0.628125 0.7375586859375 0.6253124999999999 0.7370892015625 0.6171875 0.7136150234375 0.615625 0.60375586875 0.6221875 0.436150234375 0.62 0.427230046875 0.625 0.424178403125 0.61984375 0.41549295781250006 0.61875 0.4122065734375 0.6196875000000001 0.40297339687499995 0.61875 0.34037558749999997 0.61875 0.329328915625 0.621415440625 0.328638496875 0.6265625 0.3182822421875 0.6240808828125 0.152582159375 0.6640625 0.1502347421875 0.68125 0.1572769953125 0.684375 0.171361503125 0.684375 0.1807511734375 0.6765625