0 0.5825 0.8545468749999999 0.5860000000000001 0.855421875 0.5945416671875 0.84784375 0.597375 0.8407500000000001 0.61225 0.8417656250000001 0.6176666671875 0.8620625000000001 0.6339166671875 0.8813437499999999 0.6460833328125 0.87728125 0.6542083328125 0.837703125 0.6460833328125 0.799125 0.6691041671875 0.7930312500000001 0.6731666671875 0.7463437500000001 0.6136041671875 0.753453125 0.6146197921875001 0.7623320312499999 0.6093935187499999 0.7608958328125001 0.5925509250000001 0.7906666671875 0.5960208328125 0.796078125 0.5883402765625 0.798109375 0.5757083328125 0.8204375 0.5766666671875 0.821890625 0.5730000000000001 0.8285625 0.5783541671875 0.8308333328125 0.5702916671875 0.8366875 0.5800416671875 0.8397760421875 0.5825 0.8545468749999999
0 0.025750000000000002 0.8424843750000001 0.031479167187500004 0.806015625 0.0486458328125 0.8274687500000001 0.10300000000000001 0.8424843750000001 0.12016666718749999 0.8596562499999999 0.1545 0.870390625 0.2002916671875 0.8617968749999999 0.2203125 0.81459375 0.20314583281249998 0.793140625 0.1545 0.77596875 0.1402083328125 0.771671875 0.08297916718750001 0.7738125 0.0858333328125 0.7866875 0.07439583281249999 0.80171875 0.0429166671875 0.784546875 0.0400625 0.765234375 0.1001458328125 0.741625 0.0114375 0.7502187499999999 0.025750000000000002 0.758796875 0.0114375 0.7866875 0.0057291671875 0.784546875 0.0057291671875 0.8553593749999999 0.025750000000000002 0.8424843750000001
0 0.3516666671875 0.7198125 0.3561458328125 0.7229062500000001 0.3750416671875 0.730640625 0.3808958328125 0.722390625 0.38947916718750003 0.7229062500000001 0.3980833328125 0.725234375 0.4111458328125 0.73090625 0.42077083281250005 0.740953125 0.4152708328125 0.754890625 0.42833333281249997 0.7525625 0.437625 0.7424999999999999 0.4297083328125 0.7244531249999999 0.4218125 0.717234375 0.3853541671875 0.71775 0.3843333328125 0.7185312500000001 0.3544166671875 0.71440625 0.3516666671875 0.7198125
9 0.5767708328125 0.8436875 0.5894375000000001 0.8472500000000001 0.5957708328125 0.83953125 0.5926041671875 0.8151875000000001 0.5965625 0.78965625 0.6139791671875 0.7534375 0.6401041671875001 0.7498750000000001 0.6416875 0.74571875 0.6440625 0.731453125 0.6472291671875 0.711265625 0.6385208328124999 0.708296875 0.6385208328124999 0.701171875 0.6298125 0.687515625 0.6163541671874999 0.674453125 0.6076458328125 0.674453125 0.5965625 0.6851406250000001 0.5989375 0.695234375 0.5973541671875 0.707703125 0.5926041671875 0.710078125 0.5759791671875 0.721953125 0.5545833328125 0.737390625 0.5537916671875001 0.740375 0.5632916671875 0.735609375 0.5918125 0.723734375 0.5989375 0.7350156250000001 0.5949791671875 0.7617499999999999 0.5736041671875001 0.776 0.564875 0.79975 0.5688333328125 0.80390625 0.5815208328125 0.8318125000000001 0.5728125000000001 0.83478125 0.5720208328124999 0.835375 0.5664583328125 0.8371562499999999 0.5767708328125 0.8436875
9 0.5523125 0.730359375 0.5520625 0.7240624999999999 0.5523125 0.7172031249999999 0.5545416671875001 0.715359375 0.5565208328125 0.71146875 0.5542916671875 0.6858906250000001 0.5488541671875 0.6838437500000001 0.5491041671875 0.6814375 0.5498541671875 0.6769999999999999 0.5483541671875 0.67440625 0.5446666671875 0.67346875 0.5424375 0.675515625 0.5397083328125001 0.680140625 0.5416875 0.682921875 0.5412083328125 0.683296875 0.5387291671875001 0.683671875 0.5347708328125 0.68478125 0.5303333328125001 0.6868125 0.5318125 0.702203125 0.5315624999999999 0.709796875 0.5347708328125 0.725171875 0.5355208328125001 0.7298125 0.5327916671875 0.73240625 0.5399583328124999 0.733890625 0.5416875 0.73240625 0.5416875 0.7292500000000001 0.5424375 0.713875 0.5446666671875 0.728703125 0.5456458328125 0.7294375 0.5463958328125 0.73184375 0.5488541671875 0.733515625 0.5542916671875 0.733890625 0.5542916671875 0.733515625 0.5537916671875001 0.73278125 0.5523125 0.730359375
9 0.5221041671875 0.69028125 0.5221041671875 0.678359375 0.5165 0.674859375 0.5052708328125 0.67275 0.5006041671875 0.67275 0.5043333328124999 0.690984375 0.5024791671875 0.6951875000000001 0.5024791671875 0.7015 0.5024791671875 0.703609375 0.5052708328125 0.711328125 0.5062083328125 0.71271875 0.5099583328125 0.72184375 0.5155624999999999 0.7330625000000001 0.514625 0.7295625 0.5193125000000001 0.713421875 0.5221041671875 0.69028125
9 0.5015625 0.677359375 0.4917083328125 0.6770625 0.49325 0.683 0.49035416718749997 0.683875 0.489 0.6870625 0.489 0.6895156250000001 0.4893958328125 0.6935625 0.48979166718749995 0.698203125 0.49035416718749997 0.700515625 0.4915208328125 0.703265625 0.4917083328125 0.70659375 0.4938333328125 0.709921875 0.5 0.714125 0.49691666718749994 0.711515625 0.49712500000000004 0.70890625 0.4994375 0.702828125 0.5001249999999999 0.703609375 0.5023541671875 0.70121875 0.5015625 0.677359375
9 0.4719791671875 0.686171875 0.4658333328125 0.6828593749999999 0.4649375 0.679234375 0.4649375 0.676265625 0.46229166718750003 0.6749375 0.4583333328125 0.675921875 0.45568749999999997 0.678578125 0.4574583328125 0.6835312499999999 0.45129166718749997 0.688484375 0.44777083281249996 0.703015625 0.45568749999999997 0.7033437499999999 0.45658333281249996 0.729765625 0.47022916718749996 0.7267812499999999 0.47462499999999996 0.707296875 0.4719791671875 0.686171875
8 0.609 0.6698125 0.6457708328125 0.66278125 0.6303958328125 0.649734375 0.5828958328125 0.64271875 0.5400833328125 0.65425 0.525375 0.6698125 0.5708541671875 0.673328125 0.574875 0.6713125 0.5916041671875 0.6693125 0.609 0.6698125
9 0.5349583328125 0.6956249999999999 0.5398125 0.6883125 0.5390625 0.682984375 0.5368125 0.677359375 0.5349583328125 0.6720312500000001 0.5252083328125 0.6723125 0.5240833328125001 0.6765156250000001 0.5214583328125 0.677359375 0.5184791671875 0.683828125 0.5195833328125 0.6877500000000001 0.5233333328125 0.6945 0.5233333328125 0.700671875 0.5233333328125 0.71246875 0.5315833328124999 0.713875 0.5327083328125 0.705453125 0.5349583328125 0.6956249999999999
9 0.4755416671875 0.70428125 0.47416666718749995 0.716171875 0.4827916671875 0.717453125 0.4841666671875 0.707125 0.4827916671875 0.6934218750000001 0.4848541671875 0.682296875 0.4765833328125 0.681015625 0.4758958328125 0.681015625 0.4731458328125 0.6758437500000001 0.46658333281250003 0.676359375 0.46762499999999996 0.679984375 0.4679583328125 0.68359375 0.4693541671875 0.684890625 0.4727916671875 0.6869531249999999 0.4755416671875 0.70428125
0 0.37447916718749996 0.750421875 0.3795833328125 0.753953125 0.38468749999999996 0.7560156250000001 0.3929166671875 0.758375 0.3980208328125 0.758078125 0.4050833328125 0.7577812500000001 0.41252083281249996 0.7542500000000001 0.41683333281249996 0.750421875 0.42037500000000005 0.74190625 0.41958333281250004 0.7360156250000001 0.4152708328125 0.72984375 0.4027291671875 0.725421875 0.3913541671875 0.722484375 0.3827291671875 0.723375 0.3791875 0.725140625 0.3784166671875 0.7263124999999999 0.3729166671875 0.73484375 0.3733125 0.7342500000000001 0.37447916718749996 0.73690625 0.37447916718749996 0.750421875
0 0.3556666671875 0.7642187500000001 0.3575625 0.764421875 0.36625 0.761359375 0.3716875 0.75525 0.3727708328125 0.745078125 0.37033333281249997 0.73346875 0.3648958328125 0.7285781250000001 0.35350000000000004 0.7236875 0.3526666671875 0.726953125 0.3553958328125 0.7636093749999999 0.3556666671875 0.7642187500000001