8 0.1754375 0.73179039375 0.18159375 0.77480349375 0.2046875 0.7812445421875001 0.30009375 0.7683406109375001 0.309328125 0.75329694375 0.307796875 0.637161571875 0.27240625 0.6264192140625 0.226234375 0.613515284375 0.209296875 0.512445415625 0.195453125 0.4909388640625 0.178515625 0.4973799125 0.170828125 0.512445415625 0.18159375 0.5468558953125 0.19853125 0.6113537124999999 0.18621875000000002 0.6887772921875001 0.1754375 0.73179039375
8 0.113578125 0.8840174671875 0.1428125 0.8840174671875 0.153578125 0.85820960625 0.18128125 0.85820960625 0.18590625 0.8087554578124999 0.17975000000000002 0.7141266374999999 0.155125 0.7033842796875 0.07971875 0.6883187765625001 0.07509375 0.6474672484374999 0.070484375 0.574344978125 0.036625000000000005 0.5356331875 0.007375 0.5549999999999999 0.032 0.6044541484375 0.035078125 0.6474672484374999 0.03815625 0.6818777296875 0.03815625 0.7248908296875001 0.033546875 0.7399344984375 0.015078125000000001 0.8603711796875 0.01815625 0.8797161578124999 0.0443125 0.8797161578124999 0.113578125 0.8840174671875
8 0.9826874999999999 0.207161571875 0.96465625 0.2027074234375 0.9763125 0.140458515625 0.96253125 0.18344978125 0.9476718749999999 0.16417030625 0.92009375 0.133034934375 0.884015625 0.1389737984375 0.8776406250000001 0.09004366875 0.863859375 0.084104803125 0.8405156249999999 0.09893013125 0.817171875 0.124148471875 0.8044375 0.1537991265625 0.78321875 0.181965065625 0.76625 0.1893668125 0.78746875 0.2546069875 0.951921875 0.2531222703125 0.95721875 0.22198690000000001 0.9826874999999999 0.207161571875
8 0.67059375 0.28089519687500003 0.6255625 0.2696724890625 0.5821562499999999 0.25393013125 0.5564218750000001 0.2516812234375 0.5564218750000001 0.22246724843750001 0.548375 0.17753275156249998 0.546765625 0.24718340625000002 0.5290781250000001 0.2516812234375 0.521046875 0.28089519687500003 0.52425 0.2988864625 0.50334375 0.2898908296875 0.4535 0.28539301250000004 0.45028125 0.2898908296875 0.4535 0.3146069875 0.477625 0.33707423593749997 0.508171875 0.3281004359375 0.54515625 0.33707423593749997 0.5821562499999999 0.33707423593749997 0.65290625 0.334825328125 0.6931093749999999 0.32585152812499996 0.70115625 0.305611353125 0.70115625 0.3011135375 0.6850625 0.28539301250000004 0.67059375 0.28089519687500003
9 0.509328125 0.7773799125 0.49278125 0.714148471875 0.5060156250000001 0.697205240625 0.509328125 0.7018122265625 0.515953125 0.7311135375 0.5325 0.7588864625 0.55015625 0.7773799125 0.5722343750000001 0.7773799125 0.575546875 0.7727510921875 0.5722343750000001 0.761965065625 0.565609375 0.7542576421875 0.5490625 0.7342139734375001 0.5325 0.715698690625 0.5391250000000001 0.6679039296875 0.58546875 0.6231659390625001 0.591 0.5830786031249999 0.55678125 0.5491484718749999 0.52478125 0.5738209609375 0.515953125 0.6015938859375 0.51153125 0.61393013125 0.45746875 0.6185589515625 0.411109375 0.6833187765625001 0.40228125 0.707991265625 0.41221874999999997 0.7527074234375 0.4331875 0.7835589515625 0.462984375 0.8005240171875 0.46076562499999996 0.8760698687499999 0.46187500000000004 0.9146288203124999 0.504921875 0.9238864625 0.55015625 0.9038427953125 0.5104375 0.874541484375 0.509328125 0.7773799125
9 0.3796875 0.69495633125 0.40403124999999995 0.691768559375 0.39490625 0.682205240625 0.37740625 0.663078603125 0.38196875 0.5939737984375 0.394140625 0.5620960703125 0.38806250000000003 0.548275109375 0.36067187500000003 0.548275109375 0.392625 0.5163755453125 0.385015625 0.5036244546875001 0.365234375 0.518515284375 0.35154687500000004 0.5248908296875 0.358390625 0.4749344984375 0.366 0.4855458515625 0.38196875 0.4696069875 0.38578125 0.4579257640625 0.389578125 0.4483406109375 0.384265625 0.42921397343749995 0.369046875 0.41434497812500004 0.35078125 0.42709607031249996 0.35078125 0.45048035000000003 0.308953125 0.47917030625 0.291453125 0.528078603125 0.29221875 0.566331878125 0.293734375 0.5748471609375 0.35154687500000004 0.57591703125 0.36828125 0.5907860265625 0.362953125 0.6311790390625001 0.35459375 0.6609388640625 0.36143749999999997 0.6673362453125 0.362203125 0.68432314375 0.3796875 0.69495633125
9 0.8362343750000001 0.5146069875 0.833015625 0.5572925765625001 0.8635781250000001 0.5685371171875 0.8973437499999999 0.55281659375 0.9005625 0.4966375546875 0.895734375 0.465174671875 0.834625 0.3887554578125 0.79925 0.3775327515625 0.7815624999999999 0.38650655 0.776734375 0.43146288281249995 0.794421875 0.44270742343749997 0.7928124999999999 0.43596069843749996 0.815328125 0.465174671875 0.8362343750000001 0.5146069875
9 0.809921875 0.6372489078125 0.818375 0.666768559375 0.8173281250000001 0.7125327515625 0.8120468750000001 0.7302401749999999 0.827890625 0.8468340609375 0.8088749999999999 0.8630786031250001 0.794078125 0.8719432312500001 0.7951406249999999 0.883733625 0.805703125 0.89408296875 0.8669687500000001 0.8970305671875 0.8711874999999999 0.8689737984375 0.890203125 0.8660262015625 0.891265625 0.8246943234374999 0.8859843749999999 0.821746725 0.8838593749999999 0.7479475984375 0.8944218749999999 0.7420524015625001 0.906046875 0.7213755453124999 0.9440781250000001 0.7228602625 0.9535781249999999 0.6800655015625 0.9387968750000001 0.632838428125 0.900765625 0.590021834375 0.8669687500000001 0.57082969375 0.833171875 0.5590393015624999 0.8215468749999999 0.5309825328125 0.7951406249999999 0.5250873359375 0.7951406249999999 0.5236026203125 0.769796875 0.5678820953125 0.769796875 0.5855895203125 0.7750781250000001 0.6077292578125 0.809921875 0.6372489078125
9 0.403921875 0.42639737968749997 0.41426562499999997 0.42019650625000005 0.41723437499999994 0.46155021874999996 0.43646874999999996 0.4677510921875 0.42907812500000003 0.45534934531250004 0.424625 0.4098689953125 0.42018750000000005 0.3829694328125 0.42167187500000003 0.3581659390625 0.42167187500000003 0.32921397343750003 0.42018750000000005 0.28993449843749997 0.415984375 0.26576419218749997 0.40609375 0.2659825328125 0.399390625 0.271528384375 0.399546875 0.2910262015625 0.392078125 0.3023362453125 0.384671875 0.3250873359375 0.39503125 0.3457641921875 0.398 0.38091703125 0.398 0.3933187765625 0.3935625 0.4181222703125 0.39503125 0.42639737968749997 0.38615625 0.45534934531250004 0.39059374999999996 0.46982532812500005 0.400953125 0.4677510921875 0.39503125 0.45742358125000004 0.39503125 0.44294759843750003 0.403921875 0.42639737968749997
9 0.149390625 0.45554585156250005 0.1481875 0.45004366874999996 0.1460625 0.44580786093749997 0.14515625000000001 0.4398689953125 0.145765625 0.42334061093750003 0.14545312500000002 0.3627292578125 0.14696875 0.33349345 0.1481875 0.31611353750000004 0.14515625000000001 0.2877074234375 0.138171875 0.2715938859375 0.13484374999999998 0.26906113593750003 0.13484374999999998 0.2631222703125 0.13484374999999998 0.25844978125 0.135140625 0.24997816562500003 0.135140625 0.2436244546875 0.13028125 0.2368340609375 0.123015625 0.23344978125 0.11451562500000001 0.23812227031250002 0.11299999999999999 0.2478602625 0.11542187500000001 0.25844978125 0.116328125 0.2639737984375 0.11087499999999999 0.27329694375 0.10723437499999999 0.281768559375 0.11270312499999999 0.3021179046875 0.118453125 0.324585153125 0.11937500000000001 0.3627292578125 0.125734375 0.39240174687499996 0.12665625 0.4118995640625 0.1296875 0.450458515625 0.13543750000000002 0.45554585156250005 0.14271875 0.45554585156250005 0.149390625 0.45554585156250005
8 0.94865625 0.7022489078125 0.9565625000000001 0.7019869 0.965046875 0.699825328125 0.9690937500000001 0.69606986875 0.973734375 0.68043668125 0.9696718750000001 0.6384061140624999 0.9529635421875 0.6394832593750001 0.9544739578125 0.55150655 0.95940625 0.5072489078125 0.977765625 0.45495633125 0.9698437500000001 0.45997816562500005 0.9684062499999999 0.47155021875 0.95940625 0.47305676874999997 0.9657031249999999 0.4828602625 0.9630000000000001 0.49417030625 0.9525781249999999 0.4916593890625 0.94896875 0.5152838421875 0.9532408859375 0.5625709609375 0.942484375 0.6529475984374999 0.9494374999999999 0.6785371171875 0.94865625 0.7022489078125
9 0.10096875000000001 0.402227075 0.12221875 0.4566812234375 0.125765625 0.44679039375 0.125765625 0.3923362453125 0.10982812500000001 0.3576637546875 0.10982812500000001 0.30320960625 0.10982812500000001 0.278471615625 0.113359375 0.258668121875 0.097421875 0.25371179062500004 0.086796875 0.26609170312499997 0.09210937500000001 0.29578602656249997 0.08325 0.3651091703125 0.10096875000000001 0.402227075
8 0.2664375 0.5938209609375 0.260703125 0.6111790390625 0.25975000000000004 0.6218777296875 0.25210937499999997 0.68995633125 0.34096875 0.708668121875 0.359125 0.7006550218750001 0.36103125 0.616528384375 0.358171875 0.597838428125 0.34765625 0.5818122265625 0.315171875 0.5818122265625 0.297015625 0.5764628828125 0.29128125 0.5564410484375 0.285546875 0.5097161578125 0.281734375 0.48969432343749997 0.26453125 0.46296943281249997 0.25496875 0.45897379843749997 0.246375 0.4696506546875 0.262625 0.49368995625 0.267390625 0.532401746875 0.267390625 0.5631222703125001 0.2664375 0.5938209609375
8 0.9466519890624999 0.5458217546874999 0.94178125 0.5462227078125 0.9396022734375 0.55230845625 0.9408359374999999 0.5581113531249999 0.9325525562499999 0.5587951578125 0.9272812500000001 0.568231440625 0.925502840625 0.5652818578125001 0.9184531249999999 0.5717685593749999 0.8831562500000001 0.5647161578125 0.8762187499999999 0.568231440625 0.8768437499999999 0.5726419218750001 0.88440625 0.584978165625 0.9108906250000001 0.586746725 0.9165625000000001 0.58849345 0.921921875 0.5783624453125 0.9272812500000001 0.5871724890625 0.9380000000000001 0.585851528125 0.940515625 0.632554584375 0.939890625 0.6466375546875 0.962578125 0.6439956328124999 0.9796093750000001 0.6255021828125 0.9796093750000001 0.60082969375 0.977078125 0.5735371171875 0.9814999999999999 0.553275109375 0.9814999999999999 0.5241921390625001 0.9748508515625 0.51987495 0.9819005687500001 0.5133882484375001 0.9887499999999999 0.51230349375 0.988950284375 0.5069015484375 0.9960000000000001 0.500414846875 0.9966250000000001 0.49072052343749994 0.96446875 0.4986462875 0.943671875 0.522445415625 0.9427265625000001 0.5343340609375 0.9537017046875 0.5393350546875 0.9466519890624999 0.5458217546874999
8 1 0.8937772921875 0.928796875 0.889541484375 0.907625 0.8844759828125 0.9021874999999999 0.8717903937499999 0.9106562500000001 0.87349345 1 0.8785589515625001 0.9995468750000001 0.866724890625 0.9058125 0.8633406109375 0.9021874999999999 0.85067685625 0.9021874999999999 0.7729257640625 0.90340625 0.7577074234375 0.90703125 0.74757641875 0.9106562500000001 0.732358078125 1 0.7408078609375 0.9989531250000001 0.7120960703125 0.9487500000000001 0.7095414843750001 0.9414999999999999 0.7256113531249999 0.9354531250000001 0.723078603125 0.9136875 0.723078603125 0.8967499999999999 0.7289956328125 0.892515625 0.7594104796875001 0.894328125 0.8464410484375 0.900375 0.8929257640625 1 0.904759825 1 0.8937772921875