2 0.0715625 0.8752884609375 0.078703125 0.8720673078125 0.07953125 0.873365384375 0.08625000000000001 0.88045673125 0.098 0.879158653125 0.105546875 0.873365384375 0.11015625 0.86625 0.12903125 0.868846153125 0.13365625 0.8765865390625001 0.141625 0.879158653125 0.141203125 0.8746394234375 0.142875 0.7946394234375 0.10345312499999999 0.7946394234375 0.08246875000000001 0.82173076875 0.040109375 0.83141826875 0.036328125 0.8410817312500001 0.041359375 0.8565865390624999 0.046406249999999996 0.8585096156249999 0.048921875 0.878533653125 0.055625 0.88045673125 0.067796875 0.8798076921875 0.0715625 0.8752884609375
2 0.95475 0.8122355765625 0.948625 0.8220432687500001 0.9476093750000001 0.8384855765625 0.94965625 0.8471153843750001 0.95371875 0.8525961531249999 0.9572968749999999 0.8588701921874999 0.9641718750000001 0.8580769234375 0.968234375 0.8553365390625001 0.9720625 0.850240384375 0.9725625000000001 0.850240384375 0.9824999999999999 0.85298076875 0.9924375 0.85298076875 0.9962500000000001 0.8592548078125001 1 0.8619951921875 0.999046875 0.7722836531249999 0.961359375 0.7758173078125 0.9572968749999999 0.7785576921875 0.95703125 0.8071394234374999 0.95475 0.8122355765625
1 0.256765625 0.9159134609375 0.308125 0.9001201921875 0.327203125 0.88204326875 0.473921875 0.8549759609375001 0.471 0.696947115625 0.44898437500000005 0.667596153125 0.3448125 0.6450240390624999 0.24209375 0.63375 0.22156250000000002 0.6472836531249999 0.15846875 0.6450240390624999 0.1599375 0.6631009609375 0.143796875 0.6788942312499999 0.146734375 0.873028846875 0.133515625 0.9113942312500001 0.236234375 0.9226923078124999 0.256765625 0.9159134609375
1 0.75225 0.9618028843750001 0.78584375 0.9415625000000001 0.8194375 0.9528125 0.8369687499999999 0.8943749999999999 0.8165156250000001 0.6831490390625 0.755171875 0.667403846875 0.6719062499999999 0.667403846875 0.5959531250000001 0.68764423125 0.5959531250000001 0.7865144234375 0.579890625 0.838197115625 0.579890625 0.914615384375 0.579890625 0.9707932687499999 0.654375 0.9528125 0.709890625 0.9887740390624999 0.733265625 0.9842788468749999 0.75225 0.9618028843750001
2 0.908828125 0.7761298078125 0.91153125 0.767115384375 0.909734375 0.760528846875 0.901171875 0.7581249999999999 0.894859375 0.75014423125 0.8813437499999999 0.7504807687499999 0.8709843749999999 0.755 0.8608437500000001 0.7681730765625 0.860390625 0.7740625 0.86421875 0.7792548078125 0.864453125 0.7809855765625 0.8687343750000001 0.7841105765624999 0.87053125 0.779615384375 0.8736875 0.7806490390625 0.8781874999999999 0.782716346875 0.8824687499999999 0.7802884609375 0.894859375 0.7785576921875 0.8973437499999999 0.779615384375 0.9020781250000001 0.779615384375 0.908828125 0.7761298078125
2 0.8583281250000001 0.748365384375 0.845 0.7512259609374999 0.841671875 0.758052884375 0.8279687499999999 0.7597596156249999 0.827609375 0.77514423125 0.8335312500000001 0.7785576921875 0.839078125 0.7734375 0.8605625 0.77173076875 0.8675937499999999 0.7586298078125 0.8612968750000001 0.753509615625 0.8583281250000001 0.748365384375
2 0.9075 0.751009615625 0.9095000000000001 0.7515144234375 0.9128281250000001 0.751177884375 0.914484375 0.7505048078125001 0.915140625 0.749302884375 0.9158125 0.7435096156250001 0.9133749999999999 0.7366826921875 0.9085000000000001 0.7310576921874999 0.905171875 0.730552884375 0.9012968750000001 0.7310576921874999 0.9016249999999999 0.734302884375 0.90240625 0.737884615625 0.903734375 0.7433413468750001 0.9048437500000001 0.74826923125 0.9050625 0.7532211531249999 0.9072812499999999 0.7542548078125 0.907390625 0.75201923125 0.907390625 0.7518509609375 0.9075 0.751009615625
2 0.876359375 0.7362019234375 0.8684062499999999 0.7381249999999999 0.8650625 0.7458653843749999 0.859609375 0.7465144234375 0.8633906250000001 0.7535817312499999 0.8663125 0.759375 0.8692500000000001 0.75875 0.8705 0.756802884375 0.87384375 0.7542307687500001 0.8809687500000001 0.7529567312500001 0.887234375 0.7529567312500001 0.8939375 0.751658653125 0.8960312500000001 0.7542307687500001 0.90021875 0.756802884375 0.903984375 0.756802884375 0.905234375 0.7497355765625 0.905234375 0.7439423078125 0.900625 0.7310576921874999 0.8964531250000001 0.7310576921874999 0.887234375 0.7310576921874999 0.872171875 0.7310576921874999 0.88890625 0.7323317312500001 0.883890625 0.73298076875 0.876359375 0.7362019234375
2 0.9531875 0.7235576921875 0.952 0.7308894234375 0.9512031249999999 0.73545673125 0.951 0.7412740390625 0.952796875 0.7418750000000001 0.961328125 0.7409615390625001 0.9680624999999999 0.738221153125 0.9652968749999999 0.7275240390625 0.9633125 0.7232451921874999 0.9531875 0.7235576921875
2 0.9495156250000001 0.71951923125 0.9469687499999999 0.7128605765625 0.9426406249999999 0.7120673078124999 0.9309218749999999 0.7136298078125 0.9314375 0.721466346875 0.937546875 0.7246153843750001 0.939328125 0.7347836531249999 0.9472343750000001 0.7367548078125 0.9487500000000001 0.7383173078125 0.952328125 0.722259615625 0.9495156250000001 0.71951923125
2 0.478515625 0.8445432687500001 0.490640625 0.8439182687500001 0.49387499999999995 0.832716346875 0.497515625 0.8308653843749999 0.510859375 0.8246394234375 0.5120625000000001 0.8153124999999999 0.506 0.78485576875 0.47125000000000006 0.78485576875 0.47245312500000003 0.833966346875 0.47245312500000003 0.8358413468749999 0.4765 0.8370673078124999 0.478515625 0.8445432687500001
13 0.64834375 0.9496394234375 0.685875 0.942427884375 0.6915 0.95829326875 0.700890625 0.99295673125 0.717765625 0.99295673125 0.7402968750000001 0.985721153125 0.741234375 0.9438701921874999 0.748734375 0.9395432687499999 0.754359375 0.9510817312500001 0.775015625 0.9467548078125001 0.778765625 0.9337740390624999 0.786265625 0.925096153125 0.789078125 0.9467548078125001 0.80315625 0.9612019234375 0.813484375 0.9438701921874999 0.8153593750000001 0.9019951921875 0.828484375 0.8991105765625 0.8256718749999999 0.70858173125 0.79753125 0.6883653843750001 0.711203125 0.6681490390625 0.632390625 0.682596153125 0.6108125 0.69701923125 0.6145625 0.7316826921875 0.6183125 0.772091346875 0.6136250000000001 0.773533653125 0.6136250000000001 0.790865384375 0.6126875 0.8471634609375001 0.6089375 0.84860576875 0.592984375 0.8587019234375 0.57890625 0.8962259609375 0.5779687499999999 0.948197115625 0.5845312500000001 0.9799519234374999 0.608 0.9842788468749999 0.61925 0.9770673078125001 0.6183125 0.9366586531250001 0.64834375 0.9496394234375
13 0.570109375 0.8320673078124999 0.5783437499999999 0.8320673078124999 0.585609375 0.8290865390625 0.59434375 0.821634615625 0.598703125 0.8104326921875 0.595796875 0.7925480765625 0.594828125 0.7761298078125 0.594828125 0.7664423078125 0.584640625 0.7574759609374999 0.54246875 0.7589663468750001 0.529859375 0.7619471156250001 0.525984375 0.7641826921875 0.52646875 0.7761298078125 0.5317968750000001 0.7858173078124999 0.53228125 0.8022355765625001 0.5313125000000001 0.8253605765625001 0.541984375 0.8246153843749999 0.55021875 0.8246153843749999 0.55653125 0.837283653125 0.570109375 0.8320673078124999