1 0 0.1752693203125 0.003 0.8876346609375 0.25187499999999996 0.826955503125 0.48426562500000003 0.759555034375 0.48426562500000003 0.7775175640625 0.52175 0.7752693203125001 0.553234375 0.761803278125 0.59971875 0.7325761125 0.61021875 0.6763934421875 0.59521875 0.6247306796875 0.59521875 0.5865105390625 0.6057187500000001 0.5752693203125 0.61171875 0.48088992968750005 0.632703125 0.4876346609375 0.6506875 0.48313817343750004 0.649203125 0.4224824359375 0.61021875 0.4044964875 0.6057187500000001 0.35955503437499997 0.5337500000000001 0.305620609375 0 0.173044496875 0 0.1752693203125
9 0.641703125 0.7910070250000001 0.646203125 0.7393208437500001 0.649203125 0.8134894609375 0.6477031249999999 0.8763934421874999 0.6536875 0.892131146875 0.6836875 0.8876346609375 0.6746875 0.8786416859375 0.6716875 0.86067915625 0.6731874999999999 0.838196721875 0.6731874999999999 0.7460655734375 0.6791875 0.692131146875 0.692671875 0.705620609375 0.697171875 0.66967213125 0.692671875 0.5775175640625 0.685171875 0.5303278687499999 0.6551875 0.5213583140625 0.6581875 0.4876346609375 0.643203125 0.47416861875 0.634203125 0.507868853125 0.641703125 0.5370726 0.61021875 0.5460655734375 0.59221875 0.5887587828124999 0.6057187500000001 0.640444965625 0.617703125 0.6786416859375 0.61471875 0.72583138125 0.61021875 0.79775175625 0.61471875 0.8584309140625 0.6132187499999999 0.8808899296874999 0.61621875 0.8876346609375 0.634203125 0.8853864171874999 0.6387031249999999 0.8674238875 0.6387031249999999 0.826955503125 0.641703125 0.7910070250000001
9 0.70128125 0.6378454328125 0.70415625 0.6550585484375 0.707609375 0.6662763468749999 0.710484375 0.668852459375 0.712203125 0.6929742390625 0.711625 0.7196721312500001 0.715078125 0.7256908671875 0.711625 0.747236534375 0.723703125 0.7498126468749999 0.721984375 0.7291334890625001 0.731171875 0.7386182671875 0.7305937499999999 0.7498126468749999 0.7438125 0.7411943796875 0.746109375 0.7308665109375 0.736921875 0.7274238875 0.728875 0.7170960187500001 0.7351875 0.6550585484375 0.7466875 0.6507494140625 0.739796875 0.600796253125 0.730015625 0.5551522249999999 0.72771875 0.545667446875 0.72715625 0.535339578125 0.72484375 0.5258548015625 0.719671875 0.5207025765625 0.715078125 0.5207025765625 0.7093281250000001 0.522412178125 0.70703125 0.5292974234375001 0.7047343749999999 0.5448009375 0.706453125 0.5499765812499999 0.70703125 0.5585948484375 0.7093281250000001 0.5620374703125 0.71278125 0.56548009375 0.710484375 0.5697892265625 0.700140625 0.590468384375 0.6966875 0.6025292734375001 0.696109375 0.6197423890625 0.70128125 0.6378454328125
9 0.8810625 0.7781733015625 0.887484375 0.7781733015625 0.89709375 0.773372365625 0.8955 0.760163934375 0.887484375 0.7325292734375 0.8906875 0.7157142859375 0.8906875 0.6928805625 0.89309375 0.668852459375 0.89709375 0.6460187359375 0.902703125 0.6243793906249999 0.8987031249999999 0.6015690859375 0.9011093750000001 0.576323184375 0.902703125 0.5390866515625 0.90190625 0.5258548015625 0.893890625 0.5210538640625 0.89709375 0.51384075 0.9043125 0.5018266984374999 0.90190625 0.48981264687500004 0.8922812499999999 0.4886182671875 0.8842656249999999 0.4886182671875 0.87225 0.4994379390625 0.87225 0.5210538640625 0.8746562499999999 0.5294613578125 0.8682343749999999 0.537868853125 0.85540625 0.5715222484375 0.849 0.59674473125 0.840984375 0.602763465625 0.840984375 0.6123653390625 0.84259375 0.6243793906249999 0.8538125000000001 0.6255971890625001 0.85540625 0.6460187359375 0.85540625 0.6760421546875001 0.858625 0.70608899375 0.863421875 0.7589695546875 0.8618281250000001 0.7769789234375 0.863421875 0.7877985953125 0.8706406250000001 0.7853864171875 0.8810625 0.7781733015625
9 0.9518906250000001 0.6603747078125 0.9503281250000001 0.61451990625 0.9532031249999999 0.6106089 0.953453125 0.6074707265625 0.9542343750000001 0.5682903984375 0.9500624999999999 0.5565573765625 0.94928125 0.5530210765625 0.9500624999999999 0.5483138171874999 0.94928125 0.542435596875 0.945359375 0.5377517562499999 0.9385625 0.53969555 0.936984375 0.5565573765625 0.94065625 0.5592974234375 0.939078125 0.5620374703125 0.934375 0.57416861875 0.9333281250000001 0.5671194374999999 0.9294062500000001 0.5655503515625 0.9299375 0.5714285718750001 0.934109375 0.5874941453125 0.93515625 0.6012177984375 0.9356875 0.6435128812500001 0.9393437499999999 0.6540983609375 0.934109375 0.6595784546875 0.9330624999999999 0.6568384078125 0.9330624999999999 0.66194379375 0.9518906250000001 0.6603747078125
9 0.97203125 0.6142857140625 0.975046875 0.6338875875000001 0.974046875 0.6404215453125001 0.97103125 0.644964871875 0.9703593749999999 0.6489695546875 0.9706875 0.65098360625 0.9757187500000001 0.65098360625 0.976734375 0.6429508203125 0.9774062499999999 0.6359016390625001 0.9780625000000001 0.625339578125 0.977734375 0.6177985953125 0.9780625000000001 0.6072365343749999 0.9780625000000001 0.5931615921875 0.97940625 0.585620609375 0.9824375 0.5750585484374999 0.9817656250000001 0.560491803125 0.9807499999999999 0.551428571875 0.9747187500000001 0.5438875875 0.974046875 0.5403747078125 0.975046875 0.5313114750000001 0.9723593749999999 0.52679156875 0.9683437500000001 0.5277985953125001 0.9663281250000001 0.5328337234375 0.96665625 0.5428805624999999 0.9643124999999999 0.546908665625 0.958609375 0.5549414515625 0.95659375 0.5634894609375001 0.9559218749999999 0.5790866515624999 0.9549218749999999 0.5956908671875001 0.957265625 0.5996955500000001 0.957265625 0.5926697890625 0.959953125 0.569531615625 0.960953125 0.5785948484375 0.9592812500000001 0.6097658078125 0.959625 0.6263466046875 0.9589531250000001 0.6399297421875 0.956265625 0.6479859484375 0.963640625 0.65098360625 0.963640625 0.6464637 0.963640625 0.6348946140625 0.96565625 0.6147775171875 0.9683437500000001 0.6142857140625 0.9706875 0.6012177984375 0.97203125 0.6142857140625
9 0.997859375 0.5559016390625 0.9917812500000001 0.565011709375 0.9906406249999999 0.5707025765625 0.9936718750000001 0.5741217796875 0.99671875 0.5707025765625 0.997859375 0.57583138125 0.997859375 0.58836065625 0.99746875 0.6008899296875 0.9932968750000001 0.616276346875 0.9936718750000001 0.6288056203125 0.99746875 0.6396252921875 0.999375 0.6555737703125 0.995578125 0.657868853125 0.99671875 0.660140515625 1 0.6629742390625 0.99975 0.5388056203125 0.99746875 0.5427868859375 0.997859375 0.5559016390625
9 0.6831875000000001 0.6828805625000001 0.6831875000000001 0.6864168625 0.6777968750000001 0.6889227171875001 0.683515625 0.6944730671875 0.6852031249999999 0.7000234187500001 0.682515625 0.7060655734375 0.677125 0.7015222484375 0.677125 0.751428571875 0.6777968750000001 0.7539344265625 0.68184375 0.7564637000000001 0.69259375 0.7579625296875 0.6929375 0.7468852453125 0.6974375 0.7497189703125 0.699265625 0.7551990625 0.703828125 0.7592974234375001 0.7092968749999999 0.7551990625 0.7065625 0.745620609375 0.71021875 0.7387822015625 0.71021875 0.7305854796875 0.7129531250000001 0.71416861875 0.7106874999999999 0.674964871875 0.703578125 0.656276346875 0.698828125 0.63936768125 0.6965312499999999 0.6362295078125 0.69734375 0.6277985953125 0.6956249999999999 0.6211943796875 0.697640625 0.6202341921875 0.694703125 0.614355971875 0.699421875 0.6113348953125 0.701796875 0.5891100703125 0.7112812500000001 0.5655269328125 0.7032812500000001 0.5463934421875 0.697640625 0.543723653125 0.6958593750000001 0.5410538640625 0.700015625 0.5374941453125001 0.698234375 0.5357142859375 0.6970468750000001 0.5183606562499999 0.69259375 0.5143559718749999 0.684875 0.5134660421875 0.6804218750000001 0.5192505859375001 0.67834375 0.5303747078125001 0.680125 0.5388290390625 0.67715625 0.5428337234375 0.684671875 0.5500936765625 0.6776393234375 0.554943403125 0.6777825515625 0.6767427796875001 0.6831875000000001 0.6828805625000001
8 0.873375 0.6438407500000001 0.864640625 0.6342857140625 0.859953125 0.6036065578125 0.857609375 0.6046135828125 0.860625 0.628243559375 0.860953125 0.6347775171875 0.859609375 0.657915690625 0.8592812500000001 0.67098360625 0.867328125 0.68355971875 0.869015625 0.6880796250000001 0.87203125 0.6895784546875 0.8757187500000001 0.687564403125 0.88578125 0.6880796250000001 0.888796875 0.692107728125 0.891828125 0.683044496875 0.8965156249999999 0.675011709375 0.8975312499999999 0.637283371875 0.9008749999999999 0.571920375 0.8981875 0.5855035125 0.893828125 0.636276346875 0.887796875 0.6423185015625 0.873375 0.6438407500000001
8 0.69815625 0.6187587828125001 0.69759375 0.625456675 0.69759375 0.6352459015624999 0.69740625 0.638899296875 0.70003125 0.64 0.7046875 0.6414051515625 0.7076718750000001 0.6439344265625 0.71196875 0.6441920375 0.716078125 0.641124121875 0.7164375 0.6355269328125 0.7175625 0.6302107734375 0.7168125 0.62351288125 0.717609375 0.6190163937500001 0.707265625 0.6175409843749999 0.69815625 0.6187587828125001
9 0.9241250000000001 0.6570023421875 0.9242968749999999 0.655971896875 0.9229218749999999 0.6549414515625 0.921890625 0.65391100625 0.9205 0.6510538640625 0.919125 0.6451053859375 0.9194687500000001 0.6391803281249999 0.919984375 0.6334894609374999 0.9213749999999999 0.6280562062499999 0.9224062500000001 0.6236533953125 0.922578125 0.6169320843749999 0.9234375 0.6115222484375 0.9258593749999999 0.6068618265625 0.926546875 0.602716628125 0.9203281249999999 0.602716628125 0.9153281249999999 0.6029742390624999 0.91275 0.602716628125 0.9118906250000001 0.5998829046874999 0.9118906250000001 0.5970491796874999 0.913265625 0.5931615921875 0.9144687499999999 0.591100703125 0.916890625 0.5856674468749999 0.9182656250000001 0.5841217796875 0.9212031250000001 0.5830913343749999 0.9220625 0.5833489468749999 0.9242968749999999 0.5854098359375 0.9255000000000001 0.5882435593750001 0.926546875 0.589812646875 0.9270625000000001 0.5900702578125 0.9270625000000001 0.5794613578125001 0.9270625000000001 0.5755737703125 0.92740625 0.5717096015625 0.9275781249999999 0.56679156875 0.9272343749999999 0.5626697890625 0.923953125 0.561615925 0.924984375 0.5587822015625 0.92515625 0.5562060890625 0.924984375 0.5489695546875 0.9234375 0.5463700234375 0.9208437500000001 0.545339578125 0.9182656250000001 0.5463700234375 0.9153281249999999 0.549227165625 0.9136093750000001 0.551803278125 0.9136093750000001 0.55517564375 0.914640625 0.5582669796874999 0.914125 0.5605854796874999 0.9108437500000001 0.5647306796875 0.908265625 0.5670491796875 0.906015625 0.5699063234375 0.90378125 0.57325526875 0.9020468749999999 0.5758548015625 0.9020468749999999 0.579203746875 0.9032656250000001 0.5822950812500001 0.9046406250000001 0.5851522250000001 0.905671875 0.586955503125 0.9063593750000001 0.5872131140625 0.9065312499999999 0.5885011703125 0.90740625 0.5916159249999999 0.9080937499999999 0.5939344265625001 0.9077500000000001 0.5978220140625 0.90740625 0.6019437937500001 0.9086093749999999 0.61229508125 0.91015625 0.6249648718749999 0.910671875 0.6308899296875 0.9120625 0.6347775171875 0.9120625 0.6414988296875 0.9120625 0.645644028125 0.91171875 0.6497658078125 0.9118906250000001 0.651311475 0.91153125 0.65648711875 0.9210312500000001 0.6582903984375 0.923953125 0.6582903984375 0.9241250000000001 0.6570023421875
2 0.5719218749999999 0.5512177984375 0.574109375 0.565971896875 0.57884375 0.57032786875 0.5941562499999999 0.5708899296875 0.594515625 0.5583138171875001 0.58759375 0.5473770484375 0.579203125 0.541920375 0.574109375 0.541920375 0.5719218749999999 0.5512177984375
8 0.827328125 0.689227165625 0.8535937499999999 0.702763465625 0.8553124999999999 0.700187353125 0.85315625 0.6840515218750001 0.852734375 0.659531615625 0.8557499999999999 0.629203746875 0.8557499999999999 0.6201639343750001 0.847140625 0.6227634656250001 0.844546875 0.6427634656250001 0.83809375 0.645995315625 0.8346406249999999 0.659531615625 0.827328125 0.689227165625
9 0.295328125 0.5457611234375 0.2944375 0.555971896875 0.294140625 0.5648477749999999 0.294734375 0.5750585484374999 0.298296875 0.58969555 0.31842187499999997 0.590140515625 0.31871875 0.5839344265624999 0.320796875 0.5714988296875 0.3205 0.559531615625 0.32315625 0.55997658125 0.33115625 0.5644028109375 0.335 0.561756440625 0.33795312499999997 0.5550819671875 0.33440625 0.5515456671875001 0.33410937500000004 0.547540984375 0.328484375 0.5444496484375 0.3249375 0.5431147546874999 0.321078125 0.5369086656250001 0.3169375 0.5284777515625 0.311609375 0.5178220140625001 0.309828125 0.5111709609374999 0.31042187499999996 0.5085011703125 0.31190625 0.504051521875 0.31190625 0.5009601875 0.315171875 0.5014051515625 0.309828125 0.49651053906250003 0.308953125 0.484543325 0.299765625 0.48365339531249996 0.299171875 0.49163934375 0.296515625 0.49341920312500004 0.295921875 0.49386416874999994 0.295921875 0.527587821875 0.295328125 0.5457611234375
8 0.9180624999999999 0.637868853125 0.9236093750000001 0.6423653390624999 0.928546875 0.6425995312499999 0.9315468750000001 0.6425995312499999 0.934390625 0.6405620609375 0.9329062499999999 0.6273067921875 0.9335000000000001 0.62416861875 0.92809375 0.6203512875 0.9276562500000001 0.615620609375 0.924203125 0.6091100703125 0.9216562500000001 0.6154098359375 0.9216562500000001 0.6243793906249999 0.917 0.6304683843750001 0.917 0.6320374703125 0.9180624999999999 0.637868853125
8 0.9272812500000001 0.6027868859375001 0.9293125 0.598688525 0.9272812500000001 0.58608899375 0.9211406249999999 0.5813348953124999 0.91659375 0.583700234375 0.912734375 0.5925761125 0.912046875 0.5956206093749999 0.9125 0.60482435625 0.9272812500000001 0.6027868859375001