8 0.6345468750000001 0.1551666671875 0.6351875 0.1602708328125 0.638375 0.1819791671875 0.640609375 0.1887916671875 0.652140625 0.1560416671875 0.65359375 0.1483125 0.65165625 0.1470208328125 0.6458437499999999 0.1392708328125 0.641484375 0.1373333328125 0.6356875 0.13668750000000002 0.6351875 0.1428125 0.6342187499999999 0.1487708328125 0.6345468750000001 0.1551666671875
8 0.789984375 0.1394166671875 0.7929062499999999 0.13868750000000002 0.7955625000000001 0.1385 0.795703125 0.1379375 0.795984375 0.1364583328125 0.796125 0.1355208328125 0.797375 0.1318125 0.79959375 0.1277291671875 0.80071875 0.124 0.799875 0.1234583328125 0.796671875 0.12195833281249999 0.7916562500000001 0.12195833281249999 0.787765625 0.12381249999999999 0.7845625 0.125125 0.7824687499999999 0.12735416718749998 0.780375 0.13125 0.77940625 0.14110416718750002 0.7795468750000001 0.14239583281249998 0.788734375 0.1420208328125 0.789984375 0.1394166671875
8 0.013484375000000002 0.2269583328125 0.0033750000000000004 0.2269583328125 0.0033750000000000004 0.4247291671875 0.018546874999999997 0.4269583328125 0.013484375000000002 0.2269583328125
9 0.508984375 0.1752708328125 0.5005625 0.1528125 0.49214062500000005 0.053937500000000006 0.488765625 0.033708332812500005 0.47359375000000004 0.0247291671875 0.463484375 0.0179791671875 0.42978125 0 0.40449999999999997 0.0112291671875 0.39270312500000004 0.026958332812500003 0.38932812499999997 0.0629166671875 0.391015625 0.16854166718750002 0.335390625 0.1887708328125 0.333703125 0.2629166671875 0.33034375 0.296625 0.32359375 0.3505625 0.561234375 0.36404166718750003 0.5443749999999999 0.23820833281249998 0.5443749999999999 0.2292083328125 0.508984375 0.1752708328125
9 1 0.0026666671875 0.886359375 0.0012916671875000002 0.886359375 0.0026666671875 0.8822656249999999 0.0081458328125 0.8761093750000001 0.010875 0.8679062500000001 0.024541667187499998 0.86071875 0.05600000000000001 0.859703125 0.0847083328125 0.85559375 0.1585416671875 0.852515625 0.16810416718750001 0.84021875 0.1858958328125 0.8217343749999999 0.2020208328125 0.817203125 0.21045833281249998 0.8054375 0.2442708328125 0.789140625 0.2720208328125 0.7538437499999999 0.3311666671875 0.7474999999999999 0.3311666671875 0.733921875 0.325125 0.729390625 0.3227083328125 0.72578125 0.3202916671875 0.7212500000000001 0.317875 0.7004374999999999 0.31185416718750003 0.687765625 0.31185416718750003 0.678703125 0.3106458328125 0.66875 0.3130625 0.651546875 0.3311666671875 0.646125 0.32995833281250003 0.6406875000000001 0.332375 0.63525 0.3444375 0.6370625000000001 0.360125 0.6425 0.3625416671875 0.646125 0.371 0.648828125 0.3782291671875 0.653359375 0.3842708328125 0.6615 0.38668749999999996 0.6669375 0.3903125 0.675984375 0.3842708328125 0.678703125 0.3782291671875 0.682328125 0.3746041671875 0.6868593749999999 0.3782291671875 0.69046875 0.3854791671875 0.69590625 0.3794375 0.702234375 0.367375 0.712203125 0.3697916671875 0.7312031250000001 0.3903125 0.7493125 0.4011666671875 0.770125 0.39391666718749996 0.79909375 0.3625416671875 0.8335000000000001 0.3142708328125 0.8335000000000001 0.3202916671875 0.83078125 0.3420208328125 0.83078125 0.35770833281250003 0.83078125 0.3697916671875 0.8316874999999999 0.3794375 0.8280625 0.3878958328125 0.81925 0.41216666718750006 0.820953125 0.41216666718750006 0.866546875 0.4369375 0.8766875000000001 0.44820833281250005 0.8733124999999999 0.45495833281250003 0.8699375 0.45945833281250004 0.8699375 0.47522916718749997 0.8800625 0.48197916718749995 0.8952656250000001 0.49325 0.91215625 0.49775 0.9138437500000001 0.491 0.9138437500000001 0.47522916718749997 0.9324375 0.4639583328125 0.97128125 0.4662083328125 1 0.47972916718749997 1 0.2433125 1 0.0026666671875
9 0.07709375 0.0952916671875 0.081296875 0.11775 0.079890625 0.129 0.07428125 0.1317916671875 0.06023437499999999 0.1317916671875 0.044796875 0.1355416671875 0.0370625 0.14397916718749998 0.025124999999999998 0.1561458328125 0.015296874999999998 0.1786041671875 0.016703125 0.2104375 0.01178125 0.2338541671875 0.014593749999999999 0.2638125 0.01178125 0.2722291671875 0.010390625 0.2937708328125 0.014593749999999999 0.3078125 0.0131875 0.32185416718750004 0.014593749999999999 0.34900000000000003 0.019515625 0.3780208328125 0.018109375 0.3920625 0.021625 0.4051666671875 0.021625 0.41079166718750004 0.021625 0.4229583328125 0.03565625 0.41733333281249996 0.0848125 0.40610416718750003 0.098859375 0.4014166671875 0.11851562499999999 0.3976875 0.139578125 0.39675 0.15503125 0.3920625 0.1690625 0.3883125 0.18662499999999999 0.3827083328125 0.18662499999999999 0.3770833328125 0.187328125 0.37145833281249996 0.19434374999999998 0.3695833328125 0.19715625 0.3742708328125 0.197859375 0.3827083328125 0.216109375 0.3836458328125 0.216109375 0.37333333281250003 0.21751562500000002 0.3546041671875 0.22032812499999999 0.3274583328125 0.21540625000000002 0.3115416671875 0.223140625 0.30874999999999997 0.23367187500000003 0.305 0.2463125 0.2984375 0.256140625 0.2900208328125 0.2736875 0.2741041671875 0.26737500000000003 0.2684791671875 0.25825 0.262875 0.250515625 0.24695833281250001 0.25825 0.2432083328125 0.254734375 0.23570833281249998 0.2498125 0.2282291671875 0.232265625 0.215125 0.22734375 0.211375 0.22875 0.18047916718749998 0.22523437500000001 0.1430416671875 0.22032812499999999 0.10277083281249999 0.21400000000000002 0.0531666671875 0.20768749999999997 0.0241458328125 0.200671875 0.0007291671875 0.081296875 0.0007291671875 0.081296875 0.0054166671875 0.074984375 0.0325625 0.074984375 0.0559583328125 0.07709375 0.0952916671875
9 0.66646875 0.12762500000000002 0.65325 0.1477708328125 0.648640625 0.1665 0.6496875 0.1989375 0.652203125 0.20258333281250002 0.665203125 0.20397916718750003 0.67234375 0.19866666718749998 0.681359375 0.20510416718750002 0.688484375 0.2056458328125 0.6891093749999999 0.2048125 0.687859375 0.2011875 0.6945625 0.2022916671875 0.696453125 0.20033333281250001 0.69834375 0.1961458328125 0.702328125 0.1939166671875 0.703796875 0.1905625 0.70925 0.1897083328125 0.7180625 0.1911041671875 0.7193125 0.2020208328125 0.7232968750000001 0.20397916718750003 0.726234375 0.20397916718750003 0.72896875 0.20593750000000002 0.7316874999999999 0.17825 0.732328125 0.1695833328125 0.740921875 0.1678958328125 0.7402968750000001 0.1631458328125 0.74071875 0.1536458328125 0.7428125 0.14581249999999998 0.7425937499999999 0.13714583281249998 0.735890625 0.1309791671875 0.730015625 0.1256666671875 0.727078125 0.1164583328125 0.72875 0.10945833281249999 0.730015625 0.10358333281250001 0.7310625 0.092125 0.731265625 0.08737500000000001 0.7298125 0.0845625 0.730640625 0.07925 0.7331562500000001 0.0753333328125 0.731265625 0.0719791671875 0.7232968750000001 0.05829166718749999 0.716171875 0.053520832812499995 0.706734375 0.054916667187500004 0.6965 0.0605833328125 0.68846875 0.0718333328125 0.68471875 0.0809375 0.677375 0.118125 0.66646875 0.12762500000000002
9 0.845515625 0.1130416671875 0.843375 0.1216041671875 0.843375 0.1250208328125 0.8463749999999999 0.1244583328125 0.849796875 0.1204583328125 0.8510781250000001 0.1136041671875 0.85021875 0.1090416671875 0.85021875 0.0993333328125 0.85021875 0.0873541671875 0.8506562499999999 0.0799166671875 0.8553593749999999 0.0736458328125 0.8596406249999999 0.0645 0.8613593749999999 0.0548125 0.8613593749999999 0.039395832812499997 0.854078125 0.0353958328125 0.843375 0.03425 0.8360937500000001 0.0388125 0.8335312500000001 0.043375000000000004 0.832234375 0.0491041671875 0.831390625 0.052520832812499994 0.830953125 0.0565208328125 0.82753125 0.0610833328125 0.82925 0.0742083328125 0.825390625 0.0805 0.82025 0.08562499999999999 0.8116875 0.1010416671875 0.8091250000000001 0.10674999999999998 0.8027031250000001 0.1158958328125 0.799265625 0.1256041671875 0.7975625 0.1324583328125 0.796703125 0.1375833328125 0.796703125 0.14214583281249998 0.7971250000000001 0.1495833328125 0.7971250000000001 0.16499999999999998 0.79884375 0.1758333328125 0.79884375 0.1843958328125 0.800984375 0.1923958328125 0.80184375 0.1975416671875 0.80184375 0.2038125 0.8022656250000001 0.2066666671875 0.80740625 0.20837500000000003 0.8108281249999999 0.2078125 0.8134062500000001 0.2038125 0.814265625 0.19125 0.8151093749999999 0.1786875 0.8176875000000001 0.1638541671875 0.8215312499999999 0.1507291671875 0.827109375 0.1387291671875 0.827953125 0.1273125 0.827953125 0.1198958328125 0.8236718749999999 0.11245833281249999 0.8241093749999999 0.1050416671875 0.8283906249999999 0.0970625 0.8305312499999999 0.0913333328125 0.8382343750000001 0.0850625 0.8399531250000001 0.0862083328125 0.8463749999999999 0.0919166671875 0.848078125 0.0964791671875 0.848078125 0.10447916718750001 0.845515625 0.1130416671875
8 0.372140625 0.44729166718749996 0.39846875000000004 0.4458333328125 0.419296875 0.44877083281249996 0.42204687500000004 0.3741875 0.4215 0.347875 0.397921875 0.3449375 0.383109375 0.3493333328125 0.367765625 0.3551875 0.3705 0.4034375 0.372140625 0.44729166718749996
8 0.4999375 0.5816666671874999 0.512515625 0.5809375 0.52128125 0.5809375 0.522375 0.57875 0.522921875 0.5678124999999999 0.529484375 0.556125 0.5355000000000001 0.5488333328125 0.53878125 0.48683333281249996 0.5371406249999999 0.48172916718750003 0.5300312500000001 0.4751666671875 0.5218281250000001 0.47152083281249996 0.509234375 0.47006249999999994 0.49775 0.46860416718750003 0.48845312500000004 0.46860416718750003 0.478046875 0.4729791671875 0.471484375 0.4758958328125 0.46656250000000005 0.4773541671875 0.464375 0.48245833281249995 0.464375 0.485375 0.467109375 0.5634166671874999 0.470390625 0.5692708328125 0.48079687499999996 0.5772916671874999 0.4999375 0.5816666671874999
8 0.66396875 0.3797291671875 0.660453125 0.3806666671875 0.65834375 0.3872291671875 0.673828125 0.419125 0.6780468749999999 0.4350833328125 0.683671875 0.4482291671875 0.6871875000000001 0.45385416718749994 0.6949375 0.46229166718750003 0.711125 0.4613541671875 0.720265625 0.45479166718749997 0.720265625 0.4482291671875 0.70759375 0.4378958328125 0.692125 0.42758333281249994 0.68578125 0.4219375 0.6752343749999999 0.39849999999999997 0.66396875 0.3797291671875
8 0.49940625 0.4653333328125 0.5030625 0.44679166718749996 0.53015625 0.4419166671875 0.5352812499999999 0.41654166718749996 0.54625 0.40970833281249996 0.54625 0.38725 0.536734375 0.37164583281249997 0.500140625 0.3648125 0.4525625 0.3648125 0.424015625 0.382375 0.42328124999999994 0.4067708328125 0.43206249999999996 0.4262916671875 0.44890625 0.45558333281249996 0.46281249999999996 0.46241666718749996 0.4833125 0.46925 0.49940625 0.4653333328125
8 0.926953125 0.511625 0.94740625 0.5174791671875 0.9598281249999999 0.5242916671875 0.967859375 0.5369375 0.9700468750000001 0.5505833328125 0.97734375 0.5515625 0.9839218750000001 0.5515625 0.9985312499999999 0.5437708328124999 0.9970625 0.530125 0.9985312499999999 0.5184375 1 0.48825 0.9970625 0.4775416671875 0.974421875 0.46975 0.938640625 0.46585416718749995 0.9167343750000001 0.46975 0.9145468749999999 0.4795 0.915265625 0.5057916671875 0.9196562500000001 0.5077291671874999 0.926953125 0.511625
8 0.22753125000000002 0.9640416671875001 0.187078125 0.9438124999999999 0.146625 0.9460625 0.10112499999999999 0.9617916671875 0.065734375 0.9865208328125 0.065734375 0.9887708328124999 0.237640625 0.9887708328124999 0.22753125000000002 0.9640416671875001
8 0.08040625 0.42095833281250006 0.060078125 0.4267708328125 0.038296875 0.43904166718750004 0.043140625 0.4571041671875 0.059109375 0.4861458328125 0.06589062500000001 0.4609791671875 0.08040625 0.46291666718749996 0.096859375 0.45775 0.10800000000000001 0.4454791671875 0.107515625 0.4409791671875 0.1099375 0.4254791671875 0.11573437499999999 0.4216041671875 0.12348437500000001 0.43258333281250005 0.13509374999999998 0.43581250000000005 0.142359375 0.446125 0.141875 0.4487083328125 0.145265625 0.43129166718749995 0.132671875 0.4190208328125 0.11234375 0.4151458328125 0.08040625 0.42095833281250006
8 1 0.4795625 0.993359375 0.4781458328125 0.97915625 0.47325 0.952328125 0.46272916718749996 0.93496875 0.464125 0.922875 0.46622916718749996 0.912875 0.47675 0.9149843750000001 0.489375 0.909203125 0.4914791671875 0.8813124999999999 0.4886666671875 0.8739531250000001 0.48166666718749995 0.8723750000000001 0.4683333328125 0.87659375 0.464125 0.88184375 0.460625 0.908140625 0.4487083328125 0.91078125 0.4402916671875 0.90446875 0.4416875 0.890265625 0.45081249999999995 0.87659375 0.4585208328125 0.871328125 0.45149999999999996 0.8455468749999999 0.44729166718749996 0.83871875 0.43677083281250006 0.827140625 0.43116666718749996 0.8029531249999999 0.4220416671875 0.780859375 0.4178333328125 0.758234375 0.41572916718749997 0.7445625 0.4150416671875 0.7124843750000001 0.40452083281249995 0.6930156249999999 0.3926041671875 0.686703125 0.381375 0.678296875 0.37225 0.67040625 0.3806666671875 0.6646093750000001 0.3834791671875 0.65725 0.381375 0.6509375000000001 0.3834791671875 0.644625 0.37506249999999997 0.64146875 0.36945833281249996 0.636734375 0.36875 0.632 0.36593749999999997 0.628328125 0.36383333281249997 0.6151718749999999 0.3701458328125 0.615703125 0.3435 0.608328125 0.3364791671875 0.5993906250000001 0.3336875 0.5841406250000001 0.3322916671875 0.573625 0.33508333281249997 0.571515625 0.3435 0.567828125 0.35402083281249996 0.553109375 0.3624375 0.5352187500000001 0.3666458328125 0.528390625 0.3617291671875 0.518921875 0.3666458328125 0.5131249999999999 0.36524999999999996 0.503671875 0.36383333281249997 0.494203125 0.3589375 0.47631249999999997 0.36104166718749997 0.44475 0.36593749999999997 0.427921875 0.3617291671875 0.418453125 0.3603333328125 0.415828125 0.3519166671875 0.40582812500000004 0.34700000000000003 0.39215625 0.34841666718750003 0.37479687500000003 0.352625 0.3700625 0.36104166718749997 0.3674375 0.3666458328125 0.359015625 0.36383333281249997 0.35165625 0.359625 0.34587500000000004 0.3554166671875 0.344296875 0.35402083281249996 0.33849999999999997 0.3505208328125 0.33587500000000003 0.3477083328125 0.33009374999999996 0.3427916671875 0.321671875 0.33858333281249997 0.31062500000000004 0.3364791671875 0.306953125 0.3266666671875 0.29590625 0.30843750000000003 0.283796875 0.3329791671875 0.275390625 0.33858333281249997 0.28275 0.3512083328125 0.275390625 0.3519166671875 0.25960937500000003 0.35402083281249996 0.23909375000000002 0.3603333328125 0.234359375 0.36593749999999997 0.23542187499999997 0.3785625 0.2180625 0.3827708328125 0.197015625 0.3820833328125 0.1765 0.3869791671875 0.14284375 0.3953958328125 0.1144375 0.3982083328125 0.0839375 0.4080208328125 0.039218750000000004 0.41714583281250006 0 0.4297708328125 0 0.9865208328125 1 0.9865208328125 1 0.4795625
8 0.573203125 0.2442708328125 0.63178125 0.2622916671875 0.6525000000000001 0.22743750000000001 0.68675 0.2154375 0.7146874999999999 0.2178333328125 0.744421875 0.2394583328125 0.7624375 0.27310416718749997 0.76334375 0.28752083281249996 0.7831718750000001 0.2839166671875 0.8102031249999999 0.24306250000000001 0.821015625 0.2058125 0.793078125 0.2022083328125 0.7462187499999999 0.2082291671875 0.7408125 0.2118333328125 0.7264062499999999 0.2070208328125 0.712875 0.1913958328125 0.6975625 0.189 0.683140625 0.2034166671875 0.671421875 0.1962083328125 0.65790625 0.2034166671875 0.64259375 0.195 0.6272656249999999 0.189 0.6164531249999999 0.1962083328125 0.61915625 0.1986041671875 0.596625 0.210625 0.567796875 0.2178333328125 0.563296875 0.2346458328125 0.573203125 0.2442708328125
8 0.7725 0.172625 0.78303125 0.172625 0.784859375 0.1707916671875 0.78578125 0.16833333281250001 0.78578125 0.1637708328125 0.770671875 0.16468750000000001 0.7704375 0.16652083281250002 0.770890625 0.1704791671875 0.7725 0.172625
8 0.41898437499999996 0.5675208328125 0.43785937500000005 0.5694583328125 0.450453125 0.5701041671875 0.45335937499999995 0.5701041671875 0.46206250000000004 0.5539583328125001 0.467390625 0.5449375 0.466421875 0.5339583328125 0.46496875 0.5275000000000001 0.45721875 0.5197708328124999 0.44173437499999996 0.5133125 0.426734375 0.5133125 0.41076562499999997 0.5158958328125001 0.40059374999999997 0.5223333328125 0.39865625 0.5242708328125001 0.3938125 0.5313749999999999 0.393328125 0.5429999999999999 0.398171875 0.55525 0.40689062500000006 0.57075 0.41898437499999996 0.5675208328125
8 0 0.9997083328124999 0.03903125 1 0.047265625 0.9909166671875 0.050562499999999996 0.9630833328125 0.045078125000000004 0.9381666671875 0.03078125 0.9103125000000001 0.000015625 0.9066458328125 0 0.9088541671874999 0 0.9997083328124999
8 0.4568125 0.8036666671875 0.460046875 0.782125 0.458 0.7750625 0.450359375 0.7750625 0.446828125 0.7860416671875 0.446828125 0.79975 0.44653124999999994 0.8130833328125 0.44301562499999997 0.8420624999999999 0.43860937499999997 0.8683125 0.453 0.8585208328125 0.453 0.8483333328124999 0.45506250000000004 0.8193333328125 0.4568125 0.8036666671875
8 0.481265625 0.7566666671875 0.474234375 0.7566666671875 0.47071874999999996 0.7707083328125 0.4619375 0.8480000000000001 0.45667187499999995 0.8503333328125 0.476 0.8480000000000001 0.481265625 0.7566666671875
8 0.353046875 0.46860416718750003 0.34953124999999996 0.4639166671875 0.34249999999999997 0.47329166718750004 0.346015625 0.47095833281250005 0.35128125 0.5295 0.363578125 0.5177916671875 0.3565625 0.48266666718750006 0.353046875 0.46860416718750003
8 0.3405625 0.471375 0.338921875 0.4806666671875 0.33278125 0.4926875 0.32990624999999996 0.5068958328125001 0.334828125 0.5200208328125 0.33728125000000003 0.5309375000000001 0.341390625 0.5292916671875 0.341390625 0.52275 0.347125 0.49050000000000005 0.3405625 0.471375
8 0.392171875 0.486625 0.38471875 0.4675833328125 0.376015625 0.4543333328125 0.367328125 0.4543333328125 0.376640625 0.47006249999999994 0.375390625 0.47006249999999994 0.35428125 0.4642708328125 0.36296875 0.5189166671875001 0.35428125 0.5296875 0.36359375 0.5388124999999999 0.3685625 0.5379791671875 0.3785 0.5305208328125001 0.39340625 0.5247291671875 0.399 0.5172708328125 0.39651562500000004 0.5098125 0.392171875 0.486625
8 0.518 0.8519583328125 0.524921875 0.83925 0.53271875 0.825375 0.550921875 0.8126666671875 0.56825 0.8022708328125001 0.5769062500000001 0.8115208328125 0.58296875 0.7988125 0.5717187499999999 0.7826458328125 0.5491875 0.7999791671875001 0.540515625 0.7930416671875 0.5162656250000001 0.8080624999999999 0.518 0.7837916671875 0.505859375 0.7814791671875 0.49546875 0.8080624999999999 0.4989375 0.7872708328125 0.494609375 0.7664791671875 0.48073437500000005 0.7653125000000001 0.479875 0.7965 0.479875 0.8196041671875 0.479875 0.8473333328124999 0.52146875 0.8092083328124999 0.518859375 0.8242291671875 0.51365625 0.8519583328125 0.518 0.8519583328125
8 0.5713125 0.8129791671875 0.574546875 0.8111666671875 0.5756249999999999 0.8104583328125001 0.5680625 0.802875 0.532640625 0.8248749999999999 0.511546875 0.8537083328125 0.48234374999999996 0.8879583328124999 0.479375 0.893375 0.48721875 0.9070625 0.5034375 0.9063541671875001 0.528578125 0.8710208328125001 0.545890625 0.8486666671875 0.56021875 0.8313541671875001 0.5713125 0.8129791671875
8 0.168484375 0.881875 0.164609375 0.88575 0.152984375 0.889625 0.154734375 0.8940208328124999 0.17081249999999998 0.8984166671875 0.168484375 0.9074583328125 0.17915625 0.9077083328125 0.190015625 0.9105624999999999 0.19621875 0.91625 0.198734375 0.9245208328125001 0.200484375 0.93125 0.20203125000000002 0.9410624999999999 0.208625 0.9488125000000001 0.20823437500000003 0.9529583328125 0.212109375 0.958375 0.21715625 0.9537291671875 0.217921875 0.9465 0.22703125000000002 0.9438958328125 0.22665625 0.9400208328125 0.225875 0.9340833328124999 0.22025 0.9330416671874999 0.22179687499999998 0.9304583328125 0.2299375 0.9276249999999999 0.2299375 0.9255625000000001 0.228203125 0.9206458328125 0.22509375 0.9214166671875 0.22548437500000001 0.9175416671875001 0.222765625 0.9149583328125 0.21909375 0.9087500000000001 0.22142187500000002 0.9028124999999999 0.220640625 0.8991875 0.21346875 0.8867916671874999 0.190015625 0.8867916671874999 0.1821875 0.8759166671875 0.1725625 0.8790208328125001 0.168484375 0.881875
8 0.45785937499999996 0.8479583328125001 0.46256250000000004 0.8405208328124999 0.46432812500000004 0.819375 0.466390625 0.7982083328125 0.46432812500000004 0.802125 0.46196875000000004 0.8154375 0.45462499999999995 0.8295416671875 0.45168749999999996 0.8628541671875001 0.4734375 0.8487500000000001 0.46609375000000003 0.8495416671875 0.45785937499999996 0.8479583328125001
8 0.6267410718749999 0.33979464375 0.632484375 0.3502291671875 0.6269486609375 0.3505119046875 0.62715625 0.3612291671875 0.633953125 0.36770833281250004 0.684203125 0.36783333281249997 0.68534375 0.3710208328125 0.692578125 0.3678541671875 0.6943697921875 0.36224305625 0.7009531250000001 0.367875 0.692703125 0.382 0.692109375 0.38947916718750003 0.693 0.3906458328125 0.70065625 0.3961458328125 0.713609375 0.40006250000000004 0.7186250000000001 0.40754166718749996 0.7563125 0.41460416718750004 0.7510078124999999 0.40026041718750005 0.7595468750000001 0.40045833281250004 0.7523125 0.3308333328125 0.7552187499999999 0.33018749999999997 0.765890625 0.3127291671875 0.77025 0.29460416718750004 0.753765625 0.2480416671875 0.7319375 0.231875 0.7202968750000001 0.2202291671875 0.7105937499999999 0.213125 0.6776093750000001 0.21181250000000001 0.6620781250000001 0.2176458328125 0.64315625 0.2344583328125 0.632 0.261625 0.625703125 0.2862083328125 0.6265334828125 0.32907738124999997 0.6329687500000001 0.3347083328125 0.6267410718749999 0.33979464375
8 0.7640781249999999 0.1902083328125 0.782 0.1921666671875 0.791984375 0.19137500000000002 0.7972812499999999 0.1933333328125 0.798453125 0.1960833328125 0.802859375 0.1858958328125 0.80021875 0.1811875 0.80021875 0.1788333328125 0.796390625 0.1807916671875 0.791984375 0.1811875 0.7731874999999999 0.1815833328125 0.759375 0.17806249999999998 0.754375 0.1753125 0.751140625 0.17375000000000002 0.7485 0.1866666671875 0.7640781249999999 0.1902083328125
8 0.604078125 0.4335833328125 0.6121875 0.4305 0.617203125 0.3399791671875 0.6071718749999999 0.3348333328125 0.5905781250000001 0.3322708328125 0.581703125 0.33329166718750003 0.581328125 0.3343125 0.570140625 0.3373958328125 0.5682031249999999 0.42279166718749994 0.577078125 0.42895833281250006 0.5875 0.4320416671875 0.604078125 0.4335833328125
8 0.2738125 0.3946458328125 0.280828125 0.4143333328125 0.2974375 0.4143333328125 0.298546875 0.39318749999999997 0.298546875 0.37693750000000004 0.28746875 0.3735 0.286 0.3611875 0.27749999999999997 0.3547916671875 0.270125 0.3557708328125 0.253140625 0.3562708328125 0.24059375 0.3562708328125 0.234328125 0.3666041671875 0.236171875 0.39416666718750004 0.23653125 0.3921875 0.26053125 0.3912083328125 0.2738125 0.3946458328125
8 0.34640624999999997 0.41060416718750004 0.346859375 0.41535416718749996 0.34796875 0.41920833281250003 0.34975 0.42039583281250004 0.357109375 0.4224791671875 0.36112500000000003 0.4227708328125 0.363578125 0.4227708328125 0.366703125 0.4227708328125 0.371375 0.4218958328125 0.36759375 0.3594791671875 0.360453125 0.3573958328125 0.35554687500000004 0.3567916671875 0.353765625 0.3579791671875 0.36134374999999996 0.3666041671875 0.360234375 0.3683958328125 0.35354687500000004 0.3686875 0.347078125 0.3660208328125 0.34573437500000004 0.36570833281250004 0.34484375 0.3666041671875 0.3430625 0.37047916718749996 0.34284375 0.3728541671875 0.342390625 0.37493750000000003 0.34573437500000004 0.3868125 0.3461875 0.3927708328125 0.34640624999999997 0.40435416718750006 0.34640624999999997 0.41060416718750004
8 0.73484375 0.16699999999999998 0.731671875 0.1679791671875 0.731671875 0.21310416718749997 0.745796875 0.2160208328125 0.75115625 0.168625 0.73484375 0.16699999999999998
8 1 0.8389583328124999 0.91753125 0.7844166671874999 0.8123437499999999 0.7662291671875 0.7616875000000001 0.7740208328125 0.72078125 0.8129791671875 0.7012968749999999 0.9194791671875 0.718828125 0.9818125 0.722734375 0.9844166671875 0.9935 0.9844166671875 1 0.8389583328124999
8 0.435109375 0.9212291671875 0.47871874999999997 0.9353333328125 0.487296875 0.9088958328125001 0.47871874999999997 0.8930416671874999 0.5084531250000001 0.866625 0.52034375 0.8102499999999999 0.419921875 0.8886458328125 0.419921875 0.8807083328124999 0.415296875 0.8956875 0.435109375 0.9212291671875
8 0.577609375 0.28820833281249997 0.566125 0.25375000000000003 0.5618125 0.20875 0.543859375 0.16854166718750002 0.52734375 0.1618541671875 0.515859375 0.17525 0.52878125 0.1886458328125 0.541703125 0.20875 0.5488906250000001 0.23939583281250001 0.547453125 0.2824583328125 0.547453125 0.3092708328125 0.551046875 0.335125 0.56540625 0.3341666671875 0.5797656250000001 0.335125 0.5898125000000001 0.3274583328125 0.598421875 0.3303333328125 0.6134999999999999 0.3399166671875 0.6178125 0.3360833328125 0.627140625 0.3265 0.61853125 0.2920416671875 0.5855 0.2920416671875 0.577609375 0.28820833281249997
8 0.327890625 0.3166666671875 0.33553125 0.3392708328125 0.344859375 0.3505833328125 0.344859375 0.24431250000000002 0.33382812500000003 0.2635208328125 0.32959375 0.281625 0.327890625 0.3166666671875
8 0.8991250000000001 0.5850833328125 0.914828125 0.5868958328125 0.9223437499999999 0.5978333328125001 0.936671875 0.602375 0.920296875 0.6096666671875 0.920296875 0.6223958328125 0.918921875 0.6333125 0.932578125 0.6324166671875 0.949640625 0.6242083328125 0.9694375000000001 0.5477708328124999 0.967390625 0.5350416671875 0.9530468750000001 0.5241041671875 0.9305312499999999 0.5131875 0.9059531249999999 0.5104583328125 0.88275 0.5150208328125 0.890265625 0.5332083328125 0.8888906249999999 0.5350416671875 0.87934375 0.5204791671875 0.8766093749999999 0.5496041671875 0.8909375 0.5550625 0.8936718750000001 0.5641458328125 0.8991250000000001 0.5850833328125
8 1 0.6291666671875 0.96421875 0.6225416671875 0.933453125 0.6450416671875 0.93146875 0.6767916671875 0.9146093750000001 0.7720625 0.9235312499999999 0.7932291671875 0.9989531250000001 0.8567500000000001 1 0.6291666671875