8 1 0.4691733328125 0.91314 0.49205333281249997 0.91442 0.50008 1 0.4829066671875 1 0.4691733328125
8 0.62724 0.58968 0.6306 0.57848 0.63902 0.5605333328125 0.63734 0.5560533328124999 0.6171599999999999 0.5336266671875001 0.6037 0.5403466671875 0.59866 0.5627733328125 0.60202 0.5740000000000001 0.5953 0.59416 0.60034 0.59416 0.60874 0.5986666671875 0.62724 0.58968
9 0.7321799999999999 0.6961333328125 0.7358399999999999 0.7039466671875 0.74172 0.702 0.74904 0.6932 0.75786 0.6844 0.76738 0.6726666671875 0.77912 0.6687466671875 0.79014 0.6648266671874999 0.80114 0.6482133328125 0.81214 0.6296266671875 0.8334199999999999 0.5973333328125 0.8392799999999999 0.60224 0.8488200000000001 0.612 0.85762 0.6217866671875 0.86276 0.6354933328125 0.87156 0.6530933328125 0.8759600000000001 0.6648266671874999 0.88256 0.68048 0.8855000000000001 0.68928 0.8898999999999999 0.7088533328125 0.8898999999999999 0.7215733328125 0.89578 0.7245066671875 0.90678 0.7225333328125 0.9075 0.7078666671875 0.9045799999999999 0.6941866671875 0.8987 0.6814666671875 0.89578 0.6706933328125 0.8935600000000001 0.6579733328125 0.89064 0.64232 0.8708199999999999 0.5856 0.85836 0.54256 0.85396 0.53376 0.85396 0.52104 0.85616 0.5014666671875 0.8613 0.49951999999999996 0.8701000000000001 0.5024533328125 0.8965 0.50736 0.9031 0.5093066671875001 0.9118999999999999 0.5102933328125 0.91924 0.4985333328125 0.91998 0.4897333328125 0.9148400000000001 0.4877866671875 0.90384 0.4877866671875 0.89578 0.48093333281249995 0.89064 0.47312000000000004 0.8803599999999999 0.46432 0.85836 0.4408266671875 0.85028 0.43007999999999996 0.84662 0.4232266671875 0.85176 0.4183466671875 0.85542 0.4095466671875 0.85616 0.3938933328125 0.85616 0.39192 0.8546799999999999 0.38410666718750003 0.8524800000000001 0.3811733328125 0.84956 0.3772533328125 0.8444200000000001 0.37237333281249996 0.8385400000000001 0.36944 0.8290200000000001 0.36845333281250003 0.818 0.3772533328125 0.8114000000000001 0.4017066671875 0.81214 0.4114933328125 0.8158 0.4290933328125 0.8158 0.4378933328125 0.80848 0.44962666718750005 0.8062799999999999 0.48093333281249995 0.8077400000000001 0.4897333328125 0.8062799999999999 0.52104 0.8004 0.5347466671875 0.7886599999999999 0.6198400000000001 0.78646 0.6266933328125 0.7806 0.6315733328124999 0.76886 0.6403733328125 0.74978 0.66288 0.7351 0.68048 0.7329 0.6873333328125 0.7321799999999999 0.6932 0.7321799999999999 0.6961333328125
9 1 0.40309333281250004 0.9967599999999999 0.3765866671875 0.9831799999999999 0.35136 0.99142 0.3410133328125 0.9982200000000001 0.3157866671875 0.99724 0.3047733328125 0.9875400000000001 0.2996 0.9705600000000001 0.2996 0.9652200000000001 0.3028533328125 0.95892 0.32354666718749997 0.9599 0.3429333328125 0.95116 0.3849866671875 0.95068 0.47746666718749997 0.95649 0.48977333281249996 0.9462999999999999 0.5014133328125 0.94146 0.54992 0.9621280000000001 0.5471946671875 0.9584400000000001 0.5609066671875 0.94242 0.5764266671875 0.9400000000000001 0.58872 0.9531000000000001 0.5926133328125001 0.9584400000000001 0.57968 0.9613400000000001 0.5900266671875001 0.99142 0.5764266671875 1 0.57968 1 0.5628533328125 0.9886079999999999 0.561552 0.985796 0.5466773328125 0.9997400000000001 0.547328 0.99896 0.5007520000000001 0.98803 0.4881466671875 0.9987 0.4852266671875 1 0.4716533328125 0.99434 0.47034666718749996 1 0.4606666671875 1 0.40309333281250004
9 0.8707 0.4327555546875 0.8643000000000001 0.4398933328125 0.8643000000000001 0.44733333281250004 0.86868 0.4467164453125 0.8741949999999999 0.4572266671875 0.8666600000000001 0.46067733281249995 0.8606 0.50256 0.8606 0.5328 0.8689399999999999 0.5417333328125 0.8606 0.54792 0.86616 0.5569866671875 0.88656 0.5627466671875 0.8840999999999999 0.5726666671875 0.88656 0.5817333328125 0.8952199999999999 0.5841866671875 0.90202 0.5792533328125 0.9007799999999999 0.5611200000000001 0.9063599999999999 0.5124533328124999 0.90388 0.48690666718750003 0.9082000000000001 0.48442666718750005 0.91192 0.43248 0.9076000000000001 0.4209333328125 0.9113 0.3929066671875 0.9106799999999999 0.3657066671875 0.9063599999999999 0.3508533328125 0.89894 0.34096000000000004 0.89894 0.31128 0.88888 0.3071075546875 0.89646 0.2947733328125 0.8853199999999999 0.2931466671875 0.87296 0.2972533328125 0.87296 0.3145866671875 0.8760600000000001 0.33024 0.88484 0.33502933281249997 0.8779 0.3417866671875 0.88282 0.348990221875 0.8808 0.3629511125 0.8606 0.35168 0.85998 0.3684444453125 0.8587400000000001 0.4019733328125 0.86152 0.4209333328125 0.8727199999999999 0.4187946671875 0.8707 0.4327555546875
9 0.41422 0.5958933328125 0.43041999999999997 0.5202666671875 0.43041999999999997 0.6030933328125 0.4284 0.6066933328124999 0.42973999999999996 0.6210933328125 0.4365 0.6246933328125001 0.44392 0.6147733328125 0.44795999999999997 0.5679733328125 0.45877999999999997 0.49418666718750004 0.45944 0.4122666671875 0.48172 0.3771733328125 0.45674000000000003 0.32405333281250004 0.44795999999999997 0.3096533328125 0.43041999999999997 0.31056 0.42096 0.32136 0.39733999999999997 0.3699733328125 0.41353999999999996 0.3987733328125 0.41016 0.43117333281250003 0.4095 0.4743733328125 0.39733999999999997 0.5850933328125001 0.39058000000000004 0.5967733328125 0.4095 0.6309866671875 0.42096 0.6318933328125 0.41353999999999996 0.61568 0.41422 0.5958933328125
9 0.21646 0.5319200000000001 0.22456 0.5094133328125 0.27248 0.43920000000000003 0.28396 0.40050666718750005 0.26642 0.3257866671875 0.25764 0.3158933328125 0.25830000000000003 0.3069066671875 0.2556 0.2897866671875 0.24616 0.2753866671875 0.23738 0.2753866671875 0.22726000000000002 0.2808 0.22118000000000002 0.3086933328125 0.22793999999999998 0.3338933328125 0.20228000000000002 0.3573066671875 0.19486 0.4041066671875 0.2016 0.43832000000000004 0.20566 0.48512000000000005 0.21646 0.5319200000000001
8 0.19282 0.43895999999999996 0.18826 0.44367999999999996 0.18878 0.4524266671875 0.18826 0.5110933328125 0.18726 0.5838933328125 0.18928 0.5926666671875 0.19838 0.58928 0.19736 0.57512 0.19483999999999999 0.5158133328125001 0.19434 0.46997333281250003 0.19585999999999998 0.4484 0.19888 0.4450133328125 0.19736 0.4396266671875 0.19282 0.43895999999999996
9 0.45843999999999996 0.7240266671875 0.45782 0.7149066671875 0.44726 0.69504 0.45286 0.69008 0.48701999999999995 0.6876 0.5187 0.7107733328125 0.5460200000000001 0.7198933328125 0.56032 0.6917333328125 0.50814 0.6412 0.52864 0.6221599999999999 0.5323599999999999 0.5749333328125 0.5801999999999999 0.56584 0.59882 0.57328 0.61436 0.5923466671875001 0.62926 0.5923466671875001 0.6305 0.5790933328125 0.6385799999999999 0.5608533328124999 0.62368 0.5385066671875001 0.6069 0.5476266671875 0.56032 0.54016 0.52428 0.5285599999999999 0.51372 0.5161333328125 0.51932 0.5012266671875001 0.50876 0.47554666718750005 0.47646 0.46810666718749994 0.4628 0.49792 0.46837999999999996 0.5128266671875 0.47085999999999995 0.5236 0.46714 0.53768 0.45472 0.5575466671875 0.45224000000000003 0.57744 0.45348 0.6030933328125 0.44168 0.6279466671875 0.44602 0.6552800000000001 0.41992 0.6759999999999999 0.41558 0.6751733328125 0.42862 0.7140799999999999 0.45843999999999996 0.7240266671875
9 0.13196000000000002 0.7110933328125 0.14828 0.7056533328125 0.16054 0.7015733328125 0.20137999999999998 0.7110933328125 0.25446 0.7138133328125 0.27488 0.6961333328125 0.27692 0.6689066671874999 0.27793999999999996 0.6593866671875 0.29325999999999997 0.5994933328125 0.32999999999999996 0.5804266671875 0.33206 0.6090133328125 0.3443 0.6648266671874999 0.34124 0.7015733328125 0.36166 0.7083733328124999 0.40148 0.7110933328125 0.4025 0.6934133328125001 0.38208000000000003 0.6757066671875 0.36472000000000004 0.6267199999999999 0.35144000000000003 0.5396 0.34736 0.4919466671875 0.35656 0.46064 0.3586 0.4388533328125 0.36574 0.39530666718749996 0.36063999999999996 0.37351999999999996 0.33614 0.35448 0.30857999999999997 0.36536 0.3004 0.38850666718750004 0.31266 0.4170933328125 0.27488 0.4388533328125 0.23403999999999997 0.49874666718749994 0.20750000000000002 0.5423199999999999 0.20546000000000003 0.5749866671875 0.22791999999999998 0.6621066671875 0.22078000000000003 0.6607466671875 0.1779 0.6661866671875 0.16054 0.64848 0.1442 0.6566666671875 0.1289 0.6920533328125 0.13196000000000002 0.7110933328125
9 0.91282 0.48175999999999997 0.9265399999999999 0.48392 0.91604 0.5118933328125 0.91524 0.5862133328125 0.9225 0.5969599999999999 0.92896 0.5958933328125 0.9338200000000001 0.5765066671875 0.92978 0.50328 0.94162 0.48103999999999997 0.94512 0.4806666671875 0.9515800000000001 0.4742133328125 0.94754 0.46992 0.9459199999999999 0.4613066671875 0.93704 0.3751733328125 0.92736 0.3450133328125 0.91604 0.33856 0.9079599999999999 0.3493066671875 0.9063599999999999 0.37733333281250003 0.9112 0.40853333281250004 0.9112 0.47207999999999994 0.91282 0.48175999999999997