9 0.309125 0.7376041671875 0.38175 0.7015833328125 0.391890625 0.6407708328124999 0.3800625 0.5754583328125 0.38851562500000003 0.5709375 0.385140625 0.4853541671875 0.366546875 0.43131250000000004 0.34965625 0.3930208328125 0.302359375 0.2916666671875 0.3125 0.2646458328125 0.304046875 0.2286041671875 0.304046875 0.1745416671875 0.30575 0.1069791671875 0.27703125 0.0371666671875 0.22804687499999998 0.0213958328125 0.1858125 0.0506666671875 0.16384375 0.12050000000000001 0.18075000000000002 0.18131250000000002 0.1875 0.244375 0.106421875 0.2961666671875 0.077703125 0.3479791671875 0.05575 0.3547291671875 0.043921875 0.384 0.038843749999999996 0.4583333328125 0.042234375000000005 0.4718541671875 0.072640625 0.5146458328125 0.09459375 0.5258958328125 0.113171875 0.6745416671875 0.136828125 0.7173333328125 0.11825000000000001 0.748875 0.13174999999999998 0.7916666671875 0.13174999999999998 0.7939166671875 0.20270312499999998 0.7668958328125 0.309125 0.7376041671875
8 0.9035 0.4351458328125 0.90928125 0.43093750000000003 0.905078125 0.4239166671875 0.89296875 0.4190208328125 0.888234375 0.4141041671875 0.8735156249999999 0.4021875 0.8677343750000001 0.3860416671875 0.8493124999999999 0.39095833281250003 0.8356406249999999 0.3930625 0.82775 0.3972708328125 0.820921875 0.39095833281250003 0.8098750000000001 0.3804375 0.800921875 0.3951666671875 0.8025 0.4014791671875 0.81565625 0.4239166671875 0.817234375 0.43162500000000004 0.8235468750000001 0.44214583281250003 0.83196875 0.4554791671875 0.83090625 0.46108333281249997 0.8424843750000001 0.46460416718750003 0.865625 0.46739583281249997 0.8782500000000001 0.46529166718750004 0.88665625 0.45829166718750003 0.8992812499999999 0.45056250000000003 0.9035 0.4351458328125
9 0.95053125 0.714125 0.9157500000000001 0.7755208328125 0.9362031249999999 0.8109999999999999 0.9740624999999999 0.8396458328125 0.9761093750000001 0.827375 0.999640625 0.8219166671875 0.9975937500000001 0.7236875 0.964859375 0.7086666671875 0.95053125 0.714125
8 0.489328125 0.4371875 0.46840624999999997 0.46310416718749997 0.4639375 0.47106250000000005 0.46840624999999997 0.6205 0.47140624999999997 0.8296875 0.47140624999999997 0.8476250000000001 0.49679687499999997 0.8536041671874999 0.513234375 0.8775000000000001 0.5565781249999999 0.8496041671875 0.5580625 0.7679166671875 0.5580625 0.5766666671875 0.5580625 0.4690833328125 0.53565625 0.42525 0.5281875 0.3535208328125 0.531171875 0.29175 0.531171875 0.2758125 0.531171875 0.2459375 0.50128125 0.2479166671875 0.489328125 0.2479166671875 0.489328125 0.2499166671875 0.49381250000000004 0.29575 0.49381250000000004 0.3794166671875 0.4953125 0.4172708328125 0.489328125 0.4371875
8 0.5726640625 0.3303385421875 0.5792552078125001 0.3365949078125 0.57258203125 0.3418307296875 0.572171875 0.39929166718750003 0.5617656249999999 0.42095833281250006 0.56828125 0.4339791671875 0.5715312499999999 0.5519166671875 0.564359375 0.6636458328125 0.60490625 0.6690625 0.6115 0.661625 0.615046875 0.5913541671875 0.60899375 0.554 0.618359375 0.5545208328125 0.61575 0.42877083281250006 0.600796875 0.40275 0.600140625 0.30302083281250003 0.57478125 0.30474999999999997 0.572828125 0.3073541671875 0.57627256875 0.31536496875000003 0.57274609375 0.3188463546875 0.5777638890625 0.3259799375 0.5726640625 0.3303385421875
8 0.6166708984375 0.43676171874999997 0.6147109375 0.4413645828125 0.618888671875 0.44702343750000006 0.61496875 0.4562291671875 0.6211064453125 0.45728515625000005 0.62332421875 0.46754687500000003 0.6146302078125 0.46726388906249994 0.611921875 0.5555416671875 0.613953125 0.5927083328125 0.6134375000000001 0.6481250000000001 0.646375 0.6440625 0.649225 0.6013625 0.63828125 0.5974375000000001 0.6423281249999999 0.5900000000000001 0.6499375 0.5906875 0.6455019531249999 0.5701640625 0.646375 0.5636666671875 0.656515625 0.5636666671875 0.660578125 0.418375 0.6499375 0.40824999999999995 0.646375 0.3927083328125 0.6484062500000001 0.3068958328125 0.62509375 0.30485416718749997 0.6225625 0.3075625 0.6174999999999999 0.3994583328125 0.605328125 0.4109583328125 0.614453125 0.4265 0.6166708984375 0.43676171874999997
8 0.657046875 0.5561458328125 0.6815781249999999 0.5744583328124999 0.6855 0.3703541671875 0.67765625 0.3546666671875 0.676671875 0.2460833328125 0.652140625 0.24737499999999998 0.653125 0.36252083281249997 0.64528125 0.3782083328125 0.6482187500000001 0.4030625 0.65803125 0.42400000000000004 0.657046875 0.5561458328125
8 0.682359375 0.5795833328125 0.713453125 0.5805416671875 0.717703125 0.3779166671875 0.70921875 0.3543541671875 0.712046875 0.25256249999999997 0.6858906250000001 0.2497291671875 0.6873125 0.288375 0.683765625 0.3524583328125 0.684484375 0.3675416671875 0.6830625 0.49760416718749995 0.682359375 0.5795833328125
8 0.372625 0.30481250000000004 0.372625 0.3285625 0.372625 0.3676875 0.39009375 0.368625 0.38870312500000004 0.3308958328125 0.38870312500000004 0.30993750000000003 0.3838125 0.29874999999999996 0.383453125 0.2726666671875 0.3768125 0.2722083328125 0.375765625 0.2968958328125 0.372625 0.30481250000000004
8 0.355890625 0.3718125 0.371625 0.36974999999999997 0.37378125 0.3438541671875 0.372546875 0.31506249999999997 0.372546875 0.3051875 0.369765625 0.29862500000000003 0.369453125 0.2982083328125 0.367 0.2949166671875 0.3666875 0.2648958328125 0.35990625 0.266125 0.360515625 0.2949166671875 0.356515625 0.3002708328125 0.35528125 0.3117708328125 0.355890625 0.3718125
8 0.3450625 0.2659375 0.3410625 0.2642916671875 0.33614062499999997 0.2659375 0.3364375 0.2930208328125 0.33214062499999997 0.30081250000000004 0.331515625 0.34962499999999996 0.33675 0.3701458328125 0.348140625 0.3701458328125 0.34967187499999997 0.30285416718749997 0.345359375 0.2946458328125 0.3450625 0.2659375
8 0.32992187500000003 0.3045 0.32825000000000004 0.2991666671875 0.32459375 0.2938541671875 0.32559375 0.2809791671875 0.3199375 0.28318750000000004 0.318609375 0.29072916718749997 0.3159375 0.2951666671875 0.313609375 0.30093749999999997 0.313609375 0.3076041671875 0.31260937499999997 0.3076041671875 0.33059375 0.3453125 0.32992187500000003 0.3045
8 0.930515625 0.41137499999999994 0.9323750000000001 0.3414375 0.927734375 0.3278333328125 0.9282031249999999 0.2956458328125 0.9184531249999999 0.2962708328125 0.917984375 0.3284375 0.91009375 0.3426875 0.906390625 0.40952083281249996 0.906390625 0.41137499999999994 0.912890625 0.4157083328125 0.930515625 0.41137499999999994
8 0.728375 0.45775 0.72384375 0.43962500000000004 0.722328125 0.3963541671875 0.729203125 0.3535416671875 0.70703125 0.3566041671875 0.7146874999999999 0.377 0.717734375 0.4248958328125 0.711625 0.5757708328125 0.725140625 0.5811875 0.728375 0.5742708328125 0.728375 0.45775
8 0 0.0529166671875 0.010109375 0.0514166671875 0.09459375 0.06397916718749999 0.0896875 0.0066666671875 0 0.000625 0 0.0529166671875
8 0.8265781249999999 0.3241666671875 0.87209375 0.3212291671875 0.87921875 0.2115833328125 0.7832656250000001 0.1896458328125 0.77996875 0.24739583281250002 0.828765625 0.2568958328125 0.8265781249999999 0.3241666671875
8 0.815609375 0.43639583281250005 0.8020468749999999 0.4034583328125 0.808421875 0.3875 0.823578125 0.3949375 0.8275625 0.2514375 0.7326875 0.2493125 0.7326875 0.2578125 0.70878125 0.261 0.705578125 0.34391666718749997 0.723921875 0.359875 0.72471875 0.4172708328125 0.7518281250000001 0.42789583281250004 0.774140625 0.47360416718750004 0.792484375 0.47785416718749996 0.818 0.4566041671875 0.815609375 0.43639583281250005
8 0.530984375 0.39958333281249997 0.532203125 0.41822916718750003 0.548 0.44985416718750004 0.557734375 0.4676875 0.552875 0.5584583328125 0.5534687500000001 0.5843958328125 0.552875 0.6913958328125 0.558953125 0.6889791671875 0.56928125 0.6824791671875 0.5680625 0.6646458328125 0.5705 0.5308958328125 0.5679375 0.43485416718750003 0.562984375 0.42770833281250004 0.5479375 0.41204166718749996 0.5480625 0.3887291671875 0.5507187499999999 0.3852083328125 0.548734375 0.33058333281249996 0.5500468749999999 0.33058333281249996 0.5500468749999999 0.3226666671875 0.549390625 0.30681250000000004 0.5341875 0.3059166671875 0.530375 0.306375 0.529765625 0.3428541671875 0.530984375 0.39958333281249997
8 0.327265625 0.7662291671875 0.323375 0.7506458328125001 0.290265625 0.7376666671875001 0.27078125000000003 0.7376666671875001 0.23960937499999999 0.7584375 0.222078125 0.7558541671875 0.210390625 0.776625 0.210390625 0.8181875 0.21428124999999998 0.9012916671875001 0.23765624999999999 0.9194791671875 0.25129687500000003 0.9272708328125001 0.25909375 0.95325 0.2649375 0.9818125 0.29415625 0.9844166671875 0.298046875 0.929875 0.3350625 0.8909166671875001 0.33896875 0.8519583328125 0.327265625 0.7662291671875
8 0.648328125 0.6455 0.651625 0.6683333328125001 0.65953125 0.6832708328125 0.668765625 0.6946875 0.6746875 0.7157916671875 0.67403125 0.7474166671875 0.668765625 0.7491666671874999 0.664140625 0.7491666671874999 0.6443749999999999 0.7562083328125 0.645703125 0.7737708328124999 0.65096875 0.7816875 0.671390625 0.7931041671875 0.6964375 0.7895833328124999 0.71028125 0.7799166671875 0.71290625 0.7720208328125 0.7109375 0.7649791671874999 0.70303125 0.7588333328125 0.6931406250000001 0.7562291671875 0.6931406250000001 0.7553541671875 0.68984375 0.7122916671875 0.691828125 0.700875 0.7089531250000001 0.6806666671875 0.7208125 0.6543125 0.722140625 0.610375 0.7175312500000001 0.5936874999999999 0.709609375 0.5866458328124999 0.6819375 0.5761041671875 0.6522812499999999 0.5875208328125 0.6522812499999999 0.584 0.6443749999999999 0.61475 0.648328125 0.6455
8 0.9603906249999999 0.3142916671875 0.9428593749999999 0.28570833281249997 0.913640625 0.3116875 0.913640625 0.3844166671875 0.898046875 0.41558333281250004 0.874671875 0.41558333281250004 0.8551875000000001 0.3922083328125 0.81428125 0.4 0.822078125 0.4441458328125 0.7948125 0.4623333328125 0.7636406250000001 0.48312499999999997 0.742203125 0.42077083281250005 0.722734375 0.4181875 0.718828125 0.3558541671875 0.707140625 0.2909166671875 0.70909375 0.2493541671875 0.6448125 0.24156249999999999 0.63896875 0.3090833328125 0.623375 0.316875 0.586359375 0.3090833328125 0.529875 0.3090833328125 0.52596875 0.2493541671875 0.49675 0.2545416671875 0.5045468750000001 0.4259791671875 0.49090625 0.45454166718750005 0.475328125 0.47791666718750003 0.473375 0.6727291671875 0.30584375 0.7376666671875001 0.25325000000000003 0.7454583328125 0.227921875 0.7714375 0.009734375 0.8415625 0.009734375 0.9844166671875 0.99740625 0.9870208328125001 1 0.3870208328125 0.9935 0.3662291671875 0.970125 0.3194791671875 0.9603906249999999 0.3142916671875