8 0.3873856203125 0.766895425 0.43017973906250007 0.8885130718750001 0.398643790625 0.9313071890625 0.2815359484375 0.9425653593750001 0.18694444375 0.9267973859374999 0.1779248359375 0.8907679734375 0.182434640625 0.8547222218750001 0.202696078125 0.8367156859374999 0.229722221875 0.8141830062500001 0.1846895421875 0.8029248359375 0.1396405234375 0.8141830062500001 0.1036111109375 0.8434640515625 0.1238725484375 0.8502287578125 0.1396405234375 0.86823529375 0.12161764687500001 0.88176470625 0.1801797390625 0.949330065625 0.326568628125 0.9650980390624999 0.44369281093749996 0.9380555562499999 0.45946078437500004 0.8299509796875 0.40766339843750005 0.7353594765625 0.4954901953125 0.733104575 0.4617156859375 0.827696078125 0.45946078437500004 0.9110294124999999 0.5247712421874999 0.9448202609375 0.7342320265625 0.9267973859374999 0.75900326875 0.8569771234375001 0.7792810453125 0.8434640515625 0.8085620921875 0.8096895421875001 0.702696078125 0.8164379078125 0.7319771234375 0.8547222218750001 0.6959477125 0.924542484375 0.6463888890625 0.9313071890625 0.5360294125 0.924542484375 0.486486928125 0.9042810453125 0.4752287578125 0.8592320265625 0.49323529375 0.8029248359375 0.5382843140625 0.726356209375 0.6193627453125 0.7128431375 0.621617646875 0.692565359375 0.547303921875 0.6407679734375 0.5315359484375 0.6362581703125 0.5157679734375 0.692565359375 0.45720588281249996 0.699330065625 0.3828758171875 0.6903104578125 0.3828758171875 0.6610294125 0.3626143796875 0.6565359484375 0.30856209218749997 0.6565359484375 0.290539215625 0.7286111109375 0.30856209218749997 0.7308496734375 0.3626143796875 0.7421241828125 0.3873856203125 0.766895425
9 0.242696078125 0.42246732031249995 0.21797385625 0.440457515625 0.21797385625 0.47640522812499997 0.242696078125 0.48539215625 0.25168300625 0.512352940625 0.25393790781250003 0.5460620921875 0.23370915 0.557303921875 0.22472222187500002 0.5775326796875 0.22472222187500002 0.6 0.2292156859375 0.640457515625 0.2292156859375 0.6516830062500001 0.20674836562499999 0.6696568625 0.23820261406249998 0.7011274515625 0.2988725484375 0.6943790843750001 0.3101143796875 0.642696078125 0.2696568625 0.6134803921875001 0.2741503265625 0.5303431375 0.2629248359375 0.5011274515624999 0.28089869218749997 0.5011274515624999 0.287647059375 0.47640522812499997 0.287647059375 0.45168300625 0.278643790625 0.4359477125 0.2561764703125 0.4202287578125 0.242696078125 0.42246732031249995
9 0.1511764703125 0.49650326875 0.1441013078125 0.528300653125 0.1409640515625 0.5561764703125001 0.1299673203125 0.5730718953125 0.112696078125 0.598594771875 0.11308823593749999 0.6131209156249999 0.1119117640625 0.619803921875 0.10366013125 0.638251634375 0.102091503125 0.6496405234375 0.1013071890625 0.7014705875 0.10326797343750001 0.7313071890625 0.112303921875 0.7646895421875 0.1209477125 0.78 0.12251634062500001 0.7835294125 0.1158333328125 0.7898202609375 0.1158333328125 0.8004248359374999 0.1009150328125 0.8066993468750001 0.1005228765625 0.83379085 0.106405228125 0.8302614374999999 0.12016339843749999 0.823594771875 0.127222221875 0.8180882359374999 0.1350817 0.8169117640625 0.141094771875 0.8091666671875 0.147222221875 0.7966339875 0.17261437968749999 0.7972385625 0.22462418281250002 0.7914215687499999 0.259803921875 0.7886764703125 0.2671568625 0.7966339875 0.27174836562500004 0.816830065625 0.26379085 0.8489542484375001 0.2616503265625 0.8617973859375001 0.25400326875 0.8878104578125001 0.256748365625 0.8945424843750001 0.24879085 0.9098366015625 0.250326796875 0.9177941171875 0.25093137187500003 0.923300653125 0.25614379062500003 0.9300326796875 0.28459150312500003 0.9272712421874999 0.3115196078125 0.9266666671875001 0.33506535937500004 0.9245098046875 0.340882353125 0.91870915 0.340882353125 0.9150326796874999 0.335686275 0.908300653125 0.32619281093749997 0.9043300656250001 0.321617646875 0.8960620921875 0.32650326875 0.8930065359375 0.3243627453125 0.8758660125000001 0.3301797390625 0.8587418296875 0.32986928125000003 0.8538398687500001 0.3329248359375 0.858431371875 0.37607843124999996 0.8587418296875 0.41339869218749997 0.8648529406250001 0.4274673203125 0.8599673203125 0.4195098046875 0.8391503265625 0.4146241828125 0.8333496734375 0.4054411765625 0.8253921562500001 0.3886111109375 0.81620915 0.3815849671875 0.7990849671875 0.3806535953125 0.79357843125 0.366895425 0.7651143796875 0.356486928125 0.742483659375 0.35189542500000004 0.7314705874999999 0.3457843140625 0.727483659375 0.2882679734375 0.7302450984375 0.28581699375 0.7140196078125001 0.29163398749999997 0.6978104578125001 0.29070261406250003 0.6953594765625 0.2714379078125 0.6953594765625 0.24849673125 0.7002614375 0.23289215625 0.7008660124999999 0.23013071875 0.6950490203124999 0.22370915 0.6913888890625 0.221568628125 0.6837418296875 0.21697712343750003 0.67883986875 0.21392156875 0.67547385625 0.20656862812500001 0.6727287578125 0.21147058749999997 0.6653758171875 0.2240196078125 0.65039215625 0.22616013124999998 0.643039215625 0.22524509843749999 0.626830065625 0.22431372500000002 0.6142810453124999 0.2227941171875 0.6050980390625 0.22952614374999997 0.605408496875 0.2264542484375 0.6005228765624999 0.2230882359375 0.583382353125 0.22094771249999998 0.570539215625 0.22676470625 0.558594771875 0.2374673203125 0.554934640625 0.246960784375 0.5518627453125 0.25191176406250004 0.5453594765625 0.25106209218750003 0.5400980390625 0.2519771234375 0.536143790625 0.2515849671875 0.5325816999999999 0.2519771234375 0.5298856203125 0.253382353125 0.529248365625 0.25426470624999997 0.527647059375 0.25467320312499997 0.5258496734375 0.2551633984375 0.5239705875 0.2585457515625 0.5210784312500001 0.26073529375 0.518382353125 0.259852940625 0.516094771875 0.2574509796875 0.5113235296875 0.25766339843749997 0.507434640625 0.25725490156249997 0.5035620921875 0.25625817031250003 0.50305555625 0.2482026140625 0.5024673203125001 0.24859477187499998 0.5000817 0.24849673125 0.49789215625 0.246405228125 0.49370915000000004 0.24462418281249998 0.48653594843750003 0.23993464062499997 0.4831535953125 0.23616013125 0.4802614375 0.2352614375 0.47529411718750003 0.236748365625 0.47410130781250004 0.2353594765625 0.4711111109375 0.22341503281250003 0.46941176406249996 0.2140522875 0.46882352968749996 0.212042484375 0.46862745156249996 0.183382353125 0.4705882359375 0.17395424843750001 0.47960784375000004 0.17040849687499998 0.48 0.1511764703125 0.49650326875
9 0.5990686281250001 0.6451470593749999 0.616274509375 0.6572875812500001 0.628431371875 0.63805555625 0.6446241828125 0.5925 0.6517156859375001 0.5692156859375 0.686143790625 0.5449183 0.6851143796875 0.54289215625 0.669934640625 0.537826796875 0.6577941171874999 0.5074673203125 0.659803921875 0.4983496734375 0.6567810453125 0.49328431406249995 0.60210784375 0.45279411718749996 0.6010947718749999 0.4315359484375 0.5828594765624999 0.41129085 0.5525 0.41736928124999995 0.539330065625 0.423431371875 0.5150326796875 0.4386274515625 0.5342810453125 0.4507679734375 0.5342810453125 0.4598856203125 0.5433823531249999 0.475065359375 0.5525 0.49227124218749996 0.539330065625 0.51960784375 0.5221241828125 0.53883986875 0.5261764703125 0.5621241828125 0.5241503265625 0.5914869281249999 0.5413725484375 0.59047385625 0.5565522875 0.5965522875 0.56668300625 0.5752941171875 0.5707189546875 0.6016176468750001 0.5616013078125001 0.6086928109375 0.5757843140625 0.6279248359375 0.5798366015624999 0.6360294125 0.5879411765625 0.6360294125 0.5990686281250001 0.6451470593749999
9 0.6905065359375 0.5460294125 0.6604248359375 0.5665359484375 0.6467483656249999 0.596617646875 0.6207679734375 0.6472058828125 0.6166666671875001 0.655408496875 0.5852124187500001 0.636274509375 0.5715359484375 0.636274509375 0.5619771234375001 0.6458496734375 0.5742810453125 0.6622549015625 0.582483659375 0.6731862750000001 0.6221405234375 0.6923366015625 0.63444444375 0.68960784375 0.676830065625 0.630800653125 0.682303921875 0.6239705875 0.686405228125 0.6403758171875 0.69870915 0.6581535953125 0.69323529375 0.6731862750000001 0.652222221875 0.68960784375 0.641274509375 0.6978104578125001 0.6207679734375 0.730620915625 0.6152941171874999 0.7675326796874999 0.63444444375 0.8646241828125 0.631699346875 0.8851307187499999 0.6029901953125 0.891960784375 0.6002614375 0.9029084968750001 0.612565359375 0.9234150328125 0.6262418296875001 0.9261437906250001 0.6631535953125 0.9439215687500001 0.6741013078125 0.9357189546875 0.6809313718750001 0.9111111109375001 0.6809313718750001 0.8564215687500001 0.6713562093750001 0.8126633984374999 0.6905065359375 0.8030882359374999 0.7506699343750001 0.8099183 0.7903104578125 0.8030882359374999 0.814934640625 0.7661764703125 0.8258660125 0.7224183 0.8108333328124999 0.6157679734375 0.78620915 0.5542320265625 0.7711764703124999 0.54055555625 0.7506699343750001 0.53099673125 0.7547712421874999 0.5091176468749999 0.7670751640625 0.49954248437500004 0.7711764703124999 0.4831372546875 0.76297385625 0.469460784375 0.745196078125 0.46808823593750004 0.72879085 0.45168300625 0.69323529375 0.4503104578125 0.6741013078125 0.45168300625 0.6590522875 0.4735620921875 0.6604248359375 0.4858660125 0.6576797390625 0.505016340625 0.6672549015625 0.5364542484375 0.6905065359375 0.5460294125
9 0.31745097968749997 0.40736928125 0.3140196078125 0.3947712421875 0.303725490625 0.38676470625000003 0.28598039218750004 0.3896241828125 0.2796895421875 0.41651960781249997 0.3197385625 0.437696078125 0.3197385625 0.43081699375 0.31745097968749997 0.40736928125
9 0.5124183 0.482303921875 0.4843627453125 0.43392156875000004 0.4857679734375 0.39323529375 0.4619281046875 0.3953431375 0.44929738593749996 0.4051633984375 0.448594771875 0.42900326875 0.43877450937500007 0.43741830000000004 0.444395425 0.4591666671875 0.46472222187499995 0.44374182968750003 0.448594771875 0.46687908437500003 0.45 0.468986928125 0.455604575 0.47740196093750004 0.5124183 0.482303921875
9 0.7450326796875 0.46400326875 0.7655718953124999 0.46986928125 0.7733986921875 0.49431372500000004 0.754803921875 0.5099673203124999 0.7538235296875 0.5305065359375 0.7939379078125001 0.5676797390625 0.79099673125 0.5305065359375 0.787091503125 0.4786764703125 0.7821895421875 0.408251634375 0.758725490625 0.4111764703125 0.7489379078125 0.39552287656249996 0.723513071875 0.40140522812499996 0.6941666671875 0.4121568625 0.691225490625 0.4522549015625 0.693186275 0.44736928125000003 0.7274183 0.44736928125000003 0.7450326796875 0.46400326875
8 0.1208333328125 0.8251960781250001 0.10331699375 0.8373856203125 0.09797385625 0.8541666671874999 0.158186275 0.8473039218749999 0.21001634062500002 0.8488235296875001 0.22220588281250003 0.792434640625 0.14370915 0.7931862749999999 0.1406535953125 0.8107189546875 0.1322712421875 0.8183333328125 0.1208333328125 0.8251960781250001
8 0.7958333328125 0.7913071890625 0.7848366015625 0.8023202609375 0.7709313718749999 0.80521241875 0.7425490203125 0.8063725484375001 0.704313725 0.8040522875 0.6834640515625 0.8 0.70547385625 0.8365032687499999 0.8120588234375001 0.8289705875 0.8108986921874999 0.812173203125 0.7958333328125 0.7913071890625
8 0.5184150328125 0.6701307187500001 0.52486928125 0.6765849671875 0.5359313718750001 0.6784150328125 0.553431371875 0.6761274515625 0.5649509796875 0.6613725484375 0.5672385625 0.6576960781250001 0.5672385625 0.6530882359375 0.562173203125 0.6480228765625 0.5465196078125001 0.6475653593749999 0.519803921875 0.6480228765625 0.5147385625 0.654934640625 0.5147385625 0.6618464046875 0.5184150328125 0.6701307187500001
9 0.3471568625 0.5191176468750001 0.345457515625 0.5114705875000001 0.34460784375000003 0.5004248359375 0.3475817 0.49447712343749994 0.3475817 0.48767973906249995 0.3475817 0.4821568625 0.34588235312500004 0.470686275 0.33781045781249996 0.468986928125 0.3318627453125 0.470686275 0.32379085 0.4825817 0.32379085 0.492352940625 0.3271895421875 0.5046732031250001 0.3276143796875 0.5123202609375 0.32166666718750003 0.50849673125 0.3152941171875 0.4966013078125 0.31359477187499996 0.48767973906249995 0.31741830000000004 0.48045751562500005 0.3186928109375 0.4711111109375 0.3169934640625 0.46133986875 0.31784313750000004 0.45539215625 0.3140196078125 0.43797385625 0.3033986921875 0.42607843125 0.295751634375 0.42437908437500005 0.28130718906249996 0.42352941250000004 0.2728104578125 0.418856209375 0.2596405234375 0.415457515625 0.2507189546875 0.41460784375 0.25156862812499997 0.42183006562500003 0.26133986875000004 0.42650326875 0.2728104578125 0.433300653125 0.280457515625 0.4413725484375 0.283431371875 0.4502941171875 0.28513071874999996 0.457091503125 0.2872549015625 0.4681372546875 0.2872549015625 0.47620915 0.286405228125 0.48470588281250004 0.283856209375 0.49452614375000004 0.283431371875 0.5025980390625 0.27620915 0.5068464046875001 0.2621895421875 0.5076960781250001 0.2621895421875 0.51728758125 0.26728758125 0.5240849671875 0.2702614375 0.5359803921874999 0.271960784375 0.5533986921875 0.27323529375 0.5703758171875 0.2728104578125 0.588643790625 0.271960784375 0.5920424843750001 0.2681372546875 0.6026633984374999 0.2770588234375 0.60521241875 0.319542484375 0.618382353125 0.30892156875 0.6035130718749999 0.3038235296875 0.5958660124999999 0.304248365625 0.5835457515625 0.32166666718750003 0.580147059375 0.3335620921875 0.571225490625 0.34418300625 0.56952614375 0.3522549015625 0.5682516343749999 0.34800653593750003 0.559330065625 0.3276143796875 0.55763071875 0.3169934640625 0.5584803921875 0.3038235296875 0.564852940625 0.3038235296875 0.5614542484375 0.30934640468749997 0.5550980390625 0.31359477187499996 0.5423529406250001 0.3152941171875 0.5372549015625 0.3169934640625 0.5373856203125 0.3361111109375 0.548856209375 0.348856209375 0.548856209375 0.3509803921875 0.5369607843749999 0.3471568625 0.5191176468750001
9 0.4082679734375 0.408431371875 0.39455882343750004 0.41326797343750005 0.391094771875 0.4182843140625 0.39263071875 0.425620915625 0.39648692812499997 0.4358660125 0.39687908437499997 0.4497712421875 0.4015196078125 0.45401960781249995 0.4154248359375 0.4646405234375 0.4244934640625 0.472173203125 0.4283660125 0.4767973859375 0.454248365625 0.476617646875 0.43473856250000004 0.45323529375 0.43068627499999995 0.45459150312499996 0.422957515625 0.45459150312499996 0.4246895421875 0.44397058749999996 0.4270098046875 0.42098039218750005 0.42797385625000006 0.418856209375 0.42199346406249993 0.4119117640625 0.4082679734375 0.408431371875
9 0.3978104578125 0.4538071890625 0.39702614375 0.43926470625 0.392303921875 0.4243464046875 0.3813071890625 0.4133496734375 0.36442810468750003 0.41217320312499994 0.353431371875 0.42513071875 0.349117646875 0.4384803921875 0.353431371875 0.4432026140625 0.3577614375 0.46008170000000004 0.36089869218750004 0.4671568625 0.353039215625 0.47460784375 0.349117646875 0.4993464046875 0.359330065625 0.49189542499999994 0.3691503265625 0.4973856203125 0.37267973906249996 0.48285947656249995 0.3899509796875 0.48089869218750003 0.43039215625000005 0.4777614375 0.4311764703125 0.476568628125 0.4162581703125 0.46321895468749996 0.3978104578125 0.4538071890625
8 0.5293627453124999 0.6489379078125 0.5285784312499999 0.642696078125 0.5301470593750001 0.6415196078125 0.5328758171875 0.6415196078125 0.5363888890624999 0.6485457515624999 0.54694444375 0.647777778125 0.548905228125 0.6168954249999999 0.5508660125 0.6133660125 0.5442156859375 0.61142156875 0.528186275 0.6094607843750001 0.5172385625 0.61142156875 0.5160620921875 0.61142156875 0.5180228765625 0.649330065625 0.5293627453124999 0.6489379078125
8 0.35923202656250003 0.5890686281249999 0.35542483593749996 0.58573529375 0.3466339875 0.58478758125 0.33521241874999996 0.58573529375 0.3311764703125 0.5892973859375 0.3311764703125 0.6283006531249999 0.33901960781249996 0.6316339875 0.3513888890625 0.630931371875 0.35900326875 0.625457515625 0.35805555624999996 0.5957189546875 0.3599509796875 0.59357843125 0.35923202656250003 0.5890686281249999
8 0.36390522812500004 0.5675980390625 0.369852940625 0.5647385625 0.36390522812500004 0.5623529406250001 0.3503594765625 0.5635457515625 0.3458333328125 0.56379085 0.3508333328125 0.5652124187500001 0.3498856203125 0.567826796875 0.34249999999999997 0.56879085 0.3389379078125 0.5690196078125 0.3386928109375 0.573774509375 0.35153594843749997 0.5759150328125 0.36129085 0.574722221875 0.36390522812500004 0.5675980390625
8 0.371094771875 0.6858169937499999 0.37130718906250004 0.6820424843749999 0.37194444375 0.676568628125 0.3685620921875 0.6740359484375 0.367303921875 0.6740359484375 0.3163888890625 0.6767810453124999 0.31385620937500003 0.677826796875 0.310065359375 0.679722221875 0.310065359375 0.679934640625 0.310065359375 0.6898202609374999 0.367303921875 0.686879084375 0.371094771875 0.6858169937499999
9 0.5410130718749999 0.40344771250000006 0.5470261437499999 0.4046568625 0.5546568625 0.411274509375 0.555457515625 0.4070588234375 0.5574509796875 0.4014542484375 0.5686928109375 0.3960294125 0.5700817 0.3952287578125 0.5686928109375 0.3946241828125 0.5626633984375 0.3948366015625 0.561274509375 0.391225490625 0.560669934375 0.386813725 0.55926470625 0.3817973859375 0.5572549015625 0.3771895421875 0.5546568625 0.3763888890625 0.5508496734375 0.3771895421875 0.5448202609374999 0.378186275 0.54202614375 0.3811928109375 0.540620915625 0.3898202609375 0.5450326796875 0.397042484375 0.5438235296875 0.3972385625 0.5414215687499999 0.39763071875 0.5374019609375 0.3996405234375 0.5307843140624999 0.4046568625 0.5267810453124999 0.4124673203125 0.5253758171875 0.4225 0.5263888890625 0.4225 0.5271895421874999 0.42230392187500004 0.5305882359375 0.4154901953125 0.535604575 0.40305555625 0.535196078125 0.4028594765625 0.5386111109375 0.40305555625 0.5410130718749999 0.40344771250000006
9 0.22517973906250002 0.4279901953125 0.22475490156250003 0.422826796875 0.21313725468750003 0.4176633984375 0.20194444374999998 0.418513071875 0.1967810453125 0.424117646875 0.1946241828125 0.44263071875 0.1855882359375 0.456830065625 0.1735294125 0.46027777812500004 0.173104575 0.4779248359375 0.183431371875 0.46975490156250005 0.217434640625 0.4688888890625 0.217434640625 0.44133986875 0.22517973906250002 0.43444444375 0.22517973906250002 0.4279901953125
9 0.5060457515625 0.46271241874999997 0.511960784375 0.46024509843750006 0.5158986921875 0.45187908437499996 0.5163888890624999 0.45287581718750003 0.516879084375 0.45926470625000004 0.5163888890624999 0.46960784375 0.5158986921875 0.4804248359375 0.5144117640625 0.486830065625 0.5144117640625 0.4907679734375 0.5158986921875 0.4907679734375 0.5203267968749999 0.4907679734375 0.52426470625 0.4907679734375 0.5286928109375 0.494199346875 0.527696078125 0.4996241828125 0.5178594765625 0.5070098046875 0.5178594765625 0.5173366015624999 0.5213071890625 0.52521241875 0.5341013078125 0.5257026140625001 0.5409803921874999 0.5168464046875 0.5527941171874999 0.4897712421875 0.549852940625 0.4878104578125 0.546895425 0.4824019609375 0.54 0.4691013078125 0.5336111109375 0.45926470625000004 0.5365522875 0.45089869218749995 0.5301633984375 0.4484477125 0.5213071890625 0.443513071875 0.5217973859375 0.4390849671875 0.526225490625 0.4356372546875 0.5306535953125 0.43171568593750004 0.5336111109375 0.427777778125 0.5385294125 0.42383986875 0.5434477125 0.42039215625 0.546895425 0.41890522812500003 0.552303921875 0.4159640515625 0.5542810453125 0.41398692812500004 0.5552614375 0.4100490203125 0.5527941171874999 0.4061111109375 0.5473856203125 0.4041503265625 0.5409803921874999 0.40366013125 0.5355718953124999 0.40513071875 0.53263071875 0.40710784375 0.5306535953125 0.4110457515625 0.5306535953125 0.41547385625000005 0.5336111109375 0.4199019609375 0.53263071875 0.4228431375 0.5272058828125 0.4248202609375 0.52081699375 0.4248202609375 0.51539215625 0.43367647031249995 0.511960784375 0.43859477187499996 0.5094934640625 0.443513071875 0.505065359375 0.45385620937500004 0.505065359375 0.45926470625000004 0.505065359375 0.46173202656249995 0.5060457515625 0.46271241874999997