8 0.703734375 0.7579166671875 0.713265625 0.7685 0.7126406249999999 0.7892708328125 0.707546875 0.7935208328125001 0.699609375 0.795625 0.696734375 0.7986041671875 0.697375 0.8053750000000001 0.700875 0.8100416671874999 0.7123125 0.8134375 0.73234375 0.8113125 0.73934375 0.8041041671875 0.7390156250000001 0.7968958328125 0.733296875 0.7909583328124999 0.725359375 0.7896875 0.7205781250000001 0.7884166671874999 0.719625 0.77275 0.7228125000000001 0.7689375 0.725984375 0.760875 0.74125 0.735875 0.736796875 0.6938958328125 0.7339375 0.6905208328125 0.718359375 0.68925 0.6992812500000001 0.6900833328125 0.692921875 0.7057708328125 0.692609375 0.7278125 0.703734375 0.7579166671875
8 0.92665625 0.44204166718750004 0.9343281250000001 0.4484375 0.9306428578125001 0.4543869046875 0.9321160718750001 0.4652440484375 0.93215625 0.49341666718750005 0.9350625000000001 0.48695833281249995 0.9389218749999999 0.4876041671875 0.9411093749999999 0.4927708328125 0.9452187500000001 0.4876041671875 0.9500624999999999 0.492125 0.9335892859375001 0.47610118906250004 0.940078125 0.45395833281250003 0.9362343750000001 0.45225 0.9474218750000001 0.4386458328125 0.9474218750000001 0.41989583281250004 0.938484375 0.4109583328125 0.9247500000000001 0.4109583328125 0.921234375 0.41479166718749994 0.9262232140625001 0.4218154765625 0.9205937499999999 0.42883333281249997 0.9276964281250001 0.43267261875 0.92665625 0.44204166718750004
8 0.8531093750000001 0.4105208328125 0.8612968750000001 0.415125 0.8612968750000001 0.4105208328125 0.864921875 0.4069375 0.865875 0.3993958328125 0.864609375 0.386375 0.852328125 0.3853125 0.849015625 0.40275 0.8515312500000001 0.4052708328125 0.8531093750000001 0.4105208328125
8 0.73003125 0.6907291671875 0.731515625 0.6392708328125 0.74190625 0.6234375 0.743390625 0.5878125 0.737453125 0.5482291671875 0.704796875 0.5482291671875 0.701828125 0.6076041671875 0.7166718750000001 0.6353125000000001 0.722609375 0.653125 0.71815625 0.68875 0.73003125 0.6907291671875
8 0.26378124999999997 0.43958333281249995 0.267890625 0.4336458328125 0.2680625 0.4174791671875 0.258796875 0.41652083281249996 0.253265625 0.4179375 0.25379687500000003 0.4326875 0.25825 0.4393541671875 0.25915625000000003 0.44006249999999997 0.263078125 0.4405416671875 0.26378124999999997 0.43958333281249995
8 0.479 0.6392291671875 0.478296875 0.5869375 0.474828125 0.5823125 0.46476562499999996 0.5804583328125 0.454359375 0.5813958328125 0.45365625 0.5883333328125 0.455046875 0.6471041671875 0.463375 0.65125 0.4734375 0.649875 0.479 0.6392291671875
8 0.369953125 0.7210833328125 0.353140625 0.779375 0.42712500000000003 0.779375 0.46076562499999996 0.81525 0.44898437500000005 0.922875 0.467484375 0.9385625 0.47757812499999996 0.9654791671874999 0.51625 0.9408125 0.5397968750000001 0.9654791671874999 0.531390625 0.9878958328125 0.97365625 0.9856458328125 0.9719687499999999 0.9721875000000001 0.9921562500000001 0.9520208328124999 0.951796875 0.7591875 0.7298281249999999 0.6605416671875 0.72478125 0.6919375 0.74328125 0.7008958328125 0.7298281249999999 0.7524583328125 0.72140625 0.7861041671875 0.73990625 0.8040416671875 0.709640625 0.8062708328125 0.68946875 0.7973125 0.709640625 0.7816041671875 0.709640625 0.7636875 0.702921875 0.7614375 0.6793750000000001 0.7703958328125 0.6541406249999999 0.7547083328124999 0.6541406249999999 0.6717500000000001 0.649109375 0.633625 0.613796875 0.6179375 0.613796875 0.7143541671875 0.605375 0.7681666671875 0.566703125 0.7614375 0.54484375 0.7479791671875 0.5330781250000001 0.7255625 0.514578125 0.707625 0.49607812500000004 0.707625 0.48262499999999997 0.6784791671875 0.48598437499999997 0.6089583328125 0.49103125 0.5887916671875 0.47926562500000003 0.60225 0.47421875 0.6426041671875 0.452359375 0.6448333328125 0.43553125000000004 0.6291458328124999 0.4288125 0.5955208328125 0.41200000000000003 0.5753333328125 0.42040625 0.5551666671875 0.4103125 0.5551666671875 0.405265625 0.5910416671875 0.395171875 0.6089583328125 0.36828125 0.5932708328125 0.36659375 0.5551666671875 0.36490625 0.5417083328125 0.3565 0.5596458328125 0.353140625 0.5731041671875 0.34809375 0.5775833328125 0.34640624999999997 0.5955208328125 0.32623437499999997 0.60225 0.307734375 0.5820624999999999 0.31446874999999996 0.5596458328125 0.28923437500000004 0.561875 0.282515625 0.5775833328125 0.270734375 0.5596458328125 0.25896875 0.5596458328125 0.248875 0.5596458328125 0.230375 0.564125 0.21692187500000001 0.6941666671875 0.285875 0.6829583328125 0.33799999999999997 0.674 0.369953125 0.7210833328125
9 0.8949374999999999 0.5325833328125 0.92696875 0.46741666718749997 0.92359375 0.3820208328125 0.910109375 0.3550625 0.8932656250000001 0.305625 0.866296875 0.294375 0.851125 0.3101041671875 0.8460625 0.35954166718749997 0.82584375 0.36404166718750003 0.8072968749999999 0.4179791671875 0.788765625 0.501125 0.768546875 0.6741666671875 0.78034375 0.6763958328124999 0.792140625 0.6898958328125 0.8494375 0.5752708328125 0.8949374999999999 0.5325833328125
9 0.651546875 0.6351875 0.66509375 0.5342083328125 0.66909375 0.47787499999999994 0.68184375 0.47893749999999996 0.685828125 0.4959375 0.6898125 0.5001875 0.6898125 0.507625 0.6898125 0.5543958328125 0.736859375 0.5501458328125 0.74084375 0.5044375 0.77671875 0.47893749999999996 0.76634375 0.3779375 0.74084375 0.34075 0.7193125 0.3322291671875 0.72090625 0.3014166671875 0.71771875 0.2673958328125 0.685828125 0.2642083328125 0.676265625 0.27908333281250003 0.6722812499999999 0.3173541671875 0.67865625 0.34925 0.657921875 0.362 0.6411875 0.39708333281249997 0.6411875 0.3779375 0.64278125 0.3566875 0.637203125 0.3365 0.62603125 0.338625 0.617265625 0.362 0.62284375 0.3853958328125 0.6180625 0.45766666718750004 0.627625 0.473625 0.656328125 0.45872916718749995 0.65234375 0.490625 0.60371875 0.4916875 0.5885625 0.49487500000000006 0.58696875 0.5490833328125 0.602921875 0.5661041671875 0.614078125 0.5862916671875 0.614078125 0.5958541671875001 0.609296875 0.6118125 0.6244375 0.6171249999999999 0.630015625 0.5916041671875 0.625234375 0.5448333328125 0.648359375 0.5395208328125001 0.640390625 0.5767291671875 0.625234375 0.61925 0.651546875 0.6351875
9 0.583 0.3000833328125 0.567109375 0.3044583328125 0.556140625 0.322 0.5566875 0.3410208328125 0.535296875 0.3585625 0.530359375 0.3812291671875 0.525984375 0.40316666718749994 0.5128125 0.43460416718749995 0.5128125 0.46604166718749995 0.51446875 0.4791875 0.507890625 0.48650000000000004 0.489796875 0.520125 0.51171875 0.5193958328125 0.51446875 0.5815416671875 0.53365625 0.5705833328125001 0.5325624999999999 0.5274375 0.551203125 0.5223333328125 0.5506562500000001 0.5647291671875 0.556140625 0.5610833328125 0.5682031249999999 0.5128125 0.565453125 0.4762708328125 0.5736875 0.4682291671875 0.578609375 0.471875 0.582453125 0.49381250000000004 0.594515625 0.4923541671875 0.60821875 0.45945833281250004 0.617546875 0.4024166671875 0.591234375 0.3724583328125 0.60603125 0.36002083281249997 0.60384375 0.3249375 0.60109375 0.3227291671875 0.594515625 0.3037291671875 0.583 0.3000833328125
9 0.440109375 0.45904166718750006 0.44420312500000003 0.4767708328125 0.45648437499999994 0.495875 0.45648437499999994 0.5245208328125 0.483078125 0.54225 0.49740624999999994 0.5245208328125 0.507640625 0.4836041671875 0.507640625 0.47131249999999997 0.5168437499999999 0.4440416671875 0.527078125 0.41264583281249995 0.53321875 0.38264583281250003 0.517875 0.3621666671875 0.517875 0.352625 0.517875 0.3239791671875 0.502515625 0.29122916718749997 0.47182812500000004 0.2885 0.4605625 0.3076041671875 0.45648437499999994 0.352625 0.447265625 0.35808333281250004 0.42476562500000004 0.3799166671875 0.416578125 0.42083333281249996 0.427828125 0.4399375 0.42884374999999997 0.46177083281250003 0.41453125 0.4876875 0.4380625 0.46449999999999997 0.434984375 0.4303958328125 0.440109375 0.45904166718750006
9 0.247265625 0.5556875 0.268859375 0.5556875 0.26615625 0.5160833328125001 0.26818749999999997 0.4971875 0.27290625 0.46929166718750004 0.27290625 0.4296875 0.278984375 0.4242916671875 0.2850625 0.43237500000000006 0.289109375 0.4602916671875 0.29384375 0.49447916718749996 0.3019375 0.48547916718749995 0.309359375 0.47468750000000004 0.3120625 0.463875 0.31071875000000004 0.450375 0.30734374999999997 0.4332916671875 0.29721875 0.405375 0.28640625000000003 0.3855833328125 0.27359374999999997 0.3729791671875 0.25198437500000004 0.3630833328125 0.247265625 0.3531666671875 0.2479375 0.3297708328125 0.24590625 0.3135625 0.24253125 0.3009791671875 0.22565624999999997 0.292875 0.2074375 0.3036666671875 0.20406249999999998 0.3117708328125 0.20540625 0.32166666718750003 0.20540625 0.3306666671875 0.20878125 0.3432708328125 0.216203125 0.364875 0.19865625 0.3747708328125 0.18717187500000002 0.3819791671875 0.182453125 0.40268750000000003 0.18178125 0.4224791671875 0.181109375 0.45397916718750003 0.1865 0.4827916671875 0.19528125000000002 0.4971875 0.20270312499999998 0.5070833328125001 0.20607812499999997 0.5268958328125 0.23781249999999998 0.5322916671875 0.239828125 0.5376875 0.247265625 0.5556875
8 0.695171875 0.7667291671875 0.698859375 0.758875 0.698125 0.7490625 0.6944375 0.7087708328125 0.69959375 0.6940416671875 0.70621875 0.6743958328125 0.698125 0.619375 0.684125 0.5672916671875 0.68190625 0.4867291671875 0.682640625 0.47691666718750003 0.662015625 0.47691666718750003 0.6590625 0.5407708328124999 0.6517031249999999 0.6036458328125 0.648015625 0.6282083328125 0.645796875 0.6773333328125 0.6546406250000001 0.7618333328125 0.66128125 0.7687083328125001 0.6833750000000001 0.7706666671875 0.695171875 0.7667291671875
8 0.523484375 0.7120833328125 0.528046875 0.6363958328125 0.513859375 0.5999166671875 0.509296875 0.5168125 0.495609375 0.5154583328125 0.495109375 0.5972083328125 0.48446875 0.6262708328125 0.4875 0.7019375 0.493078125 0.7168125 0.5194375 0.7181666671875 0.523484375 0.7120833328125
8 0.585515625 0.5269375000000001 0.578609375 0.4822291671875 0.57565625 0.4690833328125 0.5687656249999999 0.47041666718749997 0.5687656249999999 0.5085208328124999 0.56975 0.5242916671875 0.559890625 0.536125 0.5589062499999999 0.5611041671875 0.5943906250000001 0.5571666671875 0.5934062499999999 0.5453333328125 0.585515625 0.5269375000000001
8 0.285109375 0.42033333281249996 0.28142187500000004 0.4181666671875 0.27496875 0.41879166718749994 0.27335937499999996 0.42125 0.273125 0.4372083328125 0.27128125000000003 0.4565625 0.27151562500000004 0.4796041671875 0.269671875 0.4943333328125 0.26875 0.502625 0.26990625 0.54625 0.271046875 0.5539166671875 0.273578125 0.56375 0.278421875 0.5720416671875 0.28878125 0.5738958328125 0.29546875 0.5720416671875 0.29707812499999997 0.5695833328125001 0.29707812499999997 0.5622083328125 0.296390625 0.5112291671875 0.293390625 0.4900416671875 0.29246875 0.4869791671875 0.28671875 0.45287499999999997 0.285109375 0.42033333281249996
8 0.342125 0.4414583328125 0.33303125 0.4409166671875 0.3310625 0.4883125 0.33778125000000003 0.4962083328125 0.343703125 0.57675 0.3559375 0.5746458328124999 0.353171875 0.49725 0.344484375 0.4809375 0.342125 0.4414583328125
8 0.312796875 0.5817708328125 0.312796875 0.5899583328125 0.31740625 0.60225 0.3243125 0.6053333328125 0.3296875 0.60225 0.34121875 0.60225 0.34428125 0.5991875 0.341984375 0.5940624999999999 0.341984375 0.5889375 0.33890625 0.4967708328125 0.331234375 0.48754166718749997 0.32815625000000004 0.4506875 0.323546875 0.4506875 0.318171875 0.4547708328125 0.31740625 0.4865208328125 0.308953125 0.49779166718749995 0.312796875 0.5817708328125
8 0.441 0.5205625 0.44251562499999997 0.5002500000000001 0.449625 0.4833125 0.441 0.4690833328125 0.4374375 0.4413125 0.438453125 0.4297916671875 0.43184374999999997 0.42777083281249995 0.43032812500000006 0.4331875 0.43032812500000006 0.47112499999999996 0.424234375 0.48262499999999997 0.42371875000000003 0.5347916671874999 0.426765625 0.5483333328125 0.42728124999999995 0.5517083328125 0.43795312500000005 0.5435833328124999 0.441 0.5205625
8 0.52934375 0.6175625 0.5268125 0.6292083328125 0.5285 0.6367083328125 0.5239843750000001 0.7159791671875 0.524546875 0.722375 0.5310312500000001 0.7291458328125 0.538359375 0.7313958328125 0.537796875 0.6820416671875 0.54146875 0.6151666671875 0.538078125 0.585375 0.5513281250000001 0.5628333328124999 0.5479375 0.525625 0.534140625 0.5271250000000001 0.533296875 0.5799791671875 0.533578125 0.6055208328125 0.52934375 0.6175625
8 0.09190625 0.5595416671875 0.10296875000000001 0.5542916671875 0.1117633921875 0.5970059515624999 0.105734375 0.6200833328125 0.09428125000000001 0.630625 0.08835937499999999 0.6385208328124999 0.10889062499999999 0.6390416671875 0.118359375 0.6290416671875 0.113962053125 0.6076845234375 0.1124375 0.541125 0.119953125 0.5279583328124999 0.1223125 0.5026875000000001 0.1171875 0.4837291671875 0.11560937499999999 0.4695208328125 0.074140625 0.47162499999999996 0.06979687500000001 0.49372916718750004 0.07375000000000001 0.5326875 0.089546875 0.5479583328125 0.09190625 0.5595416671875
8 0.008390625 0.39029166718749997 0.01678125 0.40225 0.022765625 0.4102291671875 0.023953125 0.40385416718749995 0.03234375 0.3966666671875 0.03771875 0.3615625 0.04071875 0.3288333328125 0.007796875 0.32725 0.0048125 0.3296458328125 0.00240625 0.3631458328125 0.008390625 0.39029166718749997
8 0.070453125 0.4230208328125 0.069640625 0.4252083328125 0.065546875 0.4299166671875 0.065546875 0.4306458328125 0.06528125 0.43137499999999995 0.08051562500000001 0.4299166671875 0.07725 0.4266458328125 0.075078125 0.42374999999999996 0.07725 0.41577083281249994 0.07834375 0.4059583328125 0.07725 0.3914375 0.06309375 0.39327083281249997 0.062281249999999996 0.40379166718750004 0.065546875 0.4125 0.06990625 0.42012499999999997 0.070453125 0.4230208328125
8 0.381921875 0.5504374999999999 0.37884375000000003 0.54225 0.36425 0.5442916671875 0.36809375 0.6037083328125 0.381921875 0.6067708328125 0.381921875 0.5504374999999999
8 0.448625 0.38835416718750004 0.45084375000000004 0.3888541671875 0.454015625 0.3828958328125 0.45773437499999997 0.38016666718750003 0.46070312500000005 0.3652916671875 0.44749999999999995 0.3645625 0.44712500000000005 0.3764583328125 0.45307812500000005 0.3814166671875 0.448625 0.38835416718750004
8 0.362796875 0.5414583328125 0.36921875000000004 0.6007916671875 0.380078125 0.5959666671875 0.38235416718750004 0.59727430625 0.38053125 0.6078333328125 0.39825 0.59375 0.401265625 0.59575 0.40579687499999995 0.59525 0.40617187499999996 0.5434583328125 0.39146875 0.5444791671875 0.389578125 0.5374375 0.3861875 0.5374375 0.378390625 0.5387777765624999 0.378265625 0.5485 0.37059375 0.54011805625 0.362796875 0.5414583328125
9 0.37246875 0.3614166671875 0.3505625 0.3816458328125 0.335390625 0.406375 0.316859375 0.45806250000000004 0.33201562500000004 0.46929166718750004 0.335390625 0.44456249999999997 0.3471875 0.4490625 0.335390625 0.4805208328125 0.364046875 0.5097291671875 0.387640625 0.46704166718750006 0.40449999999999997 0.503 0.43314062499999995 0.4647916671875 0.42303125 0.42435416718749996 0.42640625 0.401875 0.40112500000000006 0.3861458328125 0.411234375 0.3434375 0.39437500000000003 0.30525 0.37078125 0.3075 0.37078125 0.3187291671875 0.364046875 0.32995833281250003 0.37246875 0.3614166671875
9 0.1130625 0.47943749999999996 0.11884375 0.5138125 0.11990624999999999 0.5222291671875 0.129375 0.5285416671875 0.139359375 0.5376458328125 0.157765625 0.552375 0.167765625 0.6470625 0.16934375 0.6540625 0.177234375 0.6708958328125 0.1814375 0.7045625 0.19775 0.7052708328125 0.2093125 0.6989583328125 0.198796875 0.6793125 0.19564062499999998 0.6680833328125 0.188796875 0.59375 0.193015625 0.6000625 0.201953125 0.6197083328125 0.2093125 0.6386458328125 0.20826562499999998 0.6603749999999999 0.218265625 0.6589791671875 0.22509375 0.5951666671875 0.217203125 0.5762291671875001 0.20773437499999997 0.5446666671875 0.204578125 0.5341458328125 0.196171875 0.5081875 0.191953125 0.49066666718749996 0.185125 0.48224999999999996 0.183546875 0.4689166671875 0.1814375 0.45629166718749997 0.18090625 0.4296458328125 0.1814375 0.4303541671875 0.179859375 0.42543749999999997 0.167234375 0.3889791671875 0.15303125 0.38195833281249997 0.15040625000000002 0.3791458328125 0.155140625 0.3770416671875 0.15882812500000001 0.3672291671875 0.15882812500000001 0.3546041671875 0.157765625 0.33987500000000004 0.15725 0.33077083281249997 0.14725 0.31604166718750004 0.1383125 0.3104166671875 0.135671875 0.3041041671875 0.111484375 0.29920833281250003 0.10096875000000001 0.3139375 0.095703125 0.34550000000000003 0.09359375 0.3602083328125 0.092546875 0.36583333281249997 0.09517187499999999 0.3770416671875 0.09623437500000001 0.3896666671875 0.094125 0.3924791671875 0.0851875 0.40160416718749997 0.08203125 0.41352083281249996 0.098328125 0.46681249999999996 0.099390625 0.466125 0.10885937500000001 0.47102083281249996 0.1130625 0.47943749999999996
9 0.52871875 0.9853541671875 0.53209375 0.9650833328124999 0.511828125 0.9470625 0.47634375 0.9786041671874999 0.42302840937499997 0.9616928015624999 0.41723437499999994 0.9673333328125 0.41541193125 0.95927689375 0.40779545468749995 0.9568609859375 0.40709895781250005 0.95081944375 0.4001789765625 0.954445075 0.39256250000000004 0.9520291671875001 0.40203125 0.9425625 0.3733125 0.8952708328125001 0.33615625 0.8254583328124999 0.27871875 0.7894166671875 0.181496528125 0.8717476859375 0.1793011359375 0.8843837125 0.1745520828125 0.8776284734375001 0.171684659375 0.8819678015625 0.1676076390625 0.8835092578125 0.16406818125 0.8795518937500001 0.0650539765625 0.848145075 0.06334375 0.8547291671874999 0.057437499999999996 0.8457291671875 0.03378125 0.7803958328125 0.0016875000000000002 0.7218541671875001 0.007036457812499999 0.7316111109375 0.00162 0.7323941671875 0.00054 0.9010341671875001 0 0.9853541671875 0.415546875 0.9876041671875001 0.516890625 0.989875 0.52871875 0.9853541671875
9 0.065734375 0.8494375 0.15337499999999998 0.8898958328125 0.2545 0.7910208328125 0.303375 0.7797708328125 0.34550000000000003 0.8179791671875 0.364046875 0.8853958328125 0.43820312499999997 0.9797708328124999 0.47021875 0.8247291671875001 0.431453125 0.7752708328125 0.362359375 0.7685416671875 0.37415625 0.7258333328125001 0.3539375 0.6853958328124999 0.31179687500000003 0.6786458328125 0.13314062499999998 0.7280833328125 0.037078125 0.6516875 0.040453125 0.6426875 0 0.5415833328125 0.025281249999999998 0.6516875 0.011796875 0.7236041671875 0.065734375 0.8494375
8 0.5482812499999999 0.3611458328125 0.54453125 0.3586458328125 0.54078125 0.3592708328125 0.5393749999999999 0.3648958328125 0.5421875 0.372375 0.54640625 0.37487499999999996 0.5506249999999999 0.37174999999999997 0.550109375 0.3662708328125 0.549859375 0.3645833328125 0.5526093750000001 0.3625833328125 0.554125 0.3615833328125 0.557890625 0.3615833328125 0.5626562500000001 0.3615833328125 0.56471875 0.3604791671875 0.56365625 0.3569375 0.5604843749999999 0.3505625 0.559421875 0.34775 0.559046875 0.3455208328125 0.5506249999999999 0.3511458328125 0.54921875 0.3536458328125 0.55015625 0.3573958328125 0.5482812499999999 0.3611458328125
8 0.9758281249999999 0.7553958328125 0.98009375 0.7415 0.9767812499999999 0.7339166671874999 0.97203125 0.71875 0.972515625 0.7004374999999999 0.9767812499999999 0.6884375 0.98340625 0.6808541671875 0.9905156249999999 0.6796041671874999 0.999984375 0.6840208328124999 1 0.6139166671875 0.9928750000000001 0.6139166671875 0.961140625 0.6094999999999999 0.900984375 0.6492916671875 0.900984375 0.6518125 0.90334375 0.6783333328125 0.9028750000000001 0.7326458328125 0.957359375 0.7598125 0.9672968750000001 0.8071875000000001 0.9758281249999999 0.7553958328125
8 0.61778125 0.7050416671875 0.609765625 0.6016874999999999 0.599078125 0.569625 0.5643281250000001 0.5607083328125 0.5389375000000001 0.6034791671875 0.53359375 0.7495833328125 0.583046875 0.7673958328125 0.6111093750000001 0.7602708328125 0.61778125 0.7050416671875
8 0.010734375 0.7047291671875 0.019984375 0.6659583328124999 0.017343749999999998 0.6289791671875 0.002796875 0.5831666671875 0.0008281250000000001 0.7223541671875 0.0054531250000000005 0.7188125000000001 0.010734375 0.7047291671875
8 0.46678125000000004 0.6741875 0.473140625 0.671 0.44746874999999997 0.6706458328125 0.403796875 0.6777083328125 0.401953125 0.683 0.404859375 0.6900625 0.45303125 0.6798333328124999 0.455140625 0.6752291671874999 0.46678125000000004 0.6741875
9 0.84634375 0.5854375 0.84878125 0.612 0.847796875 0.6236458328125 0.8337187500000001 0.64825 0.823515625 0.658625 0.79146875 0.6910000000000001 0.8526562500000001 0.7123541671875 0.8614062499999999 0.7000625 0.86675 0.7123541671875 0.8730625 0.713 0.8686875000000001 0.7227291671875 0.887140625 0.7298541671875001 0.90365625 0.7285416671875 0.9055937500000001 0.7227291671875 0.904625 0.7136666671875 0.9041406249999999 0.6994166671875 0.903171875 0.6896875 0.905109375 0.6722083328124999 0.899765625 0.6515 0.907046875 0.6463125 0.9240468749999999 0.6353125000000001 0.951734375 0.6158750000000001 0.9633906250000001 0.6068125 0.997875 0.6113541671875 0.9998125 0.5524166671875 0.99884375 0.497375 1 0.4248541671875 0.994953125 0.43843750000000004 0.98184375 0.4228958328125 0.967765625 0.3963541671875 0.955140625 0.3872916671875 0.940078125 0.375625 0.92890625 0.38016666718750003 0.920171875 0.389875 0.9153125 0.4028333328125 0.913859375 0.4131875 0.9196875 0.4138333328125 0.92890625 0.4060625 0.931828125 0.40737500000000004 0.943 0.41966666718749995 0.9536718750000001 0.4410416671875 0.9682499999999999 0.4675833328125 0.975046875 0.4805416671875 0.977953125 0.4844166671875 0.9692187499999999 0.4993125 0.959984375 0.5135625 0.9507656250000001 0.5206875 0.9448281250000001 0.5268541671875 0.9425000000000001 0.5381666671875001 0.905109375 0.5465833328125 0.8769375 0.5491875 0.85459375 0.5576041671875 0.84634375 0.5854375
8 0.631921875 0.34582291718749997 0.625890625 0.3571458328125 0.629671875 0.3546041671875 0.6295 0.35852083281249997 0.6321718749999999 0.35920833281250003 0.6327812500000001 0.3551875 0.63734375 0.35989583281250004 0.638625 0.3565625 0.64225 0.3589791671875 0.642765625 0.3570208328125 0.637953125 0.3345 0.6390781249999999 0.3303333328125 0.6451718750000001 0.3248541671875 0.649296875 0.3184166671875 0.6505625 0.2951666671875 0.644609375 0.2891041671875 0.634265625 0.2889166671875 0.629859375 0.2919583328125 0.627734375 0.3129375 0.63028125 0.3223958328125 0.63396875 0.328625 0.63440625 0.3343125 0.631921875 0.34582291718749997
8 0.3734375 0.4625 0.3921875 0.4933333328125 0.3921875 0.5416666671875 0.396875 0.5479166671875 0.40625 0.5479166671875 0.4109375 0.5375 0.4109375 0.48333333281249996 0.40625 0.475 0.396875 0.475 0.3921875 0.48125 0.3903125 0.46749999999999997 0.38375 0.45999999999999996 0.3765625 0.4583333328125 0.378125 0.4458333328125 0.3734375 0.4375 0.370625 0.445 0.3640625 0.4375 0.359375 0.44375 0.359375 0.45625 0.3640625 0.4625 0.3734375 0.4625