9 0.35765625 0.1717708328125 0.35807812499999997 0.1720416671875 0.358921875 0.1720416671875 0.35934374999999996 0.1712083328125 0.360390625 0.1686875 0.360390625 0.168125 0.360390625 0.165875 0.359765625 0.1625 0.358921875 0.1599791671875 0.359125 0.15772916718750002 0.35765625 0.1554791671875 0.35659375 0.1549166671875 0.3561875 0.15575 0.355125 0.1588541671875 0.35534374999999996 0.1622291671875 0.35659375 0.1712083328125 0.357234375 0.1712083328125 0.35765625 0.1717708328125
8 0.277640625 0.5075208328125 0.232875 0.5443125 0.22367187500000002 0.5991041671875 0.2623125 0.6285416671874999 0.3211875 0.6154583328125 0.32425000000000004 0.611375 0.36717187500000004 0.5737708328125 0.36901562499999996 0.5181666671875 0.33406250000000004 0.4960833328125 0.277640625 0.5075208328125
8 0.79521875 0.4425625 0.79659375 0.44439583281250006 0.801390625 0.4456041671875 0.8032187499999999 0.4456041671875 0.8045937500000001 0.4456041671875 0.806640625 0.4456041671875 0.8087031250000001 0.44439583281250006 0.81053125 0.4419583328125 0.8114375 0.4407291671875 0.8128125 0.438 0.8130468750000001 0.43433333281250003 0.8130468750000001 0.4297708328125 0.810984375 0.42337499999999995 0.8082499999999999 0.41910416718750004 0.805046875 0.41637500000000005 0.7995625000000001 0.41637500000000005 0.7961406249999999 0.4175833328125 0.794078125 0.4185 0.792484375 0.4200208328125 0.79134375 0.4221458328125 0.790421875 0.4248958328125 0.790421875 0.4285416671875 0.79225 0.4346458328125 0.7929375000000001 0.438 0.7927187499999999 0.4376875 0.794078125 0.43981250000000005 0.79521875 0.4425625
8 0.835515625 0.41224999999999995 0.8323750000000001 0.4200208328125 0.832046875 0.4284166671875 0.8339375 0.44018750000000006 0.8361562499999999 0.44185416718750004 0.839140625 0.4414375 0.8413437500000001 0.43933333281250003 0.842921875 0.43577083281249995 0.843703125 0.43072916718750004 0.844171875 0.4240208328125 0.84434375 0.41352083281249996 0.842125 0.4086875 0.8405625000000001 0.4086875 0.838828125 0.4091041671875 0.835515625 0.41224999999999995
9 0.89159375 0.0538125 0.8917343750000001 0.048083332812500004 0.891875 0.042375 0.8913125000000001 0.0403333328125 0.889796875 0.0368333328125 0.8881406249999999 0.034437499999999996 0.88703125 0.0340625 0.885359375 0.0396041671875 0.884390625 0.045145832812499995 0.8835625 0.0492083328125 0.883703125 0.053083332812499995 0.8838437499999999 0.05437499999999999 0.884390625 0.055833332812500004 0.88453125 0.0582291671875 0.8903437500000001 0.0591666671875 0.8911718750000001 0.056937499999999995 0.89159375 0.0538125
9 0.902296875 0.039125 0.899078125 0.0362708328125 0.897640625 0.039125 0.897828125 0.0455625 0.897828125 0.050812500000000003 0.8962187500000001 0.0558125 0.897828125 0.058437499999999996 0.8981875 0.058437499999999996 0.901578125 0.052000000000000005 0.90246875 0.04675 0.902296875 0.0422291671875 0.902296875 0.039125
9 0.6125468749999999 0.2328333328125 0.61309375 0.2387708328125 0.6178281250000001 0.2372708328125 0.6189375 0.2357916671875 0.6189375 0.2343125 0.620046875 0.2270833328125 0.620046875 0.2268958328125 0.619625 0.22560416718749998 0.6190781249999999 0.2230208328125 0.6189375 0.22004166718749998 0.6189375 0.21875 0.6189375 0.2176458328125 0.6187968749999999 0.2148541671875 0.616984375 0.2142916671875 0.61490625 0.2148541671875 0.61365625 0.21652083281249998 0.611984375 0.22170833281250002 0.613375 0.2231875 0.6125468749999999 0.2248541671875 0.6125468749999999 0.228375 0.6125468749999999 0.2328333328125
9 0.513875 0.0113958328125 0.514515625 0.013625000000000002 0.5152812499999999 0.013958332812499998 0.51515625 0.0093541671875 0.51503125 0.0052708328125 0.51515625 0.0006666671875 0.513234375 0.0001458328125 0.512984375 0.0015208328125 0.5108125 0.0015208328125 0.5111875 0.0057708328125 0.51209375 0.0062916671875 0.51234375 0.008666667187500001 0.5111875 0.0102083328125 0.5110625 0.0132708328125 0.511703125 0.013958332812499998 0.51259375 0.0107291671875 0.513875 0.0113958328125
9 0.82296875 0.23577083281250003 0.821953125 0.23522916718750003 0.821953125 0.23362500000000003 0.8235625000000001 0.2317291671875 0.8233750000000001 0.2306458328125 0.8225625000000001 0.2301041671875 0.8215468749999999 0.23118750000000002 0.8209375 0.2328125 0.81953125 0.2346875 0.81953125 0.2392708328125 0.8183125 0.2400833328125 0.8185156250000001 0.2433125 0.8205312499999999 0.244125 0.8203437499999999 0.2478958328125 0.8235625000000001 0.2484375 0.8235625000000001 0.23872916718749998 0.82296875 0.23577083281250003
8 0.9011093750000001 0.138375 0.9073437500000001 0.1402916671875 0.915015625 0.13885416718750002 0.916796875 0.1357708328125 0.916984375 0.1331458328125 0.916796875 0.1281666671875 0.90984375 0.12506250000000002 0.90253125 0.12410416718749999 0.8995 0.1260416671875 0.8946875000000001 0.1303125 0.8953906249999999 0.13625 0.8971718750000001 0.1369583328125 0.9011093750000001 0.138375
8 0.98121875 0.1499375 0.98146875 0.1464791671875 0.9739531250000001 0.13956249999999998 0.967734375 0.13783333281250001 0.9596875 0.138875 0.9563124999999999 0.1440625 0.957609375 0.14475 0.9596875 0.1506458328125 0.9653906250000001 0.1541041671875 0.9716250000000001 0.1541041671875 0.98121875 0.1499375
9 0.908015625 0.039541667187500004 0.9069687500000001 0.0479583328125 0.9057031249999999 0.0594791671875 0.91096875 0.058062499999999996 0.9111874999999999 0.0507708328125 0.9113906249999999 0.0409375 0.91096875 0.0364375 0.9088593749999999 0.035875000000000004 0.908015625 0.039541667187500004
9 0.6255 0.22897916718750003 0.622359375 0.2212083328125 0.622359375 0.214625 0.622578125 0.20716666718750001 0.6205625 0.205375 0.618765625 0.20716666718750001 0.618765625 0.21075 0.6194375 0.2244791671875 0.6216875 0.2316666671875 0.62415625 0.23224999999999998 0.6255 0.22897916718750003
9 0.9367812499999999 0.3112916671875 0.9383593749999999 0.30593750000000003 0.940453125 0.3005833328125 0.9418593749999999 0.2977916671875 0.942203125 0.2947708328125 0.942203125 0.29035416718749996 0.942203125 0.2875625 0.94203125 0.2854583328125 0.9418593749999999 0.2812708328125 0.9390625 0.2817291671875 0.9383593749999999 0.2822083328125 0.938015625 0.28337500000000004 0.9376562500000001 0.2847708328125 0.9367812499999999 0.2852291671875 0.9355625 0.2854583328125 0.9353906249999999 0.2873333328125 0.9360937500000001 0.2889583328125 0.9348750000000001 0.29454166718749997 0.9350468749999999 0.2980416671875 0.9350468749999999 0.3064166671875 0.9345156250000001 0.3089791671875 0.9353906249999999 0.3117708328125 0.9367812499999999 0.3112916671875
9 0.15765625 0.0905208328125 0.157859375 0.0914583328125 0.15884375 0.0933958328125 0.15884375 0.0970416671875 0.1585625 0.099 0.160109375 0.10058333281250001 0.16059375 0.1003125 0.16107812500000002 0.1009583328125 0.161578125 0.1018958328125 0.162765625 0.10254166718749999 0.16178125000000002 0.10058333281250001 0.162265625 0.09862499999999999 0.162765625 0.0969583328125 0.162765625 0.0953541671875 0.162265625 0.0904166671875 0.16178125000000002 0.0884583328125 0.16178125000000002 0.0862291671875 0.1603125 0.0846458328125 0.159546875 0.0846458328125 0.158640625 0.0852916671875 0.15884375 0.08789583281249999 0.15884375 0.0885625 0.158359375 0.0892083328125 0.15765625 0.0905208328125