8 0.91521875 0.591690140625 0.921046875 0.6249530515624999 0.9338593749999999 0.6424647890624999 0.9385312499999999 0.6669718312499999 0.945515625 0.68624413125 0.956015625 0.680985915625 0.9734999999999999 0.645962440625 0.985140625 0.5444131453125001 0.9035624999999999 0.518145540625 0.905890625 0.52340375625 0.909390625 0.5671830984375 0.91521875 0.591690140625
8 0.6732477671875 0.5150754531249999 0.765234375 0.5999765265625 0.7659374999999999 0.6042253515625 0.78009375 0.603145540625 0.7907031250000001 0.5468075125 0.7892890625 0.5308685453125 0.780328125 0.5252034437499999 0.787875 0.5149295781250001 0.750375 0.49046948281249997 0.7418828125 0.495786384375 0.74153125 0.48781690156249996 0.7150000000000001 0.47985915468749996 0.67325 0.4638967140625 0.6642265625 0.5005692484375001 0.6661718750000001 0.5085446015625 0.66121875 0.5127934265625 0.6732477671875 0.5150754531249999
8 0.026890625 0.2801173703125 0.0315625 0.28284037500000003 0.03259375 0.2703755875 0.0351875 0.26568075156250004 0.0351875 0.26373239375 0.035703125 0.256713615625 0.03 0.21769953125 0.026109375 0.2126291078125 0.01571875 0.2103051640625 0.0011875 0.21107981250000002 0.000921875 0.2719248828125 0.026359375 0.2703755875 0.026890625 0.2801173703125
8 0.208640625 0.6004929578125 0.210359375 0.5998591546875 0.21164062499999997 0.5695305171875 0.21551562500000002 0.5585680749999999 0.21637499999999998 0.5495305171875 0.217234375 0.5385446015625 0.21551562500000002 0.5230751171875 0.210359375 0.5088732390625 0.2129375 0.49272300468749997 0.21465625 0.4811267609375 0.19446875 0.485633803125 0.19275 0.48884976562500004 0.201765625 0.542417840625 0.208640625 0.6004929578125
9 0.8760625 1 0.88203125 0.9901408453125 0.8865000000000001 0.9296009390625001 0.877546875 0.8869953046875001 0.8715781249999999 0.8421596250000001 0.852171875 0.7973004687499999 0.8491875 0.7838497656250001 0.796953125 0.7592018781250001 0.75665625 0.739014084375 0.74471875 0.7076291078125 0.7506875 0.6874413140625 0.762640625 0.6739906109375 0.77009375 0.6493192484375 0.765625 0.6246713609375 0.767109375 0.60448356875 0.767109375 0.5506807515625 0.755171875 0.5147887328125 0.731296875 0.49014084531249996 0.7029375 0.49014084531249996 0.676078125 0.50359155 0.65815625 0.5260093890624999 0.64771875 0.5529107984375 0.656671875 0.53946009375 0.6507031249999999 0.584295775 0.6507031249999999 0.6134507046875 0.649203125 0.633638496875 0.649203125 0.667253521875 0.661140625 0.67624413125 0.662640625 0.7053755875000001 0.655171875 0.7322769953125 0.611890625 0.739014084375 0.558171875 0.7726525828125 0.54771875 0.82197183125 0.552203125 0.884741784375 0.5536875 0.981173709375 0.5536875 1 0.8760625 1
9 0.434765625 0.39192488281250004 0.434765625 0.42593896718749996 0.448921875 0.45039906093750004 0.470859375 0.45145539843750004 0.5090625 0.47164319218750006 0.51259375 0.49396713593749997 0.519671875 0.49929577500000005 0.523203125 0.49396713593749997 0.53665625 0.4833568078125 0.555046875 0.45251173749999996 0.543734375 0.3632394359375 0.51259375 0.329201878125 0.52109375 0.286690140625 0.509765625 0.262253521875 0.494203125 0.25692488281250003 0.48287500000000005 0.25373239375 0.470140625 0.2707511734375 0.46518750000000003 0.3494131453125 0.448921875 0.356854459375 0.434765625 0.39192488281250004
9 0.8525937499999999 0.651690140625 0.8869999999999999 0.66516431875 0.89 0.656173709375 0.9034531250000001 0.6584272296875 0.9049531249999999 0.6876291078125 0.91990625 0.69213615 0.936359375 0.678661971875 0.94084375 0.6584272296875 0.913921875 0.5775352109375 0.9004687499999999 0.5011267609375001 0.8750312499999999 0.42246478906249996 0.83315625 0.3910093890625 0.8346562499999999 0.3528169015625 0.801734375 0.29213615000000004 0.7763125 0.29661971875000004 0.7478906249999999 0.3303286390625 0.7389218750000001 0.40448356875 0.76284375 0.4471830984375 0.7344375000000001 0.49213615 0.770328125 0.5393192484375 0.7718281250000001 0.548309859375 0.7748125 0.6247183093750001 0.8525937499999999 0.651690140625
9 0.192953125 0.683145540625 0.18696875 0.71910798125 0.1795 0.759553990625 0.1795 0.797746478125 0.18996875 0.81124413125 0.22735937499999997 0.81124413125 0.22585937500000003 0.78875586875 0.240828125 0.759553990625 0.25428125 0.7370892015625 0.258765625 0.7123708921875 0.260265625 0.6876291078125 0.260265625 0.6719014078125001 0.27821875 0.6539436624999999 0.30215625 0.62697183125 0.30215625 0.5842723000000001 0.306640625 0.5528169015625 0.306640625 0.5258450703124999 0.306640625 0.467417840625 0.30065624999999996 0.45394366249999996 0.261765625 0.48539906093749996 0.2438125 0.50786385 0.236328125 0.5258450703124999 0.23484375000000002 0.5618075124999999 0.23484375000000002 0.5820187796875 0.21240625 0.6314553984375 0.203421875 0.6471830984375 0.192953125 0.683145540625
9 0.220375 0.435821596875 0.21437499999999998 0.5146478875 0.20389062500000002 0.625 0.226375 0.6024882625 0.23985937499999999 0.5213849765624999 0.27134375 0.4696009390625 0.296828125 0.4583333328125 0.3328125 0.4290610328125 0.3193125 0.3997652578125 0.3193125 0.36147887343749996 0.3313125 0.33446009375 0.3223125 0.3186854453125 0.304328125 0.314178403125 0.28484375 0.302934271875 0.26534375 0.302934271875 0.247359375 0.3186854453125 0.23985937499999999 0.3502347421875 0.232375 0.4020187796875 0.220375 0.435821596875
9 0.540921875 0.2153990609375 0.5369375 0.269295775 0.5465 0.2944366203125 0.558453125 0.3160093890625 0.5624374999999999 0.4034272296875 0.59671875 0.37948356875 0.5871562499999999 0.373474178125 0.583171875 0.3495305171875 0.572 0.34474178437499997 0.5775781249999999 0.3267840375 0.57678125 0.2992488265625 0.5879531250000001 0.27767605624999997 0.619828125 0.2680985921875 0.61903125 0.26211267656250004 0.61425 0.1866666671875 0.6110625 0.157934271875 0.591140625 0.12438967187500001 0.58396875 0.1100234734375 0.57678125 0.11122065781249998 0.5680156249999999 0.09805164375 0.55128125 0.08727699531250001 0.5337500000000001 0.1016431921875 0.52896875 0.129178403125 0.542515625 0.15553990625 0.552875 0.161525821875 0.5465 0.1866666671875 0.540921875 0.2153990609375
8 0.47703125 0.7483568078125 0.477703125 0.7397887328125 0.479703125 0.735281690625 0.48371875 0.729741784375 0.48773437499999994 0.7292488265625 0.48807812500000003 0.727230046875 0.48840625 0.7232159625000001 0.491421875 0.7171830984375 0.49878125000000006 0.716173709375 0.5001249999999999 0.716173709375 0.508828125 0.7181690140625 0.50915625 0.7181690140625 0.514515625 0.7186854453125 0.516515625 0.7211971828125 0.518859375 0.729741784375 0.520875 0.73124413125 0.5232187500000001 0.7357746484375001 0.522546875 0.747840375 0.522546875 0.767957746875 0.5309062499999999 0.7699765265625 0.572078125 0.7166666671875 0.57609375 0.7071126765625 0.577765625 0.700070421875 0.572078125 0.6960563375000001 0.570078125 0.6875117375 0.572078125 0.672417840625 0.57609375 0.634718309375 0.5784374999999999 0.623145540625 0.585796875 0.5929812203125 0.58278125 0.5864319250000001 0.582453125 0.5854225359375 0.5817812499999999 0.5834272296874999 0.572078125 0.608568075 0.569734375 0.6075586859375 0.558359375 0.60051643125 0.506484375 0.5819014078125 0.50546875 0.579906103125 0.5058125 0.5753755875000001 0.50715625 0.568849765625 0.5068125 0.5597887328125 0.50346875 0.5597887328125 0.502796875 0.560281690625 0.500453125 0.5683333328125 0.49509375 0.5864319250000001 0.4944375 0.5949765265625 0.49710937499999996 0.6000234734375 0.48740625 0.6709154921875 0.49175 0.675446009375 0.48539062499999996 0.6829812203125 0.48606249999999995 0.6925352109375 0.460625 0.7186854453125 0.46096875 0.735281690625 0.47367187499999996 0.7483568078125 0.47703125 0.7483568078125
8 0.8735468750000001 0.9076056343750001 0.9109375 0.9390610328125 0.91990625 0.9368075125 0.948328125 0.8559154921875001 0.8735468750000001 0.7884976531250001 0.827171875 0.7053521125 0.79875 0.74805164375 0.801734375 0.7615258218750001 0.861578125 0.7974882625 0.8735468750000001 0.9076056343750001
8 0.25009375 0.8162676062499999 0.230265625 0.8567370890625 0.22568749999999999 0.9400000000000001 0.23331249999999998 0.9461267609374999 0.31415625 0.9873708921875 0.327375 0.99730046875 0.439234375 1 0.43465625 0.957582159375 0.398046875 0.82694835625 0.365 0.7834272296875 0.28314062500000003 0.7620187796875 0.28314062500000003 0.7696713609375 0.245515625 0.787230046875 0.25009375 0.8162676062499999
9 0.483140625 0.83302816875 0.45023437499999996 0.7071830984374999 0.393390625 0.6375117375 0.41432812500000005 0.5768309859375 0.41134375 0.504929578125 0.40984375 0.44201877968750003 0.36496875 0.4195305171875 0.33206250000000004 0.424037559375 0.30065624999999996 0.45774647812499997 0.308125 0.5476291078125 0.305140625 0.6262910796875001 0.260265625 0.6802112671875 0.24681250000000002 0.7341549296875 0.224375 0.792582159375 0.23334375000000002 0.8420187796875 0.240828125 0.8644835687500001 0.306640625 0.9790845078125001 0.46668750000000003 0.9790845078125001 0.46967187499999996 0.9543661968749999 0.48464062500000005 0.9588732390624999 0.50109375 0.94089201875 0.5175468750000001 0.8689671359375 0.5115624999999999 0.8465023468749999 0.52053125 0.7341549296875 0.502578125 0.7139201875000001 0.483140625 0.7319014078125 0.483140625 0.83302816875
8 0.8764531249999999 0.720258215625 0.869703125 0.79053990625 0.8764531249999999 0.7993192484375 0.882296875 0.8020187796875 0.8944375000000001 0.7993192484375 0.896234375 0.7973004687499999 0.899828125 0.7574413140625 0.8989375000000001 0.7310798125 0.8966875 0.71553990625 0.9011875 0.6662206578125 0.9002812499999999 0.65946009375 0.889046875 0.657417840625 0.8881406249999999 0.673638496875 0.8831875 0.7033802812500001 0.8764531249999999 0.720258215625
8 0.031421875 0.8147887328125 0.07334375 0.8664553984375001 0.0873125 0.8632394359375001 0.091609375 0.8519248828125001 0.07764062499999999 0.7970187796875 0.056140625 0.730821596875 0.028203125000000002 0.6193896718749999 0.028203125000000002 0.59194835625 0.006703125 0.5176525828125 0.006703125 0.7792722999999999 0.01959375 0.7808685453125 0.031421875 0.8147887328125
8 0.02225 0.42859155 0.029593750000000002 0.43412363125000003 0.02665625 0.44157277031250003 0.033640625 0.44709702656249994 0.0310625 0.454553990625 0.03546875 0.4675352109375 0.042859375 0.44151173750000006 0.046828125 0.453769953125 0.0462265625 0.46917840312500003 0.050796875 0.46602816875 0.054765625 0.47828638437500004 0.056421874999999996 0.4749765265625 0.04484375 0.42363849687500005 0.038890625 0.42925352187500004 0.034921875000000005 0.4169953046875 0.032171875 0.38305164375 0.032171875 0.32589201874999996 0.013421875 0.31514084531250003 0.009015625 0.3457746484375 0.007359375 0.3697887328125 0.021968750000000002 0.4203169015625 0.025546875000000004 0.42115023437500004 0.02225 0.42859155
8 0.6461406249999999 0.6152347421875 0.647609375 0.578474178125 0.58915625 0.5567370890625 0.583625 0.5752347421875 0.5891875 0.59213615 0.5955781250000001 0.6152347421875 0.59159375 0.641525821875 0.649015625 0.6685211265625 0.6461406249999999 0.6152347421875
8 0.7660312499999999 0.686502346875 0.81971875 0.7058685453125 0.839484375 0.69230046875 0.8459218749999999 0.689741784375 0.835625 0.6503755875 0.764734375 0.61873239375 0.7711875 0.6413380281250001 0.7655937500000001 0.659389671875 0.755296875 0.6794131453125 0.7660312499999999 0.686502346875
8 0.43520312499999997 0.5184272296875 0.43131250000000004 0.536690140625 0.42985937500000004 0.5630281687500001 0.49506249999999996 0.5849530515625 0.4999375 0.5579107984375 0.508203125 0.5615492953125 0.50771875 0.57910798125 0.51696875 0.5856807515625 0.555890625 0.5469483562499999 0.5539531249999999 0.5381690140625001 0.50771875 0.520610328125 0.501390625 0.4606572765625 0.40845312500000003 0.44239436562499995 0.4176875 0.5301173703125001 0.4269375 0.53305164375 0.428390625 0.5096478875 0.43520312499999997 0.5184272296875
8 0.42954687500000005 0.6090610328125 0.4328125 0.534037559375 0.41275000000000006 0.5319248828124999 0.41040625000000003 0.58802816875 0.407140625 0.60767605625 0.392671875 0.630821596875 0.40620312500000005 0.649741784375 0.44028124999999996 0.620985915625 0.43981250000000005 0.6139906109375 0.42954687500000005 0.6090610328125
8 0.17340625 0.9532629109374999 0.228734375 0.99481220625 0.32209374999999996 1 0.299609375 0.9714319250000001 0.240828125 0.9480516437500001 0.22009375000000003 0.8883098593750001 0.235640625 0.828568075 0.10770312500000001 0.74805164375 0.097328125 0.74805164375 0.13709375 0.8623474171875 0.14746874999999998 0.9896244125000001 0.17685937499999999 1 0.17340625 0.9532629109374999
8 0.08935937499999999 0.409906103125 0.10575000000000001 0.5245305171875 0.08935937499999999 0.5302347421875 0.08178125 0.5349530515625001 0.07265625 0.5426525828125001 0.070890625 0.5483333328125 0.071140625 0.5559154921875 0.074671875 0.56161971875 0.080234375 0.5654225359375 0.0883125 0.56730046875 0.09765625 0.56769953125 0.107265625 0.5665492953125 0.12090624999999999 0.563145540625 0.134296875 0.557065728125 0.14515625000000001 0.54948356875 0.153484375 0.541502346875 0.156515625 0.5346713609375 0.158796875 0.5255633796875 0.158546875 0.5217605640625 0.152734375 0.5164553984375 0.144390625 0.5153286390625 0.1368125 0.5149295781250001 0.125953125 0.5149295781250001 0.11862500000000001 0.5160798125 0.11660937499999999 0.5160798125 0.10953125 0.45840375624999996 0.10801562499999999 0.450798121875 0.1006875 0.40335680781249994 0.144140625 0.3896948359375 0.17925 0.3768075125 0.180515625 0.3745305171875 0.16940625 0.36807511718749997 0.1270625 0.3503990609375 0.10221875 0.3594131453125 0.09075 0.3623708921875 0.079171875 0.36713615 0.01315625 0.3883333328125 0.014937500000000001 0.3909389671875 0.020609375 0.40232394375 0.0225 0.40800469531249994 0.050890625 0.4250469484375 0.08935937499999999 0.409906103125
8 0.39073437499999997 0.6519483562499999 0.42703125000000003 0.6675352109375 0.466796875 0.7220892015625 0.474578125 0.7610504687499999 0.4812135421875 0.767957746875 0.47717187499999997 0.774037559375 0.48064062500000004 0.7818075125 0.4892760421875 0.734201878125 0.503109375 0.7220892015625 0.525578125 0.7376525828125 0.5221250000000001 0.7818075125 0.5454687500000001 0.80518779375 0.5567031250000001 0.8 0.55325 0.8129812203125001 0.56401171875 0.804191209375 0.87828125 0.9844131453125 0.8851875 0.9818075125 0.9266875000000001 0.97661971875 1 0.7350704218749999 0.987203125 0.7012910796875 0.971640625 0.6415492953124999 0.9145937500000001 0.6701408453125001 0.8765468750000001 0.6623474171875 0.829875 0.65713615 0.779734375 0.628568075 0.77628125 0.628568075 0.75553125 0.716877934375 0.75553125 0.7324647890625 0.653515625 0.7324647890625 0.653515625 0.6727230046875 0.64315625 0.597394365625 0.64315625 0.5792253515625 0.5169374999999999 0.5298591546875 0.49965624999999997 0.49610328593749997 0.491 0.46234741718750005 0.40629687499999995 0.4415492953125 0.42012499999999997 0.51948356875 0.41665625000000006 0.5558450703125 0.401109375 0.62338028125 0.39073437499999997 0.6519483562499999
8 0.5389375000000001 0.22741784062499998 0.53675 0.22767605624999998 0.532359375 0.2282394359375 0.528328125 0.2194366203125 0.51496875 0.185070421875 0.510765625 0.186173709375 0.51021875 0.1911267609375 0.500875 0.19551643125 0.49557812500000004 0.18838028125 0.493921875 0.1938732390625 0.511671875 0.22713614999999998 0.5076562499999999 0.2285211265625 0.5058281250000001 0.2329107984375 0.535640625 0.23511737031250002 0.541875 0.23152582187499998 0.5424218749999999 0.2290610328125 0.5389375000000001 0.22741784062499998
9 0.585890625 0.341150234375 0.59975 0.35936619687500004 0.58415625 0.38802816875 0.5564218750000001 0.4557277 0.504421875 0.5104225359375001 0.648296875 0.5911502343749999 0.674296875 0.515633803125 0.6586875 0.3854225359375 0.637890625 0.3567605640625 0.6153593749999999 0.2552112671875 0.58415625 0.29948356875000004 0.575484375 0.34636150312499997 0.582421875 0.3125117375 0.57721875 0.341150234375 0.585890625 0.341150234375