8 0.3510625 0.347921875 0.3551458328125 0.34967187499999997 0.35550000000000004 0.351828125 0.3525 0.36193749999999997 0.350625 0.37317187500000004 0.3448541671875 0.4055625 0.3448541671875 0.40979687499999995 0.34187500000000004 0.4218125 0.3399583328125 0.42721875000000004 0.3332291671875 0.43479687499999997 0.3237083328125 0.44365625 0.320625 0.4524375 0.3230833328125 0.59440625 0.3291041671875 0.5981875 0.3352083328125 0.6009375 0.3408958328125 0.60459375 0.34781249999999997 0.6058125000000001 0.3604375 0.607046875 0.38933333281250004 0.607953125 0.4043958328125 0.606734375 0.4210833328125 0.60459375 0.43539583281249994 0.599625 0.44358333281249995 0.58771875 0.44406249999999997 0.580875 0.4415625 0.5748125 0.44381250000000005 0.47028125000000004 0.4415625 0.44903125 0.43627083281249995 0.43925000000000003 0.424875 0.432234375 0.4196458328125 0.41956249999999995 0.4020416671875 0.351859375 0.40772916718749996 0.345484375 0.402625 0.338234375 0.4060208328125 0.3335625 0.4025 0.32818749999999997 0.3566666671875 0.328890625 0.35339583281250003 0.332828125 0.3557291671875 0.337640625 0.3510625 0.347921875
8 0.1027083328125 0.498828125 0.1003958328125 0.510890625 0.10958333281249999 0.514328125 0.10500000000000001 0.53328125 0.1141875 0.540171875 0.12108333281250001 0.58840625 0.15437499999999998 0.577203125 0.15437499999999998 0.538453125 0.1383125 0.52121875 0.136 0.48848437499999997 0.1383125 0.465234375 0.14175 0.42303125 0.0797291671875 0.41871875000000003 0.0556041671875 0.42560937499999996 0.061354167187499996 0.472125 0.0636458328125 0.47298437499999996 0.0946666671875 0.4833125 0.1027083328125 0.498828125
8 1 0.64378125 0.9665625 0.641640625 0.8952500000000001 0.641640625 0.8439166671875 0.641640625 0.66425 0.652359375 0.6243125 0.65021875 0.9979374999999999 0.6224062499999999 0.9979374999999999 0.583875 0.8410624999999999 0.530421875 0.727 0.549671875 0.570125 0.549671875 0.48172916718750003 0.534703125 0.4588958328125 0.5154375 0.46175 0.498328125 0.5244791671875 0.4769375 0.6471250000000001 0.47265625 0.6442708328125 0.45340625 0.5729791671875 0.43203125 0.43608333281249995 0.427734375 0.44749999999999995 0.521859375 0.4417916671875 0.596734375 0.41612499999999997 0.60315625 0.3419583328125 0.605296875 0.3248541671875 0.60315625 0.3248541671875 0.5539531249999999 0.304875 0.5539531249999999 0.290625 0.5625 0.199375 0.560359375 0.16799999999999998 0.54325 0.1480208328125 0.521859375 0.1651458328125 0.5111718749999999 0.1851041671875 0.502609375 0.2364166671875 0.502609375 0.27349999999999997 0.502609375 0.322 0.494046875 0.3191458328125 0.46196875000000004 0.2935 0.46196875000000004 0.1594375 0.470515625 0.1337708328125 0.47265625 0.1423125 0.513296875 0.1337708328125 0.526140625 0.136625 0.545390625 0.150875 0.573203125 0.1252083328125 0.5774843749999999 0.1023958328125 0.48335937500000004 0.0453333328125 0.4576875 0.0596041671875 0.449125 0.0054375 0.451265625 0.011145832812500001 0.9881718749999999 0.0453333328125 0.9817656250000001 0.051041667187499994 0.8876406250000001 0.05675 0.78925 0.10525 0.755015625 0.11950000000000001 0.7614375 0.11950000000000001 0.8919062500000001 0.1137916671875 0.911171875 0.0938333328125 0.964640625 0.0938333328125 0.9796250000000001 0.33625 0.9838749999999999 0.290625 0.9411093749999999 0.2592708328125 0.8769375 0.1736875 0.8961874999999999 0.15372916718750002 0.879078125 0.242125 0.8555468749999999 0.2935 0.78496875 0.3448125 0.75715625 0.41041666718750003 0.71865625 0.46460416718750003 0.71009375 0.570125 0.692984375 0.6984791671874999 0.695125 0.7783125 0.697265625 0.8610208328125 0.714375 0.9408958328124999 0.740046875 1 0.752875 1 0.64378125
9 0.7950208328125 0.1464375 0.8299166671875 0.161390625 0.8274374999999999 0.20628125000000003 0.8473750000000001 0.20628125000000003 0.8598333328125 0.22684375 0.8947291671875 0.2399375 0.9346458328124999 0.26984375 0.9321666671875001 0.327828125 0.9022291671874999 0.3801875 0.8548541671875001 0.402625 0.7925208328125 0.43815625 0.752625 0.449375 0.7177083328125 0.42132812499999994 0.6877916671875 0.41571875 0.6479166671875001 0.41571875 0.6354375 0.441890625 0.6528958328125001 0.473703125 0.8348958328125 0.49239062499999997 0.8274374999999999 0.46995312499999997 0.8498541671875 0.46995312499999997 0.8748125 0.541015625 0.9994791671875 0.5821562499999999 0.9969791671875001 0.004296875 0.8099791671875 0.004296875 0.8074791671874999 0.000578125 0.7376666671875001 0.05292187499999999 0.70775 0.082859375 0.7401666671875 0.120265625 0.7950208328125 0.1464375
9 0.2157291671875 0.408609375 0.2816458328125 0.415359375 0.3176041671875 0.43782812499999996 0.3295833328125 0.42209375 0.33858333281249997 0.35917187500000003 0.3565625 0.341203125 0.3895208328125 0.336703125 0.4224791671875 0.334453125 0.44343750000000004 0.294 0.4254583328125 0.264796875 0.3865208328125 0.30525 0.37454166718750004 0.282765625 0.3655416671875 0.23557812500000003 0.3146041671875 0.190640625 0.2606666671875 0.14345312500000001 0.2127291671875 0.082765625 0.1647916671875 0.0535625 0.1198541671875 0.035578125 0.08989583281249999 0.042328125 0.056937499999999995 0.07378124999999999 0.044937500000000005 0.1479375 0.056937499999999995 0.20635937499999998 0.0149791671875 0.23109375000000001 0.008979167187500001 0.43332812499999995 0.0479375 0.43332812499999995 0.056937499999999995 0.42659375 0.1348333328125 0.415359375 0.2157291671875 0.408609375
8 0.1258333328125 0.7116718750000001 0.10787500000000001 0.536390625 0.0838958328125 0.482453125 0.006 0.466734375 0.006 0.761109375 0.0778958328125 0.758859375 0.1258333328125 0.7116718750000001
8 0.7558333328125 0.467234375 0.764375 0.4641875 0.7846666671875 0.46540625 0.7911666671875001 0.463875 0.7915833328125 0.46204687499999997 0.7879166671875 0.45992187500000004 0.7700625 0.45778125000000003 0.761125 0.45260937500000004 0.753 0.4523125 0.7489375 0.45414062499999996 0.728625 0.47728125 0.7245625 0.49159375 0.7322916671875 0.493734375 0.7396041671875 0.478796875 0.7558333328125 0.467234375
8 1 0.6207812500000001 0.9096875000000001 0.6296406250000001 0.8494583328124999 0.6314062500000001 0.7171875 0.639375 0.649875 0.642046875 0.6162291671875 0.64603125 0.6185833328125 0.649125 0.6611041671875 0.65178125 0.7425833328125 0.650015625 0.8524166671875 0.643375 0.8872500000000001 0.639375 0.9250416671874999 0.63671875 1 0.637609375 1 0.6207812500000001
8 0.2071875 0.560875 0.2247083328125 0.567640625 0.2753333328125 0.5706562500000001 0.3053958328125 0.566140625 0.3254375 0.5575 0.3239375 0.5289375 0.298875 0.534953125 0.2502708328125 0.537578125 0.2066875 0.5357031250000001 0.1891458328125 0.5326875 0.1891458328125 0.522171875 0.22020833281250002 0.511640625 0.23575 0.5 0.2066875 0.503 0.1771041671875 0.510140625 0.1585833328125 0.5157812500000001 0.14906250000000001 0.522921875 0.14906250000000001 0.5251718750000001 0.1565625 0.534578125 0.185125 0.5428437500000001 0.1911458328125 0.5529843750000001 0.2071875 0.560875
8 0.053937500000000006 0.791015625 0.0419375 0.8202187500000001 0.0419375 0.858421875 0.032958332812500005 0.9842656249999999 0.098875 0.9752812499999999 0.1198541671875 0.768546875 0.10487500000000001 0.7550625 0.095875 0.761796875 0.053937500000000006 0.791015625
8 0.1502708328125 0.3938125 0.15572916718750002 0.40456250000000005 0.1673333328125 0.41325 0.1966666671875 0.43371875 0.20074999999999998 0.431171875 0.1734583328125 0.40865625000000005 0.1741458328125 0.407109375 0.20347916718749998 0.43014062500000005 0.20554166718750003 0.42809375000000005 0.1816458328125 0.408140625 0.1823333328125 0.407625 0.2062083328125 0.424515625 0.20827083281249997 0.4214375 0.18643749999999998 0.405078125 0.1884791671875 0.40303125 0.211 0.420421875 0.211 0.41684374999999996 0.194625 0.40404687499999997 0.1939375 0.40199999999999997 0.21031249999999999 0.41479687500000006 0.21372916718749999 0.411203125 0.194625 0.39637500000000003 0.176875 0.38460937500000003 0.1652916671875 0.38 0.1516458328125 0.38 0.13799999999999998 0.376421875 0.1147916671875 0.36924999999999997 0.10387500000000001 0.364140625 0.0916041671875 0.35543749999999996 0.09568750000000001 0.36720312499999996 0.10660416718750002 0.37334375 0.1359375 0.379484375 0.1461875 0.38715625 0.1502708328125 0.3938125