8 0.8287656906249999 0.47462499999999996 0.8161715484375 0.570328125 0.8231589953125 0.576078125 0.8231589953125 0.58078125 0.8210669453125 0.60065625 0.8210669453125 0.6074531249999999 0.8413598328124999 0.6074531249999999 0.8413598328124999 0.60484375 0.8602719671875001 0.594375 0.8917782421875 0.5844375 0.885481171875 0.47515625000000006 0.878472803125 0.46731249999999996 0.87008368125 0.42234375 0.8427615062499999 0.424421875 0.8385564859375 0.42337499999999995 0.8385564859375 0.449 0.8287656906249999 0.47462499999999996
8 0.8897280328124999 0.567234375 0.89096234375 0.56815625 0.8897280328124999 0.582140625 0.900941421875 0.581203125 0.9546234312499999 0.62221875 0.9583472796875 0.59984375 0.960857740625 0.58028125 0.960857740625 0.5429999999999999 0.9533682015625 0.520625 0.9408786609374999 0.497328125 0.942133890625 0.45071874999999995 0.937133890625 0.44885937499999995 0.910941421875 0.44978125 0.9096861921875 0.44978125 0.910941421875 0.46656250000000005 0.9084309625 0.488 0.8897280328124999 0.533671875 0.8897280328124999 0.567234375
9 0.23868200781249999 0.192640625 0.2562552296875 0.2405 0.2123012546875 0.258328125 0.159518828125 0.307109375 0.14320083749999998 0.378234375 0.14320083749999998 0.40970312499999995 0.1631589953125 0.41218750000000004 0.1797907953125 0.461890625 0.1598326359375 0.46603125 0.168702928125 0.51075 0.19531380781250002 0.534765625 0.1972175734375 0.57328125 0.190564853125 0.6544531250000001 0.1861297078125 0.662734375 0.1961087859375 0.690890625 0.21163179843750002 0.70165625 0.224958159375 0.72403125 0.2260669453125 0.735625 0.24491631875 0.7770312500000001 0.2460251046875 0.799390625 0.263765690625 0.80353125 0.27707112968750003 0.80021875 0.34470711249999997 0.738109375 0.360230125 0.714078125 0.40903765625000005 0.679296875 0.4234518828125 0.6461718750000001 0.44119246875 0.6354062500000001 0.44119246875 0.616359375 0.444518828125 0.5418125 0.4644769875 0.5351874999999999 0.49441422656249995 0.5525781249999999 0.5021757328125 0.559203125 0.521046025 0.5757656250000001 0.54543933125 0.574109375 0.5653974890625 0.570796875 0.5864644343750001 0.579078125 0.59089958125 0.574109375 0.5620711296875001 0.526078125 0.5864644343750001 0.529390625 0.595334728125 0.532703125 0.6042050203125 0.5650000000000001 0.5975523015624999 0.57990625 0.6130753140625 0.587359375 0.6285983265625 0.564171875 0.6407949796875 0.5608593749999999 0.6652092046875 0.577421875 0.6663179921875 0.5915 0.6840585781249999 0.6039218749999999 0.6962552296875 0.5956406249999999 0.7006903765625 0.572453125 0.66410041875 0.5484375 0.6297071125 0.5177968749999999 0.6152928875 0.5062031250000001 0.583138075 0.49709375 0.5465481171875 0.47720312500000006 0.4888702921875 0.46146875 0.475564853125 0.43828125 0.43232217500000003 0.4035 0.405711296875 0.367875 0.3846443515625 0.31984375 0.356903765625 0.30079687499999996 0.3269665265625 0.28671875 0.3513598328125 0.27014062499999997 0.399058578125 0.275125 0.42123430937500006 0.259375 0.43232217500000003 0.24778125 0.4467364015625 0.243640625 0.4644769875 0.21051562499999998 0.4744560671875 0.179046875 0.483326359375 0.15584375 0.4467364015625 0.115265625 0.386861925 0.088765625 0.28642259375 0.12789062499999998 0.2725941421875 0.13353125 0.23868200781249999 0.192640625
9 0.470969315625 0.17627604218749998 0.4769362140625 0.1822637125 0.4763124421875 0.19010682343750002 0.46705020937499997 0.185046875 0.46705020937499997 0.19734374999999998 0.4247489546875 0.262265625 0.42945606718749996 0.274546875 0.40596234375 0.29034375 0.3660251046875 0.297359375 0.37071129687500004 0.300875 0.3871548109375 0.34825 0.4271129703125 0.383359375 0.4486436546875 0.4199088546875 0.4582230375 0.4175570796875 0.45759926562500003 0.425400190625 0.45294979062499996 0.42721875000000004 0.45697549375 0.433243303125 0.46039051718749996 0.43277604218750004 0.45635172031250004 0.44108641562499995 0.44805439375 0.537296875 0.448242678125 0.543046875 0.45373779687500004 0.5488906250000001 0.44589958125000007 0.567609375 0.448242678125 0.60621875 0.44589958125000007 0.62728125 0.4834937234375 0.6114843750000001 0.4834937234375 0.571125 0.4999372390625 0.56059375 0.4834937234375 0.5483125 0.4764435140625 0.5447968750000001 0.465711296875 0.540078125 0.457656903125 0.53953125 0.45497907968750007 0.535359375 0.44886645 0.5352037625 0.45510417500000006 0.456772640625 0.467831240625 0.43833333281250003 0.49759414218750003 0.4605625 0.553995815625 0.47635937500000003 0.5680753140625 0.486890625 0.5892259421875 0.48864062500000005 0.6009832640625 0.46759375 0.5915899578125 0.44242187499999996 0.5845397484375 0.43014062500000005 0.5915899578125 0.37925 0.5798326359375 0.340640625 0.5187447703125 0.3108125 0.5046443515625 0.30729687499999997 0.5093514640625 0.295015625 0.5116945609375 0.293265625 0.5257949796875 0.247640625 0.549288703125 0.23009374999999999 0.5328451890625 0.19675 0.530481171875 0.179203125 0.4858368203125 0.156375 0.47880753125000003 0.158734375 0.47818375937499996 0.1665774875 0.47488842499999995 0.1675052078125 0.47755998593750004 0.17442059999999998 0.470969315625 0.17627604218749998
8 0.38426778281249996 0.894171875 0.38426778281249996 0.9569531250000001 0.402280334375 0.9950625000000001 0.43230125468749997 0.9973124999999999 0.5103556484375 0.9973124999999999 0.5553765687500001 0.98834375 0.5703974890625 0.930046875 0.5764016734374999 0.8493281250000001 0.5764016734374999 0.813453125 0.5764016734374999 0.786546875 0.5163598328125001 0.764125 0.44129707187499995 0.764125 0.38426778281249996 0.7843125 0.3722594140625 0.8067187499999999 0.3782635984375 0.8493281250000001 0.38426778281249996 0.894171875
8 0.35336820156250004 1 0.40596234375 0.9649531250000001 0.339518828125 0.9339375000000001 0.23707112968750002 0.931875 0.16232217499999999 0.9690937500000001 0.1789330546875 1 0.35336820156250004 1
8 0.7427824265625 0.7116718750000001 0.4430334734375 0.7442968750000001 0.44502092031249996 0.7591249999999999 0.45096234375 0.7591249999999999 0.6018410046875 0.738359375 0.7427824265625 0.7116718750000001
8 0.6347280328125 0.595984375 0.62171548125 0.5905781250000001 0.5906066953125 0.5768125000000001 0.5884518828124999 0.5768125000000001 0.5837447703125 0.57653125 0.5808577406250001 0.574640625 0.576150628125 0.5687031250000001 0.57037656875 0.566546875 0.5685564859375 0.56978125 0.5634937234375 0.571671875 0.566380753125 0.5724843749999999 0.6032635984375 0.5870625 0.6191841 0.59328125 0.6293096234375 0.596515625 0.6347280328125 0.595984375
8 0.6206485359375 0.503921875 0.6533472796875001 0.506375 0.6578242671875 0.503015625 0.6684518828125 0.48256249999999995 0.6684518828125 0.4795 0.650481171875 0.47859375000000004 0.6349372390625 0.47767187499999997 0.622280334375 0.47767187499999997 0.6055230125 0.48073437500000005 0.6030753140625 0.48224999999999996 0.6030753140625 0.485921875 0.6206485359375 0.503921875
8 0.521046025 0.686109375 0.5862133890625 0.68690625 0.6426987453125 0.68690625 0.7046025109375 0.6852968749999999 0.7350209203125 0.6739375 0.7524058578124999 0.6585156249999999 0.7469665265625001 0.644734375 0.7296025109375 0.6285000000000001 0.6774476984375 0.617953125 0.656820084375 0.61634375 0.6209832640624999 0.61553125 0.5688493718750001 0.617140625 0.5351673640625 0.618765625 0.5145397484374999 0.6244531249999999 0.486297071875 0.6276875000000001 0.47108786562500005 0.6325624999999999 0.4547907953125 0.6325624999999999 0.4276359828125 0.644734375 0.429811715625 0.643921875 0.42437238437499997 0.6560937499999999 0.44175732187500005 0.663390625 0.486297071875 0.6739375 0.521046025 0.686109375
8 0.5030334734374999 0.607875 0.5203138078125 0.6101093750000001 0.5244560671875 0.6016874999999999 0.5391213390625 0.5988749999999999 0.6034728031250001 0.5982968750000001 0.6021129703125 0.5894296875 0.6041841 0.587359375 0.6166945609375001 0.583015625 0.6207740578125 0.587890625 0.6281380750000001 0.589421875 0.633849371875 0.5820937500000001 0.6444769875 0.585140625 0.642426778125 0.587890625 0.6436610875000001 0.59034375 0.653472803125 0.59278125 0.6600209203125 0.5842343750000001 0.6685983265625 0.5842343750000001 0.6882217578125001 0.6016250000000001 0.702322175 0.6020859375 0.7102859140625 0.5968489578125 0.7164225937500001 0.602546875 0.720707809375 0.6000026046875 0.7311297078125001 0.60315625 0.7339958156249999 0.597359375 0.735627615625 0.586375 0.7188702921875 0.577515625 0.713138075 0.565921875 0.6996548109375 0.565921875 0.6951673640625 0.5729375 0.6861715484375 0.565921875 0.6790202234375 0.5873880203125 0.6657322171875 0.575375 0.658654115625 0.5779270828125 0.6575523015625 0.5686718749999999 0.6511576 0.5722291671875 0.645711296875 0.5665312499999999 0.62119246875 0.56621875 0.6183263593749999 0.57140625 0.6129027203125 0.566296875 0.6019665265625 0.56621875 0.6007531375 0.5805625 0.5937796375 0.5823958328125001 0.5917573218750001 0.5762968749999999 0.5833751734375 0.5774322921875 0.584811715625 0.5647031250000001 0.5729707109375 0.57246875 0.5398744765625 0.575 0.5319874484375 0.57359375 0.521820084375 0.5696718749999999 0.5143096234375 0.569109375 0.501903765625 0.5603906249999999 0.494372384375 0.562921875 0.47895397500000003 0.5738749999999999 0.48422594218750004 0.5823125 0.4812133890625 0.5994375 0.5030334734374999 0.607875
8 0.9422175734374999 0.4485 0.9437447703125 0.438890625 0.9418410046875 0.43520312499999997 0.9384309625 0.43209375000000005 0.9353974890625001 0.4264375 0.9353974890625001 0.4210625 0.9092677828125 0.41909375000000004 0.909665271875 0.42898437500000003 0.9092677828125 0.428703125 0.90851464375 0.44651562499999997 0.910041840625 0.450765625 0.9210251046875 0.450203125 0.9422175734374999 0.4485
8 0.93537656875 0.434546875 0.9405648531249999 0.434671875 0.941820084375 0.45151562500000003 0.9405648531249999 0.47384375 0.9396861921875 0.47985937500000003 0.9393096234374999 0.48854687500000005 0.9416527203125 0.49309375 0.945041840625 0.49229687499999997 0.945941421875 0.47759375000000004 0.950230125 0.45873437499999997 0.953096234375 0.43587499999999996 0.9566736406249999 0.432140625 0.958472803125 0.42865624999999996 0.95828451875 0.42104687500000004 0.947196653125 0.419703125 0.9359205015625 0.419703125 0.933765690625 0.41903125 0.9317991624999999 0.431328125 0.93537656875 0.434546875
8 0.98008368125 0.46879687499999995 0.9805020921875001 0.4615 0.9786820078125 0.45909374999999997 0.979372384375 0.45378125 0.976861925 0.45210937500000004 0.9733682015625 0.45367187500000006 0.9736610875 0.460140625 0.9719874484375 0.46253124999999995 0.9724058578125 0.46889062499999995 0.98008368125 0.46879687499999995
8 0 0.9996875 0.1547071125 0.994765625 0.1530753140625 0.96775 0.18433054375 0.9493124999999999 0.23531380781250003 0.921046875 0.22380753125 0.9124531250000001 0 0.896484375 0 0.9996875