0 0.064375 0.7102916671874999 0.06115625 0.7338958328125 0.033796875 0.755375 0.0016093750000000001 0.7961458328125001 0.0032187500000000003 0.8154583328125 0 0.8497916671875 0.012875000000000001 0.9484999999999999 0.017703125 0.9549375 0.030578125 0.9806874999999999 0.06759375 0.9974166671875 0.20601562499999998 0.9952708328125001 0.23176562500000003 0.9523541671875 0.23981249999999998 0.9738125 0.263953125 0.993125 0.296140625 0.9909791671875 0.30740625 0.9330416671874999 0.299359375 0.8922708328125 0.286484375 0.8450625 0.263953125 0.7785416671875 0.244640625 0.7184583328125 0.22693750000000001 0.684125 0.199578125 0.6648125 0.17703125 0.6497916671875 0.17381249999999998 0.6283333328125 0.17381249999999998 0.6068749999999999 0.199578125 0.5982916671875 0.189921875 0.581125 0.167375 0.5703958328125001 0.15128124999999998 0.5789791671875 0.12875 0.5918541671875001 0.13679687499999998 0.61975 0.1480625 0.6347708328125 0.1609375 0.6669583328125 0.11909375 0.6476458328125 0.09978125 0.6133124999999999 0.0965625 0.5875625 0.069203125 0.5725416671875 0.07725 0.53175 0.10300000000000001 0.5124375 0.11587499999999999 0.49312500000000004 0.0836875 0.4888333328125 0.088515625 0.4914166671875 0.033796875 0.5557916671875 0.008046875 0.641625 0.0321875 0.6394791671875 0.064375 0.7102916671874999
8 0 0.4856458328125 0.003359375 0.6941666671875 0.011765625 0.7300416671875001 0.0538125 0.7165833328125 0.048765625 0.6919375 0.02521875 0.6582916671875 0.015140625 0.6201875 0.02859375 0.5731041671875 0.038671875 0.564125 0.04371875 0.5731041671875 0.08071874999999999 0.56636805625 0.08071874999999999 0.5775833328125 0.09081249999999999 0.5955208328125 0.10089062499999998 0.6246666671875001 0.12276562499999999 0.6493333328124999 0.16984375000000002 0.6695 0.16732031249999998 0.6588489578125001 0.17489062500000002 0.6560625 0.20346875 0.6538125 0.20635937499999998 0.6009121078125 0.23374999999999999 0.6067291671875 0.2340859375 0.5961916671874999 0.24249375 0.6053833328125 0.27746875000000004 0.6 0.2841875 0.6268958328124999 0.297640625 0.6313958328125 0.316140625 0.6627708328125 0.36659375 0.6672708328125 0.386765625 0.6246666671875001 0.36490625 0.3757916671875 0.3565 0.3533541671875 0.24349375 0.32615138906249996 0.23879687500000002 0.3309375 0.23542187499999997 0.3242083328125 0.22757447968750003 0.32286319375 0.22196875 0.31525 0.21972708281250003 0.32151805625 0.21187968750000002 0.32017291718749996 0.21416127187499998 0.3137284234375 0.2063537953125 0.3122068453125 0.20403229218750002 0.3188277765625 0.1985463171875 0.31068526875 0.1961848953125 0.31748263906249996 0.1883375 0.3161375 0.1907388390625 0.30916368906249997 0.1829313609375 0.3076421125 0.18049010468749999 0.31479236093749996 0.17512388437499998 0.3061205359375 0.1726427078125 0.3134472234375 0.16479531249999999 0.31210208281249996 0.16731640625 0.3045989578125 0.159508928125 0.30307738125 0.1569479171875 0.31075694375 0.15170145156249998 0.3015558046875 0.1491005203125 0.30941180625000003 0.141253125 0.3080666671875 0.1438939734375 0.3000342265625 0.1360864953125 0.29851264843749997 0.1334057296875 0.30672152656249996 0.1282790171875 0.2969910703125 0.1255583328125 0.3053763890625 0.11771093749999999 0.30403125000000003 0.12047154062500001 0.29546949375 0.11266406250000001 0.2939479171875 0.10986354218750001 0.3026861109375 0.104856584375 0.29242633906250004 0.1020161453125 0.3013409734375 0.09704910781250001 0.29090476249999997 0.09416875 0.2999958328125 0.0892416296875 0.2893831859375 0.08632135468749999 0.29865069375000003 0.0784739578125 0.29730555625 0.0814341515625 0.28786160625 0.0736266734375 0.2863400296875 0.0706265625 0.2959604171875 0.0627791671875 0.2946152765625 0.065819196875 0.28481845156249996 0.058011718749999996 0.283296875 0.054931770312499996 0.2932701390625 0.047084375 0.291925 0.05020424062499999 0.28177529843750004 0.003359375 0.2726458328125 0.0078473953125 0.28519930625 0 0.2838541671875 0 0.4856458328125
9 0.774140625 0.6665208328125 0.777359375 0.6815416671875 0.770921875 0.6965625 0.6952812500000001 0.7266041671875 0.674359375 0.8939999999999999 0.6985 0.9090208328125 0.648609375 0.9476458328125 0.659875 0.9648125000000001 0.73390625 0.9562291671875001 0.711375 0.906875 0.703328125 0.8768333328125 0.72746875 0.8639583328124999 0.7693125000000001 0.8575208328124999 0.780578125 0.8296041671875001 0.76609375 0.8017083328125001 0.799890625 0.767375 0.870703125 0.7695208328125 0.890015625 0.7266041671875 0.8594375 0.6987083328125 0.8594375 0.6815416671875 0.917375 0.6729583328125 0.8803593749999999 0.535625 0.8143750000000001 0.47768750000000004 0.796671875 0.4261875 0.7677031249999999 0.4261875 0.74678125 0.44764583281250003 0.738734375 0.4755416671875 0.7516093749999999 0.5055833328125 0.758046875 0.5377708328125 0.6663125 0.587125 0.6663125 0.6 0.72103125 0.6042916671875 0.7693125000000001 0.5957083328125 0.75965625 0.6214583328125001 0.7677031249999999 0.6472083328125 0.774140625 0.6665208328125
8 0.78190625 0.5895833328125 0.784234375 0.5780416671874999 0.786125 0.5527083328125 0.781265625 0.5473541671875 0.7810625 0.5884583328125 0.78190625 0.5895833328125
8 0.48707812500000003 0.7412083328125 0.44157812500000004 0.7456875000000001 0.35729687499999996 0.7659166671875 0.38090625 0.799625 0.47696875 0.9816458328125 0.537640625 0.9726666671875 0.5646093750000001 0.9344583328124999 0.593265625 0.9299583328125 0.6 0.9097291671875001 0.5949375 0.8670416671875 0.618546875 0.8513125 0.67921875 0.8535625 0.67753125 0.7749166671875 0.7253937500000001 0.7758083328125001 0.782015625 0.795125 0.77696875 0.8265833328125 0.7870781250000001 0.8423125 0.9 0.8378333328125 0.9050625 0.799625 0.9168593749999999 0.792875 0.932015625 0.7546875 0.9168593749999999 0.7479375 0.883140625 0.7591666671875 0.7971874999999999 0.7771458328125 0.7333708328124999 0.77595694375 0.6842734375 0.7513124999999999 0.691015625 0.7277083328125 0.733140625 0.7097291671875 0.768546875 0.6872708328125 0.78034375 0.6737916671875 0.7550625 0.6378333328125 0.658984375 0.6490625 0.642140625 0.6243541671874999 0.5882031249999999 0.6176041671875 0.514046875 0.6243541671874999 0.483703125 0.6378333328125 0.48707812500000003 0.6692916671875 0.541015625 0.6692916671875 0.52078125 0.7412083328125 0.48707812500000003 0.7412083328125
8 0.8447968749999999 1 0.83675 0.9819791671875 0.8528281249999999 0.9861041671875 0.84603125 0.9762083328125 0.8417031250000001 0.961375 0.8410781249999999 0.9374583328125 0.8410781249999999 0.9217916671875 0.847265625 0.9077708328125 0.8571562500000001 0.8945833328124999 0.8909687500000001 0.8976041671875 0.8909687500000001 0.8768958328125 0.871984375 0.8585 0.784875 0.8688541671875001 0.74003125 0.86425 0.71759375 0.8688541671875001 0.7072499999999999 0.8699999999999999 0.7029375 0.8872500000000001 0.712421875 0.9067916671875 0.733125 0.94475 0.73409375 0.9523125 0.7532656249999999 0.9828125 0.774296875 0.9852916671875 0.778015625 1 0.8447968749999999 1
8 0.3 0.8539375 0.32359375 0.8651666671875 0.338765625 0.8224791671875 0.34550000000000003 0.8 0.348875 0.7505625 0.32865625 0.707875 0.3016875 0.6359583328125 0.284828125 0.5910208328125 0.261234375 0.5910208328125 0.23595312499999999 0.60225 0.21742187500000001 0.6224791671875 0.22584374999999998 0.6786458328125 0.23595312499999999 0.7775208328125001 0.262921875 0.8 0.27471875 0.8269583328125 0.3 0.8539375
8 0.45896875000000004 0.4215416671875 0.432515625 0.4219375 0.432515625 0.42427083281250005 0.434578125 0.47443749999999996 0.45984375 0.47325 0.461609375 0.47481249999999997 0.45896875000000004 0.4215416671875
8 0.743875 0.6296041671875 0.67903125 0.6244375 0.651921875 0.5424791671875 0.640296875 0.5282916671875 0.601578125 0.5257083328125 0.6073906250000001 0.5405416671875 0.63546875 0.6276666671875 0.6364375 0.6373333328124999 0.643203125 0.6367083328125 0.6703125 0.6418541671875 0.750171875 0.6405624999999999 0.7521093750000001 0.6367083328125 0.7521093750000001 0.6334791671875 0.743875 0.6296041671875
8 0.904296875 0.7643333328125 0.880859375 0.7643333328125 0.794921875 0.7825624999999999 0.791015625 0.7799583328125 0.775390625 0.8294375 0.90625 0.8398541671875 0.91015625 0.7825624999999999 0.904296875 0.7643333328125
8 0.481328125 0.6512708328125 0.489453125 0.6585 0.489453125 0.6672708328125 0.5324375 0.6729583328125 0.575796875 0.6750208328125 0.594765625 0.6729583328125 0.6121875 0.6662291671875 0.64896875 0.6776041671875 0.66484375 0.6776041671875 0.68846875 0.6745 0.721 0.6770833328125 0.741515625 0.6750208328125 0.761265625 0.6657291671875 0.768234375 0.6595208328125 0.766296875 0.6414583328125001 0.747328125 0.6450625 0.6706562500000001 0.6404166671875 0.63890625 0.6357708328125 0.63309375 0.6233958328125 0.625359375 0.622875 0.609875 0.6259791671875 0.56921875 0.6295833328125 0.49215625 0.6337083328124999 0.48209375000000004 0.6373333328124999 0.481328125 0.6512708328125
8 0.625390625 0.798375 0.637296875 0.7911458328125 0.64596875 0.7824791671875 0.6437968749999999 0.7680625 0.600484375 0.7579583328124999 0.57234375 0.7579583328124999 0.558265625 0.7622708328125001 0.5474375 0.7651666671874999 0.5257968749999999 0.772375 0.517125 0.7897083328125001 0.513875 0.7911458328125 0.5257968749999999 0.8026875 0.556109375 0.8026875 0.5875 0.8026875 0.625390625 0.798375
8 0.9047812499999999 0.8384583328125 0.855265625 0.8360208328125 0.804859375 0.8347916671875 0.7791875 0.8360208328125 0.7672656250000001 0.8433541671875 0.77459375 0.8567916671875 0.873609375 0.8629166671874999 0.89378125 0.8665833328125 0.89653125 0.88125 0.9056875 0.8873541671874999 0.9166874999999999 0.8873541671874999 0.9276875 0.8910208328125 0.9377812499999999 0.89225 0.972609375 0.7357916671875 0.96528125 0.721125 0.8946875000000001 0.7198958328125 0.881859375 0.7614583328125 0.88553125 0.7638958328125 0.91028125 0.7687916671874999 0.9047812499999999 0.8384583328125