9 0.405971896875 0.870296875 0.44023419218750004 0.8650156250000001 0.44288056249999996 0.8386250000000001 0.434964871875 0.814015625 0.44288056249999996 0.79465625 0.4481498828125 0.778828125 0.44550351250000003 0.759484375 0.44550351250000003 0.734859375 0.44288056249999996 0.703203125 0.44288056249999996 0.6856093750000001 0.44288056249999996 0.6662656250000001 0.4481498828125 0.65571875 0.458688525 0.6504375 0.46133489531249994 0.63109375 0.466604215625 0.629328125 0.4744964875 0.6398906249999999 0.4744964875 0.6645 0.482412178125 0.68209375 0.48768149843749997 0.7014375 0.48768149843749997 0.712 0.4929508203125 0.741890625 0.49559718906250005 0.76125 0.49559718906250005 0.785875 0.49559718906250005 0.8052187500000001 0.5114051515625 0.83159375 0.5219672125 0.8403906250000001 0.5404215453125001 0.8491875 0.574683840625 0.84215625 0.5931381734375 0.835109375 0.590491803125 0.8263281250000001 0.5852224828125 0.8227968750000001 0.5773067921874999 0.814015625 0.5641451984375 0.79465625 0.5641451984375 0.789390625 0.5614988296875 0.77003125 0.5614988296875 0.764765625 0.5614988296875 0.74365625 0.5588758781250001 0.71903125 0.5535831375 0.683859375 0.5535831375 0.6504375 0.5641451984375 0.60646875 0.5641451984375 0.58359375 0.587868853125 0.541390625 0.5852224828125 0.478078125 0.5588758781250001 0.428828125 0.6247775171875001 0.391890625 0.606323184375 0.3760625 0.5773067921874999 0.330328125 0.5588758781250001 0.3145 0.5245901640625 0.2775625 0.49559718906250005 0.254703125 0.46133489531249994 0.24590625 0.405971896875 0.240625 0.3927868859375 0.231828125 0.3796018734375 0.20720312500000002 0.3558782203125 0.163234375 0.316323184375 0.163234375 0.27414519843749996 0.17203125 0.245152225 0.20017187500000003 0.2346135828125 0.21776562500000002 0.2293442625 0.24590625 0.2346135828125 0.2529375 0.245152225 0.26349999999999996 0.2504215453125 0.267015625 0.26360655781250003 0.2758125 0.2715222484375 0.28107812499999996 0.284707259375 0.289875 0.2952459015625 0.289875 0.297892271875 0.289875 0.321615925 0.289875 0.300515221875 0.325046875 0.300515221875 0.339125 0.300515221875 0.38309375 0.316323184375 0.384859375 0.3347775171875 0.38660937500000003 0.316323184375 0.411234375 0.3268852453125 0.428828125 0.3426932078125 0.430578125 0.3558782203125 0.430578125 0.3558782203125 0.45345312499999996 0.35323185 0.46048437499999995 0.3479625296875 0.478078125 0.3479625296875 0.486859375 0.3479625296875 0.50621875 0.3506089 0.523796875 0.3506089 0.534359375 0.35323185 0.5501875 0.35323185 0.5625 0.35323185 0.578328125 0.3506089 0.703203125 0.361147540625 0.712 0.35323185 0.734859375 0.361147540625 0.752453125 0.3637939109375 0.778828125 0.3664168625 0.789390625 0.3637939109375 0.8034531250000001 0.3558782203125 0.81753125 0.3664168625 0.8263281250000001 0.36906323125 0.8509375 0.376955503125 0.859734375 0.38751756406250004 0.86853125 0.405971896875 0.870296875
9 0.6947775171874999 0.667015625 0.7089227171875 0.626484375 0.728688525 0.584078125 0.7668384078125 0.570875 0.7668384078125 0.6151718749999999 0.7527166281250001 0.6736093750000001 0.7654332546875 0.6886875 0.8303981265625 0.690578125 0.8021545671875 0.6641874999999999 0.8092271656250001 0.6293124999999999 0.8205152218749999 0.573703125 0.8205152218749999 0.464375 0.8092271656250001 0.439859375 0.8077985953125 0.40028125000000003 0.797915690625 0.361625 0.793676815625 0.337125 0.793676815625 0.311671875 0.7597658078125 0.2664375 0.7131615921875001 0.258890625 0.6863231843750001 0.27775 0.6863231843750001 0.31639062500000004 0.663700234375 0.34278125 0.6425292734375 0.3833125 0.6298126468749999 0.428546875 0.6721779859375 0.44834375 0.6721779859375 0.491703125 0.704683840625 0.551078125 0.6848946140625001 0.5821875000000001 0.6594613578125 0.644390625 0.6919672125 0.6764375 0.6962060890624999 0.6736093750000001 0.6947775171874999 0.667015625
8 0.23250585468749999 0.934984375 0.24601873593749998 0.9484843749999999 0.2932786890625 0.93046875 0.2899063234375 0.916953125 0.6747306796875 0.8313750000000001 0.67810304375 0.853890625 0.7118735359375 0.8561562500000001 0.732131146875 0.8516406249999999 0.68487119375 0.8133593749999999 0.7152459015625 0.8088593749999999 0.748992975 0.7750625 0.5734660421875 0.7750625 0.5262060890625 0.8043437499999999 0.593723653125 0.815609375 0.5700936765625 0.835875 0.5700936765625 0.8426406249999999 0.5464637 0.838125 0.5093208437500001 0.8223593749999999 0.4688056203125 0.8088593749999999 0.432084309375 0.83896875 0.442224825 0.85021875 0.39159250624999997 0.8637343749999999 0.3510772828125 0.83671875 0.2160421546875 0.856984375 0.185667446875 0.893015625 0.19875878281249998 0.8921875 0.2291334890625 0.9124531250000001 0.23250585468749999 0.934984375
8 0.33274339375 0.2956272328125 0.343714871875 0.29631445312500004 0.3468442625 0.30448828125 0.33323854062499997 0.3045044640625 0.3357142859375 0.348890625 0.3426697890625 0.357703125 0.36562060937499996 0.35353124999999996 0.367372365625 0.35186562499999996 0.3920749421875 0.346028125 0.40798775000000004 0.371393028125 0.40688164374999997 0.3792608171875 0.4044184234375 0.3807552078125 0.40577553593750004 0.38712860625 0.3900468390625 0.38253125 0.382060890625 0.408109375 0.38845433281249997 0.44006249999999997 0.3980327875 0.442203125 0.41241217812500003 0.443265625 0.43316159218749994 0.377203125 0.41879000624999996 0.3789791671875 0.40909385781249996 0.36352524062499997 0.4113060703125 0.3477896640625 0.40442622968749997 0.343109375 0.41241217812500003 0.33992187500000004 0.43998296718749996 0.2575923296875 0.46030445000000003 0.24723437499999998 0.44633489531250004 0.24643359375 0.442740046875 0.249359375 0.4323653390625 0.24563281250000002 0.394847775 0.24296875 0.4060187359375 0.261078125 0.4012295078125 0.295703125 0.33224824375 0.28675 0.33274339375 0.2956272328125
8 1 0.001125 0.7325292734375 0.005625 0.584004684375 0.08896875 0.5907494140625 0.09346875 0.584004684375 0.140765625 0.6582669796875 0.15203125 0.76967213125 0.15203125 0.911451990625 0.15203125 1 0.15428124999999998 1 0.001125
8 0.0202107734375 0.0072968749999999995 0.13810304375 0.036515625 0.262716628125 0.036515625 0.28967213125 0.061234374999999994 0.31323185 0.07921875 0.3065105390625 0.08595312499999999 0.3873302109375 0.056734375000000004 0.6736299765625 0.011796875 0.683747071875 0.0050625 0.0202107734375 0.0072968749999999995
8 0.7862529281249999 0.41359375 0.769812646875 0.41829687499999996 0.77744730625 0.42300000000000004 0.7850819671875 0.42456250000000006 0.7974238875 0.42456250000000006 0.8079859484374999 0.42575 0.8185480093749999 0.43004687500000005 0.8185480093749999 0.42534375 0.815620609375 0.41476562499999997 0.8050585484375 0.408109375 0.8109133484375001 0.399890625 0.8179625296875 0.395578125 0.81386416875 0.392828125 0.789203746875 0.394015625 0.7933021078125 0.397921875 0.792131146875 0.407328125 0.7862529281249999 0.41359375
8 0.24840749374999999 0.18971875 0.24725995312500001 0.18515625 0.24725995312500001 0.1798125 0.234707259375 0.17753125 0.22669789218749997 0.18134375 0.21414519843750002 0.18134375 0.18901639374999998 0.182109375 0.1833021078125 0.185921875 0.175292740625 0.18896875 0.16615925 0.2026875 0.175292740625 0.21640625 0.19585480156249999 0.22478125000000002 0.234707259375 0.22326562499999997 0.2392740046875 0.22326562499999997 0.2381264640625 0.20496875 0.24840749374999999 0.18971875
8 0.20161592499999997 0.348296875 0.229484778125 0.348296875 0.24852459062499999 0.3473125 0.26758782187499996 0.342421875 0.27932084375 0.335578125 0.280796253125 0.322859375 0.2763934421875 0.319921875 0.24852459062499999 0.316015625 0.21627634687500003 0.31503125 0.19135831406249998 0.319921875 0.1855035125 0.33165625 0.1855035125 0.338515625 0.186955503125 0.344375 0.20161592499999997 0.348296875
8 0.1897189703125 0.36134374999999996 0.1883372359375 0.3686875 0.187892271875 0.375421875 0.1970491796875 0.38215625000000003 0.2117330203125 0.384296875 0.2621779859375 0.3803125 0.2800468390625 0.373890625 0.2841920375 0.36257812500000003 0.2828103046875 0.358296875 0.278220140625 0.353703125 0.269508196875 0.35217187499999997 0.26903981250000003 0.3515625 0.25482435625 0.35034375 0.24566744687500003 0.350640625 0.2360421546875 0.35217187499999997 0.20667447343749998 0.35278125 0.1975175640625 0.35676562500000003 0.1970491796875 0.3570625 0.1897189703125 0.36134374999999996
8 0.1926229515625 0.557609375 0.21210772812499998 0.56496875 0.20829039843750002 0.5474218750000001 0.21569086718750002 0.54421875 0.22091334843750002 0.5485781249999999 0.2370491796875 0.548875 0.230644028125 0.5577369796875 0.23180327812499998 0.5663125 0.26929742343749996 0.561671875 0.2753864171875 0.55934375 0.2814988296875 0.55671875 0.28367681562499997 0.55265625 0.28714285781250004 0.55265625 0.28714285781250004 0.548875 0.28932084375 0.54596875 0.2984777515625 0.540734375 0.3019672125 0.5369531249999999 0.30023419218749997 0.5308437500000001 0.2915222484375 0.53171875 0.29194379375 0.527359375 0.28714285781250004 0.52590625 0.2897658078125 0.523 0.294988290625 0.52096875 0.2897658078125 0.52009375 0.28367681562499997 0.514859375 0.28323185 0.53725 0.272763465625 0.5413125 0.2649180328125 0.53725 0.26274004687499997 0.54334375 0.24400468437499997 0.5448125 0.2283255265625 0.5405859375000001 0.2271662765625 0.5320104171875 0.24182669843750002 0.5139843749999999 0.23487119375 0.5215468750000001 0.226007025 0.5234348953125 0.22484777500000003 0.514859375 0.22484777500000003 0.523 0.2021779859375 0.523296875 0.1991334890625 0.524453125 0.20348946093750003 0.526484375 0.1991334890625 0.5305625 0.19215456718749999 0.5355000000000001 0.18667447343750002 0.5344218749999999 0.1833021078125 0.546296875 0.19564402812499998 0.5439375 0.2021779859375 0.546265625 0.1926229515625 0.557609375
8 0.2470257609375 0.418375 0.2729976578125 0.41414062500000004 0.2910304453125 0.405296875 0.290491803125 0.38689062500000004 0.275644028125 0.38406250000000003 0.24119437968750002 0.385484375 0.20725995312499998 0.390078125 0.192412178125 0.397859375 0.19346604218750002 0.418375 0.20353629999999998 0.420140625 0.21360655781250001 0.420140625 0.2470257609375 0.418375
9 0.9755971890625 0.340265625 0.9773302109375 0.34490625 0.9729742390625 0.351890625 0.9729742390625 0.35828125 0.95032786875 0.37396875 0.9424824359375 0.38965625 0.92159250625 0.43267187500000004 0.9294145203124999 0.4489375 0.9346370015625001 0.45592187500000003 0.9407494140624999 0.4623125 0.9529508203124999 0.462890625 0.960772834375 0.46114062499999997 0.9729742390625 0.45592187500000003 0.96775175625 0.47103124999999996 0.9651288062500001 0.47684375 0.9633957843750001 0.48439062499999996 0.9599063234375 0.49428124999999995 0.972107728125 0.543671875 0.9991100703125 0.597140625 1 0.28331249999999997 0.98255269375 0.29434375 0.9694847781249999 0.3030625 0.9694847781249999 0.32746875000000003 0.9755971890625 0.340265625