8 0.56440625 0.29315420625 0.57609375 0.2860280375 0.5886250000000001 0.268574765625 0.593828125 0.2524065421875 0.592953125 0.2323598125 0.585171875 0.2194158875 0.572625 0.2161915890625 0.566578125 0.2161915890625 0.546671875 0.22911215000000001 0.536734375 0.2485280375 0.53240625 0.275700934375 0.522453125 0.2860280375 0.506453125 0.30478972031249996 0.51078125 0.3119158875 0.534125 0.291869159375 0.544078125 0.2892757015625 0.56440625 0.29315420625
9 0.610765625 0.355911215625 0.603046875 0.338574765625 0.59840625 0.3247196265625 0.5906875 0.3224065421875 0.586046875 0.34088785 0.580640625 0.3489719625 0.578328125 0.3674532703125 0.614640625 0.3674532703125 0.614640625 0.3651401875 0.610765625 0.355911215625
9 0.327046875 0.3560280375 0.33428125 0.3560280375 0.338421875 0.3560280375 0.339453125 0.35140186875 0.338421875 0.343668225 0.338421875 0.32668224375 0.33221875 0.325116821875 0.328078125 0.325116821875 0.3311875 0.314299065625 0.3311875 0.30658878437500003 0.324984375 0.3019392515625 0.31775000000000003 0.298855140625 0.31257812500000004 0.309672896875 0.314640625 0.32049065468750004 0.314640625 0.323574765625 0.30843750000000003 0.3282242984375 0.30740625 0.3467523359375 0.30740625 0.3637616828125 0.313609375 0.3637616828125 0.3198125 0.3606775703125 0.327046875 0.3560280375
9 0.259765625 0.305771028125 0.26106250000000003 0.2954205609375 0.25890625 0.2870093453125 0.25328125 0.2805373828125 0.25370312500000003 0.26502336406250004 0.24851562500000002 0.2592056078125 0.24506250000000002 0.2585514015625 0.24117187499999998 0.26565420624999997 0.24203125 0.27537383125 0.24332812499999998 0.27859813125 0.240296875 0.279883178125 0.23381249999999998 0.28829439218749997 0.232953125 0.3089953265625 0.2385625 0.31934579375 0.237703125 0.328411215625 0.24376562499999999 0.32453271093749997 0.24376562499999999 0.305771028125 0.259765625 0.305771028125
9 0.241828125 0.174672896875 0.24700000000000003 0.17661215 0.247859375 0.18240654218750002 0.24871875000000002 0.19081775625 0.25001562499999996 0.192102803125 0.25390625 0.19789719687500001 0.2565 0.19081775625 0.25821875 0.183714953125 0.259515625 0.1785514015625 0.257359375 0.17595794375 0.25865625 0.17016355156250002 0.25346875 0.1598364484375 0.245703125 0.15661215 0.23879687500000002 0.1624065421875 0.231890625 0.17724299062499999 0.234484375 0.186285046875 0.23534375000000002 0.1869392515625 0.2379375 0.1811214953125 0.241828125 0.174672896875
9 0.47996875 0.6382476640625 0.46725000000000005 0.6039953265625 0.45196875 0.5773598125 0.450703125 0.5107476640625 0.454515625 0.4517757015625 0.45325 0.394672896875 0.45196875 0.34331775625 0.46596875000000004 0.34140186875 0.5079687500000001 0.32808411249999997 0.52959375 0.3242757015625 0.5410468749999999 0.3071495328125 0.523234375 0.2900233640625 0.481234375 0.29574766406249997 0.46596875000000004 0.303341121875 0.46978125000000004 0.2786214953125 0.482515625 0.2215186921875 0.500328125 0.21771027968749998 0.502875 0.172056075 0.486328125 0.147313084375 0.46725000000000005 0.147313084375 0.44815625 0.1986915890625 0.44815625 0.21581775625000002 0.43034375 0.23105140156249998 0.41379687499999995 0.2671962609375 0.399796875 0.31665887812500004 0.38071875 0.3604205609375 0.3794375 0.38135514062500003 0.401078125 0.40609813125 0.41889062499999996 0.49742990625 0.41760937499999995 0.5354906546875 0.40234375 0.60588785 0.4214375 0.636331775 0.455796875 0.6401401875 0.47996875 0.6382476640625
9 0.247796875 0.226425234375 0.25406249999999997 0.2224532703125 0.256953125 0.21920560781249998 0.256953125 0.21415887812499998 0.25478125 0.207686915625 0.252375 0.2019158875 0.250921875 0.197943925 0.24971875 0.192897196875 0.24851562500000002 0.188925234375 0.24514062499999997 0.1875 0.24514062499999997 0.192897196875 0.2436875 0.19614485937499998 0.238625 0.198668225 0.238390625 0.2029906546875 0.23742187499999998 0.2116355140625 0.23815624999999999 0.21885514062500003 0.238625 0.21992990625000003 0.24176562499999998 0.226425234375 0.247796875 0.226425234375
9 0.8385624999999999 0.3528037390625 0.826546875 0.32584112187500003 0.8205312499999999 0.3056074765625 0.8055 0.314602803125 0.8055 0.32808411249999997 0.796484375 0.3370794390625 0.7949843750000001 0.39551401875000003 0.8039999999999999 0.40675233593750004 0.82203125 0.4449532703125 0.85059375 0.440443925 0.84909375 0.42920560781250006 0.8415781250000001 0.3752803734375 0.8385624999999999 0.3528037390625
9 0.6504218749999999 0.3522897203125 0.651546875 0.3444392515625 0.6506093749999999 0.3360514015625 0.6506093749999999 0.3324065421875 0.651921875 0.3239953265625 0.652296875 0.31698598125 0.652671875 0.3052102796875 0.6504218749999999 0.30408878437500003 0.647234375 0.3024065421875 0.644796875 0.305771028125 0.643859375 0.31109813124999997 0.641984375 0.314742990625 0.6429218750000001 0.31698598125 0.6429218750000001 0.3197897203125 0.643671875 0.3225934578125 0.641046875 0.3284813078125 0.6386093749999999 0.33156542031249997 0.635796875 0.33128504687500004 0.634296875 0.329883178125 0.631671875 0.328200934375 0.630171875 0.3273598125 0.6269843749999999 0.3287616828125 0.6309218750000001 0.3360514015625 0.633171875 0.3382943921875 0.6309218750000001 0.348925234375 0.629796875 0.3545327109375 0.625671875 0.3564953265625 0.6241875 0.36098130781250004 0.6307343750000001 0.362943925 0.635421875 0.3618224296875 0.635421875 0.359299065625 0.637671875 0.348925234375 0.640109375 0.35172897187499996 0.643109375 0.3520093453125 0.6504218749999999 0.3522897203125
9 0.57609375 0.323668225 0.5666875 0.3394158875 0.565578125 0.3501635515625 0.567796875 0.3642523359375 0.5783125 0.36838785 0.578875 0.3634345796875 0.581078125 0.3452102796875 0.58440625 0.3344392515625 0.58440625 0.315397196875 0.58053125 0.307102803125 0.57221875 0.307943925 0.571671875 0.314556075 0.57609375 0.323668225
9 0.524421875 0.328925234375 0.524421875 0.33717289687499996 0.5285 0.3442056078125 0.53034375 0.35640186875 0.532375 0.362827103125 0.5344218749999999 0.365257009375 0.539734375 0.36556074843749997 0.562390625 0.3637383171875 0.56565625 0.36191588750000003 0.5660624999999999 0.358855140625 0.56565625 0.3506074765625 0.566875 0.3304672890625 0.5660624999999999 0.3286214953125 0.5566718749999999 0.3152102796875 0.5515625 0.3121495328125 0.5472812499999999 0.3057476640625 0.5452343749999999 0.3014719625 0.5409531249999999 0.296588784375 0.533390625 0.2962616828125 0.53075 0.2993224296875 0.53034375 0.3042056078125 0.52809375 0.3176401875 0.530125 0.3210046734375 0.530125 0.324672896875 0.526859375 0.3197897203125 0.52584375 0.3234345796875 0.524421875 0.328925234375
9 0.72009375 0.3224766359375 0.7193125 0.33537383125 0.7227187500000001 0.350630840625 0.72715625 0.363130840625 0.7501562500000001 0.362757009375 0.7506875 0.3564953265625 0.7506875 0.34710280312499997 0.7564375 0.344369159375 0.75590625 0.3381074765625 0.75590625 0.331869159375 0.753296875 0.322102803125 0.747546875 0.31310747656250004 0.747546875 0.30997663593749997 0.748859375 0.2990186921875 0.74703125 0.2935514015625 0.7391875 0.284556075 0.7305625 0.2900467296875 0.729765625 0.29941588750000003 0.7323906250000001 0.3134813078125 0.730296875 0.314672896875 0.722453125 0.3162383171875 0.72009375 0.3224766359375
9 0.7294375 0.2894626171875 0.74053125 0.2869158875 0.7408125 0.2805373828125 0.73484375 0.27413551406250003 0.733421875 0.2613785046875 0.7274375 0.2554205609375 0.72459375 0.2575467296875 0.720890625 0.2626401875 0.721453125 0.273714953125 0.7149062500000001 0.2869158875 0.7149062500000001 0.310327103125 0.7191875 0.314158878125 0.732 0.31331775624999997 0.7294375 0.2894626171875
8 0.38578125 0.358714953125 0.383828125 0.3371962609375 0.360265625 0.3371962609375 0.3583125 0.362616821875 0.376625 0.362616821875 0.380546875 0.375327103125 0.38578125 0.358714953125
8 0.12446874999999999 0.31154205625000003 0.119234375 0.3056775703125 0.11268750000000001 0.3056775703125 0.101578125 0.3076401875 0.10287500000000001 0.32035046718750004 0.101578125 0.3311214953125 0.10221875 0.338925234375 0.109421875 0.348714953125 0.119234375 0.341869159375 0.12446874999999999 0.3281775703125 0.12446874999999999 0.31154205625000003
9 0.773078125 0.3038785046875 0.776984375 0.29742990625 0.77959375 0.290397196875 0.776859375 0.2863084109375 0.772671875 0.2775233640625 0.773859375 0.26212616875 0.765640625 0.257056075 0.756625 0.2640654203125 0.750625 0.2822196265625 0.751015625 0.2949065421875 0.750375 0.3052336453125 0.770984375 0.30581775625 0.773078125 0.3038785046875
8 0.8073281250000001 0.3933644859375 0.8038125 0.40193925156250004 0.806015625 0.40785046718749995 0.81878125 0.44735981249999995 0.8227499999999999 0.4269392515625 0.8130625 0.3933644859375 0.8073281250000001 0.3933644859375
9 0.003125 0 0.003125 0.3878504671875 0.109375 0.390186915625 0.121875 0.38551401875 0.1875 0.38551401875 0.190625 0.390186915625 0.1765625 0.4135514015625 0.16875 0.443925234375 0.153125 0.46028037343749995 0.146875 0.47196261718750004 0.1375 0.5070093453125 0.1265625 0.516355140625 0.1171875 0.53037383125 0.1046875 0.5700934578125 0.0921875 0.5817757015625 0.084375 0.5957943921875 0.078125 0.6121495328125001 0.075 0.630841121875 0.0640625 0.640186915625 0.053125 0.65654205625 0.0484375 0.6682242984375 0.04375 0.693925234375 0.0296875 0.7056074765625 0.0203125 0.7219626171875 0.0140625 0.7429906546875 0.0140625 0.754672896875 0.0015625 0.766355140625 0.0015625 0.94859813125 0.0296875 0.9462616828125 0.0421875 0.9369158875 0.0578125 0.9135514015625 0.065625 0.9135514015625 0.0828125 0.9042056078125 0.1015625 0.876168225 0.1203125 0.873831775 0.134375 0.8621495328125001 0.146875 0.8411214953125 0.1625 0.8387850468750001 0.1765625 0.8294392515625001 0.19375 0.8037383171875 0.20625 0.8037383171875 0.215625 0.7990654203124999 0.228125 0.787383178125 0.2390625 0.7686915890625 0.2546875 0.766355140625 0.26875 0.7570093453125 0.2859375 0.7313084109375 0.303125 0.7289719625 0.315625 0.71962616875 0.3328125 0.693925234375 0.3453125 0.693925234375 0.3546875 0.6892523359375 0.36875 0.6752336453125001 0.378125 0.6588785046875001 0.39375 0.65654205625 0.4078125 0.6471962609374999 0.415625 0.6378504671874999 0.4171875 0.630841121875 0.4078125 0.6168224296875 0.403125 0.6028037390625001 0.4171875 0.5397196265625 0.4515625 0.556074765625 0.453125 0.5794392515625 0.4640625 0.5957943921875 0.4703125 0.5864485984375001 0.4859375 0.5841121499999999 0.496875 0.5771028031250001 0.5171875 0.5490654203124999 0.528125 0.5490654203124999 0.54375 0.5397196265625 0.5609375 0.5140186921875001 0.5859375 0.5070093453125 0.6015625 0.48831775625 0.6109375 0.4859813078125 0.6234375 0.47663551406250004 0.6359375 0.45794392500000003 0.6421875 0.44158878437500004 0.6671875 0.44158878437500004 0.6765625 0.43457943906249996 0.6984375 0.43457943906249996 0.715625 0.42757009375 0.74375 0.4299065421875 0.75 0.4252336453125 0.7640625 0.4252336453125 0.7921875 0.40887850468750003 0.803125 0.40887850468750003 0.84375 0.3925233640625 0.846875 0.40887850468750003 0.9734375 0.40654205625 0.990625 0.3995327109375 0.9984375 0.3925233640625 0.831023378125 0.3273881703125 0.828125 0.3294392515625 0.8234136453125 0.32442748125 0.825 0.32242990625 0.8234375 0.3154205609375 0.81875 0.30841121562499996 0.9088541671874999 0.1471962609375 0.9078125 0.14018691562500002 0.975 0.1448598125 0.9984375 0 0.003125 0