8 0.31012 0.9887733328125 0.30506 0.9573066671875001 0.28484 0.94608 0.2545 0.94832 0.2528 0.92584 0.24775999999999998 0.9033599999999999 0.24102 0.8696533328125 0.21236000000000002 0.8404533328125 0.19044 0.7640533328125 0.13484000000000002 0.8134933328124999 0.12472000000000001 0.8045066671875001 0.08426 0.74832 0.06068 0.6045066671875 0.04888 0.5910133328125 0.0472 0.55056 0.04382 0.5101066671875001 0.06573999999999999 0.48989333281249997 0.0033799999999999998 0.3797866671875 0 0.9730399999999999 0.01012 0.9865066671875 0.31012 0.9887733328125
9 0.07432 0.3794933328125 0.09122 0.3997866671875 0.09122 0.4087733328125 0.10472 0.42455999999999994 0.11317999999999999 0.4335466671875 0.10303999999999999 0.45608000000000004 0.08108 0.46058666718749997 0.06588000000000001 0.4763466671875 0.03716 0.51464 0.04222 0.5349066671875 0.0456 0.55968 0.057440000000000005 0.5799466671875 0.057440000000000005 0.5912266671874999 0.06082 0.6092266671875 0.06926 0.6497866671875 0.0777 0.6970666671875 0.09628 0.7713866671875 0.12668 0.8209333328125 0.19088 0.75112 0.19256 0.7713866671875 0.2044 0.80968 0.20945999999999998 0.8231999999999999 0.21284 0.8412266671875 0.22635999999999998 0.8637333328125001 0.22972 0.8794933328125 0.23647999999999997 0.9335466671875 0.28715999999999997 0.98536 0.30068 0.9875999999999999 0.30912 0.9875999999999999 0.30236 0.9605866671875001 0.28886 0.9448266671875001 0.2652 0.9448266671875001 0.24832 0.9335466671875 0.24323999999999998 0.89528 0.24662 0.89528 0.26014 0.89528 0.27027999999999996 0.8614933328125 0.2973 0.72184 0.30406 0.70384 0.30236 0.6768 0.30406 0.6700533328125 0.31756 0.6790666671875 0.3277 0.6925600000000001 0.33277999999999996 0.6993333328125 0.34628000000000003 0.6993333328125 0.33784000000000003 0.6813066671875 0.30574 0.6362666671875 0.32264 0.6362666671875 0.33277999999999996 0.6362666671875 0.33108 0.60248 0.3277 0.60248 0.32602000000000003 0.5957333328125001 0.32602000000000003 0.5686933328125 0.33277999999999996 0.5799466671875 0.33614 0.5912266671874999 0.3446 0.5957333328125001 0.34628000000000003 0.5957333328125001 0.34965999999999997 0.5957333328125001 0.37668 0.5957333328125001 0.38852000000000003 0.61824 0.40202 0.6655466671875 0.41722000000000004 0.64528 0.42397999999999997 0.6250133328125 0.43244 0.6272533328125001 0.44932 0.6114933328125 0.45439999999999997 0.5934666671875 0.46452 0.5844533328125 0.48647999999999997 0.58672 0.48986 0.5709333328125 0.48310000000000003 0.5664533328125 0.44593999999999995 0.5484266671875 0.45102000000000003 0.5394133328125 0.44426 0.5326666671875 0.43582 0.5394133328125 0.39358 0.54392 0.3598 0.5236533328124999 0.33784000000000003 0.49210666718749996 0.27702 0.36149333281249996 0.25844 0.35248 0.24323999999999998 0.3705066671875 0.22466 0.3479733328125 0.20102000000000003 0.28941333281250003 0.19594 0.2804 0.19088 0.2713866671875 0.18582 0.2624 0.15372 0.2398666671875 0.09798 0.23759999999999998 0.05574 0.30517333281250003 0.0625 0.33672 0.07432 0.3794933328125
9 0.42713999999999996 0.27792 0.40696000000000004 0.3137866671875 0.39014000000000004 0.41021333281250005 0.41872 0.538 0.54989 0.4776304765625 0.6492600000000001 0.7779175765625 0.67902 0.8795612140625 0.688549090625 0.8808509093750001 0.68274 0.8922666671874999 0.72142 0.9752266671875001 0.74664 0.9819466671875 0.8223 0.95504 0.8240000000000001 0.9348533328125 0.8206200000000001 0.9034666671875 0.787 0.8564 0.787 0.8160266671875 0.7547119999999999 0.77656 0.740830909375 0.778109090625 0.74664 0.7666933328125001 0.7059763640625001 0.8466036375 0.64554 0.7652121203125 0.5637 0.48569212031250003 0.56838 0.47522666718749995 0.63566 0.53352 0.71636 0.5626666671875 0.73654 0.5671466671875 0.74328 0.5514666671875 0.69618 0.38554666718749997 0.62724 0.22186666718749998 0.51626 0.19496 0.5297 0.10976 0.49607999999999997 0.04696 0.48597999999999997 0.042480000000000004 0.44226 0.042480000000000004 0.41032 0.060426667187500005 0.39686 0.0626666671875 0.37164 0.0761333328125 0.368833334375 0.0910755546875 0.36322 0.12096 0.36492 0.19272 0.39518 0.23082666718749997 0.42713999999999996 0.27792
9 0.67906 0.19032 0.68412 0.1993333328125 0.68918 0.2105866671875 0.67398 0.23759999999999998 0.6706000000000001 0.2758933328125 0.68074 0.28941333281250003 0.6993199999999999 0.28941333281250003 0.71452 0.27816 0.7162200000000001 0.2871733328125 0.7212799999999999 0.30517333281250003 0.75844 0.36149333281249996 0.7973 0.3772533328125 0.8125 0.4020266671875 0.82264 0.4042666671875 0.8462799999999999 0.41104 0.87668 0.4155466671875 0.88514 0.4177866671875 0.8901999999999999 0.4177866671875 0.9087799999999999 0.43581333281249995 0.9037200000000001 0.45608000000000004 0.9054 0.5056266671875 0.91892 0.5641866671875 0.93582 0.6294933328125001 0.9662200000000001 0.75112 0.9544 0.80744 0.9408799999999999 0.9065333328125 1 0.9042666671875 0.99864 0.3412533328125 1 0.0008266671874999999 0.67138 0.00176 0.66926 0.0045866671875 0.6664399999999999 0.00928 0.6607999999999999 0.0262133328125 0.66008 0.04408 0.66008 0.0657066671875 0.66432 0.0760533328125 0.6615 0.10050666718750001 0.6671400000000001 0.1212 0.67278 0.156 0.6756800000000001 0.15426666718749998 0.6756800000000001 0.16104000000000002 0.67906 0.19032
9 0.58488 0.0691466671875 0.59148 0.0716533328125 0.60466 0.0678933328125 0.60466 0.0942666671875 0.61314 0.1206133328125 0.6329 0.13821333281249998 0.64044 0.15074666718750002 0.6442 0.1783733328125 0.64796 0.1884266671875 0.67436 0.23496 0.67904 0.22984 0.70164 0.2901066671875 0.7289399999999999 0.33781333281250003 0.76942 0.39808 0.78166 0.42191999999999996 0.78354 0.43322666718749997 0.79674 0.4445066671875 0.79296 0.45581333281249997 0.78544 0.46712 0.77226 0.48093333281249995 0.76284 0.49976000000000004 0.76566 0.50352 0.78072 0.5047733328125 0.80238 0.49725333281250006 0.81744 0.4733866671875 0.8400399999999999 0.4533066671875 0.8438000000000001 0.46837333281250004 0.8551 0.4721333328125 0.8748799999999999 0.4621066671875 0.8908799999999999 0.4608266671875 0.90312 0.46962666718749996 0.889 0.4131466671875 0.87958 0.40936000000000006 0.81744 0.40184 0.8118000000000001 0.3917866671875 0.80144 0.37922666718750003 0.7732 0.3616533328125 0.7506 0.33781333281250003 0.72518 0.30517333281250003 0.7195199999999999 0.28258666718750003 0.71294 0.2813066671875 0.68562 0.22456 0.68216 0.20493333281249998 0.6735 0.1922133328125 0.6735 0.16912 0.66396 0.1205866671875 0.6616 0.053173332812499995 0.66304 0.0201866671875 0.66962 0.0026133328125 0.55758 0.0013599999999999999 0.55382 0.03024 0.56606 0.055333332812500004 0.58394 0.055333332812500004 0.58488 0.0691466671875
9 0.5534399999999999 0.2075733328125 0.57926 0.20501333281249998 0.6204 0.22925333281250002 0.64334 0.2674933328125 0.67108 0.3357333328125 0.69786 0.4001066671875 0.71556 0.4829866671875 0.76576 0.4785333328125 0.7724599999999999 0.4619466671875 0.7289399999999999 0.44792 0.7342 0.4345333328125 0.7562 0.4288 0.76002 0.4230666671875 0.75332 0.4039466671875 0.71842 0.34784000000000004 0.65674 0.24167999999999998 0.6079600000000001 0.14896 0.56348 0.10496000000000001 0.56636 0.05458666718750001 0.5587 0.0016799999999999999 0.5372 0.0163466671875 0.5281 0.0004 0.40282 0.0004 0.38658000000000003 0.0367466671875 0.39326 0.0616 0.41956 0.0501333328125 0.44204 0.0520266671875 0.48986 0.0896533328125 0.5118400000000001 0.1464 0.51328 0.19039999999999999 0.51472 0.19927999999999998 0.52046 0.2075733328125 0.5534399999999999 0.2075733328125
8 0.31732 0.6881333328125 0.32686000000000004 0.6953333328125 0.32558 0.6982933328125001 0.33161999999999997 0.7063466671875 0.33672 0.7046666671875 0.33608 0.7 0.34784000000000004 0.6936266671875 0.35706000000000004 0.70128 0.39934 0.6995733328125 0.40316 0.6885600000000001 0.39648 0.6940533328125 0.38344 0.6906666671874999 0.36978 0.69576 0.3418 0.6826133328124999 0.31414 0.6847466671875 0.3043 0.6796533328125001 0.30588000000000004 0.6974400000000001 0.31732 0.6881333328125
8 0.85266 0.59848 0.8538600000000001 0.5693333328125 0.8417199999999999 0.5498933328125 0.82148 0.5396533328124999 0.78626 0.5445066671875 0.76034 0.5623199999999999 0.75386 0.57256 0.79394 0.58768 0.79394 0.5968533328125 0.78382 0.6352 0.7437400000000001 0.6238666671875001 0.74778 0.6432800000000001 0.7745 0.66328 0.8137800000000001 0.6557066671875 0.84132 0.63088 0.85266 0.59848
8 0.54896 0.5722933328125 0.49476000000000003 0.5674933328125 0.4478 0.5988 0.43064 0.6108266671875 0.42160000000000003 0.6168533328125 0.40625999999999995 0.6325066671874999 0.39180000000000004 0.64576 0.35928 0.6758666671875 0.35748 0.6758666671875 0.35658 0.6782666671875 0.40174000000000004 0.69032 0.39722 0.7023466671875 0.43154000000000003 0.7445066671875 0.45142 0.7902666671875 0.45774 0.7890666671875 0.5589000000000001 0.7144 0.58056 0.6638133328125 0.57876 0.6 0.54896 0.5722933328125
8 0.7232000000000001 0.57576 0.7351 0.5937866671875 0.7396 0.6096266671875 0.76542 0.62712 0.77566 0.63312 0.7822199999999999 0.6314933328125 0.78386 0.6238400000000001 0.79002 0.61128 0.7924599999999999 0.5992533328125 0.79452 0.5921333328125 0.731 0.5664533328125 0.72812 0.56536 0.7232000000000001 0.56864 0.7232000000000001 0.57576
9 0.41609999999999997 0.29058666718750004 0.43138 0.2661333328125 0.39368 0.2226666671875 0.38554 0.19144 0.37636 0.1737866671875 0.37026 0.1425333328125 0.37128 0.09229333281249999 0.36414 0.0909333328125 0.34784000000000004 0.08957333281249999 0.33256 0.08957333281249999 0.31322 0.0977066671875 0.31118 0.0827733328125 0.28062 0.024373332812500002 0.25414 0.00808 0.2358 0.004 0.22562000000000001 0.021653332812500002 0.21644000000000002 0.0379466671875 0.22968000000000002 0.0936533328125 0.23784 0.1058666671875 0.25516 0.11672 0.26126 0.1357333328125 0.25718 0.1615466671875 0.26126 0.22674666718749997 0.2908 0.2851466671875 0.3346 0.3421866671875 0.34682 0.36528 0.3621 0.3937866671875 0.39266 0.4331733328125 0.3886 0.3978666671875 0.39266 0.35575999999999997 0.41609999999999997 0.29058666718750004
8 0.84404 0.8286666671875 0.8377800000000001 0.8453333328125 0.81592 0.86616 0.8086399999999999 0.8966933328125 0.8231999999999999 0.9272533328125 0.85756 0.9258666671875 0.8908799999999999 0.9230933328125 0.9127599999999999 0.9605600000000001 0.92838 0.94808 0.92524 0.8814399999999999 0.93462 0.84672 0.9398199999999999 0.8064533328125 0.93462 0.78704 0.9117200000000001 0.7828533328125 0.89298 0.7912 0.8690200000000001 0.7106666671874999 0.89402 0.68152 0.92524 0.5829333328125 0.9189999999999999 0.5565599999999999 0.9127599999999999 0.5274133328125 0.9065 0.4871466671875 0.90338 0.47047999999999995 0.89506 0.46631999999999996 0.87422 0.46631999999999996 0.84404 0.47047999999999995 0.77532 0.5288 0.75344 0.5524 0.7461599999999999 0.5621333328125 0.75032 0.56768 0.79198 0.5482400000000001 0.82738 0.5413066671875 0.84716 0.5621333328125 0.85236 0.5996 0.83986 0.6329333328125 0.8138400000000001 0.6523733328125 0.78676 0.66208 0.76074 0.6690133328125001 0.75136 0.6606933328125 0.7409600000000001 0.76064 0.7430399999999999 0.7509333328125 0.7409600000000001 0.77176 0.73678 0.7759199999999999 0.80342 0.7620266671875 0.84404 0.8286666671875
8 0.74416 0.6181866671875 0.71104 0.55584 0.61754 0.53248 0.6058399999999999 0.5376533328125 0.55714 0.47272 0.44026 0.5480533328125 0.49286 0.5688266671875 0.46753999999999996 0.5922133328125 0.4091 0.6207733328125 0.40324 0.63376 0.37988 0.5948 0.33896000000000004 0.6181866671875 0.31754 0.6467466671875 0.34286 0.7065066671875 0.31364000000000003 0.71168 0.28052 0.8311733328124999 0.26884 0.8857066671875 0.2474 0.9298666671875001 0.26884 0.9766133328125 0.2961 0.9870133328125 0.5922 0.9844266671874999 0.61168 0.96624 0.61754 0.9870133328125 0.6565000000000001 0.9870133328125 0.63312 0.9480533328125 0.6935 0.8597333328125 0.75194 0.71168 0.74416 0.6181866671875