8 0.8355882359375 0.530408496875 0.8220751640625 0.4921241828125 0.8063071890625 0.43805555625 0.8108169937499999 0.39977124218750004 0.7117156859375 0.29392156875 0.5968464046874999 0.2511274515625 0.5585620921875 0.2353594765625 0.479722221875 0.2353594765625 0.40990196093750003 0.23761437968750002 0.33107843125 0.253382353125 0.2680228765625 0.29392156875 0.209460784375 0.35022875781249996 0.11936274531249999 0.4583333328125 0.1463888890625 0.476356209375 0.1599019609375 0.4921241828125 0.1936928109375 0.496617646875 0.2207189546875 0.5258986921875 0.25 0.5551797390625001 0.263513071875 0.5799509796875 0.2950490203125 0.5867156859375 0.31756535937499997 0.5754575156249999 0.3378431375 0.5664379078125 0.391895425 0.5641830062500001 0.43017973906250007 0.5641830062500001 0.540539215625 0.59120915 0.567565359375 0.5889705875 0.594591503125 0.59797385625 0.6036111109375 0.5799509796875 0.5968464046874999 0.5957189546875 0.7049509796875 0.548431371875 0.7995424843750001 0.5371568625 0.8175653593750001 0.496617646875 0.8355882359375 0.530408496875
9 0.85857843125 0.9044934640625 0.8599346406249999 0.88539215625 0.8299346406250001 0.84581699375 0.77263071875 0.8226307187499999 0.758986928125 0.8062581703125 0.765800653125 0.7721568624999999 0.8094607843749999 0.7557843140625 0.83129085 0.72849673125 0.823104575 0.6984803921875 0.7985457515625 0.6902941171875 0.7562581703125 0.7025817 0.7330718953125 0.7107679734375 0.68668300625 0.6984803921875 0.645751634375 0.6916666671875 0.6252941171875 0.637091503125 0.61573529375 0.5907026140625 0.6130065359375 0.5852450984375 0.5816339875 0.6043464046875 0.5734477124999999 0.594803921875 0.5488888890625 0.594803921875 0.5420751640625 0.628905228125 0.5502614375 0.6971241828125 0.5543464046875 0.738039215625 0.5420751640625 0.7421405234375 0.551617646875 0.7639705875 0.479313725 0.7666993468750001 0.45612745156249995 0.7885294125 0.4683986921875 0.81444444375 0.492957515625 0.84581699375 0.5570751640625 0.859460784375 0.5980065359375 0.8894771234375 0.6034640515625 0.90176470625 0.6484803921875 0.9167647062500001 0.6675817000000001 0.9167647062500001 0.6921405234375 0.9072222218749999 0.7480718953125 0.9099509796874999 0.8053758171875 0.9140359484375 0.85857843125 0.9044934640625
9 0.11486928125 0.7608741828125 0.1099019609375 0.77081699375 0.170780228125 0.7638541671875 0.17663035625 0.75845134375 0.1794771234375 0.7628594765625001 0.179945534375 0.7661819171875 0.1998366015625 0.812565359375 0.31513071875 0.8324509796875 0.32508170000000003 0.8582843140625 0.43640522812500004 0.8503431375 0.44236928124999997 0.860277778125 0.47418300625 0.8225 0.45032679687500005 0.7887091500000001 0.4920751640625 0.7588888890625001 0.511960784375 0.70918300625 0.4960457515625 0.6634640515625 0.45629084999999997 0.64357843125 0.4483333328125 0.671405228125 0.42447712343750005 0.6793627453125 0.3946568625 0.6634640515625 0.3747712421875 0.67539215625 0.32905228750000004 0.6634640515625 0.3270588234375 0.6793627453125 0.32508170000000003 0.7330392156250001 0.2793464046875 0.7290686281250001 0.24952614374999998 0.7290686281250001 0.191879084375 0.6316503265625 0.15807189531250002 0.6276797390625 0.1103594765625 0.685326796875 0.0447549015625 0.7527587140625001 0.04668300625 0.7598872546875 0.03879085 0.7588888890625001 0.0442973859375 0.798643790625 0.0646405234375 0.798643790625 0.1072610296875 0.7586325578124999 0.11486928125 0.7608741828125
9 0.9043300656250001 0.593986928125 0.9056535953125 0.591143790625 0.9078431374999999 0.5900490203125 0.9113398687500001 0.5845751640625 0.9185620921875 0.5780065359375001 0.9218464046875001 0.5769117640625 0.9238071890624999 0.5736274515625001 0.9286274515624999 0.5646568624999999 0.9301633984375 0.5635620921875 0.9310294125 0.5653104578125 0.9332189546875 0.566405228125 0.9384803921874999 0.568169934375 0.934983659375 0.57581699375 0.9351960781249999 0.582173203125 0.934983659375 0.585669934375 0.9338888890625 0.5950816999999999 0.9314705875 0.60099673125 0.9330065359375 0.604934640625 0.934313725 0.6047058828125 0.9437254906250001 0.6040522875 0.9511764703125 0.603186275 0.95271241875 0.5992483656250001 0.949852940625 0.5972712421875 0.9413235296875 0.5963888890625 0.940669934375 0.5915849671875 0.9422058828125 0.5848039218750001 0.9446078437500001 0.5769117640625 0.94789215625 0.5694771234375 0.946356209375 0.5642156859375 0.9452614374999999 0.5605065359375 0.9404411765624999 0.5550326796875 0.9358496734375 0.5480228765625 0.9386928109375001 0.5421241828125 0.94263071875 0.5355555562500001 0.94263071875 0.535326796875 0.9430718953125 0.537303921875 0.9428594765625 0.5425490203125001 0.9450490203124999 0.5449673203125001 0.94789215625 0.549117646875 0.9505228765625 0.5532843140625 0.9522712421874999 0.5552450984374999 0.9542320265625 0.557222221875 0.95620915 0.5569934640625 0.9588398687499999 0.5561274515625 0.9594934640625 0.553725490625 0.9590522874999999 0.5515359484375 0.9573039218750001 0.549117646875 0.9538071890625 0.5447385625 0.9500816999999999 0.540800653125 0.9485457515625001 0.534673203125 0.9487581703125001 0.5267973859375 0.9470098046875 0.5175980390625 0.9419771234375001 0.517173203125 0.9411111109375 0.515408496875 0.9437254906250001 0.5145424843749999 0.9441666671875 0.511699346875 0.9441666671875 0.506225490625 0.9433006531249999 0.500751634375 0.940882353125 0.4983496734375 0.9356372546875 0.4966013078125 0.9303758171875 0.49746732031249996 0.9273202609375 0.49900326875 0.926225490625 0.500751634375 0.9246895421874999 0.515196078125 0.92271241875 0.5202287578125 0.9233823531249999 0.5219771234375 0.921405228125 0.5239542484374999 0.91702614375 0.531830065625 0.9130882359375001 0.53620915 0.9076143796875 0.5425490203125001 0.9032352937500001 0.549117646875 0.898431371875 0.5545915031249999 0.900620915625 0.5607189546875 0.9019281046875 0.560065359375 0.905 0.5541503265625 0.907173203125 0.551748365625 0.9113398687500001 0.5469281046875001 0.9187745093749999 0.5403594765624999 0.9183496734375 0.543431371875 0.9174673203125 0.545620915625 0.9168137249999999 0.5504411765625 0.91702614375 0.5539379078125 0.9173202609375 0.557434640625 0.9166013078124999 0.56176470625 0.9140849671875 0.5646405234375 0.9133496734375001 0.5722222218749999 0.9111928109375 0.5761764703125001 0.9065032687500001 0.5783496734375 0.902173203125 0.5826633984375 0.8996568625 0.5880718953125 0.8960457515625 0.5888071890625 0.8978594765624999 0.5956535953125 0.901143790625 0.60521241875 0.9021405234375001 0.603186275 0.9021405234375001 0.6007679734375 0.9043300656250001 0.593986928125
9 0.92986928125 0.45267973906250003 0.9334477124999999 0.451830065625 0.940686275 0.4509803921875 0.9490359484375 0.45124182968750004 0.9530882359374999 0.44821895468750006 0.9520751640625 0.4447549015625 0.9486601312499999 0.43799019531249994 0.9448856203125 0.4334640515625 0.9412581703124999 0.43289215625 0.9400490203125 0.43383986874999997 0.940686275 0.43645424843749997 0.9415849671875 0.43937908437499995 0.9413235296875 0.4429411765625 0.93573529375 0.44678104531249996 0.9318954250000001 0.448905228125 0.92986928125 0.45267973906250003
9 0.20192810468750003 0.62055555625 0.21807189531249999 0.6231372546875 0.22452614375 0.580539215625 0.22323529375 0.6147549015625 0.23419934687500002 0.6224999999999999 0.24 0.5902287578125 0.2496895421875 0.5508660125 0.205800653125 0.513431371875 0.19805555625 0.5185947718749999 0.20709150312500002 0.5424673203125 0.20192810468750003 0.62055555625
8 0.2001879078125 0.6617156859375 0.20100796562499998 0.65994383125 0.20915288125 0.658312396875 0.2059109484375 0.6695179734375001 0.2116339875 0.6773202609375 0.3863888890625 0.6377941171875 0.380196078125 0.6240522875 0.36390625 0.6273151546875 0.3663071890625 0.6164705875000001 0.3612581703125 0.595 0.3498856203125 0.5924673203124999 0.3233660125 0.6013235296875 0.30441176406250003 0.6101633984375 0.2905228765625 0.5975326796875 0.26627450937499997 0.62278758125 0.2696786484375 0.6278376906250001 0.263643790625 0.6305106203124999 0.26021241875 0.6291013078125001 0.2553213515625 0.6322440078125 0.1887418296875 0.6461111109375001 0.1372385625 0.6522549015625 0.0942973859375 0.6396241828125 0.022303921875 0.6522549015625 0.02103758125 0.677516340625 0.0197712421875 0.702777778125 0.11955882343749999 0.6762581703125 0.1928630515625 0.661575265625 0.2001879078125 0.6617156859375
8 0.82607843125 0.6116666671875 0.731486928125 0.61099673125 0.7321568625 0.6177614375 0.75513071875 0.61978758125 0.81392156875 0.6177614375 0.889591503125 0.6184313718750001 0.8916176468750001 0.6136928109374999 0.889591503125 0.6089705875 0.82607843125 0.6116666671875
9 0.901143790625 0.422352940625 0.901143790625 0.4236111109375 0.901143790625 0.4254901953125 0.9009803921874999 0.42879085000000006 0.9005065359375 0.43161764687500004 0.90176470625 0.4325490203125 0.9050653593750001 0.432091503125 0.9082026140625 0.4325490203125 0.9089869281249999 0.4314542484375 0.9091503265625 0.427222221875 0.9089869281249999 0.423774509375 0.9082026140625 0.4206372546875 0.9069444437499999 0.41906862812499995 0.9069444437499999 0.41686274531249995 0.9063235296875 0.41513071874999996 0.9053758171874999 0.414199346875 0.90176470625 0.41482026093749996 0.9009803921874999 0.415931371875 0.9009803921874999 0.418120915625 0.901617646875 0.42016339843750006 0.9020751640625001 0.42016339843750006 0.9024019609374999 0.4206372546875 0.901143790625 0.422352940625
9 0.8798366015625 0.4335457515625 0.88547385625 0.431895425 0.886813725 0.43818627499999996 0.88978758125 0.43486928125 0.8941013078125 0.4295751640625 0.897091503125 0.4259150328125 0.8904575156250001 0.42194444375 0.88581699375 0.42658496718750005 0.8808333328125 0.42790849687500004 0.877516340625 0.428905228125 0.877516340625 0.43289215625 0.8798366015625 0.4335457515625
9 0.8953594765625 0.49039215625 0.899934640625 0.49039215625 0.8986928109375001 0.4795588234375 0.8986928109375001 0.46455882343750005 0.8991013078125001 0.45705882343750004 0.9041013078125 0.458725490625 0.899934640625 0.4499673203125 0.8991013078125001 0.4370588234375 0.897434640625 0.43663398750000004 0.8949346406249999 0.42996732031249996 0.8932679734375 0.43039215625000005 0.8891013078125001 0.4370588234375 0.8857679734374999 0.4395588234375 0.8828594765625001 0.44539215624999995 0.8824346406249999 0.4545588234375 0.8857679734374999 0.46289215625 0.8882679734375 0.468300653125 0.8882679734375 0.48372549062500003 0.8891013078125001 0.49163398750000004 0.8936928109375 0.49330065312500004 0.8953594765625 0.486225490625 0.8953594765625 0.49039215625
9 0.14434640468749999 0.4701143796875 0.13614379062499998 0.46264705937499995 0.11674836562499999 0.46116013125000005 0.1092810453125 0.45147058749999996 0.11450980468750001 0.44176470625 0.1294281046875 0.434313725 0.13986928125 0.43207516406249996 0.12495097968749999 0.418643790625 0.1264379078125 0.40895424843750006 0.1495751640625 0.399248365625 0.156274509375 0.3910457515625 0.170457515625 0.380604575 0.1838725484375 0.3746405234375 0.18089869218750002 0.3664379078125 0.172696078125 0.361960784375 0.1667156859375 0.35748365937500004 0.14882352968749998 0.3582189546875 0.155539215625 0.34852941249999997 0.1622549015625 0.342565359375 0.1525490203125 0.330620915625 0.14434640468749999 0.3186928109375 0.13687908437500002 0.30228758125 0.12122549062500002 0.3000490203125 0.1048202609375 0.30452614375 0.084673203125 0.3134640515625 0.084673203125 0.32838235312499997 0.0854248359375 0.344803921875 0.084673203125 0.35449346406250004 0.083186275 0.3664379078125 0.08616013125000001 0.3873202609375 0.0883986921875 0.40148692812500003 0.0928758171875 0.442516340625 0.097352940625 0.45816993437500003 0.0734803921875 0.54918300625 0.067516340625 0.5708169937500001 0.06527777812499999 0.6028758171875 0.06676470625 0.6207843140625 0.060800653125000007 0.6536111109375 0.083186275 0.6319771234375 0.09362745156249999 0.6297385625 0.1048202609375 0.607352940625 0.1100326796875 0.5819934640625 0.11674836562499999 0.5581372546875001 0.140620915625 0.5417156859375 0.1301797390625 0.6155718953125 0.12794117656249998 0.6275000000000001 0.14882352968749998 0.6230228765625 0.1644771234375 0.5200817 0.1674673203125 0.4999509796875 0.155539215625 0.4887581703125 0.14434640468749999 0.4701143796875
9 0.847565359375 0.43944444374999997 0.8472385625 0.44302287656250006 0.8495098046875 0.44236928124999997 0.8501633984374999 0.44431372500000005 0.8501633984374999 0.4495098046875 0.859248365625 0.44821895468750006 0.8589215687499999 0.443986928125 0.8605555562499999 0.442696078125 0.859248365625 0.43782679687500003 0.8560130718750001 0.4345751640625 0.8547058828124999 0.4303594765625 0.8534150328125 0.42841503281250004 0.8514542484375 0.4280882359375 0.8517810453125 0.42905228749999996 0.8501633984374999 0.4313235296875 0.851143790625 0.4345751640625 0.84918300625 0.43717320312499997 0.847565359375 0.43944444374999997