8 0.21979687499999997 0.979875 0.23490625 0.9932916671875001 0.24496875 1 0.258390625 0.9977708328125001 0.323828125 0.9955208328125 0.323828125 0.9932916671875001 0.333890625 0.9888125000000001 0.333890625 0.9731458328124999 0.34564062500000003 0.9485416671875001 0.34564062500000003 0.9373541671875 0.33725 0.9194583328125001 0.33221875 0.9082708328125 0.333890625 0.9015625 0.33221875 0.8993333328125 0.32214062499999996 0.8993333328125 0.31710937499999997 0.8769583328125 0.30871875000000004 0.868 0.300328125 0.8545833328124999 0.280203125 0.8344583328124999 0.25671875 0.8322083328125001 0.23490625 0.8344583328124999 0.2281875 0.8344583328124999 0.22146875000000002 0.8411666671875 0.2164375 0.8568333328125 0.21309375 0.8635416671874999 0.21140625000000002 0.8769583328125 0.203015625 0.8948541671875001 0.199671875 0.91275 0.197984375 0.9172291671874999 0.19128125 0.9284166671875 0.182890625 0.9306458328125 0.182890625 0.935125 0.187921875 0.9373541671875 0.194625 0.9396041671875001 0.20637500000000003 0.9463125 0.20804687500000002 0.9507916671875 0.21140625000000002 0.9440625 0.214765625 0.9619583328125 0.2164375 0.9686875 0.21812499999999999 0.977625 0.21979687499999997 0.979875
8 0.559546875 0.9303333328125 0.567984375 0.898875 0.5646093750000001 0.8786458328125001 0.5545 0.8696666671875001 0.541015625 0.8561875000000001 0.5123593750000001 0.8561875000000001 0.5005625 0.8561875000000001 0.49214062500000005 0.8674166671875 0.488765625 0.8898958328125 0.47021875 0.8831458328125 0.47021875 0.8943749999999999 0.47190624999999997 0.9123541671875 0.488765625 0.9505625 0.4955 0.9573124999999999 0.515734375 0.9730416671875 0.515734375 0.9752708328124999 0.559546875 0.9685416671875 0.559546875 0.9303333328125
9 0.3825 0.9437291671875 0.39654687499999997 0.9514791671875 0.40573437500000004 0.8772500000000001 0.414453125 0.8759583328125 0.4242916671875 0.8794097234375 0.42617361093749995 0.9006342578125001 0.42863203125 0.9108489578125001 0.42711458281250003 0.9112465265624999 0.42805555625 0.9218587953125 0.4338125 0.9211458328125 0.428996528125 0.9324710640625 0.43574999999999997 0.9314583328125 0.42993750000000003 0.9430833328125001 0.436234375 0.9430833328125001 0.444453125 0.9385625 0.4335703125 0.9092083328125 0.428196875 0.9001041671875001 0.43332812499999995 0.8972708328125 0.42776171874999996 0.8893593750000001 0.43268229218750004 0.8837152765624999 0.42732656249999995 0.8786145828124999 0.4320364578125 0.8701597234375 0.42689140625000005 0.8678697921875 0.42335069374999995 0.8687974546874999 0.422409721875 0.8581851859375 0.43139062499999997 0.8566041671875 0.4306640625 0.8446666671875 0.42146875 0.8475729171875 0.41413020781250004 0.8445555562499999 0.41402256875 0.8340879625 0.42052777812500003 0.8369606484375 0.42993750000000003 0.8327291671875001 0.42515078125 0.8248906249999999 0.42993750000000003 0.8166041671875 0.424715625 0.8141458328125 0.4186458328125 0.8157361109375 0.41380729218749995 0.8131527765625 0.413699653125 0.8026851859375 0.41770486093750003 0.8051238421875 0.42428046875 0.8034010421875 0.4338125 0.7972291671875 0.4238453125 0.7926562500000001 0.41676388906249995 0.794511575 0.4135920140625 0.7922175921875 0.4158229171875 0.78389930625 0.42341015625 0.7819114578125 0.4316328125 0.78303125 0.422975 0.7711666671875 0.42945312500000005 0.7688333328125 0.424609375 0.7585208328124999 0.42509375 0.7514166671875 0.42210468749999996 0.7496770828125 0.427515625 0.742375 0.42166953124999995 0.7389322921875 0.42557812500000003 0.7314166671875 0.42123437499999994 0.7281875 0.413 0.7520625 0.41394097187499995 0.76267476875 0.411546875 0.7643125000000001 0.40234375 0.7630208328125 0.4038046875 0.7675416671875 0.3960625 0.7707708328125 0.38879687500000004 0.8011041671875001 0.3960625 0.8036875 0.395578125 0.8708125000000001 0.383953125 0.9230833328125 0.3825 0.9437291671875
9 0.465140625 0.7877083328125 0.46321874999999996 0.7947708328124999 0.46224999999999994 0.8011874999999999 0.46032812500000003 0.8069791671875001 0.457921875 0.8114791671875 0.45695312499999996 0.8172499999999999 0.4574375 0.82175 0.46224999999999994 0.8391041671874999 0.45984375 0.8500208328125 0.45695312499999996 0.858375 0.45646875 0.8654375 0.45599999999999996 0.877 0.454546875 0.8821458328125 0.454546875 0.8866458328125001 0.45695312499999996 0.8892083328125 0.465140625 0.8898541671875 0.465625 0.8840625 0.465140625 0.8795624999999999 0.465625 0.868 0.467078125 0.858375 0.470921875 0.8468125000000001 0.4738125 0.8403750000000001 0.479609375 0.8628750000000001 0.481046875 0.8731458328124999 0.48442187499999995 0.8776458328125001 0.4873125 0.8776458328125001 0.48828125 0.8737916671875 0.487796875 0.8699375 0.48971875000000004 0.8634999999999999 0.49117187500000004 0.8615833328125 0.49068750000000005 0.8455208328125 0.4873125 0.8288125000000001 0.4873125 0.82175 0.4873125 0.8114791671875 0.48828125 0.8018333328124999 0.489234375 0.7960416671874999 0.48875 0.7889791671874999 0.485859375 0.7819166671875 0.48442187499999995 0.7780625 0.4805625 0.7690625 0.48345312500000004 0.7626458328125 0.482015625 0.7587916671875 0.466109375 0.7607083328125 0.46659375000000003 0.7677916671875 0.46996874999999994 0.7755 0.46948437500000006 0.780625 0.465140625 0.7877083328125
9 0.594125 0.7718125 0.59853125 0.7839583328125 0.599703125 0.7890625 0.59559375 0.8055208328125 0.5970625 0.814125 0.600296875 0.8247083328124999 0.596765625 0.8388125000000001 0.592359375 0.8674166671875 0.6020625 0.8713333328124999 0.6058749999999999 0.86075 0.60234375 0.8587916671875 0.60440625 0.8478333328125001 0.60440625 0.8474375000000001 0.605578125 0.8282291671875001 0.6076406249999999 0.8223541671874999 0.60821875 0.8294166671875001 0.6079375 0.8509583328125 0.606171875 0.8619375 0.605578125 0.8619375 0.607046875 0.8713333328124999 0.612046875 0.8697708328125 0.61909375 0.8724999999999999 0.6193906250000001 0.8685833328125 0.617328125 0.8631041671874999 0.617046875 0.8595833328125 0.617046875 0.8482083328125001 0.6179218750000001 0.8153124999999999 0.6205625 0.8129583328125 0.62028125 0.8008124999999999 0.6246875000000001 0.7984583328125 0.622328125 0.7914166671875 0.615859375 0.7886666671875 0.6146874999999999 0.7741666671874999 0.6138125 0.7632083328125 0.600296875 0.7620208328125 0.59940625 0.7628125 0.5970625 0.761625 0.594125 0.7718125
9 0.772328125 0.8422083328125 0.77715625 0.8434791671875 0.7800625 0.8434791671875 0.7810312500000001 0.8409166671875001 0.7800625 0.8338333328124999 0.780546875 0.8203125 0.7815000000000001 0.7977708328124999 0.77571875 0.7861875 0.774265625 0.7816666671875 0.7737812500000001 0.7649375 0.7713593750000001 0.7617083328125 0.766046875 0.7617083328125 0.7636406250000001 0.7617083328125 0.762671875 0.7623541671875 0.758328125 0.7649375 0.756875 0.7681458328125 0.756875 0.7707291671875 0.755421875 0.7823125 0.755421875 0.7855416671875 0.75446875 0.7874791671875 0.753984375 0.7887500000000001 0.751078125 0.7932708328125 0.749640625 0.7958333328125 0.749640625 0.7990625 0.7501249999999999 0.8035625 0.754953125 0.8145208328125 0.759296875 0.8447708328125 0.762671875 0.8434791671875 0.7679843749999999 0.8422083328125 0.772328125 0.8422083328125
9 0.864046875 0.8468958328125 0.8679218750000001 0.8527083328125 0.871796875 0.8527083328125 0.8756875000000001 0.8559583328124999 0.884221875 0.8527125 0.8844166671875 0.8637083328124999 0.8760104171875 0.8684583328125 0.8763333328125 0.8809583328124999 0.8846114578125001 0.8747041671875 0.8850010421875 0.8966958328124999 0.8766562499999999 0.8934583328124999 0.8766562499999999 0.9141666671875001 0.8851958328125 0.9076916671875 0.885390625 0.9186875000000001 0.8941250000000001 0.9219166671875 0.8999375000000001 0.9096249999999999 0.8941250000000001 0.898 0.885935546875 0.8978567703125 0.8862080078125001 0.88744140625 0.8926562499999999 0.8850625000000001 0.88648046875 0.8770260421874999 0.887025390625 0.8561953125 0.8955781249999999 0.8669375 0.8999375000000001 0.8529375 0.899453125 0.7824375 0.8970312500000001 0.7733958328125 0.8889326171875 0.7832877609375 0.8892050781249999 0.7728723953125 0.8960625 0.7611041671875001 0.8894775390625 0.7624570312500001 0.88975 0.7520416671875 0.8824687499999999 0.7537499999999999 0.8826635421875 0.7647458328125001 0.878109375 0.7653958328125 0.8828583328124999 0.7757416671875 0.874234375 0.7815624999999999 0.8679218750000001 0.7957916671875 0.8643697921875001 0.8212361109374999 0.8698593750000001 0.8242499999999999 0.8625937499999999 0.8339583328125 0.8708281250000001 0.8384791671875 0.864046875 0.8468958328125
9 0.970828125 0.7960625 0.9641249999999999 0.7922291671874999 0.9647656250000001 0.787125 0.966671875 0.7811666671874999 0.966671875 0.7764791671875 0.9615625 0.76625 0.956140625 0.7637083328125 0.9494374999999999 0.76625 0.9494374999999999 0.7751875 0.9491093749999999 0.7807291671875001 0.9465625 0.7866875 0.9462343750000001 0.7883958328125 0.9379375 0.7973333328125001 0.9315468750000001 0.8195208328125 0.931875 0.8293125 0.928671875 0.8399583328125001 0.9293125 0.8535833328125 0.9293125 0.8633749999999999 0.932828125 0.8659375 0.9360156249999999 0.8574166671875 0.93475 0.851875 0.938890625 0.8374166671875001 0.938578125 0.8680625 0.944328125 0.8970208328125 0.94846875 0.89275 0.963484375 0.9119166671875 0.971140625 0.8876458328125001 0.9701875 0.8565625000000001 0.9685937499999999 0.8472083328125001 0.971140625 0.8455 0.974015625 0.8565625000000001 0.9759375 0.8633749999999999 0.9788125000000001 0.8663541671875 0.982 0.8663541671875 0.98615625 0.8646666671875 0.9845625 0.8595 0.98009375 0.8360833328125 0.9772187499999999 0.8216041671875001 0.972421875 0.8007500000000001 0.970828125 0.7960625
9 0.9072968749999999 0.827875 0.910359375 0.85375 0.913421875 0.8823333328125 0.9205781249999999 0.8836875 0.9205781249999999 0.852375 0.92465625 0.8469374999999999 0.92771875 0.8387708328124999 0.92771875 0.8061041671875 0.928734375 0.7843125 0.91853125 0.778875 0.9164843749999999 0.7625416671874999 0.9072968749999999 0.7584583328125001 0.90934375 0.7693541671874999 0.9062812499999999 0.7816041671875 0.9072968749999999 0.827875
9 0.8301875000000001 0.7950833328125 0.83434375 0.7950833328125 0.8301875000000001 0.8117291671875 0.831140625 0.8612291671875001 0.8385 0.8714583328125001 0.8305 0.8718958328124999 0.831140625 0.8992083328125 0.836578125 0.9009166671875001 0.8407500000000001 0.8876875 0.8417031250000001 0.9013333328125 0.8519375 0.899625 0.852578125 0.853125 0.851625 0.79125 0.8506562499999999 0.78825 0.8506562499999999 0.7844166671874999 0.8535468749999999 0.7822916671875 0.854828125 0.7571041671875001 0.8512968750000001 0.7553958328125 0.84490625 0.7579583328124999 0.8439375 0.7622291671875 0.8432968750000001 0.7703333328124999 0.8305 0.7822916671875 0.8301875000000001 0.7950833328125
8 0.1170625 0.8800625 0.100703125 0.8759791671875 0.10479687499999998 0.8554999999999999 0.09456250000000001 0.8459583328125 0.068984375 0.8527708328125 0.056703125 0.8432291671875 0.034187499999999996 0.8459583328125 0.01884375 0.8459583328125 0.008609374999999999 0.8636874999999999 0.006562500000000001 0.8773333328125 0.001453125 0.8991666671875 0.011671875 0.9278124999999999 0.011671875 0.9250833328124999 0.019859375000000002 0.9551041671875 0.08228125 0.9496458328124999 0.1170625 0.8991666671875 0.1170625 0.8800625
8 0.76096875 0.866375 0.7461875 0.8560625 0.7349218750000001 0.8551249999999999 0.7215625 0.857 0.705375 0.8654375 0.697625 0.8757708328125 0.69621875 0.8832708328125 0.69621875 0.8879583328124999 0.768 0.8964166671875 0.768 0.8795208328124999 0.76096875 0.866375
8 0.9887499999999999 0.6997291671875 0.999421875 0.6980208328125 0.9985781250000001 0.6461875 0.98959375 0.6450416671875 0.990875 0.6450416671875 0.9883124999999999 0.6444791671875 0.9887499999999999 0.6997291671875
9 0.529671875 0.7729583328125 0.529671875 0.7680625 0.5194062500000001 0.7621875 0.49153125 0.75925 0.48859375 0.7807708328125 0.48785937500000004 0.7925208328125 0.493 0.8013125000000001 0.49665625 0.8316458328125 0.50253125 0.865875 0.517203125 0.8580416671875 0.520875 0.8228333328125 0.52234375 0.7778333328125 0.529671875 0.7729583328125
9 0.867421875 0.782125 0.8657656250000001 0.78825 0.86346875 0.7936875 0.864875 0.7977708328124999 0.8669062500000001 0.798625 0.8684375 0.7941874999999999 0.86984375 0.790625 0.8720156250000001 0.7860208328125 0.875203125 0.7814375 0.8776249999999999 0.778875 0.877890625 0.7753125 0.878265625 0.7676458328125 0.8772500000000001 0.7633958328125 0.8741875 0.7632291671875 0.873671875 0.7610208328125 0.87240625 0.7594791671875 0.86984375 0.7589791671875 0.8672968750000001 0.7608541671875 0.8658906249999999 0.7656041671875 0.867171875 0.7710625 0.8703593749999999 0.7739583328124999 0.86946875 0.774625 0.868578125 0.7785416671875 0.867421875 0.782125
9 0.6740625 0.8017291671875 0.6699392359375 0.8105972234375001 0.6738072921875 0.8128194437499999 0.6698107640625001 0.82213194375 0.669296875 0.8682708328125001 0.6780468749999999 0.8685833328125 0.6780468749999999 0.8654999999999999 0.680359375 0.8679583328125 0.680125 0.8664166671875 0.67621875 0.8645833328125001 0.6727864578125 0.85718055625 0.676640625 0.8539861109375 0.6730416671875 0.8460902765625 0.6770625 0.8433888890624999 0.673296875 0.835 0.6774843749999999 0.8327916671875 0.6735520828125 0.8239097234375 0.67790625 0.82219444375 0.678328125 0.8115972234375001 0.683359375 0.8120625 0.6851875 0.8034583328125 0.679890625 0.8053125 0.67875 0.8009999999999999 0.67896875 0.7914791671875 0.6745729171875 0.7795486109375 0.674828125 0.7684583328125 0.6706875 0.7629166671875 0.670324653125 0.77599305625 0.6701961812499999 0.7875277765625001 0.6743177078125 0.7906388890625 0.6700677078124999 0.7990625 0.6740625 0.8017291671875
2 0.6349375 0.8500833328124999 0.636784375 0.8175083328125 0.6445390625 0.8224166671875001 0.64953125 0.8306250000000001 0.64473046875 0.8352187499999999 0.644921875 0.8480208328125001 0.680265625 0.8398333328125 0.7132968749999999 0.8388125000000001 0.714828125 0.8418749999999999 0.727125 0.8449583328125 0.7563125 0.8459791671874999 0.7563125 0.788625 0.759375 0.7722291671875 0.7578437499999999 0.7660833328125001 0.746328125 0.7599375 0.6817968750000001 0.7609791671874999 0.680484375 0.8285684515625 0.673680803125 0.83295535625 0.6539263390625 0.8123214296875 0.649921875 0.8157708328125001 0.64434765625 0.8096145828125 0.6503125 0.8009166671875001 0.645703125 0.7896458328125 0.64415625 0.7968124999999999 0.640756696875 0.7985654765625 0.634171875 0.7916875 0.6188125 0.7998958328125 0.61728125 0.8121875 0.614203125 0.8132083328125 0.6165 0.8470000000000001 0.6349375 0.8500833328124999
9 0.643046875 0.8225833328125001 0.641703125 0.8326874999999999 0.6413593750000001 0.8670833328124999 0.641703125 0.8708958328125 0.6435625 0.8738125 0.647265625 0.8726875 0.647265625 0.8695416671875 0.64540625 0.8672916671875001 0.645578125 0.8628125000000001 0.649453125 0.8493124999999999 0.6487812500000001 0.8237083328124999 0.65096875 0.802125 0.652484375 0.7807916671874999 0.6518125 0.7607916671875 0.6445624999999999 0.7603333328125 0.6435625 0.7625833328125 0.642203125 0.7686458328125 0.643390625 0.7726875 0.64371875 0.8075208328124999 0.643046875 0.8225833328125001
9 0.86296875 0.8326666671874999 0.866609375 0.7986458328125 0.86434375 0.7937916671874999 0.866609375 0.7828541671875 0.866609375 0.7792083328125 0.861140625 0.7719166671875 0.861140625 0.8545416671874999 0.8684375 0.8545416671874999 0.86934375 0.8557499999999999 0.86525 0.8472500000000001 0.86296875 0.8326666671874999
9 0.134765625 0.7682291671875 0.1296875 0.76875 0.1296875 0.8520833328125 0.13125 0.8604166671875 0.1359375 0.8666666671875 0.153125 0.8666666671875 0.1734375 0.8520833328125 0.175 0.8270833328125 0.16875 0.8166666671874999 0.159375 0.8104166671874999 0.1578125 0.7458333328125 0.7609375 0.3625 0.771875 0.3875 0.77078125 0.39109375 0.7765625 0.39791666718749996 0.7740625 0.40062499999999995 0.77734375 0.41015625 0.78125 0.40833333281249995 0.784375 0.4125 0.780625 0.41968750000000005 0.88890625 0.7342187499999999 0.890625 0.74375 0.8640625 0.74375 0.859375 0.75 0.859375 0.7625 0.865625 0.76875 0.8671875 0.7625 0.871875 0.7604166671875 0.8828125 0.7708333328125 0.903125 0.7666666671875 0.9078125 0.7729166671875001 0.9265625 0.7833333328125 0.9296875 0.8 0.9375 0.8 0.946875 0.7875 0.9509375 0.7866666671875 0.9628125000000001 0.8139583328125 0.96875 0.85 0.9703125 0.8625 0.9703125 0.8770833328125001 0.965625 0.9208333328125 0.9703125 0.9375 0.98125 0.9541666671875 0.990625 0.9541666671875 0.996875 0.9375 0.996875 0.9291666671875 0.9921875 0.91875 0.990625 0.8979166671875 0.9984375 0.8958333328125001 0.9826041671875 0.85944444375 0.978125 0.8666666671875 0.9734375 0.85625 0.971875 0.85 0.9804583328125 0.84755555625 0.9783125 0.8356666671875 0.9707291671875 0.8321527765625 0.9667708328125 0.8230555562499999 0.9761666671875 0.8237777765625 0.971875 0.8 0.9703125 0.7958333328125 0.965625 0.79375 0.965625 0.775 0.9984375 0.7520833328125 0.9921875 0.7416666671875001 0.984375 0.7354166671875 0.971875 0.7333333328125 0.9578125 0.7395833328125 0.95 0.73125 0.94375 0.7291666671875 0.778125 0.3479166671875 0.775 0.34375 0.765625 0.34375 0.7609375 0.35 0.758497190625 0.3482209734375 0.14550561875 0.73272471875 0.1515625 0.7395833328125 0.1453125 0.7416666671875001 0.138377809375 0.73719569375 0.13125 0.7416666671875001 0.1296875 0.7458333328125 0.1322265625 0.75703125 0.1296875 0.7583333328124999 0.134765625 0.7682291671875