8 0.388 0.3870491796875 0.39068749999999997 0.379812646875 0.389484375 0.37377049218749997 0.385984375 0.3707494140625 0.3816875 0.371147540625 0.3798125 0.37819672187500003 0.38115625 0.38262295156250004 0.383578125 0.3876580796875 0.388 0.3870491796875
8 0.048984375000000004 0.492740046875 0.057328124999999994 0.49224824375000004 0.059671875 0.4912412171875 0.061671875 0.48775175624999995 0.061671875 0.48224824374999997 0.061671875 0.472716628125 0.061 0.4667213109375 0.059 0.4612177984375 0.058328124999999995 0.454707259375 0.05600000000000001 0.4507025765625 0.05298437499999999 0.44920374687500003 0.048984375000000004 0.45021077343749993 0.045640625000000004 0.45170960156250006 0.04196875 0.45220140468750003 0.03796875 0.45421545625000004 0.034625 0.45822014062500005 0.031625 0.4712177984375 0.03228125 0.48124121718749996 0.03996875 0.48573770468750005 0.04396875 0.492740046875 0.048984375000000004 0.492740046875
9 0.871859375 0.5928571421875 0.871140625 0.5822248250000001 0.8754062499999999 0.5673067921875 0.879671875 0.5577049187500001 0.8839375 0.5481264640625 0.887484375 0.5374707265625001 0.88678125 0.5257611234375 0.873984375 0.5001873531250001 0.86403125 0.4884543328125 0.8526562500000001 0.4735363 0.8448437500000001 0.4639578453125 0.8405781250000001 0.45437939062500005 0.8427031250000001 0.429859484375 0.8384375000000001 0.4255971890625 0.834171875 0.42454332499999997 0.82565625 0.42346604218749995 0.8171250000000001 0.42346604218749995 0.8114375 0.4266744734375 0.8071718750000001 0.433067915625 0.803609375 0.4394613578125 0.803609375 0.45224824375 0.804328125 0.46290398125000004 0.8071718750000001 0.4671428578125 0.81071875 0.4671428578125 0.812140625 0.4671428578125 0.812140625 0.47461358281250005 0.8114375 0.482060890625 0.8114375 0.4884543328125 0.81428125 0.49484777500000005 0.81640625 0.49911007031250004 0.8178281249999999 0.506580796875 0.8178281249999999 0.5172365343750001 0.815703125 0.5257611234375 0.8114375 0.5257611234375 0.8050312500000001 0.5257611234375 0.800765625 0.5257611234375 0.798640625 0.5321311468750001 0.798640625 0.5374707265625001 0.8021874999999999 0.5396018734375 0.8071718750000001 0.5396018734375 0.81428125 0.5396018734375 0.81925 0.5396018734375 0.832046875 0.5310772828125 0.8348906250000001 0.527892271875 0.8391562499999999 0.5268149890625 0.846265625 0.5321311468750001 0.842 0.5417330203125 0.8377343749999999 0.5502576109375 0.837015625 0.5587822015625 0.837015625 0.5673067921875 0.837015625 0.5981967218750001 0.834171875 0.6205620609375 0.834171875 0.637611240625 0.83346875 0.6472131140624999 0.83346875 0.65679156875 0.8299218749999999 0.65997658125 0.818546875 0.6674473062499999 0.8135625 0.67063231875 0.812859375 0.68128805625 0.8171250000000001 0.6855503515625 0.82565625 0.6887587828124999 0.8363125 0.689812646875 0.8455468749999999 0.686627634375 0.8455468749999999 0.6748946140625 0.8448437500000001 0.662107728125 0.8455468749999999 0.6514754093749999 0.8498125 0.6429508203125 0.8498125 0.626955503125 0.8498125 0.6184309140625001 0.8505312500000001 0.605644028125 0.854078125 0.5939344265625001 0.8611875 0.6131147546875 0.8654531249999999 0.626955503125 0.866171875 0.6365573765625 0.866171875 0.6418735359375 0.86403125 0.6482669796875 0.859765625 0.6525292734375 0.8576406249999999 0.6642388765625 0.8626093750000001 0.6695784546875 0.8675937499999999 0.67063231875 0.8754062499999999 0.672763465625 0.88109375 0.672763465625 0.887484375 0.665316159375 0.8860625000000001 0.6589227171875 0.8803750000000001 0.6397423890625 0.879671875 0.62163934375 0.876828125 0.605644028125 0.871859375 0.5928571421875
9 0.84071875 0.4102107734375 0.8424531249999999 0.421475409375 0.8412968749999999 0.43011709531250003 0.8412968749999999 0.442224825 0.8430312499999999 0.44915690937499997 0.84821875 0.44915690937499997 0.8499531250000001 0.43964871250000004 0.8499531250000001 0.43618267031249996 0.85515625 0.4275175640625 0.85746875 0.43011709531250003 0.862078125 0.435316159375 0.869015625 0.4370491796875 0.873046875 0.440491803125 0.8782500000000001 0.442224825 0.8788281250000001 0.43964871250000004 0.8794062500000001 0.4335831375 0.8788281250000001 0.4292505859375 0.8759375 0.42665105312499996 0.8667031250000001 0.42578454375 0.863234375 0.4249180328125 0.86034375 0.4154098359375 0.86034375 0.4093442625 0.86034375 0.402435596875 0.86034375 0.3963700234375 0.86034375 0.388571428125 0.8534218750000001 0.37906323125 0.8499531250000001 0.3703981265625 0.84534375 0.3608899296875 0.8401406250000001 0.3634894609375 0.8395625000000001 0.368688525 0.8395625000000001 0.37819672187500003 0.8389843750000001 0.385995315625 0.837828125 0.380796253125 0.837828125 0.3911709609375 0.84071875 0.4102107734375
9 0.727359375 0.426932084375 0.7244843750000001 0.393419203125 0.73134375 0.3665573765625 0.72359375 0.35194379374999996 0.714734375 0.36290398125 0.713640625 0.39044496562500003 0.71784375 0.4236065578125 0.7151875000000001 0.42227166250000003 0.71540625 0.427587821875 0.727359375 0.426932084375
8 0.7555468750000001 0.49229508125 0.7491875 0.49669789218749993 0.741859375 0.5142857140625 0.745765625 0.5333255265625 0.7516406250000001 0.542131146875 0.759953125 0.542131146875 0.77315625 0.5406557375000001 0.802484375 0.528196721875 0.78390625 0.5164637 0.77559375 0.5018266984374999 0.763859375 0.49081967187500003 0.7555468750000001 0.49229508125
9 0.75665625 0.3574707265625 0.757140625 0.35964871249999997 0.7518125 0.3618266984375 0.749390625 0.3618266984375 0.74165625 0.3545667453125 0.73778125 0.3545667453125 0.73778125 0.3560187359375 0.73971875 0.36110070312500003 0.74890625 0.36763466093749997 0.751328125 0.36763466093749997 0.7537499999999999 0.3705386421875 0.751328125 0.3814051515625 0.760515625 0.377775175 0.7619687500000001 0.3712646375 0.7629374999999999 0.366908665625 0.7629374999999999 0.36255269375 0.7619687500000001 0.36110070312500003 0.7629374999999999 0.3560187359375 0.7624531250000001 0.35023419218749996 0.76003125 0.3473302109375 0.759078125 0.3473302109375 0.75859375 0.3473302109375 0.7561718749999999 0.3487822015625 0.75665625 0.35311475468750003 0.75665625 0.3545667453125 0.75665625 0.3574707265625
9 0.6288125 0.32519906249999997 0.6288125 0.33067915625 0.62671875 0.3392974234375 0.64134375 0.338899296875 0.6405624999999999 0.32871194375 0.636640625 0.3189227171875 0.63690625 0.31461358281249996 0.630109375 0.316955503125 0.6288125 0.32519906249999997
9 0.24912499999999999 0.3524824359375 0.24929687500000003 0.350163934375 0.248265625 0.3452459015625 0.2475625 0.3431850109375 0.244296875 0.3380093671875 0.24290625000000002 0.339555034375 0.242390625 0.3447306796875 0.241875 0.346276346875 0.241015625 0.3504215453125 0.240671875 0.3576580796875 0.242734375 0.357915690625 0.244296875 0.354028103125 0.24912499999999999 0.3524824359375
9 0.35345312500000003 0.3921545671875 0.35345312500000003 0.396323184375 0.35253125 0.4018735359375 0.352984375 0.405667446875 0.354140625 0.4063700234375 0.355765625 0.4036065578125 0.356 0.400819671875 0.356234375 0.3973536296875 0.356234375 0.39320843125 0.356234375 0.3883372359375 0.35739062499999996 0.38175644062499997 0.357609375 0.386955503125 0.358546875 0.3876580796875 0.35876562500000003 0.391124121875 0.35876562500000003 0.39459016406249997 0.35946875 0.39805620625000004 0.36015625 0.40220140468750004 0.361546875 0.4036065578125 0.363859375 0.40220140468750004 0.3629375 0.39873536249999997 0.361546875 0.3973536296875 0.36131250000000004 0.3949414515625 0.36131250000000004 0.39007025781250004 0.36131250000000004 0.386276346875 0.36178125 0.38175644062499997 0.36178125 0.3755269328125 0.362015625 0.3734426234375 0.36246875 0.371007025 0.362703125 0.36580796250000003 0.3629375 0.3640749421875 0.360390625 0.3620140515625 0.359234375 0.35854800937500003 0.359 0.3557611234375 0.3583125 0.35194379374999996 0.356 0.3502107734375 0.353921875 0.353348946875 0.353921875 0.3578454328125 0.35253125 0.3595784546875 0.349984375 0.3623419203125 0.35021874999999997 0.36615925 0.351828125 0.37067915625 0.351828125 0.37482435625 0.351609375 0.3807259953125 0.3520625 0.3807259953125 0.352984375 0.386276346875 0.35345312500000003 0.3921545671875
8 0.929828125 0.316604215625 0.93225 0.3158782203125 0.93225 0.315152225 0.9337031250000001 0.3071896953125 0.9022500000000001 0.3071896953125 0.90128125 0.30936768125 0.8979062499999999 0.3158782203125 0.8969374999999999 0.316604215625 0.9230625 0.316604215625 0.929828125 0.316604215625
8 0.9244375 0.2985011703125 0.937703125 0.2993442625 0.9421250000000001 0.29768149843749997 0.9426875000000001 0.2893911 0.9421250000000001 0.28608899375 0.9393593750000001 0.28442622968750003 0.9272031249999999 0.282763465625 0.9156093750000001 0.28194379375 0.9145 0.28442622968750003 0.9106249999999999 0.2951990625 0.9167031250000001 0.2985011703125 0.9194687500000001 0.2993442625 0.9244375 0.2985011703125
8 0.3118125 0.3523653390625 0.313 0.3536533953125 0.314171875 0.35449648749999996 0.31575000000000003 0.3536533953125 0.3160625 0.350468384375 0.31456249999999997 0.3483372359375 0.313234375 0.3485948484375 0.312359375 0.3489461359375 0.312125 0.35081967187499996 0.3118125 0.3523653390625
9 0.965625 0.299203746875 0.9649531250000001 0.29311475468750003 0.960890625 0.2900702578125 0.95646875 0.29412177968750003 0.955453125 0.30023419218749997 0.9534218750000001 0.30227166250000004 0.9517187500000001 0.307868853125 0.9507031250000001 0.3170023421875 0.951046875 0.3302341921875 0.9534218750000001 0.3439578453125 0.95884375 0.34800936718750003 0.960890625 0.3414051515625 0.969359375 0.3414051515625 0.970375 0.3348009375 0.97309375 0.3043091328125 0.965625 0.299203746875
9 0.748578125 0.24775175625 0.744796875 0.24067915625 0.741 0.24208430937499997 0.739109375 0.2534426234375 0.7329687500000001 0.270444965625 0.742890625 0.270444965625 0.745734375 0.2662060890625 0.75046875 0.2534426234375 0.748578125 0.24775175625
9 0.766640625 0.2216861828125 0.764390625 0.22384075 0.76390625 0.229859484375 0.76134375 0.23250585468749999 0.760703125 0.23826697968750002 0.759578125 0.23922716562500002 0.75525 0.24117096093749998 0.7557343750000001 0.2481264640625 0.7566875 0.25775175625 0.7623125 0.2579859484375 0.76696875 0.24981264687500002 0.7719375 0.2476580796875 0.773546875 0.24548009375 0.773546875 0.23250585468749999 0.7714531250000001 0.22866510468749998 0.7716093749999999 0.22480093750000002 0.76953125 0.221451990625 0.766640625 0.2216861828125
9 0.45984375 0.1597658078125 0.45931249999999996 0.16259953124999998 0.45984375 0.16688524531249999 0.46057812499999995 0.1735363 0.461328125 0.1752693203125 0.463546875 0.1744730671875 0.46343750000000006 0.17051522187499998 0.46237500000000004 0.1659250578125 0.46343750000000006 0.164988290625 0.46554687499999997 0.171779859375 0.467234375 0.1735363 0.46712499999999996 0.1697189703125 0.46712499999999996 0.165456675 0.467765625 0.162459015625 0.46681249999999996 0.1592740046875 0.46490625 0.156908665625 0.46490625 0.155011709375 0.463015625 0.1502576109375 0.461328125 0.1507259953125 0.461421875 0.15548009375 0.460265625 0.1588056203125 0.45984375 0.1597658078125
9 0.44039062500000004 0.158992975 0.43909374999999995 0.161779859375 0.43823437500000006 0.163700234375 0.439953125 0.165644028125 0.44095312499999995 0.16779859531250002 0.44125 0.171007025 0.440234375 0.17487119375 0.43981250000000005 0.17852459062499998 0.44167187500000005 0.1783138171875 0.44296875 0.1750819671875 0.444546875 0.18002341875 0.447984375 0.17852459062499998 0.44740624999999995 0.1735831375 0.447265625 0.17229508124999998 0.447265625 0.170163934375 0.446546875 0.1600468390625 0.44510937500000003 0.1564168625 0.44554687499999995 0.15405152187499999 0.44310937499999997 0.150187353125 0.442390625 0.15189695625 0.44139062500000004 0.154683840625 0.44210937499999997 0.15533957812500002 0.44210937499999997 0.156627634375 0.44039062500000004 0.158992975
9 0.26359374999999996 0.16142857187499998 0.26259375 0.16763466093749999 0.261453125 0.1768384078125 0.26915625 0.175339578125 0.26915625 0.16805620625 0.26973437499999997 0.1599297421875 0.26815625 0.15648711875000001 0.26687500000000003 0.1500702578125 0.26373437499999997 0.1496487125 0.26359374999999996 0.1545667453125 0.26359374999999996 0.16142857187499998
9 0.040625 0 0.0203125 0.018735362499999998 0.0109375 0.039812646875 0.00625 0.0608899296875 0.00625 0.0796252921875 0.0109375 0.09836065625 0.015625 0.10070257656249999 0.01875 0.1264637 0.028125 0.140515221875 0.028125 0.14754098437500002 0.0109375 0.14754098437500002 0.00625 0.152224825 0.0046875 0.19906323125 0.008928571875000001 0.20240883125 0.003125 0.210772834375 0.0015625 0.2224824359375 0.003125 0.2599531609375 0.034375 0.2716627640625 0.0375 0.3044496484375 0.0484375 0.3302107734375 0.0640625 0.346604215625 0.0734375 0.35128805625 0.1609375 0.35128805625 0.1671875 0.35597189687499997 0.19375 0.35597189687499997 0.2125 0.365339578125 0.2546875 0.365339578125 0.2765625 0.3489461359375 0.2828125 0.3489461359375 0.2859375 0.35128805625 0.284375 0.43325526875 0.2890625 0.4402810296875 0.3 0.4402810296875 0.3046875 0.43325526875 0.3046875 0.3887587828125 0.3078125 0.3723653390625 0.3234375 0.35597189687499997 0.3390625 0.365339578125 0.3515625 0.3793911 0.3625 0.3723653390625 0.3625 0.3817330203125 0.3703125 0.3817330203125 0.3765625 0.3887587828125 0.4046875 0.391100703125 0.421875 0.3840749421875 0.43125 0.374707259375 0.4546875 0.3770491796875 0.465625 0.37002341875 0.46875 0.37002341875 0.4734375 0.3770491796875 0.5328125 0.3770491796875 0.5421875 0.3723653390625 0.546875 0.365339578125 0.553125 0.365339578125 0.5625 0.3583138171875 0.578125 0.365339578125 0.6109375 0.365339578125 0.621875 0.3583138171875 0.6328125 0.34426229531249997 0.6421875 0.35128805625 0.6421875 0.365339578125 0.6484375 0.3864168625 0.665625 0.40749414531249994 0.6953125 0.40749414531249994 0.70625 0.3981264640625 0.7140625 0.3817330203125 0.7390625 0.400468384375 0.7390625 0.428571428125 0.74375 0.4355971890625 0.7875 0.4355971890625 0.79375 0.4168618265625 0.7953125 0.3934426234375 0.8171875 0.391100703125 0.8203125 0.39578454375 0.8296875 0.39578454375 0.834375 0.3840749421875 0.834375 0.3489461359375 0.853125 0.346604215625 0.8578125 0.3536299765625 0.8671875 0.3536299765625 0.8703125 0.3489461359375 0.8734375 0.33255269374999996 0.884375 0.32318501093749996 0.8875 0.3044496484375 0.8953125 0.3044496484375 0.9125 0.2950819671875 0.9265625 0.27400468437500003 0.9359375 0.2810304453125 0.925 0.30679156875 0.925 0.3302107734375 0.9375 0.341920375 0.9484375 0.341920375 0.9515625 0.337236534375 0.961272321875 0.341920375 0.9609375 0.3536299765625 0.95625 0.3606557375 0.95625 0.3817330203125 0.9609375 0.3887587828125 0.9765625 0.3864168625 0.9859375 0.3676814984375 0.9859375 0.320843090625 0.9921875 0.28805620625 0.9984375 0.28805620625 0.969921875 0.27224824375 0.96328125 0.2716627640625 0.9625 0.2669789234375 0.965625 0.18969555 0.9765625 0.175644028125 0.984375 0.1733021078125 0.9796875 0.1498829046875 0.971875 0.13817330156250002 0.9703125 0.121779859375 0.9984375 0.11007025781249999 0.9875 0.1077283375 0.9828125 0.1147540984375 0.974375 0.1185011703125 0.965625 0.112412178125 0.95625 0.112412178125 0.9490624999999999 0.1297423890625 0.944866071875 0.126965540625 0.940625 0.1194379390625 0.9359375 0.0960187359375 0.9234375 0.0655737703125 0.896875 0.0655737703125 0.9046875 0.039812646875 0.9046875 0 0.4875 0 0.465625 0.0070257609375 0.4421875 0 0.2859375 0 0.275 0.016393442187500003 0.2671875 0.046838407812499996 0.2625 0.046838407812499996 0.2453125 0.0210772828125 0.2296875 0.0117096015625 0.184375 0.0117096015625 0.1734375 0.0046838406249999995 0.15 0.0117096015625 0.1484375 0.0070257609375 0.134375 0.0023419203124999998 0.1015625 0.0070257609375 0.0875 0 0.040625 0