13 0.80215625 0.5087083328124999 0.8055625 0.49058333281250005 0.8047187499999999 0.43958333281249995 0.761796875 0.43110416718750005 0.738015625 0.4350625 0.73503125 0.4458333328125 0.72865625 0.45035416718750004 0.72909375 0.4883125 0.7367343749999999 0.5081458328124999 0.774125 0.5132291671875 0.80215625 0.5087083328124999
13 0.835359375 0.4578958328125 0.835734375 0.49400000000000005 0.874109375 0.5030416671875 0.9087343750000001 0.4990208328125 0.911734375 0.491 0.9102343749999999 0.43079166718749995 0.874109375 0.41825 0.8379843749999999 0.42427083281250005 0.8379843749999999 0.43129166718749995 0.83346875 0.4363125 0.83346875 0.43933333281250003 0.83046875 0.4578958328125 0.835359375 0.4578958328125
13 0.784921875 0.3418541671875 0.78759375 0.31335416718750003 0.780015625 0.30502083281250003 0.7755625 0.29552083281249997 0.76309375 0.296125 0.760421875 0.2848333328125 0.617015625 0.2854375 0.61478125 0.32047916718749997 0.670015625 0.3175 0.6695625 0.3353125 0.72746875 0.3442291671875 0.76309375 0.34541666718749997 0.784921875 0.3418541671875
13 0.814875 0.7709166671875 0.812546875 0.7507916671875 0.77653125 0.7538750000000001 0.7695624999999999 0.7197916671875 0.7207656250000001 0.7228958328124999 0.728890625 0.7321875 0.7219218749999999 0.7833125 0.76375 0.8003541671875001 0.79628125 0.7755625 0.814875 0.7709166671875
13 0.48835937500000004 0.7910625 0.500421875 0.7930833328125 0.504578125 0.7935833328124999 0.510234375 0.7935833328124999 0.515890625 0.7935833328124999 0.5215468750000001 0.8001250000000001 0.528328125 0.7991041671875 0.5336093749999999 0.7961041671875 0.53625 0.7895625 0.5430312500000001 0.7950833328125 0.5483125 0.7925833328125 0.551703125 0.7850416671875 0.5566093750000001 0.7865416671875 0.561890625 0.7855416671875 0.56340625 0.7785 0.571703125 0.7719583328125 0.572078125 0.758375 0.572078125 0.7503333328124999 0.5701875000000001 0.7508333328125001 0.561515625 0.7498333328125 0.55321875 0.7498333328125 0.54228125 0.7513541671875 0.5377500000000001 0.7226874999999999 0.532484375 0.7156458328124999 0.522296875 0.7136250000000001 0.495140625 0.7196666671874999 0.489859375 0.7267083328124999 0.48873437500000005 0.7458125 0.487984375 0.7634166671875 0.48835937500000004 0.7910625
13 0.7067187500000001 0.7452916671875001 0.6947656249999999 0.7442291671875 0.69396875 0.7335833328125 0.685984375 0.7261458328125 0.67084375 0.7197708328125 0.650109375 0.7240208328125 0.642140625 0.7378541671875001 0.640546875 0.7612291671875 0.6429375 0.7878125 0.658890625 0.7995 0.69078125 0.7995 0.72665625 0.7856875 0.72665625 0.7474166671875 0.721859375 0.7474166671875 0.7067187500000001 0.7452916671875001
13 0.179796875 0.6868958328125 0.1838125 0.6809583328125 0.19048437499999998 0.6773958328125 0.188265625 0.6637291671875001 0.18603125 0.6518541671875 0.18157812499999998 0.648875 0.162875 0.648875 0.147296875 0.6518541671875 0.143734375 0.6601666671875 0.13704687499999998 0.6732291671875 0.13704687499999998 0.6898541671875 0.137484375 0.7011458328125 0.14015625 0.7076666671875 0.16689062500000001 0.7106458328125 0.1695625 0.7064791671874999 0.173125 0.6952083328125 0.179796875 0.6868958328125
13 0.27315625 0.5499166671875 0.272515625 0.5618541671874999 0.27571875 0.5601458328125 0.274109375 0.5674166671875 0.27571875 0.5674166671875 0.27346875000000004 0.5767916671875 0.27731249999999996 0.5767916671875 0.276359375 0.5848958328125 0.277 0.590875 0.2824375 0.5925833328125 0.284671875 0.5904583328124999 0.28659375 0.5853333328125 0.28659375 0.5810625 0.30771875 0.5802083328125 0.30771875 0.5840416671875001 0.30803125 0.5891666671875 0.31315624999999997 0.5904583328124999 0.315078125 0.58875 0.31540625 0.5861875000000001 0.31540625 0.5831875 0.31571875 0.5772291671875001 0.32051562499999997 0.5759375 0.32084375 0.5793541671875 0.32084375 0.5866041671875 0.32243750000000004 0.5896041671875001 0.328515625 0.5789375 0.3275625 0.566125 0.32404687499999996 0.55375 0.31443750000000004 0.5520416671875 0.314765625 0.5324166671875 0.310921875 0.5277291671875 0.27731249999999996 0.5272916671875 0.271875 0.5371041671875 0.27028125 0.5452083328125 0.27315625 0.5499166671875
13 0.44800000000000006 0.6794583328125 0.44185937500000005 0.6832916671875 0.44390625000000006 0.7133333328125 0.446359375 0.7324583328125 0.45373437499999997 0.73575 0.457421875 0.7477708328125 0.470125 0.7477708328125 0.48898437499999997 0.7445 0.490625 0.701875 0.49021875000000004 0.6860208328125 0.482828125 0.6811041671875 0.44800000000000006 0.6794583328125
13 0.590953125 0.798125 0.6010625 0.7995416671875 0.6233906250000001 0.7945833328125 0.6292500000000001 0.7775624999999999 0.642 0.7726041671874999 0.645203125 0.7428125 0.648921875 0.724375 0.664875 0.7215416671875 0.677109375 0.7208333328125 0.674453125 0.6988541671874999 0.6409374999999999 0.6967291671875 0.6233906250000001 0.6967291671875 0.6233906250000001 0.7257916671875 0.614359375 0.720125 0.6015937499999999 0.7165833328125 0.5760625 0.7222500000000001 0.575 0.7421041671874999 0.5739375 0.7775624999999999 0.5781875000000001 0.7825208328125 0.586171875 0.7860625 0.590953125 0.798125
13 0.20382812499999997 0.7828958328125 0.20435937499999998 0.76375 0.19159375 0.7651666671874999 0.17776562499999998 0.7644583328125 0.17776562499999998 0.75525 0.178828125 0.7212083328125 0.168203125 0.7105833328125 0.141078125 0.7063125 0.12671875 0.7197916671875 0.12459374999999999 0.7751041671875 0.13203125 0.7786458328125 0.149046875 0.7843125 0.1575625 0.792125 0.173515625 0.7857291671875 0.176171875 0.7765208328125001 0.176171875 0.7772291671875 0.187875 0.7821875 0.20382812499999997 0.7828958328125
13 0.55021875 0.7542083328125 0.5742499999999999 0.7531666671874999 0.57346875 0.7511041671875 0.575796875 0.7262916671874999 0.5796718750000001 0.7138958328125 0.575796875 0.6952916671875 0.567265625 0.6890833328125 0.551765625 0.6880625 0.531609375 0.6963333328125 0.5230937499999999 0.717 0.5393749999999999 0.7221666671875 0.5416875 0.7500625000000001 0.55021875 0.7542083328125
13 0.9271874999999999 0.48200000000000004 0.92603125 0.4733125 0.9317968750000001 0.47022916718749996 0.967859375 0.4697291671875 0.9659531250000001 0.42418750000000005 0.9348593749999999 0.4139583328125 0.90378125 0.4190625 0.894953125 0.42418750000000005 0.908765625 0.4298125 0.9122187500000001 0.4753541671875 0.9271874999999999 0.48200000000000004
13 0.228125 0.7916666671875 0.2328125 0.7979166671875 0.2453125 0.7958333328125 0.253125 0.7729166671875001 0.2640625 0.7729166671875001 0.265625 0.76875 0.2703125 0.7666666671875 0.30625 0.76875 0.309375 0.7645833328125 0.3125 0.7510416671875 0.39765625 0.7552083328125 0.396875 0.7666666671875 0.403125 0.775 0.4296875 0.775 0.43125 0.7958333328125 0.4359375 0.8020833328125001 0.446875 0.8020833328125001 0.453125 0.7895833328124999 0.4671875 0.79375 0.471875 0.8 0.490625 0.7958333328125 0.4875 0.7458333328125 0.4578125 0.7479166671875 0.4546875 0.7395833328125 0.4484375 0.7354166671875 0.4453125 0.7291666671875 0.440625 0.7333333328125 0.40625 0.73125 0.3984375 0.74375 0.318359375 0.7359375 0.315625 0.7375 0.3103515625 0.73515625 0.3140625 0.7270833328124999 0.30625 0.7208333328125 0.2875 0.7208333328125 0.2943359375 0.73359375 0.2783203125 0.73203125 0.278125 0.7208333328125 0.2703125 0.73125 0.26875 0.7208333328125 0.2623046875 0.73046875 0.254296875 0.7296875 0.2515625 0.725 0.2484375 0.7229166671875 0.2462890625 0.72890625 0.23828125 0.728125 0.2359375 0.7208333328125 0.2302734375 0.72734375 0.2265625 0.7208333328125 0.222265625 0.7265625 0.20625 0.725 0.203125 0.7291666671875 0.2046875 0.7854166671875 0.209375 0.7916666671875 0.228125 0.7916666671875