8 0.729313725 0.716094771875 0.736013071875 0.58633986875 0.7270751640625 0.41408496718750004 0.6733823531249999 0.3872385625 0.6196895421875 0.36039215625 0.5436274515624999 0.3827614375 0.48769607812500004 0.402908496875 0.47428104531250004 0.4118464046875 0.472042484375 0.4565849671875 0.5167810453125 0.4811928109375 0.532434640625 0.5952941171874999 0.5458660125 0.9241503265625 0.4809803921875 0.9778431375000001 0.5055882359375 0.9867973859375001 0.733774509375 0.9845588234375 0.729313725 0.716094771875
8 0.3563071890625 0.7868627453125 0.38517973906249997 0.7868627453125 0.396405228125 0.7868627453125 0.40442810468749996 0.49013071874999997 0.38357843125 0.46607843125 0.378774509375 0.41795751562500005 0.378774509375 0.39228758125 0.3450817 0.39228758125 0.31620915 0.40351307187499996 0.303382353125 0.4131372546875 0.24883986875000003 0.41633986875 0.26168300625 0.43880718906249994 0.27450980468749997 0.44521241875 0.308186275 0.4516339875 0.333856209375 0.46125817031249994 0.3563071890625 0.47088235312500004 0.3563071890625 0.520604575 0.3563071890625 0.5655228765625 0.35150326875000004 0.6136437906250001 0.348300653125 0.6601470593750001 0.348300653125 0.69383986875 0.348300653125 0.71629085 0.34187908437500003 0.724313725 0.34187908437500003 0.7307189546874999 0.327434640625 0.741960784375 0.31460784375 0.7644117640625 0.3194281046875 0.7772385625 0.3563071890625 0.7868627453125
8 0.1552941171875 0.3778431375 0.16718954218749998 0.381813725 0.164673203125 0.3684640515625 0.1574673203125 0.36774509843750003 0.1552941171875 0.3778431375
8 0.1594281046875 0.3994281046875 0.157957515625 0.3978431375 0.155882353125 0.397222221875 0.1540522875 0.39710784375 0.15245097968750002 0.3974673203125 0.1514705875 0.3982026140625 0.150751634375 0.399313725 0.150751634375 0.40052287656249996 0.15111111093750001 0.40272875781249995 0.1516013078125 0.40357843125 0.1518464046875 0.404313725 0.1517156859375 0.4038235296875 0.15441176406249998 0.405669934375 0.1568627453125 0.406405228125 0.1586928109375 0.4054248359375 0.1594281046875 0.3994281046875
8 0.09117647031250001 0.40259803906249997 0.0932026140625 0.40351307187499996 0.09616013125 0.40351307187499996 0.09947712343750001 0.4033333328125 0.10058823593749999 0.4024019609375 0.10039215625 0.3976143796875 0.1000326796875 0.39521241875 0.098186275 0.391895425 0.09357843125000001 0.3917156859375 0.0896895421875 0.3935457515625 0.089330065625 0.3972385625 0.09080065312499999 0.400016340625 0.09117647031250001 0.40259803906249997
9 0.252352940625 0.4386274515625 0.25166666718749997 0.42671568593750003 0.2547385625 0.42331699375 0.255408496875 0.4064705875 0.252696078125 0.4051143796875 0.25370915 0.402908496875 0.2520098046875 0.3998366015625 0.246568628125 0.3981372546875 0.2443464046875 0.40171568593750007 0.2431535953125 0.405800653125 0.24129085 0.40732026093749996 0.2390849671875 0.4132843140625 0.238905228125 0.4238235296875 0.24214052343749998 0.4289379078125 0.2457189546875 0.4291013078125 0.2457189546875 0.44321895468749994 0.24691176406249998 0.44424836562500003 0.2509803921875 0.4435620921875 0.252352940625 0.4386274515625
9 0.119591503125 0.4180718953125 0.1162418296875 0.41214052343749996 0.1162418296875 0.40490196093749997 0.11287581718749999 0.40205882343750005 0.107696078125 0.40127450937500003 0.10616013124999998 0.4046405234375 0.1027941171875 0.41316993437500005 0.10200980468750001 0.4289379078125 0.10305555625 0.43333333281249997 0.1066666671875 0.4346241828125 0.10848039218750001 0.44521241875 0.1131372546875 0.44702614374999994 0.1144281046875 0.4403104578125 0.118039215625 0.43099673125000004 0.119591503125 0.4180718953125
9 0.1607189546875 0.4095098046875 0.15620915 0.40926470625 0.1521895421875 0.412826796875 0.15194444375 0.4156535953125 0.1531372546875 0.42111111093750003 0.1521895421875 0.42513071875 0.15076797343749998 0.4305718953125 0.15052287656250002 0.43531045781250005 0.1521895421875 0.44264705937500004 0.1540849671875 0.444542484375 0.1550326796875 0.4412418296875 0.1555065359375 0.43578431406249996 0.15620915 0.43555555625000003 0.15620915 0.43957516406249997 0.15692810468750001 0.44501634062499995 0.1590522875 0.44431372500000005 0.15952614375000002 0.4402941171875 0.1611928109375 0.43625817031249997 0.1630718953125 0.4303431375 0.16236928125 0.42418300625 0.1626143796875 0.41991829999999997 0.1626143796875 0.4151797390625 0.1607189546875 0.4095098046875
9 0.1747712421875 0.4423856203125 0.17539215625 0.440147059375 0.17599673124999998 0.43423202656250004 0.1747712421875 0.428300653125 0.17395424843750001 0.4209640515625 0.17313725468750002 0.4158496734375 0.1725326796875 0.41197712343750004 0.16986928125 0.40728758125000003 0.1655882359375 0.40565359531249995 0.1635457515625 0.4080882359375 0.1629411765625 0.41238562031250003 0.16232026093750002 0.4154411765625 0.16212418281250002 0.4203431375 0.16171568593750002 0.4244281046875 0.16171568593750002 0.429330065625 0.1631372546875 0.43666666718749997 0.1647712421875 0.4423856203125 0.169460784375 0.4446405234375 0.17294117656250002 0.4442320265625 0.1747712421875 0.4423856203125
9 0.19897058750000002 0.416879084375 0.194673203125 0.405196078125 0.1911764703125 0.404248365625 0.1870098046875 0.41903594843749997 0.1894281046875 0.4433496734375 0.1910457515625 0.4446895421875 0.19668300625 0.4426797390625 0.19897058750000002 0.416879084375
9 0.235277778125 0.41937908437500004 0.23805555625000002 0.4203104578125 0.23805555625000002 0.41815359531249996 0.23683006562500003 0.41168300625 0.2340522875 0.40830065312499997 0.2337418296875 0.4055228765625 0.2309803921875 0.4002941171875 0.22728758125 0.4055228765625 0.2266666671875 0.40890522812499996 0.22204248437500002 0.4119934640625 0.21928104531249998 0.41968954218750004 0.2226633984375 0.4218464046875 0.22450980468749998 0.415686275 0.22450980468749998 0.41846405156250005 0.2248202609375 0.42616013124999996 0.2266666671875 0.431699346875 0.22697712343749998 0.436013071875 0.22820261406250003 0.44462418281250005 0.2322058828125 0.44431372500000005 0.232516340625 0.436013071875 0.2340522875 0.432303921875 0.2340522875 0.430457515625 0.235277778125 0.41937908437500004
9 0.051977123437499995 0.42789215625 0.051977123437499995 0.4511274515625 0.063986928125 0.4519281046875 0.0663888890625 0.4294934640625 0.07039215625 0.4246895421875 0.06879085 0.4126633984375 0.0679901953125 0.4022549015625 0.06718954218749999 0.3990522875 0.059983659375 0.391830065625 0.051977123437499995 0.393431371875 0.054379084375 0.4014542484375 0.049558823437499996 0.4070588234375 0.047957515625 0.4182843140625 0.051977123437499995 0.42789215625
9 0.0951797390625 0.4379411765625 0.09681372499999999 0.44179738593750006 0.099248365625 0.44403594843749994 0.100669934375 0.4357026140625 0.10129085 0.431830065625 0.10210784375 0.42776143749999995 0.101895425 0.4253104578125 0.10107843125 0.4236764703125 0.099460784375 0.42165032656249996 0.099248365625 0.41879085 0.0976143796875 0.41491829999999996 0.0961928109375 0.41349673124999997 0.0913071890625 0.41941176406249997 0.0894771234375 0.4214379078125 0.08866013125 0.4249019609375 0.0900817 0.4253104578125 0.0933496734375 0.4283660125 0.09272875781249999 0.430196078125 0.0919117640625 0.433251634375 0.09111111093749999 0.44241830000000004 0.0941666671875 0.44403594843749994 0.0951797390625 0.44302287656250006 0.0951797390625 0.4379411765625
9 0.21313725468750003 0.40534313749999995 0.2075980390625 0.40490196093749997 0.204722221875 0.414199346875 0.2051633984375 0.426143790625 0.2075980390625 0.431895425 0.2082679734375 0.4442973859375 0.21202614375 0.44450980468749995 0.21490196093749997 0.42702614375000003 0.2164542484375 0.419722221875 0.2164542484375 0.410882353125 0.21313725468750003 0.40534313749999995
8 0.44431372500000005 0.8738071890624999 0.4639705875 0.8738071890624999 0.4885457515625 0.8775000000000001 0.5204901953125 0.8775000000000001 0.5376797390625 0.8738071890624999 0.5376797390625 0.8602941171875 0.5376797390625 0.8443137249999999 0.540147059375 0.8209803921875001 0.53400326875 0.6096405234375 0.5217156859375 0.4806372546875 0.47870914999999997 0.4609803921875 0.46764705937500006 0.44132352968750005 0.47379085 0.4204411765625 0.4836274515625 0.404460784375 0.49344771249999997 0.39586601250000003 0.4492156859375 0.38849673125 0.43202614375000004 0.38849673125 0.4209640515625 0.39831699375 0.40130718906249996 0.39831699375 0.3951633984375 0.397091503125 0.39638888906249997 0.41060457499999997 0.3890196078125 0.4216666671875 0.3890196078125 0.4462418296875 0.3914705875 0.4683496734375 0.40130718906249996 0.4794117640625 0.4221895421875 0.4880065359375 0.41604575156249995 0.83694444375 0.41604575156249995 0.85168300625 0.4246405234375 0.8615196078125 0.44431372500000005 0.8738071890624999