8 0.195953125 0.48987499999999995 0.168921875 0.5709375 0.15540625 0.6137291671875 0.15034375 0.6520208328125 0.1891875 0.6677916671874999 0.199328125 0.6407708328124999 0.19424999999999998 0.5551875 0.177359375 0.5551875 0.19424999999999998 0.5168958328125 0.20945312500000002 0.46733333281249995 0.20607812499999997 0.46058333281249997 0.201015625 0.46508333281249997 0.195953125 0.48987499999999995
9 0.62190625 0.8018750000000001 0.633703125 0.799625 0.6235937500000001 0.7254583328125 0.62190625 0.6490625 0.611796875 0.5636666671875 0.633703125 0.50075 0.633703125 0.44456249999999997 0.5882031249999999 0.3389583328125 0.57303125 0.3209791671875 0.559546875 0.28952083281249996 0.52921875 0.31197916718749996 0.532578125 0.3793958328125 0.510671875 0.41985416718749996 0.514046875 0.5187291671875001 0.52078125 0.5883958328125 0.54775 0.6760208328124999 0.562921875 0.792875 0.5983125 0.8221041671875 0.5983125 0.7299583328125 0.62190625 0.8018750000000001
9 0.24256250000000001 0.4150833328125 0.2459375 0.42858333281250005 0.24796875 0.44387499999999996 0.24796875 0.45558333281249996 0.25606249999999997 0.46458333281249997 0.2594375 0.4735833328125 0.26687500000000003 0.4726875 0.27834375 0.47087500000000004 0.284421875 0.45558333281249996 0.28375 0.43218750000000006 0.274296875 0.40697916718749994 0.26484375 0.3835625 0.254046875 0.3637708328125 0.23446875 0.353875 0.227046875 0.3610625 0.22096875 0.37727083281249996 0.22839062499999999 0.38447916718749997 0.23650000000000002 0.398875 0.24256250000000001 0.4150833328125
9 0.050562499999999996 0.496625 0.037078125 0.3730416671875 0.025281249999999998 0.307875 0.006734374999999999 0.298875 0 0.9842708328124999 0.033703125 0.9842708328124999 0.15337499999999998 0.9865208328125 0.138203125 0.6269583328125 0.10785937500000001 0.5662916671875 0.06909375 0.5236041671875 0.050562499999999996 0.496625
8 0.9095000000000001 0.3913333328125 0.910390625 0.4014166671875 0.9135156249999999 0.4043958328125 0.922859375 0.4049791671875 0.92553125 0.36875 0.921078125 0.3729166671875 0.91128125 0.3824166671875 0.9095000000000001 0.3913333328125
9 0.80828125 0.3898958328125 0.810921875 0.3814791671875 0.804078125 0.35412499999999997 0.80934375 0.3386875 0.8061875000000001 0.3302708328125 0.79934375 0.3239583328125 0.785140625 0.32116666718750003 0.7830468749999999 0.31906249999999997 0.78040625 0.30993750000000003 0.77515625 0.307125 0.77146875 0.3092291671875 0.766203125 0.3183541671875 0.764109375 0.3239583328125 0.75884375 0.32677083281249997 0.749375 0.32677083281249997 0.73465625 0.31975 0.7178125 0.32677083281249997 0.722546875 0.3316875 0.751484375 0.3407916671875 0.751484375 0.35202083281249996 0.750953125 0.379375 0.752 0.3891875 0.7546406250000001 0.3905833328125 0.759375 0.39410416718749997 0.763578125 0.4074166671875 0.766734375 0.42074999999999996 0.76778125 0.4649375 0.78778125 0.46352083281249995 0.7951406249999999 0.40883333281249995 0.80828125 0.3898958328125
9 0.9189947921874999 0.4420833328125 0.9183541671875 0.4444652765625 0.9152812499999999 0.44284375000000004 0.90971875 0.44341666718750006 0.917 0.4890833328125 0.916140625 0.495375 0.939265625 0.4930833328125 0.938578125 0.47161666718750006 0.9469687499999999 0.4759583328125 0.9465416671875 0.46244444375000004 0.9598125 0.47024999999999995 0.9528958328125 0.4486597234375 0.96153125 0.4497083328125 0.9456875 0.43541666718750005 0.937546875 0.43941666718750005 0.9378333328125 0.42324305625 0.9469687499999999 0.4194375 0.95809375 0.3823333328125 0.966234375 0.3743333328125 0.966234375 0.3606458328125 0.947390625 0.3360833328125 0.943546875 0.3241041671875 0.943109375 0.3161041671875 0.938828125 0.3069791671875 0.9294062500000001 0.30354166718750003 0.9204218750000001 0.3280833328125 0.9187031250000001 0.3429375 0.910578125 0.35891666718750004 0.907140625 0.3749166671875 0.9255625000000001 0.3783333328125 0.9208437500000001 0.406875 0.9189947921874999 0.4420833328125
9 0.640484375 0.3936875 0.641578125 0.3951666671875 0.64088068125 0.4062613640625 0.63390625 0.4024583328125 0.6300625 0.40393749999999995 0.63884375 0.41050000000000003 0.6401832390625 0.41735606093750005 0.6322656249999999 0.4200208328125 0.6394857953125 0.42845075781249997 0.6387883515625 0.43954545468750006 0.6399375 0.4441458328125 0.638090909375 0.4506401515625 0.63884375 0.45145833281250003 0.637393465625 0.4617348484375 0.638296875 0.46608333281250003 0.635 0.48872916718750004 0.63390625 0.5172083328125 0.639390625 0.58375 0.639390625 0.5954375 0.636640625 0.5998333328125 0.639390625 0.6071458328125 0.65309375 0.6086041671875 0.6558437500000001 0.6056666671875 0.6519999999999999 0.5713125 0.6602187500000001 0.569125 0.660765625 0.5566979171875001 0.6684453125 0.5548645828125001 0.675578125 0.5654583328125 0.67996875 0.5618125 0.68928125 0.5705833328125001 0.6936718749999999 0.5859375 0.69421875 0.6012916671874999 0.70025 0.5991041671875 0.7024375 0.5939791671875 0.70409375 0.5844791671875 0.705734375 0.5661875000000001 0.699703125 0.5537708328125001 0.679421875 0.48872916718750004 0.6761250000000001 0.46681249999999996 0.670640625 0.45218749999999996 0.674484375 0.4170833328125 0.65803125 0.3352083328125 0.651453125 0.3264375 0.644328125 0.32497916718750003 0.638296875 0.3257083328125 0.6322656249999999 0.3293541671875 0.6289687500000001 0.3447083328125 0.628421875 0.35202083281249996 0.631703125 0.3644583328125 0.6371875 0.3666458328125 0.640484375 0.3936875
9 0.8380625 0.4463958328125 0.8433398437499999 0.44971875 0.8391249999999999 0.4604375 0.8475625000000001 0.4604375 0.840171875 0.47520833281249997 0.8438593750000001 0.4780208328125 0.848078125 0.4766041671875 0.848609375 0.4449791671875 0.8475546875 0.43899999999999995 0.8517695312500001 0.42828125000000006 0.8633749999999999 0.4267083328125 0.8649531250000001 0.4337291671875 0.8649531250000001 0.4414583328125 0.8749687500000001 0.44006249999999997 0.8686406249999999 0.3761041671875 0.8723281249999999 0.3697708328125 0.8718125000000001 0.3444791671875 0.8617968749999999 0.3339166671875 0.86284375 0.3212708328125 0.857046875 0.31283333281250003 0.8459687499999999 0.31495833281249996 0.8433437500000001 0.3353333328125 0.832796875 0.3437708328125 0.827 0.3789166671875 0.827 0.40491666718749997 0.834375 0.4105416671875 0.8380625 0.4463958328125
9 0.45703125 0.3439791671875 0.44896874999999997 0.3459375 0.449703125 0.3557291671875 0.44309374999999995 0.37235416718750003 0.441625 0.3958333328125 0.44896874999999997 0.39779166718750003 0.446765625 0.40462499999999996 0.4614375 0.40070833281249996 0.466578125 0.38016666718750003 0.4614375 0.3567083328125 0.45629687499999994 0.3567083328125 0.45703125 0.3439791671875
9 0.690546875 0.3591041671875 0.68184375 0.3784375 0.67978125 0.39114583281250004 0.676453125 0.40054166718750006 0.6735625 0.4033125 0.6777031250000001 0.409375 0.682671875 0.4099375 0.6868125 0.41325 0.692203125 0.4209791671875 0.698828125 0.41822916718750003 0.701734375 0.4524791671875 0.705875 0.46241666718749996 0.695515625 0.4657291671875 0.6814375 0.4574583328125 0.6756249999999999 0.4574583328125 0.674390625 0.46352083281249995 0.676453125 0.48783333281249996 0.6878515625 0.48783333281249996 0.690125 0.4955625 0.690546875 0.5347916671874999 0.697171875 0.5475 0.697171875 0.5557916671875 0.7025625 0.561875 0.7038125 0.5662916671875 0.704640625 0.5972291671875001 0.712515625 0.572375 0.7129218749999999 0.5403125 0.7116718750000001 0.5220833328125 0.70878125 0.5049583328125 0.6992499999999999 0.48783333281249996 0.705875 0.48120833281250003 0.705875 0.47512499999999996 0.715828125 0.4497083328125 0.705875 0.458 0.7048125 0.4535744046875 0.7121562499999999 0.43258035625 0.7199687499999999 0.4353541671875 0.719546875 0.42816666718749996 0.709609375 0.41491666718750003 0.715828125 0.3701458328125 0.714578125 0.3591041671875 0.711265625 0.3486041671875 0.708359375 0.3265 0.70546875 0.3220833328125 0.698421875 0.31766666718750003 0.687234375 0.3242916671875 0.68971875 0.3386666671875 0.6855781249999999 0.340875 0.690546875 0.3552291671875 0.690546875 0.3591041671875
9 0.16625 0.5298125 0.16625 0.5790625 0.17179687500000002 0.5963125 0.182875 0.5987708328125 0.1958125 0.6061666671875 0.1958125 0.6307916671875 0.1958125 0.6677291671875001 0.19396875 0.7096041671875 0.19396875 0.7514791671875 0.182875 0.8105833328125 0.16995312499999998 0.8229166671874999 0.15517187500000001 0.8426041671875 0.16071875 0.8623125 0.2124375 0.8524583328125 0.21428124999999998 0.8426041671875 0.21798437499999998 0.8179791671875 0.22721874999999997 0.7539374999999999 0.242 0.6923541671875 0.254921875 0.7490208328125 0.28078125 0.7908958328125 0.267859375 0.8155208328124999 0.267859375 0.8376875 0.2955625 0.8352291671875 0.315890625 0.8229166671874999 0.315890625 0.7958125 0.314046875 0.7711875 0.301109375 0.7268541671875 0.282640625 0.6923541671875 0.284484375 0.616 0.27709375 0.5667500000000001 0.27154687499999997 0.47808333281250004 0.24753124999999998 0.4559166671875 0.24753124999999998 0.441125 0.2456875 0.4066458328125 0.234609375 0.3869375 0.2124375 0.374625 0.1958125 0.37956249999999997 0.18657812499999998 0.39187500000000003 0.184734375 0.41158333281250004 0.184734375 0.44360416718750006 0.203203125 0.4559166671875 0.184734375 0.4928541671875 0.1791875 0.5027083328125 0.16625 0.5298125
8 0.24337499999999998 0.44325000000000003 0.2678125 0.47583333281250006 0.27214583281250004 0.48792361093750003 0.268203125 0.4984375 0.276484375 0.5788541671874999 0.290671875 0.5867291671875 0.297765625 0.5520416671875 0.283578125 0.49527083281250006 0.273921875 0.4839791671875 0.2760885421875 0.4774097234375 0.28097812499999997 0.4814 0.281925 0.47067500000000007 0.28003125 0.4668958328125 0.282871875 0.45994999999999997 0.2772708328125 0.45375694375000003 0.28381875 0.44922500000000004 0.284765625 0.4385 0.2745104171875 0.44061805625000006 0.269390625 0.410125 0.262296875 0.4006666671875 0.25520312500000003 0.40854166718749996 0.2522421875 0.4061875 0.25126041718750003 0.4201111109375 0.2421875 0.4117083328125 0.2410078125 0.42353125 0.2473177078125 0.43168055625 0.239828125 0.4353541671875 0.24337499999999998 0.44325000000000003
8 0.69684375 0.46668750000000003 0.702953125 0.4725 0.705125 0.49864583281249997 0.7064375 0.5015625 0.7147187500000001 0.4998125 0.711234375 0.4800625 0.710796875 0.47016666718750005 0.70218359375 0.470609375 0.704265625 0.4614583328125 0.7007656250000001 0.4602916671875 0.705125 0.4527291671875 0.7125468749999999 0.45854166718749995 0.71646875 0.4416875 0.71603125 0.43122916718750004 0.71384375 0.42018750000000005 0.710359375 0.41320833281249997 0.702078125 0.41262499999999996 0.702078125 0.4097291671875 0.69728125 0.4190208328125 0.6894375 0.4190208328125 0.68203125 0.4050833328125 0.6750625 0.414375 0.675484375 0.42424999999999996 0.6702656250000001 0.4411041671875 0.6702656250000001 0.4527291671875 0.69684375 0.46668750000000003
8 0.398484375 0.6476041671874999 0.432046875 0.688625 0.439890625 0.7050416671875 0.44659375 0.7154791671875 0.4533125 0.7184791671874999 0.455546875 0.7169791671875 0.44995312500000006 0.7110208328125001 0.48184375 0.714 0.48464062500000005 0.7192083328125001 0.48910937499999996 0.7214583328125 0.49303125000000003 0.7214583328125 0.495796875 0.7175208328125 0.494953125 0.7107291671875 0.49071875 0.7039375 0.506828125 0.6655 0.45934375000000005 0.6044583328125 0.41609375000000004 0.5999375 0.41526562499999997 0.599875 0.4074375 0.62 0.398484375 0.6476041671874999
9 0.3448125 0.6623333328125 0.354546875 0.6623333328125 0.36428125 0.6909166671875 0.36234375 0.7376666671875001 0.360390625 0.7610416671875 0.37596875 0.7584375 0.377921875 0.6961041671875 0.37403125 0.6207708328125 0.372078125 0.5896041671875001 0.389609375 0.576625 0.38765625 0.47791666718750003 0.377921875 0.4363541671875 0.3565 0.41039583281249997 0.34090625 0.3922083328125 0.3350625 0.36104166718749997 0.327265625 0.3558541671875 0.313640625 0.36104166718749997 0.3 0.3896041671875 0.31753125 0.41558333281250004 0.3 0.43116666718749996 0.28246875 0.4649375 0.2883125 0.5065000000000001 0.29415625 0.5324583328125 0.301953125 0.5688333328125 0.292203125 0.6129791671875 0.290265625 0.6363541671874999 0.29415625 0.6493541671874999 0.301953125 0.6675416671875001 0.301953125 0.6727291671875 0.301953125 0.7065 0.301953125 0.716875 0.3 0.7324583328125 0.313640625 0.7480416671875 0.319484375 0.7428541671875 0.331171875 0.6779166671875 0.327265625 0.6519583328125 0.3448125 0.6623333328125
9 0.8727812500000001 0.3498541671875 0.871875 0.3570208328125 0.873375 0.3661875 0.8868281250000001 0.3657916671875 0.8829375 0.35383333281249996 0.8895156249999999 0.3518333328125 0.8955 0.35225 0.8999843750000001 0.35025 0.9002812499999999 0.3446666671875 0.897 0.34227083281250004 0.884140625 0.3446666671875 0.88653125 0.3386875 0.8862343750000001 0.3347083328125 0.874875 0.3235416671875 0.880546875 0.3219375 0.8811562500000001 0.31237499999999996 0.8838437499999999 0.308375 0.8793593749999999 0.30041666718750004 0.870390625 0.30081250000000004 0.8664999999999999 0.3087916671875 0.8638125000000001 0.31437499999999996 0.865296875 0.3163541671875 0.86171875 0.3211458328125 0.8611093750000001 0.3247291671875 0.8611093750000001 0.3362916671875 0.86978125 0.33947916718750004 0.87128125 0.3454583328125 0.8727812500000001 0.3498541671875
9 0.5336484375 0.3930729171875 0.5346340453125 0.3877620609375 0.542796875 0.38675000000000004 0.537375 0.3840416671875 0.533640625 0.37185416718750003 0.536166940625 0.3668475875 0.531953125 0.36462500000000003 0.52890625 0.3560416671875 0.5369333875 0.35639034999999997 0.539999178125 0.3145614046875 0.5414375 0.310875 0.5390625 0.299125 0.53534375 0.29733333281249996 0.52653125 0.29552083281249997 0.5204375 0.3022916671875 0.517390625 0.31404166718750004 0.517390625 0.3221666671875 0.519421875 0.3325625 0.523828125 0.3384166671875 0.5160312499999999 0.3515208328125 0.510265625 0.4423125 0.5206015625 0.4375625 0.518734375 0.448625 0.5075624999999999 0.4599166671875 0.50959375 0.46714583281250005 0.515015625 0.4653541671875 0.5160312499999999 0.460375 0.5217968749999999 0.46579166718750004 0.5269274140625 0.4921181 0.5336484375 0.3930729171875
8 0.9153437500000001 0.2881041671875 0.9146093750000001 0.2650416671875 0.890265625 0.265375 0.891234375 0.2676458328125 0.8914843749999999 0.290375 0.9153437500000001 0.2881041671875
8 0.864078125 0.2709583328125 0.8632500000000001 0.2720625 0.864359375 0.2927291671875 0.88925 0.29162499999999997 0.88634375 0.269125 0.864078125 0.2709583328125
8 0.16653125 0.3295208328125 0.17325 0.3399791671875 0.22639062499999998 0.3302708328125 0.22471875 0.2728333328125 0.16373437500000002 0.2788125 0.16653125 0.3295208328125
9 0.38125 0.3729166671875 0.3859375 0.3645833328125 0.3859375 0.35625 0.3885416671875 0.34861111093749997 0.4135416671875 0.3496527765625 0.4171875 0.35625 0.4171875 0.36875 0.421875 0.375 0.43125 0.375 0.4359375 0.36666666718749996 0.4359375 0.3583333328125 0.43062500000000004 0.34750000000000003 0.456875 0.33999999999999997 0.4609375 0.34375 0.4609375 0.35625 0.465625 0.3625 0.484375 0.3645833328125 0.4859375 0.3770833328125 0.490625 0.38333333281250004 0.5 0.38333333281250004 0.503125 0.3791666671875 0.5046875 0.36666666718749996 0.5 0.3583333328125 0.496875 0.3583333328125 0.496875 0.3458333328125 0.4921875 0.3375 0.49749999999999994 0.3333333328125 0.74453125 0.3010416671875 0.7828125 0.31875 0.7859375 0.3229166671875 0.7984375 0.325 0.8 0.3145833328125 0.796875 0.3 0.79375 0.2958333328125 0.784375 0.2958333328125 0.7796875 0.3020833328125 0.77640625 0.296875 0.3802083328125 0.3482638890625 0.371875 0.3479166671875 0.3671875 0.3541666671875 0.3671875 0.36666666718749996 0.371875 0.3729166671875 0.38125 0.3729166671875