8 0.9098750000000001 0.6965625 0.8526458328125001 0.71159375 0.8412083328125 0.7480625 0.8783958328124999 0.767375 0.9442083328124999 0.803859375 0.9985625 0.8617968749999999 1 0.7030000000000001 0.9899791671875 0.6965625 0.9098750000000001 0.6965625
9 0.56775 0.43834375000000003 0.5247291671875 0.4663125 0.47885416718749996 0.47921874999999997 0.40716666718749994 0.5114687499999999 0.3612916671875 0.59534375 0.3612916671875 0.621140625 0.36702083281250003 0.657703125 0.3899583328125 0.696421875 0.4014375 0.707171875 0.3813541671875 0.8899687500000001 0.4014375 0.9093125000000001 0.4100416671875 0.9050156250000001 0.4186458328125 0.896421875 0.47885416718749996 0.715765625 0.5075208328125 0.7329687500000001 0.467375 0.928671875 0.5362083328125 0.9028750000000001 0.5419375 0.8985625 0.5448125 0.8878125000000001 0.5390625 0.8727656250000001 0.5304583328125 0.8684531249999999 0.5591458328125001 0.7931874999999999 0.5763541671875 0.694265625 0.5906875 0.66415625 0.6050208328125 0.6146874999999999 0.6193541671875 0.6125468749999999 0.6709583328125001 0.62975 0.6881666671875 0.597484375 0.6394166671875 0.539421875 0.6279583328125 0.502875 0.6136250000000001 0.49210937499999996 0.6193541671875 0.4878125 0.6250833328125001 0.4555625 0.6222291671875 0.43404687500000005 0.5792083328125 0.43404687500000005 0.56775 0.43834375000000003
9 0.30681250000000004 0.6774218750000001 0.27527083281250003 0.6258125 0.26379166718749997 0.584953125 0.2580625 0.53978125 0.25233333281250003 0.47096875000000005 0.2207916671875 0.43010937499999996 0.23224999999999998 0.419359375 0.24945833281250002 0.384953125 0.24945833281250002 0.3526875 0.2207916671875 0.322578125 0.1663125 0.32043750000000004 0.1347708328125 0.359140625 0.1318958328125 0.4 0.1232916671875 0.419359375 0.06595833281249999 0.45376562500000006 0.045875 0.522578125 0.0630833328125 0.627953125 0.057354167187500006 0.688171875 0.08889583281249999 0.716125 0.0602083328125 0.91828125 0.0688125 0.9785 0.0860208328125 0.980640625 0.11468750000000001 0.9785 0.283875 0.982796875 0.2723958328125 0.961296875 0.20070833281249997 0.95053125 0.2551875 0.7204375 0.3010833328125 0.7204375 0.30681250000000004 0.6774218750000001
9 0.26008333281249996 0.567265625 0.2541041671875 0.600890625 0.2899791671875 0.6390156250000001 0.32287499999999997 0.6233125 0.32287499999999997 0.567265625 0.3138958328125 0.511203125 0.3109166671875 0.47982812499999994 0.3079166671875 0.43946874999999996 0.2720416671875 0.4305 0.2301875 0.45740625 0.2301875 0.47309375 0.24514583281250002 0.461890625 0.2660625 0.5179375 0.26008333281249996 0.567265625
9 0.43220833281250004 0.48306250000000006 0.43220833281250004 0.48187499999999994 0.43220833281250004 0.472359375 0.4409166671875 0.466421875 0.45437500000000003 0.459296875 0.4551666671875 0.458109375 0.4583333328125 0.449796875 0.45437500000000003 0.436140625 0.4527916671875 0.43376562500000004 0.4417083328125 0.429015625 0.43854166718750004 0.427234375 0.4274583328125 0.42960937499999996 0.41558333281250004 0.435546875 0.4124166671875 0.43732812499999996 0.40766666718750005 0.442078125 0.402125 0.447421875 0.39975 0.450390625 0.3981666671875 0.451578125 0.3942083328125 0.455140625 0.3934166671875 0.458703125 0.39579166718750003 0.46048437499999995 0.39579166718750003 0.46167187500000006 0.3847083328125 0.470578125 0.378375 0.474140625 0.373625 0.47710937500000006 0.368875 0.48246874999999995 0.364125 0.500875 0.364125 0.51215625 0.3680833328125 0.52046875 0.3704583328125 0.52521875 0.3752083328125 0.5275937500000001 0.378375 0.52878125 0.383125 0.529375 0.3855 0.529375 0.38629166718749997 0.52996875 0.39025 0.53175 0.3918333328125 0.53234375 0.3934166671875 0.534125 0.411625 0.5091875 0.43220833281250004 0.49731249999999994 0.43695833281249996 0.491375 0.43220833281250004 0.48306250000000006
9 0.336875 0.53925 0.3407708328125 0.55196875 0.3564375 0.566640625 0.3446875 0.5842343750000001 0.3407708328125 0.5979375 0.3407708328125 0.60478125 0.34208333281250003 0.6214062499999999 0.33947916718750004 0.633140625 0.336875 0.651734375 0.33425 0.66640625 0.33425 0.675203125 0.36425 0.6908593749999999 0.3864166671875 0.689875 0.3681666671875 0.6536875 0.3603333328125 0.594015625 0.3798958328125 0.563703125 0.3929375 0.563703125 0.3955625 0.55 0.3929375 0.54609375 0.39425 0.535328125 0.385125 0.52946875 0.3655625 0.5275000000000001 0.3512083328125 0.52653125 0.336875 0.53925
9 0.0233333328125 0.58009375 0.0233333328125 0.559625 0.0136875 0.537953125 0.010479167187500001 0.48978124999999995 0 0.47653125 0.0072708328125 0.630671875 0.0377708328125 0.636703125 0.0377708328125 0.617421875 0.0265416671875 0.59575 0.0233333328125 0.58009375
9 0.052604167187499995 0.580921875 0.0507708328125 0.522984375 0.071 0.45678124999999997 0.0930625 0.442984375 0.0783541671875 0.42781250000000004 0.0691458328125 0.42090625 0.0397291671875 0.42229687499999996 0.025020832812499998 0.436078125 0.0231666671875 0.462296875 0.0084583328125 0.474703125 0.0268541671875 0.63884375 0.061791667187499996 0.6443749999999999 0.028687499999999998 0.640234375 0.0691458328125 0.649890625 0.052604167187499995 0.580921875
9 0.106125 0.41414062500000004 0.0980625 0.41340625 0.0816458328125 0.41398437499999996 0.0738125 0.418875 0.07077083281249999 0.42189062499999996 0.0747916671875 0.42621875 0.07675 0.42971875 0.0770833328125 0.43339062500000003 0.0748541671875 0.43556249999999996 0.0762291671875 0.44146875 0.0780416671875 0.44715625000000003 0.0769791671875 0.456875 0.0843333328125 0.450484375 0.11697916718750001 0.43118749999999995 0.11862500000000001 0.42303125 0.11200000000000002 0.417484375 0.106125 0.41414062500000004
8 0.9387708328125 0.62690625 0.9401614578125 0.61857421875 0.999875 0.628578125 0.9982083328125 0.59815625 0.989875 0.594828125 0.9443333328125 0.593578125 0.9429427078125 0.60191015625 0.9015416671875001 0.593578125 0.8994583328125 0.60222265625 0.8890958328125 0.593078125 0.8393124999999999 0.591078125 0.8293125 0.6081562500000001 0.829875 0.6252500000000001 0.8932083328125 0.62815625 0.9387708328125 0.62690625
8 0.6764791671875 0.5645 0.6703541671875 0.566609375 0.68875 0.5988125 0.6901666671875 0.610125 0.6925208328125 0.6299375 0.6911041671875 0.6341875 0.7250625 0.633484375 0.6882708328125 0.58890625 0.6816666671875 0.577234375 0.6764791671875 0.5645
8 0.40814583281249994 0.67315625 0.40258333281249997 0.6715 0.39758333281249997 0.69815625 0.3809166671875 0.733171875 0.3786875 0.749421875 0.35202083281249996 0.776921875 0.36091666718750004 0.7915 0.38314583281250003 0.798171875 0.3998125 0.793171875 0.4014791671875 0.791921875 0.4020416671875 0.74775 0.40814583281249994 0.67315625