8 0.0898 0.548 0.08882 0.5502089546875 0.08638 0.553134328125 0.08148 0.5619104484374999 0.08246 0.572865671875 0.08344 0.57725373125 0.08638 0.5882089546875 0.09274 0.5999104484375 0.09568 0.6042985078124999 0.09862 0.610149253125 0.10302 0.6232835828125001 0.10400000000000001 0.6276716421875 0.10940000000000001 0.640119403125 0.11478 0.648865671875 0.11624000000000001 0.659104478125 0.11721999999999999 0.6766567171875 0.11721999999999999 0.686149253125 0.11721999999999999 0.716119403125 0.1182 0.711014925 0.12016 0.6956716421875 0.12212 0.659104478125 0.12310000000000001 0.6751940296875001 0.12603999999999999 0.686895521875 0.12752 0.706626865625 0.12898 0.715402984375 0.12996000000000002 0.715402984375 0.12847999999999998 0.7058805968749999 0.12847999999999998 0.688358209375 0.128 0.6686268656250001 0.12556 0.6561791046875001 0.12654 0.6569253734375 0.13486 0.658388059375 0.13976 0.6613134328125 0.14514 0.6649552234375 0.14906 0.673014925 0.15396 0.67226865625 0.15738000000000002 0.667880596875 0.15984 0.659850746875 0.15444 0.6474328359375 0.15052000000000001 0.639373134375 0.14612 0.6262089546875 0.1427 0.616 0.13682 0.60722388125 0.13142 0.5962388062499999 0.12752 0.58674626875 0.12114 0.5765074625 0.10988 0.572119403125 0.10254 0.5735820890625 0.09372 0.5743283578125 0.09078 0.5735820890625 0.09128 0.5714029843749999 0.09419999999999999 0.562626865625 0.09666 0.5458208953125 0.09518 0.5370447765625 0.09616 0.529014925 0.09469999999999999 0.5246268656249999 0.09128 0.5209552234375 0.08882 0.51802985 0.0849 0.51877611875 0.07952000000000001 0.5209552234375 0.07804 0.5224179109375 0.07608000000000001 0.5268059703125 0.07511999999999999 0.52973134375 0.0756 0.5355820890625 0.07511999999999999 0.542895521875 0.07266 0.54874626875 0.07022 0.553850746875 0.06727999999999999 0.5619104484374999 0.06727999999999999 0.567014925 0.08392 0.5355820890625 0.08932 0.5370447765625 0.0903 0.5414328359375 0.0898 0.548
8 0.26080000000000003 0.6602089546875 0.27088 0.602149253125 0.27232 0.5526865671875 0.28096 0.5225671640625 0.29969999999999997 0.5032238812500001 0.27952 0.483880596875 0.25070000000000003 0.5032238812500001 0.24062 0.5075223875 0.23342000000000002 0.5311940296875 0.21036000000000002 0.5591343281250001 0.20171999999999998 0.5741791046875 0.21902 0.6064477609375001 0.23054000000000002 0.61074626875 0.23054000000000002 0.643014925 0.25936 0.662358209375 0.26080000000000003 0.6602089546875
8 0.32464 0.5674029843749999 0.32588 0.5680298500000001 0.32504 0.571104478125 0.32174 0.5766567171875 0.32092 0.5853134328125 0.32008000000000003 0.5927164171875 0.32216 0.609402984375 0.32504 0.622985075 0.33126 0.631014925 0.33788 0.645850746875 0.34615999999999997 0.651402984375 0.34656 0.68226865625 0.34365999999999997 0.71376119375 0.34284 0.7254925375 0.34077999999999997 0.7316716421875 0.34740000000000004 0.72797015 0.34946 0.6890746265625001 0.35154 0.6797910453125 0.35112 0.6797910453125 0.34946 0.652626865625 0.35112 0.6563283578125 0.35278 0.6606567171875 0.35566 0.6711641796875 0.35774 0.6884477609374999 0.35856 0.71623880625 0.35692 0.7224179109375 0.35318 0.7298208953125 0.35526 0.7329253734375001 0.36228 0.7316716421875 0.36354000000000003 0.72922388125 0.36103999999999997 0.7230447765625 0.36063999999999996 0.6878208953125 0.36188 0.6711641796875 0.35566 0.6594328359375 0.35566 0.6569552234375 0.35897999999999997 0.6557313437500001 0.36146 0.66002985 0.36518 0.6606567171875 0.3685 0.6575820890624999 0.38132 0.6686865671875 0.38504 0.6649850749999999 0.38712 0.6581791046875 0.3834 0.650149253125 0.37842 0.6378208953125 0.37428 0.63223880625 0.37056 0.6168059703125001 0.36518 0.6057014921875 0.35856 0.5945671640625 0.35236 0.5877910453124999 0.34531999999999996 0.5803880593749999 0.33954 0.581611940625 0.34077999999999997 0.5754328359375 0.3416 0.5680298500000001 0.33788 0.556895521875 0.33416 0.5507164171875 0.32754 0.5494925375 0.32464 0.5556716421875 0.32174 0.5649253734374999 0.31678 0.571104478125 0.31926 0.5704776125000001 0.3234 0.5674029843749999 0.32464 0.5674029843749999
8 0.45098000000000005 0.611641790625 0.46108000000000005 0.622388059375 0.47691999999999996 0.6288656718750001 0.4798 0.6267164171874999 0.47836 0.6159402984375 0.47548 0.6030447765625 0.46684000000000003 0.5944477609375001 0.45675999999999994 0.575104478125 0.43658 0.5406865671875 0.42938 0.5406865671875 0.41208 0.536388059375 0.40343999999999997 0.5643283578125 0.4582 0.639611940625 0.45532000000000006 0.6288656718750001 0.45098000000000005 0.611641790625
8 0.46753999999999996 0.5973134328125 0.47518000000000005 0.6006567171875 0.47788 0.616119403125 0.48014 0.6147761187499999 0.48103999999999997 0.6046865671874999 0.48014 0.5980000000000001 0.48014 0.590597015625 0.47878 0.58322388125 0.47337999999999997 0.5718208953125 0.46574 0.5537014921875001 0.45899999999999996 0.541611940625 0.45 0.5234925375 0.4464 0.51477611875 0.43876 0.51074626875 0.43426 0.50402985 0.42842 0.5 0.42257999999999996 0.50402985 0.41314 0.518119403125 0.41672000000000003 0.5194626859375 0.42211999999999994 0.520119403125 0.42257999999999996 0.5261791046875001 0.42752 0.5335522390625 0.43606 0.5375820890624999 0.4455 0.55773134375 0.46753999999999996 0.5973134328125
8 0.47691999999999996 0.5612835828125 0.47836 0.5505373140625001 0.4798 0.5311940296875 0.48846 0.5118208953125001 0.4971 0.48173134375000004 0.49134 0.4688059703125 0.49134 0.4559104484375 0.48556 0.46235820937499994 0.46396 0.4881791046875 0.44665999999999995 0.5075223875 0.4582 0.5397910453125 0.46252000000000004 0.5548358203125 0.47691999999999996 0.5612835828125
8 0.48114 0.6053432828124999 0.48423999999999995 0.5991940296875 0.49766000000000005 0.5883880593749999 0.5018 0.5914925375 0.5018 0.6177014921875 0.49870000000000003 0.6500597015625 0.49664 0.6670447765625 0.51006 0.6639402984375 0.5266 0.660865671875 0.5224599999999999 0.6485373140624999 0.5204 0.6130746265625 0.5204 0.596119403125 0.5297 0.577611940625 0.53796 0.5668059703125 0.54416 0.5482985078125 0.5565599999999999 0.568358209375 0.5565599999999999 0.560626865625 0.54416 0.5375223874999999 0.54932 0.5282686562500001 0.53382 0.5174626859375 0.52452 0.5236417906249999 0.51214 0.5236417906249999 0.4925 0.5405970156250001 0.49146 0.56373134375 0.48528000000000004 0.5853134328125 0.48423999999999995 0.58223880625 0.48114 0.5914925375 0.48114 0.6053432828124999
8 0.6014999999999999 0.5291641796875 0.60602 0.5383283578125 0.6112 0.54797015 0.60344 0.5730447765625 0.59924 0.5817014921875 0.59924 0.587014925 0.60246 0.587014925 0.60506 0.58074626875 0.60926 0.5720597015625 0.61152 0.5653134328125 0.6154 0.5624179109375 0.61798 0.5686865671875 0.62024 0.5754328359375 0.62056 0.5826865671875 0.6238 0.584119403125 0.62346 0.570626865625 0.62088 0.564358209375 0.6212 0.5585671640625 0.62508 0.557134328125 0.62476 0.5513432828125 0.6254 0.5440895515624999 0.62928 0.5411940296875 0.63478 0.5344477609375 0.6286400000000001 0.5277014921875 0.6263799999999999 0.5166268656249999 0.6263799999999999 0.5084179109375 0.62282 0.4973134328125 0.61604 0.4871940296875 0.6057 0.482388059375 0.60182 0.4794925375 0.5972999999999999 0.481402984375 0.59762 0.49346268593750003 0.59212 0.5064776125 0.59892 0.5142089546874999 0.59892 0.5214328359375 0.6014999999999999 0.5291641796875
8 0.78908 0.69826865625 0.78478 0.69826865625 0.78334 0.616895521875 0.79052 0.597641790625 0.79052 0.6854328359374999 0.79912 0.696149253125 0.8149 0.69826865625 0.8005599999999999 0.6875820890625 0.79482 0.64474626875 0.79912 0.608358209375 0.8077400000000001 0.5805074625 0.82638 0.559104478125 0.82208 0.5355522390624999 0.83356 0.5226865671875001 0.82926 0.5205373140625 0.81204 0.51197015 0.80342 0.529104478125 0.79338 0.533402984375 0.77474 0.563373134375 0.76468 0.6040597015625 0.7560800000000001 0.6297611937500001 0.77616 0.6104776125 0.77042 0.7047164171875 0.78908 0.69826865625
8 0.70804 0.5904477609375001 0.7053200000000001 0.61077611875 0.7053200000000001 0.616895521875 0.7087399999999999 0.616895521875 0.71214 0.600626865625 0.7094199999999999 0.5853432828125 0.71282 0.5863582093749999 0.71418 0.600626865625 0.71486 0.631134328125 0.7176 0.629104478125 0.71896 0.6036716421875 0.7176 0.5843283578125 0.73122 0.5924776125 0.736 0.600626865625 0.74486 0.5894328359375 0.73736 0.5751940296875 0.71282 0.527373134375 0.69782 0.5222985078125 0.69442 0.528388059375 0.68556 0.529402984375 0.67738 0.5426268656250001 0.6814600000000001 0.5650149250000001 0.6801 0.564 0.67874 0.5812835828125 0.6841999999999999 0.56602985 0.70736 0.57925373125 0.70804 0.5904477609375001
8 0.6757799999999999 0.511850746875 0.6873199999999999 0.516149253125 0.6815599999999999 0.48600000000000004 0.67 0.4536716421875 0.65122 0.4471940296875 0.6483399999999999 0.4127164171875 0.6339 0.40408955156250004 0.62956 0.41056716406250005 0.61512 0.432119403125 0.62234 0.43426865625 0.64112 0.417014925 0.64546 0.4450447765625 0.6469 0.46011940312500005 0.65122 0.4816716421875 0.6671199999999999 0.505373134375 0.66856 0.529104478125 0.66856 0.55925373125 0.66422 0.567880596875 0.67434 0.5635820890625001 0.6757799999999999 0.511850746875
8 0.75664 0.522626865625 0.7913 0.54202985 0.77108 0.488149253125 0.7508600000000001 0.46011940312500005 0.73354 0.46011940312500005 0.7017599999999999 0.488149253125 0.7191 0.48600000000000004 0.7407600000000001 0.511850746875 0.74798 0.5441791046875 0.7508600000000001 0.53125373125 0.74508 0.5743582093749999 0.74364 0.6002089546875 0.75664 0.5959104484375 0.75664 0.522626865625
13 0.5153800000000001 0.34477611874999997 0.5405800000000001 0.35143283593749997 0.55336 0.349402984375 0.56194 0.3349552234375 0.5638 0.3249253734375 0.5705 0.3204776125 0.5969599999999999 0.32901492499999996 0.6055200000000001 0.315850746875 0.6172 0.3154925375 0.62676 0.336626865625 0.6306 0.3495820890625 0.6393 0.356626865625 0.66114 0.3568059703125 0.67418 0.352358209375 0.68262 0.31826865625 0.68362 0.29752238750000004 0.70746 0.2899104484375 0.7179 0.2895522390625 0.72386 0.2708358203125 0.7236 0.2676716421875 0.72088 0.2589552234375 0.7195 0.2345074625 0.71926 0.199104478125 0.7145400000000001 0.17797015 0.69516 0.1792835828125 0.66028 0.18074626875 0.5966 0.17997015 0.59128 0.1750746265625 0.58698 0.1390447765625 0.5769599999999999 0.1115820890625 0.56818 0.10823880625 0.5509999999999999 0.10119402968749999 0.5242 0.1015223875 0.49638 0.1015223875 0.46182 0.10426865625 0.4295 0.11250746250000002 0.41662 0.1234925375 0.3935 0.15707462656249999 0.39064 0.1537014921875 0.38328 0.15767164218750002 0.38368 0.1701791046875 0.38308 0.176895521875 0.37898 0.180865671875 0.3479 0.186985075 0.32477999999999996 0.194626865625 0.31046 0.19826865625 0.30044 0.2004179109375 0.29718 0.2086567171875 0.29636 0.2150746265625 0.29268 0.2217910453125 0.29144000000000003 0.2324776125 0.28818 0.23886567187500002 0.28756 0.2489552234375 0.29104 0.252 0.28592 0.2587164171875 0.28490000000000004 0.2684776125 0.28592 0.2852835828125 0.28858 0.29994029843750003 0.2939 0.30573134375 0.29860000000000003 0.320985075 0.30310000000000004 0.327104478125 0.30802 0.331373134375 0.3123 0.343880596875 0.31823999999999997 0.347850746875 0.33276 0.350895521875 0.3432 0.3579402984375 0.35404 0.35976119375 0.362 0.35122388125000004 0.36938 0.331373134375 0.4021 0.3289253734375 0.41681999999999997 0.336865671875 0.42847999999999997 0.34023880625 0.43011999999999995 0.35397015 0.43972 0.36373134375 0.45199999999999996 0.353641790625 0.48084 0.35397015 0.4847 0.3488358203125 0.48841999999999997 0.3302985078125 0.4991 0.319014925 0.50804 0.3217910453125 0.5153800000000001 0.34477611874999997
8 0.75398 0.6273432828125001 0.75588 0.6313134328125 0.805 0.5926865671875 0.83546 0.60576119375 0.8297549999999999 0.61724626875 0.823913334375 0.6214626859375 0.8289899999999999 0.6321641796875 0.822646665625 0.64002985 0.828225 0.6470820890625 0.8213800000000001 0.6585970156250001 0.82366 0.6739402984375 0.8270799999999999 0.6745074625 0.82746 0.662 0.8430799999999999 0.6665671640624999 0.84346 0.6625970156250001 0.85032 0.6642985078125 0.8499399999999999 0.6563283578125 0.8437133343750001 0.6451641796875001 0.8493700000000001 0.641126865625 0.8439666656249999 0.6277313437500001 0.8488 0.6259253734375 0.84823 0.61072388125 0.84422 0.6102985078125001 0.84766 0.5955223875 0.86936 0.6091641796875 0.86936 0.5852835828125 0.86364 0.58074626875 0.85336 0.5500597015625 0.8339399999999999 0.5409552234375 0.76996 0.5744776125 0.764886665625 0.5979800984375 0.7623599999999999 0.6011940296875 0.760573334375 0.6146467671875 0.75398 0.6273432828125001
8 0.96 0.55522388125 0.96 0.5432835828125 0.954 0.5313432828125 0.942 0.5313432828125 0.9359999999999999 0.5402985078125 0.932 0.5322457484374999 0.152 0.6026379734375 0.9359999999999999 0.5582089546875 0.942 0.5671641796875 0.954 0.5671641796875 0.96 0.55522388125