8 0.22434375 0.692740046875 0.217203125 0.7063700234375 0.21135937500000002 0.7297423890625 0.21331250000000002 0.747259953125 0.214609375 0.7628571421875 0.22240625 0.7813583140625 0.23539062500000002 0.793044496875 0.2464375 0.7969320843750001 0.248390625 0.793044496875 0.25878125 0.7852459015625 0.267234375 0.7784309140625 0.276328125 0.7784309140625 0.276328125 0.77355971875 0.26853125 0.76967213125 0.260078125 0.768688525 0.261375 0.7599297421875 0.278921875 0.7579859484375 0.28996875 0.7589461359375 0.290625 0.7570023421875 0.291921875 0.739484778125 0.287375 0.7287587828125 0.279578125 0.7122248250000001 0.267234375 0.696627634375 0.254234375 0.6791100703125 0.25034375 0.6771662765625 0.23539062500000002 0.6829976578125 0.22434375 0.692740046875
9 0.68603125 0.46133489531249994 0.6935156250000001 0.5152459015625 0.702515625 0.53098360625 0.7384999999999999 0.6590866515625 0.757984375 0.66805620625 0.755 0.7534660421875 0.7535000000000001 0.7826697890625 0.7384999999999999 0.8029039812500001 0.7355 0.8298594843749999 0.752 0.8478454328125 0.786484375 0.832107728125 0.7789843750000001 0.8163700234375 0.79996875 0.7219906328125 0.79996875 0.7152459015625 0.8044687500000001 0.6590866515625 0.8119687499999999 0.6163700234375 0.81646875 0.6298594843750001 0.829953125 0.6276112406250001 0.835953125 0.641100703125 0.837453125 0.66355971875 0.8419531250000001 0.697283371875 0.8494531249999999 0.762435596875 0.838953125 0.7646838406249999 0.8344531249999999 0.7871662765624999 0.837453125 0.8141217796875001 0.912421875 0.8141217796875001 0.92890625 0.79615925 0.8854374999999999 0.773676815625 0.8764375 0.6253629984375 0.8884375 0.59391100625 0.8764375 0.5759250578125 0.8239531250000001 0.49728337187499994 0.787984375 0.45683840781249996 0.7819843750000001 0.3871662765625 0.79246875 0.3287353625 0.79396875 0.30177985937499996 0.81346875 0.29953161562499997 0.8494531249999999 0.295035128125 0.855453125 0.2927868859375 0.8869374999999999 0.27255269375 0.912421875 0.2658079625 0.9304062500000001 0.26355971875 0.9319062499999999 0.22761124062500002 0.8944218749999999 0.25009367656250003 0.8644375 0.2545901640625 0.8194687500000001 0.26805620625 0.786484375 0.243348946875 0.755 0.25009367656250003 0.7535000000000001 0.2455971890625 0.7535000000000001 0.2253629984375 0.746 0.20290398125000003 0.7384999999999999 0.1781733015625 0.7220156249999999 0.1781733015625 0.708515625 0.1781733015625 0.698015625 0.19840749375 0.699515625 0.2455971890625 0.699515625 0.28154566718749996 0.699515625 0.2860421546875 0.6800312500000001 0.3219906328125 0.6680312500000001 0.38491803281250003 0.66353125 0.3759250578125 0.65903125 0.3512177984375 0.653046875 0.34672131093749997 0.638046875 0.3489695546875 0.636546875 0.36243559687500004 0.644046875 0.4006557375 0.6500468749999999 0.41861826718749995 0.65753125 0.45908665156249995 0.6680312500000001 0.46805620625 0.6875312499999999 0.43660421562499996 0.69221875 0.4070257609375 0.69809375 0.4128805625 0.68603125 0.46133489531249994
9 0.982046875 0.5505620609374999 0.98953125 0.52583138125 0.982046875 0.46967213125 0.9940312499999999 0.46067915625 0.98653125 0.408992975 0.9715468749999999 0.3865105390625 0.9715468749999999 0.373044496875 0.9805468749999999 0.3460655734375 0.976046875 0.3325761125 0.958046875 0.3528103046875 0.9460625 0.35955503437499997 0.9445625 0.368548009375 0.9475625000000001 0.391007025 0.9325625000000001 0.41573770468750004 0.9280625 0.438196721875 0.9235625000000001 0.47864168593749995 0.9310625 0.48088992968750005 0.9385625 0.4449414515625 0.9445625 0.4539344265625 0.9445625 0.47639344218749996 0.9445625 0.503372365625 0.9550468750000001 0.507868853125 0.958046875 0.5280796249999999 0.9565468750000001 0.59325526875 0.974546875 0.5887587828124999 0.973046875 0.5865105390625 0.98953125 0.5707962531249999 0.982046875 0.5505620609374999
9 0.397125 0.5700468390625 0.397671875 0.5492974234375 0.397671875 0.534355971875 0.4054375 0.5318501171875 0.4054375 0.5418266984375 0.399890625 0.5783372359375 0.399890625 0.5991100703125001 0.40931249999999997 0.61487119375 0.415953125 0.606580796875 0.408203125 0.5891334890625 0.4170625 0.5659016390625 0.416515625 0.5044730671875 0.42093749999999996 0.51775175625 0.430359375 0.5144262296875 0.42260937500000006 0.484543325 0.41540625000000003 0.45051522187500004 0.41540625000000003 0.42395784531249997 0.39934375 0.4065105390625 0.404875 0.3849414515625 0.403765625 0.3733021078125 0.396578125 0.3674941453125 0.3888125 0.3666744734375 0.38493750000000004 0.381615925 0.38493750000000004 0.40154566718750007 0.368875 0.4405386421875 0.368328125 0.45798594843749996 0.37940625 0.46711943749999996 0.376640625 0.5102810296875 0.376078125 0.51775175625 0.3733125 0.5385011703125 0.373859375 0.5385011703125 0.384390625 0.5418266984375 0.384390625 0.5526229515625001 0.384390625 0.5551053859375 0.38493750000000004 0.6057377046875 0.39490625 0.6115456671875 0.39325 0.58997658125 0.397125 0.5700468390625
9 0.258234375 0.5198829046875 0.27342187500000004 0.5373770484375 0.27342187500000004 0.5181264640625 0.27926562499999996 0.4831147546875 0.27459375 0.47259953125000004 0.26175000000000004 0.448079625 0.269921875 0.44283372343750005 0.269921875 0.4288290390625 0.257078125 0.413067915625 0.24539062500000003 0.4183138171875 0.239546875 0.44283372343750005 0.24539062500000003 0.453348946875 0.23370312499999998 0.462107728125 0.211515625 0.48836065624999997 0.192828125 0.5268852453124999 0.186984375 0.5408899296875 0.199828125 0.5373770484375 0.203328125 0.5251288062499999 0.220859375 0.5023653390625 0.226703125 0.50936768125 0.226703125 0.523372365625 0.227875 0.5251288062499999 0.23254687500000001 0.52163934375 0.258234375 0.5198829046875
9 0.20409375000000002 0.5252459015625 0.20045312499999998 0.535620609375 0.19498437500000002 0.5394613578125 0.189140625 0.5394613578125 0.190234375 0.5318032781250001 0.21503125 0.4842622953125 0.236171875 0.4602107734375 0.23179687499999999 0.43618267031249996 0.23034374999999999 0.40775175625 0.22925 0.4061124125 0.22414062499999998 0.40011709531250006 0.2183125 0.3946370015625 0.22523437500000001 0.3913583140625 0.22996875 0.3870023421875 0.23362500000000003 0.374964871875 0.23507812499999997 0.37224824375 0.224875 0.36840749375000004 0.21795312500000003 0.35967213125 0.21175000000000002 0.3580327875 0.20226562499999998 0.358571428125 0.198625 0.35967213125 0.19315625 0.364051521875 0.189875 0.3716861828125 0.1876875 0.380444965625 0.1876875 0.3897189703125 0.189140625 0.3940983609375 0.18842187500000002 0.40229508125 0.18221875 0.40557377031249997 0.1789375 0.41159250625 0.176390625 0.4181498828125 0.17346875 0.430163934375 0.171640625 0.4405386421875 0.168359375 0.45147540937499997 0.172015625 0.4902810296875 0.170921875 0.50229508125 0.17710937499999999 0.5110304453125 0.180390625 0.5110304453125 0.181125 0.5044730671875 0.18076562499999999 0.4946370015625 0.18003125 0.48480093750000003 0.178203125 0.45147540937499997 0.1833125 0.43782201406250004 0.187328125 0.442740046875 0.18878124999999998 0.44545667499999997 0.187328125 0.4574941453125 0.185859375 0.47060890000000005 0.18440625 0.48918032812499995 0.1833125 0.4968384078125 0.1833125 0.5083138171875 0.18440625 0.5219672125 0.185140625 0.5339812640625 0.185859375 0.54709601875 0.175296875 0.5700468390625 0.168734375 0.576604215625 0.1658125 0.5793442625 0.168359375 0.6001170953125 0.169453125 0.615948478125 0.172734375 0.623067915625 0.1789375 0.6247072593749999 0.18076562499999999 0.623067915625 0.17967187499999998 0.6104918031250001 0.178578125 0.6006557375 0.186953125 0.5815222484375 0.194609375 0.569508196875 0.19971875 0.5563934421875001 0.203359375 0.538899296875 0.204828125 0.5274238875 0.20810937499999999 0.542740046875 0.226890625 0.5207025765625 0.226328125 0.5072131140625 0.21995312500000003 0.498220140625 0.20409375000000002 0.5252459015625
9 0.148140625 0.6234894609375 0.148703125 0.61770491875 0.152 0.61770491875 0.153640625 0.61194379375 0.153640625 0.6061592499999999 0.162453125 0.591311475 0.163546875 0.58224824375 0.16409374999999998 0.56740046875 0.165203125 0.5583372359375 0.16409374999999998 0.5500936765625 0.16904687499999999 0.5443325531250001 0.174 0.5410304453125 0.177296875 0.5402107734375 0.17675000000000002 0.5278220140625 0.176203125 0.5212412171875 0.17510937499999998 0.5121779859375 0.17124999999999999 0.4981498828125 0.16959375000000002 0.4899063234375 0.1685 0.479180328125 0.16795312499999998 0.46929742343749997 0.16684375 0.4626932078125 0.165203125 0.4552693203125 0.16299999999999998 0.45281030468749994 0.155296875 0.449508196875 0.152 0.4462060890625 0.15145312500000002 0.44208430937500004 0.15145312500000002 0.43960187343749996 0.154203125 0.434660421875 0.155296875 0.4330210765625 0.15475 0.4255971890625 0.154203125 0.421475409375 0.15145312500000002 0.414051521875 0.149796875 0.4115690859375 0.145390625 0.4082669796875 0.1431875 0.40744730625000003 0.13934375000000002 0.40744730625000003 0.134390625 0.4099297421875 0.13218749999999999 0.4165105390625 0.13274999999999998 0.4239344265625 0.13384374999999998 0.4313583140625 0.13604687499999998 0.436299765625 0.13768750000000002 0.43960187343749996 0.13768750000000002 0.444543325 0.13768750000000002 0.4462060890625 0.1266875 0.4552693203125 0.12393749999999999 0.45939110000000005 0.122296875 0.4668149890625 0.12009375 0.47505854843749995 0.1184375 0.48330210781250005 0.11954687500000001 0.4907259953125 0.11954687500000001 0.4989695546875 0.11954687500000001 0.5063934421875 0.12009375 0.515456675 0.12173437499999999 0.5220608906249999 0.12284375 0.5278220140625 0.12393749999999999 0.5336065578125 0.125046875 0.5336065578125 0.1266875 0.5418501171875 0.126140625 0.5500936765625 0.1266875 0.5533957843749999 0.127796875 0.5583372359375 0.1294375 0.591311475 0.13109375 0.5987353625 0.13218749999999999 0.611100703125 0.1355 0.6243091328125 0.1355 0.6317330203125 0.13659375 0.6366744734374999 0.13825 0.6383138171875 0.139890625 0.6374941453125 0.1431875 0.63255269375 0.145953125 0.6366744734374999 0.148703125 0.6284309140625 0.148140625 0.6234894609375
9 0.08921875 0.514379390625 0.084890625 0.4997423890625 0.077203125 0.476651053125 0.073625 0.46229508125 0.06987499999999999 0.452716628125 0.065359375 0.45159250625 0.063296875 0.45103044531250003 0.061984375 0.44512880624999995 0.05915625 0.443723653125 0.061234374999999994 0.4400468390625 0.062171875 0.434707259375 0.062921875 0.42709601875000003 0.062546875 0.4186651046875 0.056343750000000005 0.41583138125 0.052031249999999994 0.4133021078125 0.047890625 0.4121779859375 0.045265625 0.417540984375 0.043765625 0.423723653125 0.043953124999999996 0.4330210765625 0.044140625 0.4375175640625 0.046953125 0.4417330203125 0.048078125 0.443723653125 0.048265625 0.445971896875 0.044328125 0.44709601875000005 0.041499999999999995 0.452435596875 0.038125 0.46594847812499995 0.034375 0.4862295078125 0.032296875 0.5017096015625 0.0338125 0.5242388765625 0.035312500000000004 0.5304215453125 0.0371875 0.5332318500000001 0.037375000000000005 0.5394379390624999 0.042453125 0.5419672125 0.045265625 0.5436533953125 0.046578125 0.5526697890625 0.047703125 0.5757611234375 0.047890625 0.5881498828125 0.047515625 0.6039110062499999 0.047140625000000005 0.6143091328125 0.046765625 0.623044496875 0.049578125 0.6266978921875 0.05503125 0.6250117093750001 0.056906250000000005 0.6224824359375 0.055406250000000004 0.6126229515625 0.05559375 0.596299765625 0.05671875 0.57320843125 0.05840625000000001 0.5692740046875 0.06029687500000001 0.567587821875 0.063109375 0.568992975 0.062734375 0.5751990625000001 0.061234374999999994 0.5836299765625 0.061046875 0.59967213125 0.059921875 0.6106557375 0.05878124999999999 0.6191100703125 0.060671875 0.6258548015625001 0.072125 0.6202341921875 0.0723125 0.6131850109375 0.0696875 0.6114988296874999 0.06949999999999999 0.6106557375 0.072125 0.5858782203125 0.072875 0.5723653390625 0.072875 0.568992975 0.0760625 0.5664637 0.0745625 0.5374707265625001 0.075125 0.5202810296875 0.07325000000000001 0.5093208437500001 0.080578125 0.5197189703125 0.082078125 0.5380327874999999 0.09034375 0.5318266984375 0.08921875 0.514379390625
9 0.7970625 0.46653395781249996 0.8073750000000001 0.4742622953125 0.818109375 0.487775175 0.8284218750000001 0.5006557375 0.8288593750000001 0.49035128749999995 0.82584375 0.4787587828125 0.8206875 0.4678220140625 0.8194062499999999 0.4607494140625 0.8206875 0.4472131140625 0.825421875 0.4549414515625 0.82928125 0.4639578453125 0.8314375 0.4716861828125 0.837453125 0.487775175 0.837453125 0.49615925 0.837453125 0.501311475 0.8408906249999999 0.49615925 0.842171875 0.4929274 0.84475 0.50002341875 0.843890625 0.508384075 0.8451875 0.51482435625 0.847328125 0.51290398125 0.849484375 0.5038875875 0.84646875 0.487775175 0.8391718750000001 0.4510772828125 0.84175 0.44334894687500004 0.8310000000000001 0.422107728125 0.81425 0.39442622968749996 0.797921875 0.3937704921875 0.794484375 0.39119437968750004 0.796203125 0.3815456671875 0.7975 0.3738173296875 0.799640625 0.3654332546875 0.801359375 0.3525761125 0.79190625 0.34098360625 0.7833125 0.38217798593749996 0.789765625 0.4555971890625 0.7970625 0.46653395781249996
9 0.839671875 0.45096018750000005 0.8404375 0.461756440625 0.8449843749999999 0.48449648749999996 0.8502968750000001 0.504964871875 0.846875 0.5197423890625 0.859765625 0.5436065578125 0.86053125 0.53906323125 0.858625 0.5157611234374999 0.8654531249999999 0.5106557375 0.8650781249999999 0.499836065625 0.8639374999999999 0.47824355937499996 0.8684843750000001 0.48791569062500006 0.873421875 0.48676814999999996 0.873046875 0.4776814984375 0.8677343750000001 0.45437939062500005 0.8647031249999999 0.4322014046875 0.859390625 0.42311475468750004 0.86090625 0.40948477812500006 0.859765625 0.40264637031249995 0.853328125 0.3992505859375 0.8457343749999999 0.40264637031249995 0.8453593749999999 0.416299765625 0.8495312500000001 0.42311475468750004 0.8453593749999999 0.42653395781250003 0.8404375 0.4373302109375 0.8411875 0.4390398125 0.8419531250000001 0.44302107656249995 0.839671875 0.45096018750000005
9 0.239890625 0.6786416859375 0.272990625 0.6959344265625 0.274012153125 0.707343221875 0.23049131875 0.7498568828125001 0.2090625 0.7669789234375 0.21598437499999998 0.764028103125 0.22323784687499998 0.7569424921875 0.22315625 0.7729215453125 0.2133489578125 0.7778532390625 0.221921875 0.7996018734375 0.24367187499999998 0.8144262296875 0.24688541718749998 0.8149804843749999 0.254875 0.8404449656249999 0.272875 0.8516861828125 0.27137500000000003 0.9056206093749999 0.30285937500000004 0.907868853125 0.33884375 0.9303278687500001 0.46178125000000003 0.8808899296874999 0.497765625 0.9146135828125 0.47678125 0.80224824375 0.41829687499999996 0.8471896953125 0.40931249999999997 0.7415690859375 0.4018125 0.707868853125 0.377828125 0.6539344265625 0.29235937500000003 0.5775175640625 0.269875 0.5887587828124999 0.272875 0.5528103046874999 0.25787499999999997 0.5303278687499999 0.24139062500000003 0.52583138125 0.20690624999999999 0.5325761124999999 0.20090625 0.5580562062500001 0.19790625 0.5707962531249999 0.20390625 0.6224824359375 0.24289062499999997 0.662915690625 0.239890625 0.6786416859375
9 0.35640625 0.482060890625 0.356578125 0.476955503125 0.35675 0.47058547968750003 0.3565 0.4676580796875 0.355734375 0.46459016406250003 0.352078125 0.46421545625 0.34968750000000004 0.466252928125 0.348078125 0.472107728125 0.34721875 0.4779625296875 0.34909375 0.48229508125000004 0.349015625 0.4834426234375 0.34782812500000004 0.48740046875000004 0.345265625 0.48981264687500004 0.344671875 0.49747072656249997 0.345015625 0.5063934421875 0.345015625 0.5103278687499999 0.345265625 0.5155737703125001 0.3454375 0.5209133484375 0.346796875 0.5234660421874999 0.346625 0.5260187359375 0.346375 0.5318735359375 0.348078125 0.5525058546875 0.348078125 0.559531615625 0.34790625 0.566276346875 0.350796875 0.5679391093749999 0.35343749999999996 0.567540984375 0.355734375 0.5653864171875 0.35529687499999996 0.55224824375 0.3555625 0.541803278125 0.35640625 0.5387587828125 0.359125 0.5513583140625 0.35921875000000003 0.5551990625000001 0.359046875 0.560796253125 0.359046875 0.566276346875 0.36396875 0.5670491796875 0.364828125 0.5641217796875 0.365421875 0.557236534375 0.364734375 0.55416861875 0.363375 0.53901639375 0.362953125 0.5295784546875 0.364484375 0.5274238875 0.36517187500000003 0.524355971875 0.36524999999999996 0.5193911 0.363640625 0.5040983609375 0.365328125 0.5020608906249999 0.365671875 0.500140515625 0.364828125 0.49569086718750005 0.362703125 0.488548009375 0.3624375 0.48536299843749997 0.35640625 0.482060890625
9 0.009265625 0.53063231875 0.011546875 0.5409133484375 0.0119375 0.54548009375 0.0119375 0.5460421546875 0.008890625000000001 0.5460421546875 0.000125 0.5380562062500001 0.0005 0.5900000000000001 0.0031718749999999998 0.58487119375 0.0039375 0.559180328125 0.007359375 0.5803044500000001 0.009265625 0.5877283375 0.011171875000000001 0.591147540625 0.014593749999999999 0.588875878125 0.014218749999999999 0.5808665109375 0.014593749999999999 0.5500468390625 0.017265625 0.542060890625 0.017640625 0.534051521875 0.017265625 0.5220608906249999 0.01803125 0.5157845437499999 0.01840625 0.511803278125 0.0119375 0.49067915624999997 0.006984374999999999 0.48838407500000003 0.008125 0.48496487187500004 0.0085 0.47583138125 0.007359375 0.4712646375 0.0039375 0.4678220140625 0 0.47067915625 0.000125 0.504379390625 0.0039375 0.5157845437499999 0.009265625 0.53063231875
9 0.911109375 0.5044028109375 0.9071718750000001 0.5044028109375 0.904546875 0.5260655734374999 0.9055312499999999 0.5349180328124999 0.915046875 0.5349180328124999 0.917015625 0.5122716625 0.911109375 0.5044028109375
9 0.903125 0.5105386421875 0.9 0.5152224828125 0.8983710109375 0.5040111609375 0.575332446875 0.5244406796875001 0.178125 0.5386416859375001 0.1734375 0.5433255265625 0.0959821421875 0.5352960859375 0.0108630953125 0.5168952828125 0.00703125 0.526932084375 0.0015625 0.5128805625 0.0015625 0.54098360625 0.009375 0.545667446875 0.0109375 0.5386416859375001 0.10372023749999999 0.5369688859374999 0.165625 0.5503512875000001 0.1735039890625 0.54985300625 0.17109375 0.5597189703125001 0.1640625 0.5690866515625 0.167578125 0.5702576109375 0.1640625 0.580796253125 0.165625 0.5831381734375001 0.178125 0.5597189703125001 0.18138297812499998 0.5493547265625 0.5674534578125 0.5249389609375 0.9 0.5245901640625 0.9015625 0.5292740046875 0.9046875 0.526932084375 0.915625 0.531615925 0.91875 0.526932084375 0.91875 0.5128805625 0.915625 0.5105386421875 0.91875 0.50351288125 0.915625 0.4988290390625 0.909375 0.4988290390625 0.90625 0.50351288125 0.909375 0.50936768125 0.90625 0.5128805625 0.903125 0.5105386421875