9 0.590609375 0.6422708328125 0.5788593750000001 0.90625 0.5755 0.9241458328125001 0.704703125 0.90625 0.764355903125 0.9440462953125 0.7718921125 0.93833035625 0.7718125 0.9487708328125001 0.7734047625 0.7399613109375001 0.7804197921875 0.7360875 0.8255000000000001 0.8659791671875 0.83725 0.9040208328125001 0.83725 0.9442916671875 0.855703125 0.9644166671875001 0.8624218750000001 0.9756041671875 0.872484375 0.9756041671875 0.877515625 0.9174374999999999 0.855703125 0.8682291671875 0.835578125 0.711625 0.850671875 0.6937291671875 0.8154375 0.5908125 0.793625 0.5348958328125 0.726515625 0.4991041671875 0.72315625 0.48120833281250003 0.73490625 0.45435416718750005 0.7382500000000001 0.3961875 0.7365781250000001 0.3760625 0.714765625 0.34027083281250003 0.694625 0.3313125 0.6711406249999999 0.3335416671875 0.65771875 0.35143749999999996 0.6526875000000001 0.3693333328125 0.651 0.3827708328125 0.644296875 0.4028958328125 0.644296875 0.43197916718749996 0.659390625 0.4991041671875 0.627515625 0.517 0.61409375 0.5214791671875 0.60234375 0.5214791671875 0.599 0.517 0.5943828124999999 0.5242604171874999 0.5788593750000001 0.4767291671875 0.5805364578125001 0.46629166718750004 0.573828125 0.46331249999999996 0.5822135421875 0.4558541671875 0.583890625 0.4454166671875 0.58053125 0.43645833281249996 0.5755 0.43645833281249996 0.563765625 0.4207916671875 0.5536875 0.43197916718749996 0.55296875 0.4425252984375 0.555375 0.4431666671875 0.55225 0.45307142968749997 0.5536875 0.45435416718750005 0.55153125 0.4636175609375 0.543625 0.579625 0.474828125 0.5997708328125 0.47398828125000003 0.6120729171875 0.47146875 0.6489791671875 0.498328125 0.6512291671875 0.52853125 0.6512291671875 0.590609375 0.6422708328125
8 0.8596562499999999 0.893375 0.862390625 0.8952083328124999 0.864453125 0.893375 0.8651406250000001 0.890625 0.8660625 0.8817708328125 0.8619375 0.8762916671875001 0.8571249999999999 0.88025 0.858046875 0.8814791671875 0.858046875 0.887875 0.8596562499999999 0.893375
8 0.412328125 0.5964791671875 0.3955 0.6072291671875 0.42989062499999997 0.6277083328125 0.459171875 0.631625 0.451859375 0.6140625 0.604109375 0.5525625 0.60703125 0.5418333328125 0.566046875 0.454 0.557265625 0.454 0.5550625 0.4471666671875 0.5601875 0.438375 0.500171875 0.3310208328125 0.42257812499999997 0.3632291671875 0.32156250000000003 0.4247291671875 0.412328125 0.5964791671875
8 0.311828125 0.9682916671875 0.317453125 0.9645208328124999 0.31620312500000003 0.9528541671875 0.313703125 0.94575 0.318078125 0.9340624999999999 0.315265625 0.9261458328125001 0.308375 0.9098750000000001 0.289609375 0.9140416671875 0.289921875 0.9203125 0.3005625 0.9499166671875001 0.30681250000000004 0.9511875 0.311828125 0.9682916671875
8 0.36145312500000004 0.9421250000000001 0.3703125 0.9581041671875001 0.37553125 0.9556875 0.3711875 0.9350416671874999 0.37289062500000003 0.9256041671874999 0.3658125 0.9052083328125 0.345984375 0.9071041671875 0.345296875 0.9098333328124999 0.3565 0.9421250000000001 0.36145312500000004 0.9421250000000001
8 0.42145312500000004 0.9306041671875 0.424203125 0.9351458328125 0.428015625 0.9368333328125 0.43162500000000004 0.9341250000000001 0.43162500000000004 0.9310208328125 0.43162500000000004 0.9264791671875001 0.432046875 0.9236666671875 0.43184374999999997 0.9194166671874999 0.41890625000000004 0.8982083328125 0.3976875 0.9016041671874999 0.398109375 0.9026041671874999 0.40765624999999994 0.9243958328125 0.41296875 0.9337291671875001 0.41784375 0.9291874999999999 0.42145312500000004 0.9306041671875
8 0.40018750000000003 0.8463749999999999 0.40040624999999996 0.8495833328125 0.4019375 0.8525208328125 0.404140625 0.85925 0.40632812500000004 0.8642291671875 0.40896875 0.8668541671875 0.412703125 0.8700833328125 0.41578125000000005 0.873 0.4173125 0.8750625 0.41884375 0.8779791671874999 0.41950000000000004 0.8800208328125001 0.421484375 0.8817916671875 0.42279687499999996 0.882375 0.425875 0.8820833328125 0.42740625000000004 0.880625 0.42806249999999996 0.8785624999999999 0.42784374999999997 0.8768125 0.42696875 0.8741666671875 0.425 0.8718333328125001 0.423671875 0.8683125 0.42279687499999996 0.8633541671874999 0.42257812499999997 0.8586666671875 0.419953125 0.8554375000000001 0.41556249999999995 0.8475416671874999 0.41314062500000004 0.8425625 0.41028125 0.8408125 0.40589062499999995 0.8413958328125 0.403703125 0.8422708328124999 0.40149999999999997 0.8443125 0.40018750000000003 0.8463749999999999
8 0.4035 0.881875 0.401171875 0.8768958328125 0.400703125 0.8681875 0.387640625 0.8383541671874999 0.382046875 0.8371041671875 0.377390625 0.8395833328125001 0.37365624999999997 0.8433125 0.37039062500000003 0.8526458328125001 0.384375 0.883125 0.39184375 0.8837291671875 0.39464062499999997 0.8893333328124999 0.400703125 0.8893333328124999 0.4025625 0.8874583328125001 0.4035 0.881875
8 0.28971874999999997 0.8234999999999999 0.284140625 0.8057708328125001 0.28371875 0.8052083328125 0.276421875 0.7926041671874999 0.275984375 0.7771666671874999 0.27040625 0.7777291671875 0.268703125 0.7971874999999999 0.26096875 0.8069166671874999 0.25968749999999996 0.8309374999999999 0.26182812499999997 0.8309374999999999 0.288 0.8297916671875001 0.28971874999999997 0.8234999999999999
8 0.31721875 0.8324583328124999 0.317578125 0.821375 0.315046875 0.8165416671875001 0.31179687500000003 0.8088333328124999 0.305640625 0.8045 0.305640625 0.7847291671875001 0.30093749999999997 0.7847291671875001 0.30093749999999997 0.8054583328125 0.29009375 0.8223333328125 0.29226562500000003 0.8329375000000001 0.31721875 0.8324583328124999
8 0.946671875 0.3652083328125 0.9243281250000001 0.3679583328125 0.9219843750000001 0.3706875 0.9219843750000001 0.4020416671875 0.9237500000000001 0.4173125 0.9487187499999999 0.41614583281249995 0.946671875 0.3652083328125
8 0.9760937500000001 0.3923958328125 0.981359375 0.3835 0.9829687500000001 0.3724583328125 0.9817656250000001 0.3630208328125 0.9771093750000001 0.3595208328125 0.971859375 0.3600625 0.9651875000000001 0.3600625 0.948609375 0.3632916671875 0.94840625 0.4012916671875 0.9524531250000001 0.4136875 0.972859375 0.412875 0.9740781249999999 0.4096458328125 0.9760937500000001 0.3923958328125
8 0.9635624999999999 0.1409791671875 0.949828125 0.1452291671875 0.946640625 0.1503333328125 0.9485625000000001 0.158 0.945359375 0.1609791671875 0.940578125 0.16227083281250002 0.93865625 0.16525 0.936734375 0.1724791671875 0.937375 0.1818541671875 0.942171875 0.1925 0.9846406249999999 0.1724791671875 0.9865625 0.1575833328125 0.99103125 0.1469375 0.9903906250000001 0.14310416718750002 0.98240625 0.13968750000000002 0.9635624999999999 0.1409791671875
8 0.97071875 0.5771666671875 0.97484375 0.5802083328125 0.97828125 0.5814375 0.9897343749999999 0.5786875 0.9894999999999999 0.5481666671875 0.9858437500000001 0.5484583328125 0.982171875 0.5487708328124999 0.9780468750000001 0.5487708328124999 0.975765625 0.5515208328125001 0.977140625 0.5582291671874999 0.97071875 0.5612916671875 0.9698125 0.5692291671875 0.97071875 0.5771666671875
8 1 0.7967708328125 0.996734375 0.7916458328125 0.97446875 0.7939166671875 0.9453437499999999 0.7899375 0.9127968750000001 0.7807916671874999 0.9179375000000001 0.7962083328125 0.92521875 0.8093333328125001 0.9414843749999999 0.8213333328125 0.963328125 0.8310416671875 0.9834531249999999 0.8338958328125001 1 0.8298958328125 1 0.7967708328125
8 0.939890625 0.7730833328125 0.94015625 0.7682291671875 0.9383437499999999 0.7658125 0.9367812499999999 0.7647708328125 0.932890625 0.7627083328125 0.9289999999999999 0.762 0.9243281250000001 0.7623541671875 0.922 0.7644375 0.9201874999999999 0.7665 0.919921875 0.7671875 0.9227812500000001 0.7671875 0.9297812499999999 0.7727291671875001 0.93159375 0.7810208328125 0.939640625 0.7782708328125 0.939890625 0.7730833328125
8 0.340890625 0.6526666671875 0.33453125 0.65225 0.332625 0.6509791671875 0.333578125 0.6564791671875 0.3364375 0.6636875 0.337703125 0.6730208328125 0.33675 0.6819166671875 0.333890625 0.6861458328125 0.33134375 0.6984375 0.330078125 0.7073541671875 0.328484375 0.7170833328125 0.330703125 0.7315 0.331984375 0.7382916671875 0.33484375 0.7416666671875001 0.33896875 0.7442291671875 0.34565625 0.7455 0.351375 0.7463333328124999 0.358046875 0.7471875 0.36535937500000004 0.7442291671875 0.370765625 0.7399791671875 0.372671875 0.7327708328125 0.374265625 0.7302291671875001 0.37489062500000003 0.7158125 0.3739375 0.7026875 0.37171875 0.6942083328125 0.366625 0.6861458328125 0.363765625 0.6797916671875 0.3628125 0.6738541671875 0.3621875 0.6636875 0.3625 0.6586041671875 0.36345312500000004 0.6530833328125001 0.36535937500000004 0.6497083328125 0.36090625 0.6518125 0.35550000000000004 0.6543541671875001 0.347875 0.6543541671875001 0.340890625 0.6526666671875
8 0.36848437500000003 0.8578541671875 0.366796875 0.8454166671875001 0.361703125 0.8442916671875 0.3583125 0.8442916671875 0.354078125 0.8488125 0.348140625 0.8556041671875001 0.356625 0.885 0.361703125 0.886125 0.36425 0.8917708328125 0.366796875 0.9008125 0.374421875 0.9019583328125 0.374421875 0.8951666671874999 0.375265625 0.8962916671875 0.373578125 0.8770833328125001 0.36848437500000003 0.8578541671875
8 0.339171875 0.9016458328124999 0.34528125 0.9011666671875 0.345984375 0.8973333328124999 0.344203125 0.8867916671874999 0.34384375 0.8839166671875001 0.34528125 0.8776875000000001 0.34528125 0.8705208328125 0.335578125 0.8470416671875001 0.331625 0.8436875 0.324796875 0.8432083328125 0.31940625 0.8460833328125 0.3158125 0.85375 0.316171875 0.8590208328125 0.32515625 0.8853541671875 0.32875 0.890625 0.332703125 0.890625 0.339171875 0.9016458328124999
8 0.30539062499999997 0.8994583328125 0.30929687499999997 0.9030625000000001 0.31259375 0.9014583328124999 0.315296875 0.8986666671875 0.31559375 0.8946666671875001 0.31439062500000003 0.887875 0.314984375 0.8786875000000001 0.305703125 0.8471041671874999 0.297609375 0.8443125 0.290109375 0.8467083328125 0.285609375 0.8522916671875 0.295796875 0.8834791671875 0.300296875 0.8922708328125 0.30359375 0.8914791671875 0.30539062499999997 0.8994583328125
8 0.270734375 0.8881666671874999 0.27684375 0.8968125 0.277984375 0.9054791671875 0.280671875 0.9085208328125001 0.284859375 0.907 0.28678125 0.9013958328125 0.284859375 0.8957916671874999 0.288296875 0.8896875 0.28715625 0.8789999999999999 0.27684375 0.8520208328125 0.269203125 0.8494791671874999 0.25928125 0.8560833328124999 0.26042187499999997 0.8698333328125001 0.263859375 0.8785000000000001 0.270734375 0.8881666671874999
8 0.34192187500000004 0.9616250000000001 0.34659375 0.9606875 0.34753124999999996 0.9569583328125001 0.34659375 0.9494791671874999 0.34776562499999997 0.9342291671874999 0.33771874999999996 0.9096249999999999 0.320671875 0.9114791671875 0.321828125 0.9248749999999999 0.32440625 0.9357708328125 0.324171875 0.9345416671875 0.327203125 0.9472916671875 0.3328125 0.9470000000000001 0.339578125 0.9591458328125 0.34192187500000004 0.9616250000000001
8 0.376609375 1 0.3755 0.9992916671875 0.376609375 0.984375 0.36710937499999996 0.962 0.343609375 0.9649791671875001 0.34584375 0.9687083328125 0.35646875 1 0.376609375 1
8 0.264390625 0.9998958328124999 0.2895 1 0.2895 0.9994166671875 0.290234375 0.9915416671875 0.284328125 0.9752916671875 0.284328125 0.9743124999999999 0.261078125 0.9757916671875 0.264390625 0.9998958328124999
8 0.36121875000000003 0.7682708328125 0.36121875000000003 0.7965416671875001 0.351890625 0.8044583328125 0.352734375 0.8327291671875001 0.37309375 0.8327291671875001 0.378171875 0.8214166671875001 0.375640625 0.8055833328125 0.368 0.7988125 0.368 0.7671458328125 0.36121875000000003 0.7682708328125
8 0.3335 0.7693749999999999 0.33375 0.779125 0.332765625 0.8008749999999999 0.33009374999999996 0.8021666671875 0.3218125 0.8083541671875001 0.3218125 0.8206875 0.32206250000000003 0.8317291671874999 0.327171875 0.8401666671875001 0.34396875 0.8401666671875001 0.347375 0.83725 0.34884375 0.8304166671875001 0.34981249999999997 0.8174374999999999 0.34567187499999996 0.8083541671875001 0.340078125 0.8047708328125 0.338859375 0.8015208328125001 0.338859375 0.7693749999999999 0.3335 0.7693749999999999
8 0.391578125 0.79425 0.386953125 0.8211875 0.38428125 0.841 0.385984375 0.8422916671875 0.39353125 0.842625 0.39815625 0.8429375 0.40326562499999996 0.8387291671874999 0.3969375 0.791 0.395484375 0.7656666671875 0.39328124999999997 0.7650208328125 0.39378125 0.7776875000000001 0.391578125 0.79425
8 0.451609375 0.7394583328125 0.451609375 0.7146874999999999 0.44146875 0.7137708328125 0.42728124999999995 0.7142291671875001 0.42321875000000003 0.7146874999999999 0.421875 0.7182708328125 0.421203125 0.73675 0.42660937499999996 0.7448541671875 0.4451875 0.7462083328125 0.451609375 0.7394583328125
8 0.872046875 0.7900625 0.87325 0.7908541671875 0.8930781250000001 0.7936666671875 0.906609375 0.7932708328125 0.909921875 0.7908541671875 0.911109375 0.7732291671875 0.911109375 0.7556041671875 0.91021875 0.7431666671875 0.90840625 0.7359583328125 0.9002968750000001 0.7315416671875 0.8873749999999999 0.7295416671875 0.875046875 0.73075 0.86934375 0.740375 0.8699375 0.7535833328125 0.86934375 0.7660208328125 0.86934375 0.7776458328125 0.872046875 0.7900625
8 0.9716250000000001 0.5726041671875 0.9716250000000001 0.565875 0.9745312500000001 0.5559791671875 0.974 0.5506666671875 0.958625 0.5467708328125 0.949859375 0.5503125 0.9480000000000001 0.555625 0.9445625 0.5577291671875 0.9435 0.5630416671875 0.9448281250000001 0.5778958328125 0.9493281250000001 0.5825 0.970828125 0.5863958328125001 0.9729374999999999 0.5842708328125 0.9716250000000001 0.5726041671875
8 0.8682968750000001 0.3739583328125 0.867375 0.38625 0.8821249999999999 0.4255625 0.88671875 0.42679166718749995 0.8848750000000001 0.40589583281249997 0.88028125 0.3702708328125 0.8682968750000001 0.3739583328125
8 0.9869843749999999 0.7957916671875 0.985578125 0.7895208328125001 0.9833125 0.78625 0.979640625 0.7827708328125 0.9737031249999999 0.7811250000000001 0.9682968750000001 0.7822916671875 0.9646250000000001 0.7855624999999999 0.9632343750000001 0.7920833328125 0.965671875 0.7941666671875 0.97771875 0.7962708328125 0.9869843749999999 0.7957916671875
8 0.945 0.7788958328125 0.940984375 0.7774375 0.9389687500000001 0.7786458328125 0.93240625 0.7818125 0.9318593749999999 0.7871666671875001 0.9356875 0.7896041671875 0.94153125 0.7905833328125 0.9479218749999999 0.7898333328125 0.9493750000000001 0.7847291671875001 0.94809375 0.7813333328125001 0.945 0.7788958328125
8 0.972890625 0.7818958328125001 0.979328125 0.7818958328125001 0.979484375 0.77825 0.98125 0.774625 0.9807656250000001 0.770125 0.9769062500000001 0.7664791671875 0.972421875 0.7604791671875 0.9680781250000001 0.7604791671875 0.9640625 0.7643333328125 0.9629375 0.7649791671874999 0.961328125 0.7763333328125 0.9637343749999999 0.7853333328125001 0.968875 0.78125 0.972890625 0.7818958328125001
8 0.31643750000000004 0.8599791671875 0.315828125 0.8536458328125001 0.318921875 0.8456875 0.31643750000000004 0.8465 0.31067187500000004 0.8522708328125 0.3211875 0.885 0.32551562500000003 0.8871874999999999 0.31643750000000004 0.8599791671875
8 0.8703125 0.74375 0.8671875 0.7375 0.8640625 0.70625 0.859375 0.7 0.85 0.7 0.8453125 0.70625 0.37839949375000004 0.9315033796875 0.84375 0.7645833328125 0.8546875 0.775 0.8625 0.76875 0.8703125 0.7520833328125 0.8703125 0.74375