9 0.3228125 0.4799531609375 0.325359375 0.483747071875 0.335515625 0.5008665109375 0.34059375 0.504683840625 0.35709375 0.504683840625 0.38121875 0.48756440312500005 0.3875625 0.48756440312500005 0.391375 0.483747071875 0.42056250000000006 0.45901639375 0.43579687500000003 0.4437939109375 0.443421875 0.4609133484375 0.45103125000000005 0.47613583125 0.45865625000000004 0.504683840625 0.439609375 0.51229508125 0.43326562500000004 0.5199063234375 0.419296875 0.5199063234375 0.41040625000000003 0.5389227171875001 0.39645312499999996 0.5560655734375 0.38121875 0.5769789234375 0.378671875 0.6112412171875 0.382484375 0.6569086656249999 0.382484375 0.7082669796875 0.382484375 0.7425292734375 0.38121875 0.7634660421875 0.372328125 0.7824824359375 0.3469375 0.7977049187499999 0.325359375 0.805316159375 0.331703125 0.8148243562499999 0.359625 0.8110304453125 0.38882812499999997 0.8091334890624999 0.40787500000000004 0.7977049187499999 0.41040625000000003 0.7729742390625 0.41295312500000003 0.729203746875 0.41676562500000003 0.6778454328125 0.48657812500000003 0.786299765625 0.48278125000000005 0.81674473125 0.47896875000000005 0.8585948484375001 0.47515625000000006 0.8795316156249999 0.48278125000000005 0.8947540984375 0.494203125 0.8852459015624999 0.510703125 0.8490866515625 0.514515625 0.786299765625 0.5005468750000001 0.7425292734375 0.47896875000000005 0.6892505859375 0.5487968750000001 0.694964871875 0.56021875 0.6892505859375 0.56021875 0.6588056203125 0.565296875 0.6416861828125 0.612265625 0.6416861828125 0.6211562500000001 0.6321779859375 0.605921875 0.6036299765625001 0.57925 0.5769789234375 0.56021875 0.559859484375 0.5690937500000001 0.506580796875 0.5690937500000001 0.4799531609375 0.565296875 0.4609133484375 0.5449843750000001 0.41906323125 0.5234062500000001 0.31819672187500003 0.5094375 0.2668384078125 0.48912500000000003 0.2382903984375 0.48023437500000005 0.2382903984375 0.45865625000000004 0.20784543281249998 0.44976562500000006 0.2097423890625 0.43834375000000003 0.21355971875000002 0.42564062500000005 0.205948478125 0.3875625 0.224964871875 0.40279687500000005 0.25161592499999996 0.41421875 0.2725292734375 0.419296875 0.28967213125 0.42437500000000006 0.2934660421875 0.42056250000000006 0.3105854796875 0.41676562500000003 0.3429508203125 0.38375 0.38290398125 0.33296875 0.43807962500000003 0.315203125 0.447587821875 0.2986875 0.4571194375 0.293609375 0.466627634375 0.3025 0.483747071875 0.301234375 0.4723419203125 0.305046875 0.4723419203125 0.3228125 0.4799531609375
9 0.73228125 0.46812646406249997 0.729890625 0.4591100703125 0.733484375 0.441124121875 0.73109375 0.4267213109375 0.725078125 0.419508196875 0.719671875 0.42220140468749995 0.7148749999999999 0.42852459062500003 0.713078125 0.43840749375000004 0.708265625 0.44920374687500003 0.7070624999999999 0.4591100703125 0.702859375 0.4771194375 0.713078125 0.48072599531250004 0.727484375 0.47620608906250006 0.73228125 0.46812646406249997
9 0.86053125 0.48224824374999997 0.8606718750000001 0.48896955468750003 0.861375 0.48896955468750003 0.8643281249999999 0.4851990625 0.8653124999999999 0.48309133437499996 0.86853125 0.48140515156249997 0.86853125 0.481615925 0.86825 0.4873067921875 0.86825 0.49360655781249996 0.86965625 0.4986651046875 0.87303125 0.5096018734375 0.8737343750000001 0.509180328125 0.8733124999999999 0.498243559375 0.875 0.49426229531250004 0.87878125 0.4925761125 0.8803281249999999 0.49426229531250004 0.8803281249999999 0.4963700234375 0.8801875000000001 0.5047775171875 0.8796250000000001 0.512763465625 0.87934375 0.51740046875 0.88046875 0.5260187359375 0.88046875 0.528548009375 0.88103125 0.5350819671875 0.881734375 0.5399063234375 0.881171875 0.5441217796875 0.8862187499999999 0.5441217796875 0.88553125 0.5329742390625001 0.8876250000000001 0.5283372359375 0.8876250000000001 0.5274941453124999 0.889734375 0.522459015625 0.89240625 0.51487119375 0.8956250000000001 0.4917330203125 0.8961874999999999 0.48709601874999997 0.893953125 0.48163934375000006 0.89353125 0.47067915625 0.8936718750000001 0.4694145203125 0.8942343749999999 0.46227166249999996 0.893953125 0.460796253125 0.892828125 0.45700234218749997 0.8912812499999999 0.45615924999999996 0.889453125 0.4555269328125 0.8883281249999999 0.454683840625 0.88903125 0.45281030468749994 0.890015625 0.45196721249999994 0.890859375 0.4496487125 0.890578125 0.446908665625 0.889734375 0.445011709375 0.888609375 0.44311475468749995 0.887484375 0.44227166249999994 0.8865000000000001 0.44163934375 0.8852499999999999 0.440796253125 0.8842656249999999 0.4403981265625 0.8824375 0.4403981265625 0.87934375 0.4412177984375 0.877515625 0.4426932078125 0.876125 0.4445901640625 0.875984375 0.44627634687500006 0.876125 0.449859484375 0.8765468750000001 0.45238875937499995 0.875984375 0.454683840625 0.875 0.455316159375 0.8727499999999999 0.455948478125 0.8712031250000001 0.4591100703125 0.86909375 0.46290398125000004 0.86334375 0.4757377046875 0.86221875 0.4780327875 0.8612343750000001 0.48014051562500004 0.86053125 0.48224824374999997
0 0.937515625 0.5266744734375 0.9345625 0.5142857140625 0.9348593749999999 0.50676815 0.932796875 0.4983372359375 0.9280625 0.5005620609375 0.9239218749999999 0.5071896953125 0.923640625 0.5200468390624999 0.9221562499999999 0.5253629984375 0.9203906249999999 0.539531615625 0.9245156250000001 0.5488290390625 0.9274687500000001 0.548384075 0.9345625 0.547939109375 0.938109375 0.547939109375 0.9422499999999999 0.532435596875 0.9434374999999999 0.532435596875 0.94046875 0.5297892265625 0.937515625 0.5266744734375
9 0.973234375 0.5440281031249999 0.9758749999999999 0.5394379390624999 0.9797499999999999 0.5244730671875 0.9805624999999999 0.5144028109375001 0.9848437499999999 0.5089227171874999 0.9897343749999999 0.5119672125 0.9911562500000001 0.5431147546874999 0.9962500000000001 0.5464637 0.9997031249999999 0.52740046875 1 0.4718266984375 0.9997031249999999 0.4709133484375 0.997875 0.46573770468750003 0.997875 0.46084309062499995 0.996859375 0.45962529218750003 0.992171875 0.45505854843750004 0.987078125 0.4568852453125 0.985453125 0.46543325468749996 0.9815781250000001 0.467564403125 0.977921875 0.47580796249999996 0.976890625 0.49229508125 0.977921875 0.498079625 0.973234375 0.51487119375 0.973234375 0.5292271656249999 0.973640625 0.5318032781250001 0.970578125 0.538220140625 0.973234375 0.5440281031249999
9 0.6800312500000001 0.4613583140625 0.67734375 0.47442622968750003 0.6837187499999999 0.4799531609375 0.691765625 0.46840749375 0.6931093749999999 0.46740046875 0.70921875 0.45683840781249996 0.7115625 0.44878220156250004 0.713578125 0.4387353625 0.7152499999999999 0.429180328125 0.722296875 0.42063231874999996 0.7310156250000001 0.4231381734375 0.733703125 0.4322014046875 0.735375 0.44829039843749996 0.734375 0.463372365625 0.727328125 0.47946135781250004 0.726328125 0.49805620624999997 0.725984375 0.50259953125 0.7209531250000001 0.5181733015625001 0.72028125 0.5297423890624999 0.7209531250000001 0.5463466046875001 0.72028125 0.5568852453125 0.719609375 0.5629274 0.714921875 0.58002341875 0.7132343750000001 0.5930913343750001 0.713578125 0.5930913343750001 0.7239687499999999 0.593372365625 0.731359375 0.5803044500000001 0.732703125 0.5702341921875 0.734375 0.5596721312499999 0.736046875 0.543091334375 0.7380625000000001 0.5274941453124999 0.742421875 0.512224825 0.744765625 0.5056908671875 0.747125 0.5006557375 0.7498125 0.48557377031250004 0.74946875 0.4755035125 0.749140625 0.4719906328125 0.748125 0.45440281093749996 0.7477968749999999 0.44283372343750005 0.746453125 0.435292740625 0.7454375 0.4292505859375 0.74175 0.41969555 0.734703125 0.40864168593750005 0.733359375 0.398571428125 0.7323593749999999 0.39255269375 0.7209531250000001 0.384004684375 0.7169218749999999 0.39002341875 0.715921875 0.3990866515625 0.71559375 0.4116627640625 0.714578125 0.418688525 0.707203125 0.422716628125 0.7041875 0.427236534375 0.7015 0.4342857140625 0.69746875 0.44433255312500003 0.692109375 0.4559016390625 0.6924375 0.45332552656249997 0.6830468749999999 0.4593442625 0.6800312500000001 0.4613583140625
9 0.9321093749999999 0.49344262343749995 0.9373437499999999 0.4899063234375 0.9412499999999999 0.4899063234375 0.944921875 0.4922716625 0.9404739578125 0.5018032781249999 0.945171875 0.4973536296875 0.952234375 0.5028337234375 0.9488385421875 0.510163934375 0.957203125 0.518524590625 0.9613906249999999 0.54163934375 0.965046875 0.542412178125 0.966609375 0.5392740046875 0.9595625 0.5290866515625 0.9663515625000001 0.52674473125 0.96609375 0.51421545625 0.96478125 0.5126463703125 0.96975 0.49932084374999997 0.973671875 0.49932084374999997 0.9762812500000001 0.49578454375 0.9747187500000001 0.4844262296875 0.9770625000000001 0.46953161562499995 0.9723593749999999 0.45857142812499996 0.9684375 0.45583138125 0.9721093749999999 0.448384075 0.9700156249999999 0.44484777500000006 0.96609375 0.44133489531250003 0.961125 0.43976580781249996 0.9545937500000001 0.4440749421875 0.9551093749999999 0.45622950781249993 0.947265625 0.4617096015625 0.9266249999999999 0.48953161562499997 0.9321093749999999 0.49344262343749995
8 0.19790625 0.5550585484375 0.173921875 0.5955035125 0.161921875 0.6853864171875 0.169421875 0.8044964875 0.19340625 0.86067915625 0.24739062500000003 0.8561826703125 0.28337500000000004 0.8157377046875001 0.311859375 0.7393208437500001 0.32984375 0.696627634375 0.29685937500000004 0.6089929749999999 0.293859375 0.5955035125 0.268375 0.559555034375 0.19790625 0.5550585484375
9 0.810125 0.4472131140625 0.8079375000000001 0.4373770484375 0.8046562500000001 0.437915690625 0.799546875 0.45540983593749995 0.7966249999999999 0.4636065578125 0.7966249999999999 0.47451990625 0.799546875 0.4777985953125 0.8115781249999999 0.4821779859375 0.814125 0.46906323125 0.8130312500000001 0.455948478125 0.810125 0.4472131140625
9 0.8207187499999999 0.4531147546875 0.8207187499999999 0.45079625312499993 0.822875 0.44571428593749995 0.8225625000000001 0.4415456671875 0.821328125 0.43875878281249997 0.8176249999999999 0.4410772828125 0.8167031250000001 0.4452459015625 0.8139218749999999 0.44571428593749995 0.812375 0.45079625312499993 0.812078125 0.4563466046875 0.8139218749999999 0.46468384062499996 0.81484375 0.47255269375 0.8136093750000001 0.47901639375 0.816078125 0.47578454375 0.8176249999999999 0.472084309375 0.8176249999999999 0.46330210781250003 0.8179375 0.4600468390625 0.819796875 0.454964871875 0.8207187499999999 0.4531147546875
9 0.910984375 0.460187353125 0.9055937500000001 0.4606089 0.9033125 0.46913348906249996 0.898203125 0.47423887656249997 0.899046875 0.48531615937500006 0.899625 0.48531615937500006 0.9101250000000001 0.4844496484375 0.909 0.4712646375 0.9107031250000001 0.4712646375 0.910984375 0.460187353125
9 0.84553125 0.4751053859375 0.8445937499999999 0.4686416859375 0.84721875 0.4621779859375 0.84646875 0.45655737656250006 0.8401093749999999 0.45655737656250006 0.837109375 0.46274004687500003 0.833359375 0.4641451984375 0.828484375 0.4731381734375 0.8292343750000001 0.4796018734375 0.8374843750000001 0.48072599531250004 0.84159375 0.482412178125 0.8425312500000001 0.48578454375 0.8513437500000001 0.482412178125 0.85096875 0.47847775156249994 0.84759375 0.47763466093750007 0.84553125 0.4751053859375
0 0.30703125 0.9660421546875 0.30078125 0.878220140625 0.321875 0.7915690859375 0.3234375 0.7716627640625 0.3631510421875 0.7989851671875 0.36171875 0.811475409375 0.35234375 0.8185011703124999 0.35546875 0.8407494140624999 0.39140625 0.8185011703124999 0.40078125 0.87002341875 0.44453125 0.855971896875 0.4796875 0.8489461359374999 0.49453125 0.8934426234374999 0.4998046875 0.882611240625 0.505078125 0.8992974234375 0.515625 0.9051522249999999 0.56484375 0.8606557374999999 0.58125 0.761124121875 0.60078125 0.7447306796875 0.58046875 0.7107728343749999 0.49609375 0.7189695546875 0.4921875 0.7224824359375 0.48974294374999994 0.7116793828125 0.33732358906250004 0.5367152671875 0.330859375 0.5322014046875 0.3359375 0.504683840625 0.3578125 0.4929742390625 0.36328125 0.4841920375 0.3596354171875 0.47384855625 0.3505208328125 0.47228727499999995 0.34921875 0.4882903984375 0.3415625 0.48384075 0.34140625 0.4707259953125 0.33390624999999996 0.47939109999999996 0.328125 0.4660421546875 0.32625000000000004 0.4749414515625 0.32265625 0.47775175625 0.31859375 0.470491803125 0.31953125 0.4660421546875 0.3109375 0.4660421546875 0.29921875 0.4929742390625 0.30556955625 0.5002644109375 0.29921875 0.5052693203125 0.296875 0.5843091328125001 0.1921875 0.56674473125 0.165625 0.6896955499999999 0.1796875 0.8419203749999999 0.1171875 0.9074941453125 0.10078125 0.9976580796875 0.28125 1 0.30703125 0.9660421546875
0 0.69384375 0.593067915625 0.697078125 0.5928805625 0.6979375 0.5825058546874999 0.697125 0.572388759375 0.7053125 0.5762060890625 0.714328125 0.5832786890625 0.71925 0.5795784546875 0.721703125 0.5703747078125 0.726421875 0.5829742390625 0.724375 0.5915690859375 0.729296875 0.599555034375 0.73215625 0.5992505859375 0.7366718750000001 0.594028103125 0.7424062499999999 0.580515221875 0.74425 0.5666978921875 0.7501875 0.5534894609375 0.750609375 0.5442622953125 0.741171875 0.53997658125 0.7376875 0.5276814984375 0.7305625 0.5343747078125001 0.722203125 0.538 0.7245781250000001 0.5285948484375 0.7172031249999999 0.5212412171875 0.715359375 0.524004684375 0.713921875 0.5313583140625 0.71384375 0.5416252921875 0.7084374999999999 0.5452693203125001 0.70778125 0.5375175640625 0.7054843749999999 0.5452505859375 0.703171875 0.5428337234375 0.702453125 0.555948478125 0.697125 0.5488758781249999 0.696 0.541615925 0.692 0.5416627640625 0.691796875 0.539508196875 0.6854375 0.5382903984375 0.68359375 0.5413583140625 0.684625 0.5468852453124999 0.679296875 0.55608899375 0.681125 0.5609289625 0.67540625 0.5665339578124999 0.671796875 0.5752459015625 0.670984375 0.5973302109375 0.6745 0.608079625 0.68234375 0.6109133484375 0.69384375 0.593067915625
0 0.8606562500000001 0.4873067921875 0.8633906250000001 0.49018735312499995 0.8680468749999999 0.49018735312499995 0.8683125 0.497564403125 0.8688593750000001 0.506580796875 0.8685937499999999 0.5114988296874999 0.8675 0.5201170953124999 0.8625624999999999 0.5225761125 0.8584687499999999 0.5266744734375 0.8633906250000001 0.526276346875 0.862296875 0.5311943796875 0.861203125 0.5393911 0.8601093750000001 0.5488290390625 0.861203125 0.5554098359374999 0.8655781250000001 0.55416861875 0.871875 0.5447306796875 0.8729687500000001 0.5426932078125 0.8729687500000001 0.5455503515625 0.875703125 0.550468384375 0.88090625 0.5443325531250001 0.8825468750000001 0.5299765812499999 0.879265625 0.5168384078125 0.8803593749999999 0.5057611234375 0.87653125 0.504543325 0.87734375 0.4971428578125 0.8863749999999999 0.49510538593750003 0.8841875 0.49140515156250003 0.8781718749999999 0.48894613593749997 0.873234375 0.497564403125 0.8721406249999999 0.4959250578125 0.8705 0.48238875937500003 0.86365625 0.484847775 0.865859375 0.48566744687499996 0.861203125 0.484028103125 0.8606562500000001 0.4873067921875
0 0.9445 0.49868852500000005 0.946875 0.4991334890625 0.9483750000000001 0.5009133484375 0.9483750000000001 0.5049414515625 0.9477656250000001 0.5111709609374999 0.9465781249999999 0.5165339578125 0.9450937500000001 0.5205386421875 0.9439062500000001 0.527236534375 0.9433125 0.5334660421875 0.941234375 0.5397189703125 0.9385468749999999 0.54416861875 0.93825 0.5539812640624999 0.9370625 0.5615456671875 0.935875 0.568688525 0.9394375 0.57224824375 0.94271875 0.5695784546875 0.944796875 0.5637939109375 0.9471718750000001 0.5611007031249999 0.9477656250000001 0.5557611234375 0.951046875 0.553091334375 0.953125 0.55709601875 0.953125 0.56512880625 0.9546093750000001 0.5700234187500001 0.9584843749999999 0.5655737703125 0.9611562499999999 0.55932084375 0.9629375 0.550843090625 0.9611562499999999 0.542388759375 0.95759375 0.537915690625 0.955203125 0.5334660421875 0.952234375 0.5316861828125 0.953125 0.5232084312499999 0.953125 0.5160889937500001 0.95371875 0.5089461359375 0.9557968750000001 0.506276346875 0.9605625 0.500468384375 0.96503125 0.4991334890625 0.965921875 0.4960187359375 0.9647343749999999 0.49468384062500004 0.9570000000000001 0.49512880625 0.9528281249999999 0.50002341875 0.949859375 0.50002341875 0.946875 0.49379391093749997 0.94271875 0.49379391093749997 0.94153125 0.49201405156250005 0.943609375 0.4973536296875 0.9445 0.49868852500000005
9 0.9311718750000001 0.46456674531250003 0.928359375 0.47222482499999996 0.9237500000000001 0.4818266984375 0.924 0.49140515156250003 0.932453125 0.4822014046875 0.94703125 0.46416861875000004 0.9467812500000001 0.45 0.9355156250000001 0.4507494140625 0.9304062500000001 0.4603512875 0.9311718750000001 0.46456674531250003
9 0.9143437499999999 0.4841920375 0.918609375 0.484683840625 0.918609375 0.4797658078125 0.918609375 0.4714051515625 0.914015625 0.46400468437500003 0.912046875 0.4674707265625 0.9110625000000001 0.47927400468750003 0.91040625 0.47829039843750004 0.910734375 0.4841920375 0.9143437499999999 0.4841920375
0 0.98340625 0.5533957843749999 0.9973124999999999 0.5455737703125 1 0.5247306796875 0.993828125 0.5065105390625 1 0.501311475 0.993828125 0.49608899375000004 0.9799374999999999 0.49608899375000004 0.98340625 0.5169320843749999 0.9781875 0.5455737703125 0.98340625 0.5533957843749999