8 0.4164833328125 0.232025 0.41798333281250005 0.263475 0.44044999999999995 0.16685 0.5468166671875 0.2118 0.5663 0.20955 0.5812666671875 0.196075 0.5303333328125001 0.067975 0.4734 0.0118 0.4689166671875 0.005050000000000001 0.4554333328125 0.00955 0.3760333328125 0.0028 0.30561666718749997 0.065725 0.3191 0.103925 0.4314666671875 0.148875 0.4164833328125 0.232025
8 0.0015 0 0 0.24045 0.050933332812499996 0.251675 0.1018666671875 0.224725 0.1468166671875 0.1955 0.2352 0.170775 0.2636666671875 0.130325 0.2876333328125 0.096625 0.19624999999999998 0 0.0015 0
8 0.60375 0.146625 0.6142333328125 0.151125 0.6127333328125 0.05 0.5722833328125 0.05 0.5378333328125 0.074725 0.5707833328125 0.15787500000000002 0.60375 0.146625
2 0.2243442984375 0.3345953953125 0.219177778125 0.3512166671875 0.2344 0.4178 0.3774666671875 0.4338 0.3744333328125 0.379 0.38965 0.3379 0.3911666671875 0.29452500000000004 0.3937055546875 0.28235 0.388563596875 0.268503290625 0.39624444531249997 0.270175 0.3987833328125 0.258 0.40498552656250003 0.2618940796875 0.429618421875 0.2519802625 0.52815 0.287675 0.5388166671875 0.3379 0.5540333328125 0.33105 0.5540333328125 0.301375 0.5509833328125 0.260275 0.5479499999999999 0.23745 0.52815 0.212325 0.4378293859375 0.2486756578125 0.40410833281249997 0.23345625 0.42008333281250004 0.159825 0.3653 0.1233 0.34095 0.125575 0.3059333328125 0.15525 0.2770166671875 0.198625 0.1765666671875 0.25115 0.18416666718750002 0.26485 0.1750333328125 0.319625 0.2161333328125 0.3379 0.2243442984375 0.3345953953125
9 0.1782833328125 0.7281 0.2307166671875 0.95505 0.2621666671875 0.9325749999999999 0.2292166671875 0.6674249999999999 0.22621666718750003 0.546075 0.2232166671875 0.37527499999999997 0.1827666671875 0.303375 0.1737833328125 0.188775 0.0749 0.19325 0.0524333328125 0.301125 0.10936666718750002 0.33482500000000004 0.0599333328125 0.37527499999999997 0.04345 0.5258499999999999 0.04345 0.5797749999999999 0.07339999999999999 0.55955 0.0973833328125 0.59775 0.0958833328125 0.68765 0.1423166671875 0.9415749999999999 0.12435 0.9281 0.1498166671875 0.9797750000000001 0.1842666671875 0.9663 0.1782833328125 0.7281
8 0.6854 0.8082 0.7150666671875 0.85035 0.7697166671875 0.866725 0.8321666671875001 0.8269249999999999 0.8571500000000001 0.780075 0.8602666671874999 0.7144999999999999 0.8477833328125 0.64425 0.8228 0.60445 0.79 0.5857 0.7634666671875 0.55995 0.7291166671875 0.5458999999999999 0.6932166671875 0.5458999999999999 0.6697833328125 0.57165 0.6541833328125 0.611475 0.65105 0.6091249999999999 0.6338833328125 0.67235 0.6323166671875 0.712175 0.6401166671875 0.7473 0.6854 0.8082
8 0.8235333328125 0.611775 0.8392166671875 0.64 0.8533333328125 0.665875 0.8596 0.72705 0.8784333328124999 0.736475 0.9098 0.651775 0.9145166671875 0.611775 0.9113666671875 0.5835250000000001 0.86745 0.5153 0.8502000000000001 0.501175 0.8313666671875 0.4894 0.8109833328124999 0.48705 0.7890166671875 0.49177499999999996 0.7686333328125 0.49647500000000006 0.7498 0.5176499999999999 0.7404 0.543525 0.7670666671874999 0.5717749999999999 0.78745 0.588225 0.8235333328125 0.611775
2 0.96265 0.2021 0.98325 0.20985 1 0.195925 0.9987166671875001 0.05992499999999999 0.9688333328125 0.10164999999999999 0.9420333328125 0.11710000000000001 0.9245166671874999 0.165025 0.9307000000000001 0.182025 0.96265 0.2021
9 1 0.55055 0.9917666671875001 0.55955 0.9618 0.5797749999999999 0.9558 0.573025 0.9288333328125 0.465175 0.9438166671875001 0.337075 0.9513166671875 0.332575 0.9677833328125001 0.32585000000000003 0.9722833328125 0.2854 0.9812666671875 0.2764 0.9587999999999999 0.2427 0.9707833328125 0.24045 0.9648 0.2045 0.9273333328125 0.2 0.9078666671875 0.226975 0.8779 0.265175 0.8794000000000001 0.31235 0.8749 0.38427500000000003 0.8599333328125001 0.39775 0.8449500000000001 0.492125 0.8719166671874999 0.5146 0.8883833328125 0.539325 0.9048666671875001 0.546075 0.91985 0.5618000000000001 0.9677833328125001 0.59775 1 0.6449499999999999 1 0.55055
8 0.4145 0.3519 0.4136666671875 0.3268 0.4078166671875 0.31422500000000003 0.4053 0.30922499999999997 0.39944999999999997 0.31675 0.3885666671875 0.348125 0.3802 0.36822499999999997 0.3743333328125 0.40462499999999996 0.3735 0.4925 0.4136666671875 0.500025 0.41784999999999994 0.49000000000000005 0.4362666671875 0.466125 0.4279 0.38955 0.43041666718749994 0.3883 0.4195333328125 0.3745 0.4145 0.3519
9 0.4164833328125 0.7505499999999999 0.4089833328125 0.7663 0.4284666671875 0.779775 0.4689166671875 0.76405 0.4734 0.732575 0.48390000000000005 0.7236 0.4824 0.694375 0.4913833328125 0.60225 0.4958833328125 0.532575 0.51535 0.35955 0.49438333281249996 0.24495 0.5288333328125 0.2 0.4599333328125 0.177525 0.45693333281250004 0.209 0.46291666718749996 0.269675 0.43745 0.305625 0.40599999999999997 0.27865 0.397 0.3101 0.42246666718750003 0.39325 0.43445 0.462925 0.40149999999999997 0.505625 0.4074833328125 0.582025 0.43594999999999995 0.71235 0.42546666718750004 0.730325 0.42996666718750004 0.743825 0.4164833328125 0.7505499999999999
9 1 0.65025 0.98995 0.627525 0.9369333328125 0.57755 0.8914833328125 0.534375 0.8975500000000001 0.5412 0.9036 0.566175 0.9036 0.600275 0.9020833328125001 0.636625 0.9172333328125 0.6798 0.9369333328125 0.7047749999999999 0.9717666671874999 0.7638499999999999 0.9853999999999999 0.797925 0.9884333328125001 0.8252 0.9687333328125 0.884275 0.93995 0.9706250000000001 0.8975500000000001 0.9888 0.8899666671875 0.9797 0.8702833328124999 0.966075 0.8505833328125 0.9524250000000001 0.8096833328124999 0.925175 0.7839333328125 0.90245 0.7551666671875 0.8751749999999999 0.73395 0.857 0.71275 0.8411 0.6960833328125 0.82065 0.6885166671875 0.795675 0.67185 0.77295 0.6536833328125 0.7684 0.6279333328125001 0.7684 0.62035 0.77975 0.6218666671874999 0.782025 0.64155 0.8024749999999999 0.6642833328125 0.847925 0.6748833328125 0.8911 0.6733666671874999 0.8911 0.6491333328125 0.868375 0.6430666671874999 0.879725 0.65065 0.909275 0.6536833328125 0.9479 0.6627666671875 0.966075 0.6703333328125 0.9706250000000001 0.6900333328125 1 1 1 1 0.65025
2 0.5773666671875 0.274875 0.58675 0.233575 0.6014 0.21597499999999997 0.6060833328124999 0.188725 0.6383166671875 0.21070000000000003 0.6893166671875 0.21597499999999997 0.6928333328125 0.18345 0.7221333328124999 0.185225 0.72095 0.21597499999999997 0.7356166671875 0.20015 0.7356166671875 0.19225 0.7350166671875 0.18434999999999999 0.6553166671875 0.17555 0.61921 0.15585 0.6088166671875 0.163525 0.6101833328125 0.150925 0.5668166671875 0.1316 0.5621333328125 0.143025 0.5820666671875 0.20542500000000002 0.5545166671875 0.21335 0.5357666671875 0.20895000000000002 0.5334166671875 0.226525 0.5515833328124999 0.2573 0.5515833328124999 0.2705 0.5773666671875 0.274875