7 0.727359375 0.5795714281250001 0.719953125 0.6066666671875 0.719953125 0.6382619046875 0.7229062500000001 0.687928571875 0.752546875 0.6992142859375 0.764390625 0.7172619046875 0.7851250000000001 0.7556428578125 0.805875 0.7308095234375 0.8206875 0.6992142859375 0.8340156249999999 0.636 0.826609375 0.5840952374999999 0.796984375 0.547976190625 0.7703125 0.5411904765625 0.756984375 0.5682857140625 0.768828125 0.5366904765625 0.745125 0.557 0.727359375 0.5795714281250001
7 0.6345 0.4662142859375 0.6345 0.47530952343750005 0.639609375 0.4915 0.640890625 0.5258571421875 0.628546875 0.534928571875 0.6179218750000001 0.5420714281250001 0.615796875 0.554380953125 0.6179218750000001 0.5705952375 0.628125 0.5777142859375 0.632375 0.5861428578125001 0.638765625 0.593928571875 0.6608906250000001 0.596523809375 0.6719375000000001 0.559571428125 0.673640625 0.5290952375 0.672796875 0.519380953125 0.670671875 0.489571428125 0.6698125 0.466880953125 0.669390625 0.467523809375 0.6642812499999999 0.46038095312499994 0.6345 0.4662142859375
7 0.26190625 0.5551666671875 0.285453125 0.5551666671875 0.29721875 0.5484285718749999 0.31340625 0.577571428125 0.33401562500000004 0.5708571421874999 0.341375 0.5394523812500001 0.36490625 0.5417142859374999 0.36196875 0.5148095234375 0.34725 0.4587380953125 0.35607812499999997 0.43857142812500005 0.36343749999999997 0.3892380953125 0.34578125000000004 0.3600952375 0.289875 0.3713095234375 0.29134375 0.41166666718749995 0.2736875 0.44528571406250006 0.26190625 0.4721904765625 0.26190625 0.5551666671875
7 0.3531328125 0.3446071421875 0.35417187499999997 0.339119046875 0.36171875 0.3432619046875 0.3703046875 0.34191666718749997 0.40937259687500005 0.34835714218749997 0.40808894218749997 0.36054761874999997 0.39140625 0.39095238125 0.368296875 0.3987857140625 0.361234375 0.410523809375 0.35675 0.433 0.35096875 0.450619046875 0.36765625 0.4623571421875 0.37728125 0.4926666671875 0.376 0.5190952375 0.38690625 0.523 0.390765625 0.5132142859375 0.39396875 0.49464285781250006 0.39846875000000004 0.4907142859375 0.395252403125 0.48245238125 0.41323437500000004 0.480928571875 0.41643749999999996 0.452571428125 0.415796875 0.43007142812500004 0.408734375 0.42225 0.4016706734375 0.4215 0.401671875 0.414428571875 0.4068052890625 0.3727380953125 0.417078125 0.3537857140625 0.422859375 0.3518333328125 0.428640625 0.339119046875 0.42221875000000003 0.3293333328125 0.41065625 0.3361666671875 0.37889062500000004 0.34057142812499996 0.341984375 0.3254047625 0.332984375 0.3351904765625 0.33684375 0.343023809375 0.344546875 0.34595238125 0.3531328125 0.3446071421875
7 0.19521875 0.5118095234375 0.2035625 0.4980952375 0.20484375 0.477571428125 0.211265625 0.474619046875 0.22923437500000002 0.48538095312499996 0.232453125 0.46680952343750004 0.234375 0.4482142859375 0.23181250000000003 0.41202380937500005 0.21896875 0.3983333328125 0.22154687499999998 0.38366666718750003 0.22475 0.347476190625 0.217046875 0.324976190625 0.182375 0.324976190625 0.1701875 0.3386666671875 0.15734375 0.369 0.154140625 0.392476190625 0.145796875 0.408119046875 0.14129687500000002 0.42571428593749994 0.1464375 0.45897619062499995 0.152859375 0.47659523750000005 0.1605625 0.4961428578125 0.17146875 0.4961428578125 0.1746875 0.48538095312499996 0.18109375 0.48635714218750004 0.18303125 0.50104761875 0.18303125 0.502023809375 0.18303125 0.507880953125 0.19521875 0.5118095234375
9 0.14221875 0.34295238125 0.14560937499999999 0.3332619046875 0.160046875 0.32354761875000004 0.159609375 0.336476190625 0.163015625 0.33842857187500003 0.168109375 0.3255 0.21564062499999997 0.328071428125 0.20800000000000002 0.2840952375 0.20035937499999998 0.2756904765625 0.20545312500000001 0.2756904765625 0.20842187499999998 0.26404761875 0.206734375 0.2536904765625 0.21140625000000002 0.24852380937500002 0.206734375 0.23559523750000003 0.1978125 0.233 0.187625 0.2433571421875 0.184234375 0.267928571875 0.16640625 0.2821666671875 0.13075 0.3339047625 0.13075 0.3351904765625 0.131609375 0.3449047625 0.14221875 0.34295238125
9 0.27834375 0.3403333328125 0.27342187500000004 0.3478333328125 0.26578124999999997 0.3578095234375 0.25978124999999996 0.364476190625 0.2505 0.368619046875 0.24557812499999998 0.37361904687499997 0.246671875 0.38276190468750004 0.25759375 0.3852619046875 0.26578124999999997 0.386928571875 0.27615625 0.37861904687500003 0.28215625 0.3802619046875 0.28325 0.39442857187499997 0.28215625 0.4052380953125 0.280515625 0.41771428593750004 0.280515625 0.42188095312499996 0.275609375 0.42685714218750004 0.268515625 0.428523809375 0.2646875 0.4326904765625 0.26140625 0.4351904765625 0.25759375 0.44516666718750003 0.24339062500000003 0.46514285781250003 0.238484375 0.47428571406250003 0.235203125 0.48426190468749997 0.23575 0.49259523749999995 0.23739062500000002 0.5017380953125 0.23957812500000003 0.5067380953125 0.24339062500000003 0.505071428125 0.2646875 0.477619046875 0.268515625 0.4601428578125 0.26960937500000004 0.4526666671875 0.29034375 0.4476666671875 0.297453125 0.43602380937499996 0.295265625 0.43102380937499996 0.2914375 0.419380953125 0.287625 0.41354761875 0.28707812499999996 0.40190476249999996 0.287625 0.3852619046875 0.28926562499999997 0.3777857140625 0.291984375 0.3727857140625 0.297453125 0.3653095234375 0.30890625 0.3611428578125 0.319828125 0.3603095234375 0.32801562500000003 0.36197619062499997 0.333484375 0.3653095234375 0.338390625 0.3653095234375 0.3389375 0.3603095234375 0.33621875 0.3436666671875 0.31656249999999997 0.3278571421875 0.31656249999999997 0.32452380937499997 0.31656249999999997 0.31788095312500003 0.316015625 0.3054047625 0.314921875 0.2987380953125 0.3121875 0.2912619046875 0.306734375 0.29042857187500004 0.30017187500000003 0.29042857187500004 0.298 0.29290476249999997 0.29471875000000003 0.3029047625 0.294171875 0.31204761875 0.295265625 0.31788095312500003 0.297453125 0.32202380937499997 0.294171875 0.3261904765625 0.294171875 0.3278571421875 0.28434375 0.334523809375 0.27834375 0.3403333328125
9 0.36253125 0.3132142859375 0.34559375000000003 0.342880953125 0.360421875 0.352571428125 0.36 0.37452380937499996 0.364234375 0.3732142859375 0.364234375 0.3777380953125 0.39514062499999997 0.3712857140625 0.41039062499999995 0.3738571421875 0.403625 0.420523809375 0.41420312499999995 0.42890476250000004 0.4184375 0.43535714218750005 0.4182265625 0.44245238125 0.41293749999999996 0.468928571875 0.41209375000000004 0.4902142859375 0.40912499999999996 0.496023809375 0.417171875 0.50504761875 0.422671875 0.516023809375 0.43198437500000003 0.5211904765625001 0.43284374999999997 0.5173095234375 0.424796875 0.4927857140625 0.42225 0.45599999999999996 0.418271875 0.4278333328125 0.41378125 0.42826190468750003 0.4101796875 0.41535714218750003 0.41895 0.41385714218749997 0.420984375 0.36935714218750004 0.416328125 0.345476190625 0.41209375000000004 0.3274047625 0.39853125 0.3132142859375 0.39684375 0.3060952375 0.398109375 0.290619046875 0.40065625000000005 0.2848095234375 0.40065625000000005 0.27642857187500003 0.39684375 0.26545238125 0.38709375 0.2602857140625 0.37609375 0.2686666671875 0.3714375 0.2860952375 0.37778125 0.2919047625 0.37312500000000004 0.3074047625 0.36253125 0.3132142859375
9 0.721140625 0.658428571875 0.71965625 0.6134761906249999 0.71965625 0.5707857140625 0.744734375 0.55504761875 0.790453125 0.56404761875 0.805203125 0.5797857140625 0.805203125 0.55954761875 0.791921875 0.5325952375 0.797828125 0.489880953125 0.82584375 0.4674047625 0.794875 0.44495238125 0.77275 0.40449999999999997 0.7653749999999999 0.3573095234375 0.7521093750000001 0.3797857140625 0.7476875 0.422476190625 0.728515625 0.44942857187499996 0.7049218749999999 0.46966666718749994 0.693125 0.489880953125 0.70934375 0.4921428578125 0.7329375 0.4854047625 0.7329375 0.5438095234375 0.699015625 0.5842619046874999 0.69459375 0.6292142859375 0.6886875 0.6651666671875 0.693125 0.6921428578125 0.68575 0.6921428578125 0.7108125000000001 0.703380953125 0.721140625 0.658428571875
9 0.6037343749999999 0.3648095234375 0.599140625 0.37180952343749996 0.583046875 0.3823095234375 0.5773125 0.384071428125 0.578453125 0.3928333328125 0.589953125 0.380571428125 0.599140625 0.387571428125 0.610625 0.380571428125 0.619828125 0.405071428125 0.617515625 0.4400952375 0.608328125 0.4523571421875 0.60603125 0.4663571421875 0.59109375 0.487380953125 0.5876406249999999 0.5206428578125 0.5865 0.5311428578124999 0.563515625 0.567928571875 0.563515625 0.5696666671874999 0.569265625 0.5766666671875 0.589953125 0.5906904765625 0.594546875 0.581928571875 0.59225 0.5556666671875 0.602578125 0.5224047625 0.6037343749999999 0.504880953125 0.593390625 0.485619046875 0.602578125 0.47688095312499995 0.6071875 0.47688095312499995 0.6071875 0.47338095312500006 0.622125 0.46285714218749996 0.64625 0.4698571421875 0.6565937500000001 0.47338095312500006 0.663484375 0.4698571421875 0.654296875 0.4383571421875 0.663484375 0.4120952375 0.6715312499999999 0.398071428125 0.6761250000000001 0.38933333281250004 0.677265625 0.3858333328125 0.6853125 0.377071428125 0.683015625 0.3648095234375 0.6715312499999999 0.3648095234375 0.657734375 0.3543095234375 0.653140625 0.3438095234375 0.65084375 0.3403095234375 0.64509375 0.3192857140625 0.6405000000000001 0.3087857140625 0.6209687500000001 0.3122857140625 0.622125 0.3438095234375 0.617515625 0.34904761875 0.604890625 0.35604761875 0.6037343749999999 0.3648095234375
10 0.7298281249999999 0.29954761875 0.750421875 0.274880953125 0.747484375 0.2278095234375 0.731296875 0.1986428578125 0.701859375 0.1941666671875 0.684203125 0.23004761875000002 0.684203125 0.27264285781250003 0.701859375 0.29954761875 0.7298281249999999 0.29954761875