8 0.63584 0.5717333328125 0.62596 0.5554933328125 0.62218 0.55016 0.61986 0.5515733328125 0.61944 0.55632 0.63228 0.57344 0.6495 0.6000533328125 0.65014 0.5978133328124999 0.64552 0.58968 0.63584 0.5717333328125
9 0.77486 0.6839999999999999 0.77732 0.6900266671875 0.78716 0.7195199999999999 0.7929 0.7178933328125 0.79044 0.72936 0.8015000000000001 0.7310133328124999 0.8043799999999999 0.7277333328125 0.80724 0.7157066671875 0.78962 0.6839999999999999 0.79086 0.6785333328125 0.79782 0.6818133328125 0.79618 0.6665333328124999 0.79086 0.6561333328125001 0.78388 0.64248 0.77732 0.6228 0.76994 0.6189866671875001 0.76832 0.6108 0.76668 0.5998666671875 0.76258 0.5965866671875 0.7511 0.6020533328125001 0.75068 0.6129866671875 0.74946 0.6228 0.7449600000000001 0.6375733328125001 0.7511 0.64576 0.75396 0.6561333328125001 0.74536 0.6730933328125001 0.73758 0.6845600000000001 0.7367600000000001 0.7003999999999999 0.73552 0.7211733328125 0.72814 0.7255466671875 0.72814 0.7342933328125001 0.74946 0.7381066671875 0.7511 0.7228 0.7511 0.6894666671875 0.77486 0.6839999999999999
9 0.6089 0.4994133328125 0.61258 0.49450666718749997 0.61586 0.5043466671875 0.62078 0.52728 0.62734 0.5322133328125 0.62774 0.5294666671875 0.6269199999999999 0.5294666671875 0.6211800000000001 0.51472 0.61668 0.4961333328125 0.6187199999999999 0.4808266671875 0.6138 0.4732 0.60766 0.46608 0.60602 0.4748266671875 0.60398 0.4764533328125 0.6007 0.48575999999999997 0.60152 0.4966933328125 0.597 0.5086933328125001 0.60316 0.5125333328125 0.60152 0.5163466671875 0.59782 0.5294666671875 0.6011 0.53056 0.60602 0.5196266671875 0.6089 0.4994133328125
9 0.9457000000000001 0.5493333328125 0.9481400000000001 0.5488000000000001 0.9487399999999999 0.5482666671875001 0.95076 0.54448 0.95178 0.5469066671875 0.95178 0.5485333328124999 0.95502 0.5506933328125 0.95766 0.54744 0.95806 0.5450133328125 0.9588599999999999 0.5331466671875 0.95806 0.5234133328125 0.95746 0.5172 0.95724 0.5166666671875 0.95684 0.5088266671875 0.9609 0.50344 0.9625199999999999 0.4961333328125 0.9611000000000001 0.48992 0.95766 0.4856 0.9532 0.4837066671875 0.95218 0.48101333281249997 0.9503600000000001 0.4742666671875 0.9465199999999999 0.4745333328125 0.94428 0.4774933328125 0.9451 0.48749333281249996 0.9434799999999999 0.4896533328125 0.9406399999999999 0.49695999999999996 0.9418599999999999 0.5031733328125 0.94388 0.5069333328125001 0.9444800000000001 0.5137066671875 0.9446999999999999 0.5223466671875 0.9459 0.5393600000000001 0.94368 0.5423199999999999 0.94166 0.5471733328124999 0.9457000000000001 0.5493333328125
9 0.18684 0.4879466671875 0.19324 0.4919733328125 0.19702 0.49951999999999996 0.20306000000000002 0.5045333328125 0.20379999999999998 0.4970133328125 0.19890000000000002 0.48845333281250003 0.19702 0.48040000000000005 0.19588 0.46885333281249997 0.1891 0.4633066671875 0.18458000000000002 0.4718666671875 0.18194 0.4773866671875 0.18231999999999998 0.48442666718750005 0.18004 0.48895999999999995 0.17778 0.49650666718750003 0.17778 0.5060533328125 0.18080000000000002 0.5060533328125 0.18231999999999998 0.5045333328125 0.18382 0.4970133328125 0.18684 0.4879466671875
9 0.9006000000000001 0.4460533328125 0.9002399999999999 0.44141333281249995 0.89886 0.43864000000000003 0.89642 0.4340266671875 0.89434 0.43632 0.89434 0.4395733328125 0.89192 0.44279999999999997 0.8922599999999999 0.45066666718750004 0.8995599999999999 0.4502133328125 0.9006000000000001 0.4460533328125
9 0.7179 0.6802666671875001 0.72368 0.70832 0.72 0.7195466671874999 0.72368 0.73216 0.7284200000000001 0.7307733328125 0.7363000000000001 0.7195466671874999 0.7494500000000001 0.70832 0.7783800000000001 0.7244533328125 0.78154 0.7188266671875 0.77996 0.70552 0.76418 0.7062133328125 0.75804 0.7003733328124999 0.7531399999999999 0.6908000000000001 0.7666299999999999 0.6924266671875 0.76418 0.68764 0.77522 0.68448 0.7503333343749999 0.670222221875 0.7563 0.6585333328125 0.7463 0.63608 0.74946 0.6171466671875 0.7305200000000001 0.62768 0.73314 0.6430933328124999 0.7105400000000001 0.6578133328125 0.7105400000000001 0.6655466671875 0.7179 0.6802666671875001
9 0.63068 0.7125866671875001 0.63502 0.7208533328125 0.6443399999999999 0.7250133328125 0.6530400000000001 0.71672 0.6443399999999999 0.6993333328125 0.64248 0.6719999999999999 0.63564 0.65296 0.6300600000000001 0.6338933328125 0.63814 0.6206400000000001 0.65676 0.6272800000000001 0.6605000000000001 0.6272800000000001 0.66174 0.6024266671875 0.6530400000000001 0.5866933328124999 0.64186 0.5750933328125 0.63564 0.5601866671875 0.61578 0.54776 0.6195 0.56432 0.6300600000000001 0.5817333328125 0.61702 0.5958133328125 0.59216 0.62976 0.5983799999999999 0.6570933328125 0.5778800000000001 0.70016 0.58658 0.7150666671875 0.59962 0.7026399999999999 0.61018 0.66952 0.62508 0.6777866671874999 0.62696 0.6918666671875 0.63068 0.7125866671875001
9 0.41856 0.47375999999999996 0.41872 0.47207999999999994 0.41933999999999994 0.4685066671875 0.41872 0.466 0.42012 0.4637066671875 0.42232000000000003 0.46181333281250003 0.42374 0.46264000000000005 0.42594000000000004 0.46557333281249996 0.4264 0.4668533328125 0.42672 0.47144 0.42782 0.4741866671875 0.43018 0.47375999999999996 0.4305 0.4718666671875 0.42956000000000005 0.46978666718750006 0.4286 0.46496000000000004 0.4286 0.46181333281250003 0.42750000000000005 0.45866666718750004 0.4272 0.4549066671875 0.42797999999999997 0.45072 0.42782 0.4486133328125 0.4253 0.44295999999999996 0.42406 0.44295999999999996 0.42342 0.4427466671875 0.42248 0.43794666718749997 0.42044 0.4381333328125 0.41776 0.4404533328125 0.4184 0.44464 0.41762 0.4461066671875 0.41746 0.45154666718750003 0.41776 0.4549066671875 0.41762 0.4580533328125 0.41746 0.46055999999999997 0.41556 0.4630666671875 0.41604 0.46957333281249997 0.41384 0.47312000000000004 0.41462000000000004 0.4743733328125 0.41635999999999995 0.4750133328125 0.41856 0.47375999999999996
9 0.76972 0.46304 0.7656799999999999 0.466 0.76244 0.49106666718750003 0.76608 0.4921333328125 0.76628 0.4808266671875 0.7679 0.48701333281250003 0.7673 0.52176 0.7673 0.52232 0.7676999999999999 0.52232 0.77638 0.5236533328124999 0.7767999999999999 0.4948266671875 0.78022 0.48944 0.78124 0.4730133328125 0.77598 0.4619466671875 0.77518 0.45522666718749993 0.77458 0.45496 0.77254 0.4509066671875 0.76912 0.45253333281249997 0.76972 0.46304
9 0.19402 0.51752 0.1863 0.5254933328125 0.17824 0.5222133328125 0.16526000000000002 0.5236 0.16244 0.52688 0.16 0.5338933328125 0.1621 0.5385866671875 0.16842 0.5320266671875 0.17578 0.5320266671875 0.19402 0.5343733328125 0.20386 0.5385866671875 0.20350000000000001 0.5741333328125 0.20981999999999998 0.57928 0.21261999999999998 0.5769333328124999 0.21261999999999998 0.5704 0.21086 0.53576 0.21368 0.5338933328125 0.21718 0.5338933328125 0.22033999999999998 0.5535466671875 0.2242 0.5586933328125 0.22876 0.55776 0.22946 0.5507466671875 0.2263 0.5437333328125 0.2242 0.5381066671875 0.22736 0.5381066671875 0.23086 0.5376533328125 0.23437999999999998 0.5315733328125 0.23262 0.5287466671875001 0.22596 0.5282933328125 0.2263 0.5259466671874999 0.22806 0.5245333328124999 0.23824 0.5222133328125 0.23824 0.5161333328125 0.23471999999999998 0.5109866671875001 0.23086 0.50864 0.2242 0.5133066671875001 0.21261999999999998 0.5137866671875 0.2042 0.51472 0.19402 0.51752
8 0.6009 0.5117066671875 0.60416 0.5115466671875 0.60662 0.5069866671875001 0.60538 0.5035466671875 0.60484 0.5019199999999999 0.60158 0.5001066671875 0.59926 0.50392 0.59844 0.5062666671875 0.59858 0.5091733328125 0.6009 0.5117066671875
9 0.89276 0.44178666718750004 0.89096 0.44066666718749997 0.89002 0.43994666718750003 0.8895799999999999 0.43768 0.88874 0.4375466671875 0.88758 0.43810666718749997 0.88726 0.4410933328125 0.8876799999999999 0.44320000000000004 0.8881 0.4453333328125 0.88832 0.4477333328125 0.89276 0.44546666718749994 0.89298 0.44490666718750005 0.89276 0.44178666718750004
9 0.93376 0.4369333328125 0.93072 0.4369333328125 0.92696 0.44160000000000005 0.92696 0.44504 0.92416 0.4541066671875 0.9258 0.45784 0.9328200000000001 0.45504 0.9347 0.44816 0.93376 0.4469066671875 0.93376 0.4425333328125 0.93376 0.4369333328125
9 0.95688 0.4521333328125 0.9539199999999999 0.4461866671875 0.9539199999999999 0.44421333281250003 0.94872 0.44421333281250003 0.9479799999999999 0.44816 0.9479799999999999 0.4521333328125 0.9465 0.462 0.95244 0.4629866671875 0.9561400000000001 0.4629866671875 0.95688 0.4521333328125
8 0.19132 0.4847733328125 0.19054 0.48530666718750004 0.19094 0.4893866671875 0.19632 0.4868266671875 0.19516 0.48272000000000004 0.19132 0.4847733328125
8 0.23294 0.5281866671875 0.22715999999999997 0.5304266671875 0.2258 0.53088 0.22376000000000001 0.5381333328125 0.22852 0.53904 0.23294 0.5354133328125 0.23294 0.5281866671875
9 0.9400000000000001 0.44000000000000006 0.9460000000000001 0.45066666718750004 0.952 0.4453333328125 0.958 0.45866666718750004 0.9640000000000001 0.45866666718750004 0.97 0.44800000000000006 0.976 0.44266666718750003 0.976 0.45599999999999996 0.982 0.46399999999999997 0.994 0.46399999999999997 0.998 0.45866666718750004 0.998 0.4266666671875 0.994 0.42133333281249996 0.982 0.42133333281249996 0.976 0.42933333281249997 0.9720000000000001 0.42133333281249996 0.968 0.4306666671875 0.962 0.42133333281249996 0.966 0.41333333281250006 0.96 0.4026666671875 0.9480000000000001 0.4026666671875 0.932 0.42133333281249996 0.922 0.42133333281249996 0.9199999999999999 0.41333333281250006 0.9119999999999999 0.42133333281249996 0.9019999999999999 0.42133333281249996 0.8960000000000001 0.42933333281249997 0.9019999999999999 0.4533333328125 0.9259999999999999 0.45066666718750004 0.9400000000000001 0.44000000000000006