9 0.497765625 0.5958333328125 0.497765625 0.6270416671875 0.49889062500000003 0.6419166671875 0.515609375 0.6537916671875 0.5211718750000001 0.6508125 0.525625 0.65825 0.5535 0.6478541671875 0.571328125 0.5898958328125 0.56240625 0.5586875 0.567984375 0.47845833281249994 0.567984375 0.4695416671875 0.56240625 0.44725000000000004 0.56240625 0.433875 0.598078125 0.3967291671875 0.598078125 0.3699791671875 0.60253125 0.33729166718750003 0.608109375 0.2971666671875 0.6092187499999999 0.2184166671875 0.5925 0.20206249999999998 0.586921875 0.1886875 0.579125 0.16641666718749998 0.58246875 0.1262916671875 0.561296875 0.10252083281249999 0.5389999999999999 0.1129166671875 0.525625 0.13816666718749998 0.53009375 0.1842291671875 0.5211718750000001 0.1931458328125 0.502234375 0.196125 0.494421875 0.222875 0.485515625 0.28975 0.48773437499999994 0.3387708328125 0.49889062500000003 0.34768750000000004 0.49331250000000004 0.380375 0.5 0.4353541671875 0.502234375 0.43239583281250005 0.494421875 0.4621041671875 0.49107812500000003 0.47845833281249994 0.497765625 0.5646458328125 0.497765625 0.5958333328125
9 0.127515625 0.1926041671875 0.132546875 0.2172083328125 0.117453125 0.22168749999999998 0.10570312500000001 0.24183333281250002 0.119125 0.25747916718749997 0.099 0.2507708328125 0.072140625 0.2373541671875 0.0755 0.31564583281249997 0.067109375 0.3380208328125 0.06543750000000001 0.3827708328125 0.073828125 0.45435416718750005 0.083890625 0.5416041671875 0.093953125 0.579625 0.10234375 0.6198958328125 0.127515625 0.6758333328125 0.176171875 0.7183333328125 0.23825 0.68925 0.28859375 0.7697916671875 0.30871875000000004 0.8794166671875001 0.318796875 0.9867916671874999 0.384234375 0.9867916671874999 0.389265625 0.9823124999999999 0.389265625 0.9554791671875 0.37415625 0.9420416671874999 0.36409375 0.9420416671874999 0.36409375 0.9241458328125001 0.36409375 0.8973125 0.362421875 0.8570416671875 0.360734375 0.8301875000000001 0.387578125 0.8816458328125 0.40771875 0.8973125 0.4345625 0.9174374999999999 0.46309374999999997 0.9219166671875 0.47985937500000003 0.8973125 0.469796875 0.8771666671875 0.43959374999999995 0.8548125000000001 0.436234375 0.8503333328125 0.427859375 0.8301875000000001 0.41778125 0.7921666671875001 0.404359375 0.7474166671875 0.389265625 0.6937291671875 0.37584375 0.6489791671875 0.355703125 0.6310833328125 0.302015625 0.5997708328125 0.29865624999999996 0.5841041671875 0.302015625 0.5639791671875 0.290265625 0.5438333328125 0.27684375 0.5438333328125 0.268453125 0.537125 0.26678125 0.5214791671875 0.26175000000000004 0.5102916671875 0.253359375 0.4901458328125 0.248328125 0.4655416671875 0.263421875 0.4431666671875 0.27014062499999997 0.42975 0.27014062499999997 0.40514583281250005 0.26678125 0.3827708328125 0.25671875 0.3603958328125 0.248328125 0.34027083281250003 0.24496875 0.3178958328125 0.24328124999999998 0.29552083281249997 0.24328124999999998 0.2686666671875 0.23321874999999997 0.25747916718749997 0.22146875000000002 0.27091666718749996 0.22146875000000002 0.2686666671875 0.22315625 0.2507708328125 0.2281875 0.2440625 0.23825 0.2373541671875 0.2281875 0.21497916718750001 0.22985937500000003 0.20827083281249997 0.23154687499999999 0.1926041671875 0.23321874999999997 0.1836666671875 0.23154687499999999 0.16352083281250002 0.20637500000000003 0.14114583281249998 0.181203125 0.1255 0.16107812500000002 0.1277291671875 0.13590625 0.14339583281249998 0.142625 0.14114583281249998 0.13087500000000002 0.16352083281250002 0.127515625 0.1926041671875
9 0.8758593749999999 0.16599999999999998 0.8758593749999999 0.16229166718750002 0.876 0.1558125 0.8757187500000001 0.1513541671875 0.8739062499999999 0.1483958328125 0.87140625 0.145625 0.86946875 0.14895833281249998 0.87084375 0.1504375 0.8723750000000001 0.1533958328125 0.8725156249999999 0.1569166671875 0.87321875 0.1626666671875 0.8743281250000001 0.1654375 0.8758593749999999 0.1671041671875 0.8758593749999999 0.16599999999999998
9 0.88734375 0.1946041671875 0.889234375 0.1976458328125 0.891875 0.197125 0.893015625 0.1835208328125 0.8915 0.1709166671875 0.896796875 0.1613541671875 0.896421875 0.1532916671875 0.889609375 0.14975 0.89075 0.1442083328125 0.889984375 0.1401875 0.885828125 0.1432083328125 0.8854531250000001 0.14825 0.8824375 0.1532916671875 0.8835625 0.1687708328125 0.884703125 0.1739583328125 0.88771875 0.1789791671875 0.88734375 0.1946041671875
9 0.8428437499999999 0.16839583281249998 0.842421875 0.1672708328125 0.8434687500000001 0.1622291671875 0.843890625 0.1608125 0.8449375 0.15575 0.845578125 0.1518333328125 0.8453593749999999 0.14789583281250002 0.8440937500000001 0.145375 0.8428437499999999 0.143125 0.8422031249999999 0.1400208328125 0.84009375 0.138625 0.8373593749999999 0.14339583281249998 0.8348281249999999 0.14564583281250001 0.833359375 0.1487291671875 0.83378125 0.1543541671875 0.8335625 0.1574375 0.83378125 0.1619375 0.835046875 0.168125 0.843046875 0.1706458328125 0.843046875 0.170375 0.8428437499999999 0.16839583281249998
8 0.79865625 0.5214791671875 0.8422812499999999 0.0203541671875 0.661078125 0.0449583328125 0.436234375 0.0449583328125 0.426171875 0.6780625 0.637578125 0.7093958328125 0.6526875000000001 0.4454166671875 0.79865625 0.5214791671875
8 0.00790625 0.661875 0.013046875 0.6593541671875001 0.017906250000000002 0.6611666671875 0.024125 0.6643958328124999 0.029796875 0.6698125 0.034125 0.6716041671874999 0.036296875 0.67775 0.036828125 0.6842291671875 0.034937499999999996 0.6907291671875 0.0325 0.718125 0.033859375000000004 0.7238958328125 0.040625 0.7184791671874999 0.042234375000000005 0.6914374999999999 0.044671875 0.6654791671875 0.044953125 0.652875 0.040078125 0.6452916671875 0.02953125 0.6431250000000001 0.0200625 0.6420625 0.015203125000000001 0.6442083328125 0.0025 0.6467291671875001 0.0000625 0.652875 0.0033125000000000003 0.6586458328125 0.00790625 0.661875
8 0.095125 0.5838958328125 0.08882812500000001 0.5785625 0.0876875 0.5770416671875 0.080828125 0.5740000000000001 0.067109375 0.5740000000000001 0.05796875 0.5793333328125 0.048828125 0.5846666671875 0.047109374999999995 0.5869583328125 0.060828125 0.6822083328125 0.084265625 0.6791666671875001 0.0876875 0.6753541671875001 0.095125 0.5838958328125
9 0.9174374999999999 0.16312500000000002 0.91615625 0.15631250000000002 0.914875 0.1499375 0.9135937500000001 0.14737499999999998 0.913921875 0.143125 0.909765625 0.14397916718749998 0.909765625 0.1490833328125 0.91071875 0.15247916718750001 0.9091250000000001 0.15462499999999998 0.9081718750000001 0.16143749999999998 0.9081718750000001 0.16908333281250001 0.91040625 0.1707916671875 0.91040625 0.1797291671875 0.90784375 0.18314583281250002 0.9084843749999999 0.18825 0.9119999999999999 0.1852708328125 0.914234375 0.18825 0.914875 0.1754791671875 0.9174374999999999 0.170375 0.9174374999999999 0.16312500000000002
9 0.99075 0.15618749999999998 0.988109375 0.1538333328125 0.9895781250000001 0.1495416671875 0.9883906250000001 0.1448333328125 0.985453125 0.1448333328125 0.9842812500000001 0.1471875 0.9842812500000001 0.1530625 0.9807499999999999 0.15579166718749998 0.981046875 0.1636458328125 0.9807499999999999 0.1734375 0.97928125 0.180875 0.979578125 0.1875416671875 0.979578125 0.1922291671875 0.97928125 0.19537500000000002 0.9860468750000001 0.1941875 0.9860468750000001 0.1898958328125 0.98575 0.1871458328125 0.9860468750000001 0.175 0.99075 0.1730416671875 0.99075 0.16560416718749998 0.99075 0.15618749999999998
9 0.9282656250000001 0.1749583328125 0.9282656250000001 0.1773958328125 0.9293437499999999 0.1804583328125 0.931328125 0.1808541671875 0.9319375000000001 0.1790208328125 0.93225 0.1761875 0.9336249999999999 0.17333333281250002 0.935296875 0.1717083328125 0.937734375 0.17333333281250002 0.9401875000000001 0.17333333281250002 0.9409531250000001 0.1694583328125 0.937734375 0.16783333281249999 0.9354531250000001 0.164375 0.934234375 0.1631458328125 0.934234375 0.156625 0.9336249999999999 0.1543958328125 0.9319375000000001 0.15277083281249998 0.930875 0.1515416671875 0.931015625 0.1492916671875 0.931015625 0.1464583328125 0.9297968750000001 0.1452291671875 0.92796875 0.1450208328125 0.926140625 0.14625 0.92659375 0.15031250000000002 0.9264374999999999 0.1525625 0.92490625 0.1539791671875 0.92490625 0.1590833328125 0.92521875 0.1633541671875 0.924765625 0.1657916671875 0.924 0.1682291671875 0.9253750000000001 0.1706875 0.9305625 0.1702708328125 0.9299531249999999 0.1727083328125 0.9282656250000001 0.1749583328125
9 0.988921875 0.1964583328125 0.982296875 0.2193333328125 0.978078125 0.2345833328125 0.9684375 0.2936041671875 0.967234375 0.308875 0.976875 0.36104166718749997 0.9840937500000001 0.37952083281250004 0.9895156249999999 0.41204166718749996 0.9907343750000001 0.41525 0.9925312500000001 0.42729166718749995 0.9949375 0.47427083281250004 0.988921875 0.49837499999999996 0.9840937500000001 0.5521874999999999 0.984703125 0.5835208328125 0.9852968750000001 0.6027916671875 0.9852968750000001 0.6252916671875 0.98590625 0.6445624999999999 0.9979531250000001 0.6533958328125 0.9991562500000001 0.6578125 0.9979531250000001 0.186 0.988921875 0.1964583328125
9 0.898 0.1539166671875 0.8981562500000001 0.1657291671875 0.901828125 0.1734583328125 0.901515625 0.1905625 0.9039531249999999 0.1901666671875 0.9035 0.173875 0.9050312500000001 0.17081249999999998 0.9060937499999999 0.1730416671875 0.9065625 0.1852708328125 0.90778125 0.1850625 0.907625 0.1697916671875 0.908078125 0.1522916671875 0.9064062500000001 0.1494375 0.9060937499999999 0.1453541671875 0.9064062500000001 0.14168750000000002 0.9050312500000001 0.1404791671875 0.9039531249999999 0.1402708328125 0.901203125 0.1433125 0.9010624999999999 0.148625 0.8996875 0.15247916718750001 0.898 0.1539166671875
9 0.8651875 0.1562916671875 0.871984375 0.1562916671875 0.87021875 0.14589583281250001 0.867703125 0.14589583281250001 0.86971875 0.1415208328125 0.8684687500000001 0.1385 0.8664531249999999 0.1385 0.8646874999999999 0.1435416671875 0.8659531250000001 0.14589583281250001 0.8624218750000001 0.1462291671875 0.8614218749999999 0.1482291671875 0.8624218750000001 0.15562499999999999 0.8651875 0.1562916671875
8 0.024984375 0.7433958328125 0.029296875 0.7368750000000001 0.03275 0.7096458328125 0.035046875 0.6885625 0.03590625 0.6812708328125 0.035328125 0.6736041671875 0.03303125 0.668625 0.028437499999999998 0.6651666671875 0.025265625000000003 0.663625 0.019515625 0.6609375 0.014921875000000001 0.6601874999999999 0.009453125 0.6594166671874999 0.00053125 0.6613333328125 0 0.7464583328125001 0.00715625 0.7476041671875 0.024984375 0.7433958328125
8 0.457890625 0.4019583328125 0.474296875 0.40160416718749997 0.47853124999999996 0.34904166718749996 0.45365625 0.3479791671875 0.457890625 0.4019583328125
9 0.85625 0.1442916671875 0.854484375 0.139125 0.854140625 0.1386666671875 0.850984375 0.1381875 0.848171875 0.1456875 0.84640625 0.14850000000000002 0.8453593749999999 0.1564791671875 0.8453593749999999 0.1588125 0.845703125 0.1625625 0.84640625 0.1649166671875 0.848171875 0.165375 0.85484375 0.1602083328125 0.858359375 0.154125 0.8587031250000001 0.1494375 0.85625 0.1442916671875
9 0.9509531250000001 0.1651875 0.95084375 0.1612291671875 0.9506406249999999 0.1575625 0.9498906249999999 0.1550208328125 0.94809375 0.15389583281250002 0.9469375 0.1531875 0.9461875 0.1516458328125 0.9434374999999999 0.1506666671875 0.9420624999999999 0.15362499999999998 0.942390625 0.15572916718750002 0.940796875 0.1623541671875 0.9399531250000001 0.16460416718749998 0.94121875 0.1651875 0.9509531250000001 0.1651875
9 0.871875 0.14791666718750002 0.8765625 0.1541666671875 0.8828125 0.1541666671875 0.8875 0.1395833328125 0.890625 0.1375 0.8890625 0.13333333281249998 0.8953125 0.1270833328125 0.9015625 0.1395833328125 0.909375 0.1375 0.91875 0.16875 0.9234375 0.16875 0.9234375 0.13333333281249998 0.9203125 0.1291666671875 0.9125 0.13125 0.9046875 0.1145833328125 0.8953125 0.1166666671875 0.8953125 0.10833333281249999 0.8921875 0.1041666671875 0.8859375 0.1041666671875 0.8828125 0.10833333281249999 0.8796875 0.13333333281249998 0.875 0.13333333281249998 0.871875 0.1375 0.871875 0.14791666718750002