8 0.575484375 0.9778823531249999 0.59296875 0.9915764703125 0.68034375 0.947952940625 0.68465625 0.9313647062499999 0.68825 0.87583529375 0.6245625 0.8380000000000001 0.620265625 0.8332941171874999 0.617390625 0.8250117640625 0.61428125 0.811317646875 0.615 0.8026588234375 0.618578125 0.797247059375 0.630078125 0.7925647062500001 0.646109375 0.8012235296875 0.686578125 0.8307764703125 0.685375 0.7575999999999999 0.679390625 0.713247059375 0.67125 0.6692705875 0.67053125 0.6552235296875 0.6676562500000001 0.6498117640625 0.6682187500000001 0.6344941171875 0.66115625 0.6249411765625 0.6385625 0.6217411765625 0.627984375 0.631317646875 0.6286875000000001 0.6451294125 0.613859375 0.6748941171875 0.574328125 0.7057176468749999 0.578609375 0.7143294124999999 0.57740625 0.8109647062500001 0.575484375 0.9778823531249999
8 0.46003125 0.9241882359375 0.43778125 0.9207294125000001 0.42551562499999995 0.9253411765624999 0.41323437500000004 0.9311294125 0.40096875 0.9415294125000001 0.400203125 0.9588470593749999 0.411703125 1 0.46540625 0.9992941171874999 0.47078125000000004 0.9380470593749999 0.46003125 0.9241882359375
8 0.465 0.9845647062499999 0.524421875 0.98903529375 0.577890625 0.9868 0.579390625 0.73623529375 0.579390625 0.7183294124999999 0.5734375 0.7116235296875 0.55709375 0.6959764703125 0.539265625 0.691482353125 0.528875 0.700447059375 0.519953125 0.6937176468749999 0.49915624999999997 0.6870117640625 0.475390625 0.6937176468749999 0.456078125 0.7026823531249999 0.44567187500000005 0.7407058828124999 0.46053125 0.9107294125 0.466484375 0.944282353125 0.465 0.9845647062499999
8 0.61503125 0.8055764703125 0.623953125 0.8346588234375 0.791828125 0.944282353125 0.85421875 0.9868 0.9077031249999999 0.9845647062499999 0.826 0.92416470625 0.66109375 0.8033411765625 0.6536562499999999 0.7899294125 0.637328125 0.7899294125 0.61503125 0.8055764703125
8 0.9375781249999999 0.1479764703125 0.9375781249999999 0.1406117640625 0.9375781249999999 0.1317411765625 0.9395312499999999 0.11847058749999999 0.9375781249999999 0.1096 0.8817031249999999 0.11256470625 0.875828125 0.1627294125 0.9375781249999999 0.1627294125 0.9375781249999999 0.1479764703125
9 0.581140625 0.1784941171875 0.588890625 0.176352940625 0.60584375 0.1625411765625 0.613609375 0.1487294125 0.61925 0.1264 0.618546875 0.113647059375 0.59171875 0.0849411765625 0.574078125 0.0679294125 0.5288906250000001 0.0668705875 0.49924999999999997 0.0668705875 0.48442187499999995 0.0796235296875 0.47878125000000005 0.094517646875 0.49712500000000004 0.12322352968750001 0.48512500000000003 0.161482353125 0.48584375 0.1944235296875 0.4921875 0.2263294125 0.501375 0.2550117640625 0.508421875 0.26458823593749997 0.5176093749999999 0.273082353125 0.5338437500000001 0.2603294125 0.534546875 0.2826588234375 0.532421875 0.28477647031250003 0.522546875 0.29541176406249997 0.5161875 0.3847058828125 0.5063125 0.6292 0.54584375 0.6270588234375001 0.58465625 0.650447059375 0.6143125 0.668517646875 0.61784375 0.6111294125 0.6143125 0.5771058828125 0.586078125 0.5526588234375 0.597375 0.4931294125 0.633375 0.3389882359375 0.633375 0.322 0.6361875 0.29541176406249997 0.640421875 0.2677882359375 0.57971875 0.22312941249999999 0.5761875 0.20611764687499998 0.58184375 0.2008 0.581140625 0.1784941171875
9 0.478484375 0.2937411765625 0.46879687499999995 0.3003058828125 0.45814062499999997 0.31854117656250003 0.45378125 0.3396941171875 0.44457812499999994 0.360847059375 0.427140625 0.3747058828125 0.42229687499999996 0.3929411765625 0.40437500000000004 0.42357647031249995 0.39178125 0.4666117640625 0.382578125 0.49068235312499997 0.397109375 0.514752940625 0.39904687499999997 0.5366352937500001 0.40824999999999995 0.5731058828125 0.413578125 0.5847764703125 0.41600000000000004 0.6037411765625 0.4179375 0.61543529375 0.43392187499999996 0.619082353125 0.44457812499999994 0.61543529375 0.44651562499999997 0.6081411765625 0.450390625 0.606682353125 0.507546875 0.6373176468749999 0.510453125 0.5395529406249999 0.5225625 0.3097882359375 0.53225 0.29301176406249996 0.536609375 0.2776941171875 0.534671875 0.261647059375 0.522078125 0.261647059375 0.508515625 0.258 0.497375 0.2448705875 0.49349999999999994 0.2448705875 0.489140625 0.2572705875 0.48284374999999996 0.28790588281249996 0.478484375 0.2937411765625
9 0.8217343749999999 0.7872235296875 0.81778125 0.8269882359375 0.878515625 0.8568 0.883796875 0.8230117640625 0.8811562500000001 0.6261882359375 0.86134375 0.544682353125 0.84946875 0.3955764703125 0.8190937500000001 0.314047059375 0.761015625 0.26832941250000003 0.771578125 0.208682353125 0.761015625 0.170917646875 0.66859375 0.1569882359375 0.634265625 0.23056470624999997 0.63559375 0.28821176406250004 0.627671875 0.322 0.578828125 0.544682353125 0.6131562500000001 0.5943764703125 0.618421875 0.6679294125 0.627671875 0.6321411765625 0.638234375 0.6222117640625 0.664640625 0.6261882359375 0.67915625 0.6997411765625 0.68971875 0.7931764703125 0.692359375 0.771317646875 0.714796875 0.7017176468749999 0.701609375 0.6599764703125001 0.708203125 0.6460705875 0.8204218750000001 0.608282353125 0.8270156249999999 0.610282353125 0.85078125 0.6559999999999999 0.8217343749999999 0.7872235296875
9 0.938640625 0.11235294062500001 0.9356562500000001 0.13931764687499998 0.9356562500000001 0.1572941171875 0.943125 0.20449411718750002 0.950578125 0.2157411765625 0.950578125 0.23371764687500002 0.892375 0.2674117640625 0.87596875 0.32583529375000003 0.85059375 0.4157411765625 0.8520937500000001 0.45392941249999996 0.871484375 0.4808941171875 0.859546875 0.5213411765625 0.859546875 0.5550588234375 0.8655156249999999 0.593247059375 0.8744687499999999 0.5910117640625 0.883421875 0.5348235296875 0.8893906250000001 0.50336470625 0.895359375 0.50336470625 0.8908906249999999 0.6516941171874999 0.901328125 0.660682353125 0.896859375 0.764047059375 0.9072968749999999 0.8584235296875 0.925203125 0.8988705875 0.9774375 0.9236000000000001 1 0.939317646875 0.9983281249999999 0.0561882359375 0.950578125 0.058423529687499996 0.920734375 0.0764 0.925203125 0.08988235312500001 0.938640625 0.11235294062500001
9 0.26737500000000003 0.2154117640625 0.2585625 0.234352940625 0.26234375 0.2495058828125 0.251015625 0.2627764703125 0.256046875 0.281717646875 0.256046875 0.3006588234375 0.24539062500000003 0.31736470625 0.2718125 0.3666117640625 0.27684375 0.39691764687500003 0.289421875 0.4575294125 0.2919375 0.48404705937500003 0.29948437499999997 0.556047059375 0.302 0.5636235296875001 0.334703125 0.556047059375 0.3309375 0.4992 0.3309375 0.4575294125 0.338484375 0.44428235312500003 0.329671875 0.40258823593750004 0.31709375 0.32303529375 0.31709375 0.3097882359375 0.318359375 0.3040941171875 0.329671875 0.3022117640625 0.329671875 0.271882353125 0.318359375 0.25484705937499996 0.284390625 0.23590588281249997 0.2705625 0.220752940625 0.274328125 0.1980235296875 0.274328125 0.18287058750000001 0.254203125 0.16392941249999998 0.245984375 0.1623764703125 0.245984375 0.17374117656250002 0.25982812499999997 0.1851058828125 0.266109375 0.20595294062499997 0.26737500000000003 0.2154117640625
9 0 0.47564705937499996 0.021234375 0.499647059375 0.037765625000000004 0.5128235296875 0.0533125 0.53096470625 0.06459375 0.5347764703125 0.06225000000000001 0.5184 0.062640625 0.46159999999999995 0.058750000000000004 0.4434588234375 0.049625 0.4399294125 0.047484375 0.43524705937499997 0.056999999999999995 0.42207058750000004 0.061484375 0.42823529374999997 0.059140625 0.4197411765625 0.063421875 0.42178823593750003 0.077105903125 0.385014378125 0.09659375 0.3599058828125 0.09309375 0.34995294062500004 0.10219375 0.35159529375 0.12459374999999999 0.31835294062499997 0.135875 0.3084 0.13373437500000002 0.2785411765625 0.129453125 0.2650588234375 0.1239704859375 0.2553516328125 0.12984374999999998 0.2524705875 0.12787586875 0.24454640468750002 0.137234375 0.22145882343749998 0.128484375 0.2150117640625 0.11895312499999999 0.21265882343750003 0.0779375 0.2164705875 0.072890625 0.2316941171875 0.0655 0.268282353125 0.063546875 0.27999999999999997 0.06490625 0.2925882359375 0.062578125 0.30576470625 0.076578125 0.334447059375 0.09272743125 0.3417934640625 0.091734375 0.34616470625 0.081011284375 0.37420915 0.043984375 0.4293882359375 0.035812500000000004 0.4288 0.022796875 0.43348235312499994 0.01540625 0.44082352968749994 0 0.43934117656250005 0.002375 0.4419764703125 0 0.447247059375 0 0.47564705937499996
9 0.030765625 0.2846117640625 0.026218750000000002 0.294882353125 0.029004464062500002 0.29892605 0.0235290171875 0.3075193265625 0.021671875 0.305152940625 0.017125 0.3149294125 0.018053571875 0.3161126046875 0.012578125 0.3247058828125 0.06259375 0.3168941171875 0.076890625 0.3990588234375 0.07840625 0.383733334375 0.0825208328125 0.38699607812500003 0.079921875 0.3684078421875 0.0881510421875 0.374933334375 0.09378125000000001 0.3628705875 0.091171875 0.3491764703125 0.08467578125 0.340617646875 0.0814375 0.35308235312499997 0.07515625000000001 0.34101960781249996 0.0781796875 0.33205882343750004 0.06887499999999999 0.3289568640625 0.07168359375 0.3235 0.0651875 0.3149411765625 0.0702991078125 0.2562521015625 0.09940625 0.2109254890625 0.11715625 0.21418823593749997 0.137296875 0.2229882359375 0.1476875 0.17407058749999998 0.13859375000000002 0.1564705875 0.12365625 0.1418117640625 0.09962499999999999 0.1447294125 0.09246875 0.1731058828125 0.089234375 0.2044 0.09053125 0.20929411718750002 0.08375892812499999 0.212993278125 0.0728080359375 0.23017983281249998 0.071321428125 0.24451428437499997 0.0673325890625 0.2387731078125 0.063890625 0.2396235296875 0.061857142187500005 0.24736638593750002 0.055880207812500006 0.24777254843750002 0.056381696875 0.25595966406250004 0.047869792187499996 0.25592156875 0.05090625 0.264552940625 0.045430803125 0.27314621875 0.039859375 0.2640705875 0.035312500000000004 0.2743411765625 0.039955357812499995 0.281739496875 0.034479910937500004 0.29033277343749997 0.030765625 0.2846117640625
8 0.39040625 0.6985411765625 0.3515625 0.7131764703125001 0.32584375 0.7270588234375001 0.30593750000000003 0.7519058828125 0.299140625 0.7665411765625 0.299625 0.7906588234374999 0.3141875 0.8096705875 0.329234375 0.8440235296875 0.334578125 0.8615764703125001 0.371953125 0.902517646875 0.40982812500000004 0.9208000000000001 0.457890625 0.9200705875 0.447703125 0.7453411765625 0.44478125 0.7190117640625 0.4603125 0.7 0.47731250000000003 0.6927058828125 0.452546875 0.691247059375 0.431671875 0.69416470625 0.39040625 0.6985411765625
8 0.976 0.9886117640625001 0.996921875 0.96936470625 0.995765625 0.948352940625 0.9492499999999999 0.9203294124999999 0.8911250000000001 0.8870588234375001 0.879484375 0.915082353125 0.856234375 0.9360941171875 0.85740625 0.95183529375 0.94228125 0.9991294125 0.976 0.9886117640625001
9 0.24771875 0.29437647031249997 0.24323437499999997 0.3325882359375 0.23279687500000001 0.3707764703125 0.24323437499999997 0.39324705937500004 0.265625 0.5460705875 0.30143749999999997 0.5685411765625 0.29546875 0.460682353125 0.2521875 0.30785882343750004 0.262640625 0.2808941171875 0.25965625000000003 0.2539294125 0.268609375 0.213482353125 0.25070312499999997 0.1775294125 0.244734375 0.1842588234375 0.24175 0.22696470624999998 0.24771875 0.29437647031249997
9 0.00075 0.4089411765625 0.01203515625 0.4422 0.0111416015625 0.47771470625 0.0005625 0.47628235312499995 0.0012812499999999998 0.6639999999999999 0.009031250000000001 0.667647059375 0.021140625 0.6651058828124999 0.022828124999999998 0.6545411765625 0.017984375 0.6414117640625 0.02065625 0.6304705875 0.0158125 0.61296470625 0.017984375 0.5889176468749999 0.02325 0.56896470625 0.02015625 0.518752940625 0.0155 0.5041529406249999 0.012333007812500001 0.43036176406250004 0.012928710937499999 0.40668529375 0.009203125 0.3997882359375 0.0132265625 0.39484705937500003 0.009875 0.3926588234375 0.0135244140625 0.3830088234375 0.01264375 0.37944470625000004 0.0154125 0.3662305875 0.0141201171875 0.359332353125 0.01818125 0.3530164703125 0.01441796875 0.3474941171875 0.02095 0.33980235312499996 0.02371875 0.32658823593749997 0.014715820312499999 0.3356558828125 0.013593749999999998 0.3276 0.015013671875 0.323817646875 0.015311523437499999 0.3119794125 0.01796875 0.30623529375 0.015609375 0.3001411765625 0.010890625 0.2965882359375 0.00075 0.2955764703125 0.00075 0.3963450984375 0.005484375 0.4008 0.005140625 0.4094588234375 0.00075 0.4089411765625
8 0.76890625 0.9925176468749999 0.7768140625 0.987647059375 0.7754375 0.9979294124999999 0.780984375 0.9979294124999999 0.784721875 0.9827764703125 0.7926296875000001 0.9779058828125 0.7940625 0.9974588234375 0.809421875 0.9999058828124999 0.847984375 0.98416470625 0.8319765625000001 0.9701411765625 0.8242609375000001 0.9584235296875001 0.847984375 0.9438117640625 0.8381875000000001 0.9359294125 0.8414531249999999 0.9270823531250001 0.838828125 0.9167294125 0.830671875 0.932 0.8257656250000001 0.9285411765625 0.8241250000000001 0.9182117640625 0.825109375 0.9098588234375 0.819875 0.9113176468749999 0.8113906249999999 0.9575764703124999 0.816353125 0.9632941171875 0.8005375000000001 0.97303529375 0.8025625 0.9556235296875 0.7904687499999999 0.9507058828125 0.775109375 0.940847059375 0.763015625 0.9275764703125 0.746671875 0.9187058828125 0.7443906250000001 0.9246117640625 0.7443906250000001 0.9511764703125 0.7479843749999999 0.9629882359374999 0.76890625 0.9925176468749999
8 0.772953125 1 0.76215625 0.9850117640624999 0.7517343750000001 0.96583529375 0.743234375 0.9530588234374999 0.742859375 0.94376470625 0.72934375 0.9391058828125001 0.71390625 0.9455058828125 0.68959375 0.9606117640624999 0.66990625 0.9768705875 0.652921875 0.982682353125 0.643671875 0.9879294125 0.645203125 1 0.772953125 1
8 0.792890625 0.0608705875 0.8018124999999999 0.0467058828125 0.8077500000000001 0.0317882359375 0.806265625 0.0124 0.8018124999999999 0.0027058828125 0.7854687499999999 0 0.77209375 0.020588235937499998 0.772578125 0.043717646875 0.7815000000000001 0.0608705875 0.792890625 0.0608705875
9 0.25421875 0.6927058828125 0.304359375 0.6900941171875 0.307828125 0.6354117640625 0.359703125 0.6197882359375 0.340671875 0.5572941171875 0.26978125 0.596352940625 0.252484375 0.40884705937500004 0.21617187499999999 0.35416470625 0.238640625 0.3567764703125 0.25075 0.2838588234375 0.2455625 0.15884705937500002 0.20406249999999998 0.13021176406249999 0.155640625 0.15884705937500002 0.13315625 0.22136470625000002 0.13315625 0.28644705937500003 0.0570625 0.403647059375 0.093390625 0.601552940625 0.058796875000000005 0.8124941171875 0.15045312500000002 0.90103529375 0.15045312500000002 0.9713647062499999 0.2663125 0.9791764703125001 0.262859375 0.8124941171875 0.25421875 0.6927058828125