8 0.10146875 0.0735159015625 0.10146875 0.078833921875 0.095421875 0.0833745578125 0.079984375 0.09779151875 0.07731249999999999 0.103109540625 0.081328125 0.1266254421875 0.094078125 0.1569787984375 0.10414062500000001 0.1797349828125 0.094078125 0.192632509375 0.091390625 0.19415194375 0.118234375 0.1933922265625 0.13703125 0.19415194375 0.12428125000000001 0.1782155484375 0.14171875 0.1364840984375 0.142390625 0.10159010625 0.12896875000000002 0.086413428125 0.120921875 0.078833921875 0.123609375 0.068957596875 0.128296875 0.05151943437499999 0.12562500000000001 0.046961131249999996 0.094078125 0.0462014140625 0.095421875 0.048480565625 0.094078125 0.0560600703125 0.096765625 0.0666961125 0.099453125 0.0674558296875 0.10146875 0.0735159015625
9 0.8744375 0.9460600703125 0.884375 0.9146113078125 0.8644999999999999 0.894381625 0.818796875 0.8629151937499999 0.804875 0.817985865625 0.804875 0.7662897531249999 0.79096875 0.7123674906249999 0.804875 0.66291519375 0.8168124999999999 0.6044876328125001 0.79096875 0.5955123671875 0.749234375 0.5955123671875 0.705515625 0.613480565625 0.6816718749999999 0.6427031796875 0.69359375 0.7011307421875 0.671734375 0.7370848062500001 0.6617968750000001 0.76853356875 0.67371875 0.8719081265625 0.645890625 0.9280918734375 0.695578125 0.9595583031249999 0.709484375 0.9977561843749999 0.818796875 1 0.886359375 0.9842756187499999 0.8744375 0.9460600703125
9 0.574453125 0.2800883390625 0.5722343750000001 0.3014310953125 0.5666875 0.31146643125 0.571125 0.3252826859375 0.59221875 0.32402826875 0.61553125 0.32151943437499997 0.61553125 0.31272084843750003 0.598890625 0.2989222609375 0.5900000000000001 0.28134275625 0.601109375 0.2486925796875 0.608875 0.229876325 0.622203125 0.20351590156250002 0.618859375 0.1733745578125 0.608875 0.1671024734375 0.591109375 0.16584805625000001 0.5622499999999999 0.1696113078125 0.551140625 0.17964664375 0.5433749999999999 0.1972261484375 0.537828125 0.219823321875 0.55003125 0.22609540625000002 0.5722343750000001 0.2562367484375 0.574453125 0.2800883390625
9 0.39140625 0.23609540624999997 0.397125 0.2276855125 0.40226562499999996 0.21669611249999998 0.41084375 0.20892226093750002 0.43429687499999997 0.207632509375 0.443453125 0.213462896875 0.454890625 0.22056537031249998 0.46060937500000004 0.228339221875 0.46518750000000003 0.2419081265625 0.46576562499999996 0.26779151875 0.472625 0.290424028125 0.48064062500000004 0.29365724375 0.48520312499999996 0.29623674843750003 0.490359375 0.29365724375 0.49207812500000003 0.292367490625 0.49264062500000005 0.28524735 0.49264062500000005 0.2723144875 0.49721875000000004 0.26001766718749997 0.5069375 0.21604240312499998 0.505234375 0.19469964687500002 0.49779687499999997 0.1830565375 0.47204687500000003 0.170123675 0.466328125 0.16171378125 0.466328125 0.1558833921875 0.4691875 0.1474734984375 0.47320312500000006 0.13001766718750002 0.46690624999999997 0.0886219078125 0.44859375 0.06922261406249999 0.42857812500000003 0.0672791515625 0.40570312499999994 0.079575971875 0.400546875 0.092508834375 0.39940625 0.11514134218750001 0.40340625 0.140371025 0.40856250000000005 0.1513604234375 0.41314062500000004 0.1558833921875 0.415421875 0.1642932859375 0.39654687499999997 0.17464664375 0.38625 0.185 0.38453125 0.186289753125 0.3828125 0.2018197875 0.379953125 0.22574204999999997 0.387390625 0.23803886875 0.38796875000000003 0.23803886875 0.39140625 0.23609540624999997
9 0.4610625 0.9813427562499999 0.47696875 0.9813427562499999 0.512734375 0.983586571875 0.5505 0.983586571875 0.5981875 0.983586571875 0.628 0.983586571875 0.651859375 0.983586571875 0.6896093750000001 0.983586571875 0.7035312499999999 0.983586571875 0.70153125 0.9588692578125 0.675703125 0.9476325093750001 0.655828125 0.931890459375 0.645890625 0.900441696875 0.63 0.8622261484375 0.626015625 0.84425795 0.6200625 0.8150353359375 0.610125 0.7880742046875 0.592234375 0.779081271875 0.5763281250000001 0.7745936390625 0.578328125 0.7723498234374999 0.58428125 0.76560070625 0.58428125 0.7274028265625 0.566390625 0.7026855125 0.56440625 0.6667314484375 0.5524843749999999 0.657738515625 0.530625 0.6532508828125 0.51671875 0.6599823328125 0.498828125 0.6667314484375 0.48889062499999997 0.6936925796875 0.49087500000000006 0.7341519437499999 0.49087500000000006 0.7611130734375 0.49087500000000006 0.7880742046875 0.4809375 0.790318021875 0.47298437499999996 0.8172968203125001 0.4610625 0.8375088343750001 0.459078125 0.8599823328125 0.46306250000000004 0.8779681984375 0.471 0.8959363953124999 0.4610625 0.9274028265625001 0.44914062499999996 0.9408833921875001 0.44715625000000003 0.9543639578124999 0.44318749999999996 0.9566254421875 0.44914062499999996 0.9678445234374999 0.4610625 0.9813427562499999
9 0.46306250000000004 0.9887632515625 0.44914062499999996 0.9752826859375 0.43125 0.970795053125 0.411390625 0.966289753125 0.41734375 0.9303356890625001 0.41734375 0.907862190625 0.41734375 0.8966254421875 0.41734375 0.8674204953125001 0.415359375 0.8494346296874999 0.40740625 0.8202296812500001 0.4034375 0.8112367484374999 0.379578125 0.782014134375 0.3835625 0.755053003125 0.385546875 0.7280918734374999 0.379578125 0.7123674906249999 0.373625 0.7011307421875 0.35771875 0.6898939921875 0.34182812500000004 0.6853886921875 0.32990624999999996 0.6831448765625 0.31003125 0.687632509375 0.296109375 0.6966254421875 0.282203125 0.7146113078125 0.278234375 0.734823321875 0.278234375 0.7595583031250001 0.288171875 0.7662897531249999 0.294125 0.78427561875 0.27028125 0.7977561843750001 0.252390625 0.8089929328125001 0.2444375 0.83146643125 0.23650000000000002 0.8561837453125 0.234515625 0.923604240625 0.238484375 0.9595583031249999 0.242453125 0.9752826859375 0.228546875 0.986519434375 0.46306250000000004 0.9887632515625
9 0.21892187500000002 0.3355123671875 0.194796875 0.34871024687499996 0.17921875 0.3601590109375 0.20023437500000002 0.3742402828125 0.21892187500000002 0.38920494687499996 0.220484375 0.40945229687499995 0.22748437500000002 0.42090105937500005 0.229046875 0.4147349828125 0.23371875000000003 0.3980035328125 0.24228125 0.3918551234375 0.246171875 0.3962544171875 0.24771875 0.4024204953125 0.260953125 0.397137809375 0.281203125 0.40328621875000004 0.306890625 0.42793286249999996 0.30843750000000003 0.41561837500000004 0.313890625 0.3821731453125 0.31934375 0.3663250890625 0.321671875 0.3531272078125 0.30843750000000003 0.35224381562499996 0.278859375 0.340795053125 0.27496875 0.33022968124999996 0.2913125 0.310865725 0.30221875 0.30030035312500003 0.30843750000000003 0.2756537109375 0.292875 0.2448586578125 0.27340624999999996 0.2210777390625 0.24228125 0.2184452296875 0.21659375 0.236042403125 0.2126875 0.2554063609375 0.20179687500000001 0.2730212015625 0.21659375 0.295901059375 0.234484375 0.308233215625 0.23526562499999998 0.304699646875 0.23915625000000001 0.3240636046875 0.21892187500000002 0.3355123671875
9 0.3075 0.43180212031250004 0.320046875 0.4414840984375 0.330328125 0.43245582968749996 0.33603125 0.42019434687499996 0.34173437500000003 0.415671378125 0.35390625 0.4111837453125 0.36346875 0.4122791515625 0.376859375 0.4194876328125 0.3864375 0.4266961125 0.3934375 0.43570671406250006 0.39823437500000003 0.44363957656249997 0.398859375 0.44939929375 0.425015625 0.4191166078125 0.434890625 0.413710246875 0.44095312499999995 0.40867491093749997 0.444453125 0.4018197875 0.45242187500000003 0.39316254375000004 0.45082812499999997 0.3765724375 0.44923437499999996 0.3693639578125 0.426546875 0.3569964671875 0.423984375 0.35159010625 0.41315625 0.346890459375 0.39753125 0.3404063609375 0.39815625 0.333586571875 0.409015625 0.3319257953125 0.4178125 0.320318021875 0.42015624999999995 0.307367490625 0.420453125 0.289134275 0.419859375 0.2698939921875 0.416046875 0.2569434625 0.40607812499999996 0.24865724375 0.39668749999999997 0.24234982343749997 0.38846875000000003 0.2406890453125 0.392296875 0.2388692578125 0.3881875 0.22692579531249998 0.37909375 0.22759717343750002 0.369703125 0.23224381562500002 0.364421875 0.2375441703125 0.362078125 0.239876325 0.34768750000000004 0.2421908125 0.340359375 0.24948763281250003 0.34065625 0.25545936406249997 0.346234375 0.255123675 0.350328125 0.255795053125 0.342703125 0.272385159375 0.34359375000000003 0.2883038875 0.34564062500000003 0.29196113125 0.343296875 0.2982508828125 0.348578125 0.309204946875 0.351515625 0.31551236718750003 0.3526875 0.3131802125 0.35543749999999996 0.3304947 0.342875 0.336289753125 0.330328125 0.34597173125 0.320625 0.35759717343749997 0.3075 0.43180212031250004
9 0.419125 0.2599823328125 0.420203125 0.27683745625 0.420203125 0.30574205 0.417 0.31899293281249996 0.408484375 0.332243815625 0.39996875 0.33464664375000003 0.396765625 0.34067137812500004 0.423390625 0.3515017671875 0.42659375 0.3575265015625 0.43723437499999995 0.36475265 0.44575 0.3539222609375 0.466 0.331042403125 0.45640625 0.32501766718749997 0.44362500000000005 0.31779151875 0.450015625 0.3069434625 0.46067187499999995 0.2876855125 0.463859375 0.263604240625 0.468125 0.23950529999999998 0.462796875 0.226272084375 0.44575 0.210618375 0.42126562500000003 0.205795053125 0.40421874999999996 0.2130212015625 0.39249999999999996 0.23950529999999998 0.391046875 0.24047703125000003 0.408484375 0.25035335625 0.419125 0.2599823328125
9 0.539484375 0.2860777390625 0.55940625 0.3020318015625 0.567703125 0.30766784375 0.5743437499999999 0.2879505296875 0.5726875 0.2588692578125 0.55940625 0.238233215625 0.546953125 0.22134275625000002 0.5328593749999999 0.213833921875 0.50546875 0.22321554843750002 0.5013124999999999 0.23540636093749998 0.495515625 0.255123675 0.495515625 0.29171378125 0.497171875 0.2879505296875 0.519578125 0.28233215624999997 0.539484375 0.2860777390625
9 0.20801562499999998 0.5969081265625 0.20253125 0.6186042406250001 0.198421875 0.6356360421875 0.198421875 0.6635159015625 0.1956875 0.6929505296875 0.190203125 0.733233215625 0.18609375 0.8308127203125 0.20801562499999998 0.8354593640625 0.209390625 0.878833921875 0.206640625 0.9082685515625 0.214859375 0.9531978796875 0.23131249999999998 0.9686925796875 0.23542187499999997 0.9516431093750001 0.234046875 0.87109540625 0.23678125 0.8339222609375 0.257328125 0.8044876328124999 0.277875 0.7874558296874999 0.284734375 0.7827915187500001 0.282 0.768851590625 0.276515625 0.748727915625 0.258703125 0.7347879859375 0.258703125 0.728586571875 0.258703125 0.7053533562500001 0.26692187500000003 0.6945053 0.308015625 0.6790106 0.318984375 0.671272084375 0.327203125 0.660424028125 0.336796875 0.6464840984375 0.30665624999999996 0.6244346296875001 0.308015625 0.5702120140625 0.317609375 0.545424028125 0.32034375000000004 0.519098940625 0.324453125 0.5066961125 0.301171875 0.5128975265625 0.29295312500000004 0.5082508828125001 0.310765625 0.4788162546875 0.310765625 0.46022968124999997 0.302546875 0.41840989375 0.2641875 0.3920671375 0.24500000000000002 0.395176678125 0.24089062499999997 0.4075618375 0.234046875 0.42305653750000005 0.22171875000000002 0.4215017671875 0.21212499999999998 0.43699646718749996 0.20390625 0.457137809375 0.206640625 0.480371025 0.21896875 0.4865724375 0.22307812500000002 0.488109540625 0.224453125 0.4943109546875 0.234046875 0.49895759687499996 0.22034375 0.5163604234375 0.206640625 0.5210070671875 0.214859375 0.5535512375 0.214859375 0.5814310953125 0.20801562499999998 0.5969081265625
9 0.12321875 0.9887632515625 0.16096875 0.986519434375 0.157 0.9101060078125001 0.1470625 0.82696113125 0.168921875 0.7775265015625 0.19675 0.6853886921875 0.198734375 0.6269611312500001 0.218609375 0.5483215546875 0.18084375 0.505618375 0.18084375 0.4427031796875 0.149046875 0.36180212031250003 0.071546875 0.41798586562500006 0.065578125 0.5033745578125 0.0496875 0.5168551234375001 0.031796875 0.5572968203124999 0.04371875 0.5820141343749999 0.041734375000000004 0.6696643109375 0.011921875 0.739328621875 0.027828125 0.7775265015625 0.05365625 0.8044876328124999 0.0695625 0.9820141343750001 0.1073125 0.986519434375 0.101359375 0.8202296812500001 0.12321875 0.9887632515625
9 0.49928125 0.5887985859375 0.529203125 0.59524735 0.529203125 0.6162014140625 0.516375 0.645194346875 0.497859375 0.6564840984375 0.46935937499999997 0.6258657249999999 0.46935937499999997 0.6532508828125 0.47220312499999995 0.7064310953125 0.480765625 0.7757067140625 0.487890625 0.7644346296875 0.48503125 0.7177031796875 0.48503125 0.68708480625 0.5064062500000001 0.6613074203125 0.532046875 0.6468021203125 0.55628125 0.6532508828125 0.569109375 0.6693639578125 0.57765625 0.690318021875 0.5833437499999999 0.7225441703125 0.586203125 0.757985865625 0.581921875 0.7773144875 0.59190625 0.7805300359375 0.620390625 0.7966431093749999 0.6389218750000001 0.770865725 0.6346406250000001 0.720918728125 0.614703125 0.6774204953125 0.60615625 0.6419787984374999 0.586203125 0.6307067140625 0.5833437499999999 0.606537103125 0.5975937499999999 0.598480565625 0.620390625 0.5694699640625001 0.614703125 0.53402826875 0.57765625 0.5163074203125 0.57621875 0.49213780937499996 0.587625 0.4486395765625 0.579078125 0.4099646640625 0.533484375 0.3825795046875 0.48931250000000004 0.393851590625 0.483609375 0.4325265015625 0.49215625 0.4679681984375 0.5035624999999999 0.48568904531249996 0.522078125 0.4937455828125 0.47790625000000003 0.5259717312500001 0.452265625 0.5549646640625 0.504984375 0.567862190625 0.51353125 0.5855830390625 0.49928125 0.5887985859375
8 0.24275000000000002 0.143356890625 0.239015625 0.132137809375 0.226625 0.13634275625 0.22537500000000002 0.1510777390625 0.2415 0.2205123671875 0.26196875 0.21980565312499997 0.24521874999999999 0.16229682031249998 0.24275000000000002 0.143356890625
8 0.30798437500000003 0.1393462890625 0.314265625 0.1458127203125 0.31540625 0.15547703125 0.315984375 0.1619434625 0.333109375 0.19291519375 0.33709375 0.1683922265625 0.322828125 0.14452296874999998 0.322828125 0.1380565375 0.311421875 0.136766784375 0.30798437500000003 0.136766784375 0.30798437500000003 0.1393462890625
8 0.435234375 0.18890459375 0.43621875 0.1905653703125 0.43753125 0.1918727921875 0.43753125 0.192614840625 0.43770312499999997 0.19316254375 0.438359375 0.1952120140625 0.43785937500000005 0.1965017671875 0.438359375 0.20132508906250002 0.439015625 0.203356890625 0.439015625 0.2057597171875 0.437375 0.2070671375 0.44000000000000006 0.20780918750000002 0.441625 0.207985865625 0.44343750000000004 0.207985865625 0.44490625 0.207985865625 0.44573437499999996 0.207985865625 0.447703125 0.207985865625 0.44884375 0.207985865625 0.44917187500000005 0.2094699640625 0.45096875000000003 0.2105830390625 0.452453125 0.2130035328125 0.45475000000000004 0.2144699640625 0.45326562499999995 0.211890459375 0.4529375 0.21040636093749998 0.451296875 0.20761484062500002 0.4503125 0.2059540640625 0.44965625 0.203356890625 0.44884375 0.20075971718750002 0.44851562500000003 0.19630742031249998 0.452125 0.193356890625 0.4534375 0.1920494703125 0.45310937500000004 0.1905653703125 0.45146875 0.189452296875 0.4503125 0.1875971734375 0.449 0.1865017671875 0.44818749999999996 0.1853886921875 0.44409375000000006 0.18259717343749998 0.44048437500000004 0.18390459374999998 0.43770312499999997 0.185194346875 0.43621875 0.1863074203125 0.435234375 0.18890459375
8 0.714859375 0.340547703125 0.710703125 0.34522968125000003 0.71371875 0.3520494703125 0.722 0.3550176671875 0.730296875 0.34522968125000003 0.72765625 0.33671378125 0.7265312500000001 0.32097173125 0.7186250000000001 0.3201060078125 0.714859375 0.324805653125 0.714859375 0.340547703125
8 0.550109375 0.1725265015625 0.5489375 0.1801590109375 0.548640625 0.187120140625 0.547765625 0.1974028265625 0.550703125 0.20503533593749998 0.552171875 0.2003886921875 0.5556875 0.17584805625 0.559796875 0.169876325 0.557734375 0.164575971875 0.551578125 0.16621908125 0.54746875 0.16091872812500002 0.545125 0.16621908125 0.546890625 0.1682155484375 0.54953125 0.169204946875 0.550109375 0.1725265015625
8 0.754078125 0.5706890453125 0.75709375 0.5718197875000001 0.758609375 0.5792402828125 0.758609375 0.586643109375 0.759109375 0.5946113078125 0.77675 0.5912014140624999 0.77675 0.579805653125 0.772203125 0.55816254375 0.7696875000000001 0.53708480625 0.7696875000000001 0.525123675 0.77371875 0.5194169609375 0.7696875000000001 0.512014134375 0.7691874999999999 0.5080212015625001 0.77421875 0.501766784375 0.7752343749999999 0.5011837453125 0.776234375 0.4977738515625 0.771203125 0.494929328125 0.76515625 0.49549469999999995 0.761125 0.49549469999999995 0.759109375 0.49436395781250003 0.7520625 0.489805653125 0.742484375 0.4761307421875 0.738453125 0.4710070671875 0.7349218750000001 0.47556537031249996 0.73996875 0.494929328125 0.754078125 0.50574205 0.755078125 0.5114487624999999 0.754078125 0.5131448765625 0.7520625 0.512014134375 0.74803125 0.52340989375 0.74803125 0.543339221875 0.74903125 0.56328621875 0.754078125 0.5706890453125
8 0.666984375 0.560424028125 0.676484375 0.5774204953125001 0.68078125 0.57915194375 0.6881406250000001 0.5708303890625 0.68875 0.5631978796875 0.683234375 0.5469081265625 0.6725 0.5278445234375 0.66975 0.52196113125 0.671890625 0.51572438125 0.671578125 0.510176678125 0.66759375 0.5070494703125 0.663921875 0.5080918734375001 0.6614687499999999 0.5129505296875 0.66178125 0.5209187281250001 0.6633125 0.524381625 0.66975 0.535123675 0.666984375 0.560424028125
9 1 0.6713074203125 0.977140625 0.662120140625 0.9506249999999999 0.658710246875 0.92471875 0.6617667843749999 0.9120781250000001 0.6678975265625 0.90425 0.6747173140625 0.90003125 0.6958303890625 0.8991250000000001 0.6992402828125 0.89159375 0.7169434625 0.888875 0.7200176671875 0.8927968749999999 0.7268197875 0.8939999999999999 0.736024734375 0.8918906249999999 0.744876325 0.874125 0.7530565375 0.87171875 0.7537279156250001 0.8675 0.7557773859375 0.862671875 0.7598586578125001 0.85665625 0.76939929375 0.847015625 0.7806360421874999 0.84490625 0.7881272078125 0.8485156249999999 0.8010777390625 0.85484375 0.8085689046875 0.8510781250000001 0.8267667843750001 0.846859375 0.840053003125 0.8314999999999999 0.8713780921875 0.8550000000000001 0.8921554765625 0.873375 0.9044169609375 0.8766875000000001 0.91328621875 0.87246875 0.9388162546875 0.871265625 0.9480212015625 0.86825 0.9575618374999999 0.867046875 0.9677738515625001 0.867953125 0.9786749109375 0.87065625 0.9871908125 0.87759375 0.989575971875 0.8944531250000001 0.9752650171875 0.9031874999999999 0.9779858656249999 0.91253125 0.9790106 0.921875 0.9745936390625 0.933921875 0.97084805625 0.9486718749999999 0.930300353125 0.9595156250000001 0.9016961125 0.97246875 0.8860247343750001 0.9818125 0.8529858656249999 0.9884375000000001 0.7947526500000001 0.991296875 0.7578268546875 0.9711093749999999 0.7459010593750001 0.97503125 0.742491165625 0.9973124999999999 0.7152473500000001 1 0.71183745625 1 0.69378091875 1 0.6713074203125
9 0.0515625 0.4611307421875 0.0390625 0.47526501718749997 0.0390625 0.485865725 0.0421875 0.4929328625 0.0296875 0.512367490625 0.0296875 0.5229681984375001 0.034375 0.5282685515625001 0.04375 0.5282685515625001 0.053125 0.514134275 0.0664351859375 0.5046459890625 0.16932870312499998 0.453343803125 0.180133928125 0.459111559375 0.18125 0.5070671375 0.2 0.5282685515625001 0.2078125 0.5282685515625001 0.209375 0.5212014140625 0.2203125 0.51766784375 0.2328125 0.5 0.3046875 0.49646643125 0.3078125 0.512367490625 0.3171875 0.508833921875 0.3234375 0.51060070625 0.3203125 0.5194346296875 0.3171875 0.5477031796875 0.309375 0.5671378093749999 0.3078125 0.6254416968750001 0.334375 0.644876325 0.3359375 0.64840989375 0.31875 0.6731448765625 0.309375 0.6802120140625 0.3125 0.6872791515625 0.3328125 0.6837455828125 0.3546875 0.6890459359375 0.3734375 0.701413428125 0.3765625 0.7067137812500001 0.384375 0.726148409375 0.38125 0.784452296875 0.403125 0.8109540640624999 0.40625 0.8180212015625001 0.415625 0.853356890625 0.421875 0.9204947000000001 0.4265625 0.9310954062500001 0.4328125 0.9381625437500001 0.440625 0.9416961125000001 0.4484375 0.9416961125000001 0.4609375 0.9275618375000001 0.4703125 0.8992932859374999 0.459375 0.8621908125 0.4609375 0.8392226140625001 0.4734375 0.8162544171875 0.48125 0.7915194343749999 0.484375 0.78975265 0.48125 0.775618375 0.484375 0.77208480625 0.4796875 0.7685512375 0.4734375 0.7173144875 0.4703125 0.6713780921875 0.4703125 0.644876325 0.478125 0.636042403125 0.4984375 0.657243815625 0.5171875 0.644876325 0.528125 0.6201413421875 0.528125 0.6113074203125 0.584375 0.6060070671875 0.5859375 0.6289752656250001 0.5875 0.632508834375 0.60625 0.643109540625 0.615625 0.6802120140625 0.634375 0.72084805625 0.6375 0.7544169609375 0.6359375 0.775618375 0.6203125 0.7968197875 0.6203125 0.8180212015625001 0.6296875 0.8621908125 0.6515625 0.9169611312500001 0.6734375 0.87279151875 0.6625 0.775618375 0.665625 0.7420494703125 0.6703125 0.7420494703125 0.6921875 0.7049469968750001 0.7921875 0.7173144875 0.8046875 0.7667844515625 0.80625 0.8233215546875 0.81875 0.863957596875 0.83125 0.8710247343749999 0.846875 0.8409894 0.8546875 0.8109540640624999 0.846875 0.7968197875 0.8453125 0.787985865625 0.8484375 0.77915194375 0.8671875 0.7561837453125 0.8859375 0.7491166078125 0.8921875 0.7438162546875 0.89375 0.7349823328125 0.890625 0.719081271875 0.8984375 0.701413428125 0.9046875 0.6749116609375 0.9234375 0.6625441703125 0.9390625 0.6607773859375 0.9421875 0.6519434625 0.9484375 0.644876325 0.9515625 0.63427561875 0.95 0.6148409890625001 0.953125 0.5618374562499999 0.9625 0.512367490625 0.9625 0.48939929375 0.96875 0.4805653703125 0.96875 0.4699646640625 0.9625 0.4575971734375 0.9625 0.415194346875 0.9546875 0.3904593640625 0.9484375 0.3798586578125 0.9390625 0.374558303125 0.9265625 0.360424028125 0.9046875 0.349823321875 0.9046875 0.3180212015625 0.89375 0.2579505296875 0.88125 0.24204947031250001 0.878125 0.2314487625 0.8734375 0.224381625 0.8625 0.21731448750000001 0.840625 0.21731448750000001 0.821875 0.222614840625 0.8125 0.23321554843749998 0.803125 0.26325088281250003 0.803125 0.3162544171875 0.79375 0.3215547703125 0.784375 0.31095406406250004 0.778125 0.30742049531250004 0.7703125 0.30742049531250004 0.7671875 0.2667844515625 0.7671875 0.21378091875 0.759375 0.1961130734375 0.7484375 0.18904593593750002 0.73125 0.18904593593750002 0.7125 0.1943462890625 0.69375 0.212014134375 0.67890625 0.24028268593750002 0.671875 0.23674911718749997 0.6671875 0.215547703125 0.65625 0.2031802125 0.65 0.19964664375000002 0.621875 0.19964664375000002 0.60625 0.1678445234375 0.603125 0.150176678125 0.5984375 0.143109540625 0.5875 0.136042403125 0.5859375 0.088339221875 0.58125 0.0583038875 0.575 0.0477031796875 0.5640625 0.0406360421875 0.5484375 0.0406360421875 0.53125 0.0477031796875 0.521875 0.056537103125 0.5171875 0.067137809375 0.5171875 0.084805653125 0.5203125 0.0954063609375 0.515625 0.1060070671875 0.515625 0.12367491093750001 0.5203125 0.13780918749999999 0.5078125 0.14840989375 0.4921875 0.1519434625 0.48125 0.1696113078125 0.4828125 0.17667844531250002 0.4953125 0.1819787984375 0.5015625 0.18904593593750002 0.5046875 0.1943462890625 0.49991319375 0.199810234375 0.3875 0.1519434625 0.3765625 0.13780918749999999 0.3703125 0.13427561875 0.3625 0.13427561875 0.35625 0.12367491093750001 0.3484375 0.11837455781249999 0.3515625 0.1042402828125 0.353125 0.065371025 0.34375 0.0300353359375 0.3375 0.0194346296875 0.328125 0.012367490625 0.321875 0.008833921875000001 0.30625 0.008833921875000001 0.2984375 0.012367490625 0.2796875 0.035335689062499995 0.2734375 0.0477031796875 0.2703125 0.0477031796875 0.2671875 0.0335689046875 0.2578125 0.0229681984375 0.25 0.0229681984375 0.24375 0.014134274999999998 0.21875 0.012367490625 0.2125 0.0194346296875 0.1984375 0.0194346296875 0.1890625 0.035335689062499995 0.1890625 0.056537103125 0.1921875 0.077738515625 0.2015625 0.0901060078125 0.2 0.1095406359375 0.1921875 0.12190812656250001 0.190625 0.128975265625 0.1765625 0.13957597187499998 0.1703125 0.13957597187499998 0.159375 0.1519434625 0.159375 0.19964664375000002 0.1640625 0.204946996875 0.1734375 0.204946996875 0.1765625 0.20141342812500002 0.18125 0.20141342812500002 0.178125 0.208480565625 0.178125 0.22084805625 0.18125 0.22791519375 0.18125 0.23939929375000002 0.1833705359375 0.2409136796875 0.1796875 0.2508833921875 0.1734375 0.2508833921875 0.1609375 0.23674911718749997 0.13125 0.24028268593750002 0.121875 0.2526501765625 0.1140625 0.27208480625 0.1 0.287985865625 0.1 0.298586571875 0.1109375 0.3180212015625 0.115625 0.3233215546875 0.121875 0.3233215546875 0.125 0.3268551234375 0.121875 0.3321554765625 0.1234375 0.346289753125 0.0484375 0.3886925796875 0.0375 0.4063604234375 0.0375 0.42402826875 0.0421875 0.43462897500000003 0.0515625 0.443462896875 0.0515625 0.4611307421875