8 0.253578125 0.178468084375 0.242046875 0.1874468078125 0.177828125 0.24125531875 0.14490625 0.27040425468749996 0.14325000000000002 0.3466382984375 0.13995312499999998 0.3668085109375 0.16795312499999998 0.3825106390625 0.182765625 0.337659575 0.22557812500000002 0.313 0.242046875 0.304042553125 0.230515625 0.256957446875 0.25028125 0.2502340421875 0.27332812500000003 0.22780851093750001 0.299671875 0.23227659531249997 0.31120312499999997 0.24125531875 0.306265625 0.2861063828125 0.306265625 0.313 0.32601562500000003 0.40268085156250005 0.332609375 0.4363191484375 0.33590624999999996 0.4363191484375 0.31284375 0.2950638296875 0.34578125000000004 0.277127659375 0.36225 0.2434893609375 0.390234375 0.23227659531249997 0.411640625 0.252468084375 0.43140625000000005 0.25470212812500004 0.437984375 0.22331914843749998 0.437984375 0.20761702187500003 0.4248125 0.1964042546875 0.413296875 0.1874468078125 0.40670312500000005 0.1851914890625 0.3671875 0.158297871875 0.31120312499999997 0.160531915625 0.29309375000000004 0.160531915625 0.253578125 0.178468084375
8 0.410921875 0.18614893593749998 0.43732812499999996 0.20636170156250003 0.43071875000000004 0.2490638296875 0.4769375 0.29625531875 0.46703124999999995 0.2535531921875 0.5148906249999999 0.24008510625 0.539640625 0.2468085109375 0.53634375 0.294 0.574296875 0.29851063906249997 0.5759531250000001 0.2288297875 0.59575 0.20636170156250003 0.63040625 0.2198510640625 0.643609375 0.271531915625 0.684859375 0.23108510624999998 0.6815625 0.197382978125 0.6271093750000001 0.16591489375 0.5610937500000001 0.129957446875 0.4769375 0.1479361703125 0.410921875 0.18614893593749998
9 0.187234375 0.5391063828125 0.19085742187500002 0.5939468078125001 0.1923854171875 0.60229078125 0.19158203125 0.60491489375 0.193671875 0.61457446875 0.192306640625 0.6158829781249999 0.19303125000000002 0.6268510640625 0.19431640625 0.6277340421875001 0.193755859375 0.6378191484375 0.19496093750000001 0.6408936171875 0.19448046875 0.6487872343750001 0.198828125 0.7145957453125 0.19109375 0.73391489375 0.197546875 0.749702128125 0.214296875 0.7479361703125 0.23620312499999999 0.7409148937500001 0.271 0.7514468078125 0.30321875 0.7865531921875 0.327703125 0.802340425 0.341890625 0.8146382984375 0.349609375 0.808487234375 0.349609375 0.8198936171875 0.37796875 0.8005957453124999 0.392140625 0.8058510640625001 0.40503125000000006 0.7935744687499999 0.41662499999999997 0.7707659578125 0.43339062500000003 0.7532127656250001 0.424359375 0.7321489359375 0.42565625 0.719872340625 0.441109375 0.7145957453125 0.443546875 0.6631182046874999 0.45142187500000003 0.663702128125 0.466890625 0.5619361703125 0.4643125 0.5531489359374999 0.461734375 0.5355957453125 0.44498437500000004 0.5145531921875001 0.43724999999999997 0.49874468125 0.424359375 0.4794468078125 0.40632812500000004 0.4618936171875 0.363796875 0.4671702125 0.34575 0.4759361703125 0.329 0.45663829843750003 0.321265625 0.454872340625 0.31353125 0.43908510625 0.305796875 0.4127659578125 0.2980625 0.363617021875 0.30321875 0.33729787187500004 0.30321875 0.33027659531250003 0.30709375 0.30572340468750003 0.308375 0.2776382984375 0.30451562499999996 0.2355106390625 0.300640625 0.23376595781249998 0.290328125 0.21972340468749998 0.26971875 0.21972340468749998 0.2606875 0.22674468124999997 0.2375 0.2495531921875 0.23234375 0.284659575 0.241359375 0.3004468078125 0.23362500000000003 0.307468084375 0.207859375 0.318 0.193671875 0.3267659578125 0.183375 0.33729787187500004 0.1730625 0.37063829843749996 0.170484375 0.3943297875 0.16790624999999998 0.4180212765625 0.171765625 0.454872340625 0.17434375 0.5040212765625001 0.187234375 0.5391063828125
9 0.407484375 0.3309787234375 0.39671875 0.32023404218749996 0.41039062499999995 0.291468084375 0.40690625 0.24936170156249998 0.39128124999999997 0.22978723437499998 0.370859375 0.225340425 0.349296875 0.23414893593750002 0.33853125 0.25859574531249996 0.33709375 0.2918510640625 0.33996875000000004 0.3124042546875 0.311953125 0.3163191484375 0.303328125 0.32608510625 0.29757812499999997 0.3622765953125 0.298296875 0.40336170156250006 0.300453125 0.43661702187499996 0.298296875 0.465 0.32271875 0.4786808515625 0.34785937499999997 0.481617021875 0.368703125 0.47378723437500003 0.38665625000000003 0.4728085109375 0.40173437500000003 0.469872340625 0.423296875 0.4845531921875 0.44125 0.5011914890625 0.44628125 0.45814893593750006 0.4426875 0.40531914843749994 0.43909374999999995 0.35153191562499997 0.407484375 0.3309787234375
9 0.471515625 0.29917021250000003 0.43703125 0.34855319218749997 0.44310937499999997 0.422872340625 0.44305125 0.433822128125 0.4445677078125 0.43478014218750005 0.442993125 0.44477191562499996 0.44602604218749997 0.4466879421875 0.442935 0.45572170156249997 0.447484375 0.4585957453125 0.44287687499999995 0.4666714890625 0.4489375 0.47048936093749993 0.44281875 0.4776212765625 0.44602604218749997 0.4830496453125 0.442760625 0.48857106406249995 0.44270250000000005 0.49952085156250003 0.44020312500000003 0.5081702124999999 0.447484375 0.5161063828125 0.44258625 0.521420425 0.44165625000000003 0.6966170218750001 0.438734375 0.736297871875 0.44020312500000003 0.7462127656249999 0.44020312500000003 0.7799361703125001 0.471890625 0.7812340421874999 0.5156875000000001 0.789531915625 0.5248125 0.785382978125 0.59840625 0.785382978125 0.648890625 0.787872340625 0.67078125 0.792 0.689640625 0.7928297875 0.689640625 0.740659575 0.7790468749999999 0.7348510640625 0.78796875 0.7326453890625 0.78771484375 0.72367553125 0.796078125 0.7257446812499999 0.796890625 0.7304397171875 0.8058125 0.7282340421875 0.7091093749999999 0.7017234046875 0.692078125 0.6942765953125 0.6835625000000001 0.6934468078125 0.477359375 0.6975957453125 0.46910080625 0.6621262875 0.69803125 0.651 0.7067812499999999 0.6331489359375 0.7038593750000001 0.5895106390625 0.680546875 0.58157446875 0.651421875 0.587531915625 0.624546875 0.524382978125 0.578015625 0.4831489359375 0.580609375 0.46719148906249997 0.57359375 0.46063829843750004 0.547375 0.4495957453125 0.54553125 0.44355319218749995 0.54146875 0.44757446874999995 0.538875 0.43248936093749996 0.53296875 0.4299787234375 0.528171875 0.42091489375 0.528546875 0.412382978125 0.534453125 0.4068085109375 0.5348124999999999 0.389702128125 0.5315000000000001 0.381659575 0.532609375 0.3781489359375 0.546640625 0.38065957500000003 0.5546562500000001 0.3967234046875 0.5626171875 0.40274468125 0.5681763390625 0.397410334375 0.553765625 0.3292765953125 0.532546875 0.3136382984375 0.5405 0.288340425 0.5405 0.24257446875 0.536078125 0.2136808515625 0.523703125 0.192 0.512203125 0.1823617015625 0.474171875 0.204042553125 0.46621875 0.2329361703125 0.46621875 0.27027659531250003 0.47240624999999997 0.28593617031249996 0.471515625 0.29917021250000003
9 0.0008281250000000001 0.42776595781250004 0.0095364578125 0.4282624109375 0.00191796875 0.44000000000000006 0.005187499999999999 0.476702128125 0.028046875 0.48410638281249996 0.034578125 0.47817021249999997 0.069421875 0.4915106390625 0.08575 0.495957446875 0.089015625 0.4648297875 0.0875729171875 0.425787234375 0.105359375 0.42776595781250004 0.1115260421875 0.4050354609375 0.10970312499999998 0.4025531921875 0.11460937499999999 0.3936702125 0.1132421875 0.3918085109375 0.1176927078125 0.3823049640625 0.11678124999999999 0.3810638296875 0.123859375 0.35957446875 0.124953125 0.3180638296875 0.103171875 0.2646808515625 0.11079687499999999 0.23946808437499997 0.12168749999999999 0.1742340421875 0.116234375 0.1045531921875 0.0803125 0.0793617015625 0.08684375 0 0.01934375 0.0037446812500000004 0.003 0.03042553125 0.01715625 0.063042553125 0 0.076382978125 0.001921875 0.40404255312500004 0.0008281250000000001 0.42776595781250004
9 0.606125 0.0989361703125 0.606125 0.109212765625 0.6153593749999999 0.11257446874999999 0.620390625 0.10572340468750001 0.626671875 0.10287234062499999 0.632125 0.10457446875000001 0.6384218749999999 0.11200000000000002 0.650578125 0.1142765953125 0.65728125 0.1142765953125 0.658953125 0.11257446874999999 0.657703125 0.0885957453125 0.645125 0.062042553125 0.6541406249999999 0.0625 0.6553102671875 0.0658936171875 0.66315625 0.062957446875 0.65140625 0.016829787500000002 0.644703125 0.013978723437500002 0.632546875 0 0.6208125 0.0008510640625 0.616609375 0.025957446875 0.61284375 0.0368085109375 0.6090625000000001 0.060212765625 0.636109375 0.06158510625 0.639618303125 0.0717659578125 0.608234375 0.0835106390625 0.606125 0.0989361703125
9 0.742625 0.5910212765625 0.73271875 0.5348297875 0.693125 0.4898936171875 0.701375 0.44719148906250006 0.7063125 0.3820212765625 0.688171875 0.34157446875 0.643609375 0.2966382984375 0.6403125000000001 0.22023404218749998 0.6320625 0.1865106390625 0.6072968750000001 0.17753191562499998 0.582546875 0.1842765953125 0.5610937500000001 0.23370212812500002 0.5643906249999999 0.3191063828125 0.5511874999999999 0.33708510625 0.572640625 0.41797872343750003 0.537984375 0.3820212765625 0.5330468749999999 0.3955106390625 0.5511874999999999 0.4561702125 0.58584375 0.498872340625 0.6271093750000001 0.530340425 0.653515625 0.5910212765625 0.6650625 0.5842765953125 0.7046718750000001 0.5955106390625 0.7063125 0.6561702125 0.73271875 0.6516808515625 0.737671875 0.6404468078125001 0.742625 0.6202340421875 0.742625 0.5910212765625
9 0.8276875 0.374702128125 0.8403541671875001 0.3888156015625 0.8505820312499999 0.3861808515625 0.8466875 0.395872340625 0.8500419921875 0.39684308437500004 0.848421875 0.42882978749999995 0.860515625 0.49000000000000005 0.8708828125 0.4911808515625 0.88125 0.4805957453125 0.88125 0.49236170156250003 0.8898906249999999 0.4476382984375 0.921 0.4523617015625 0.941734375 0.45 0.9400000000000001 0.485297871875 0.9641875000000001 0.4970638296875 0.98665625 0.4994042546875 0.9711093749999999 0.4617659578125 0.972828125 0.433531915625 0.9720397734375 0.412787234375 0.9883749999999999 0.4123617015625 0.9935625 0.3888297875 0.9797499999999999 0.3394042546875 0.9780156249999999 0.3229361703125 0.9451875 0.275872340625 0.938265625 0.134702128125 0.9158125 0.1182340421875 0.9106249999999999 0.0994042546875 0.9348124999999999 0.064127659375 0.92790625 0.0405957453125 0.90025 0.0005957453125 0.8743437500000001 0.005297871875 0.867421875 0.033531915625 0.85878125 0.0429468078125 0.8570625 0.059404254687500005 0.8501406250000001 0.052361701562499995 0.8613828124999999 0.06999999999999999 0.8657031249999999 0.0805957453125 0.8651630859375 0.09830053125 0.8585446421875 0.0930182359375 0.81559375 0.12529787187500002 0.7879375 0.19823404218750001 0.78577734375 0.20940957500000001 0.779296875 0.2429361703125 0.813859375 0.3017659578125 0.831140625 0.313531915625 0.8276875 0.374702128125
9 0.278890625 0.1595531921875 0.278890625 0.15055319218750002 0.270640625 0.12359574531249999 0.2525 0.0831489359375 0.25579687500000003 0.0516808515625 0.2525 0.0134893609375 0.231046875 0 0.19143749999999998 0.0134893609375 0.18648437499999998 0.031468084375 0.18812500000000001 0.06291489375 0.15346875 0.114617021875 0.13696875 0.13931914843749998 0.12871875 0.164042553125 0.107265625 0.22695744687500002 0.10892187499999999 0.278659575 0.125421875 0.298872340625 0.14028125 0.34157446875 0.176578125 0.26291489375 0.22609374999999998 0.2089787234375 0.278890625 0.1595531921875
8 0.9967656249999999 0.5191063828125 1 0.41797872343750003 0.69971875 0.41572340468749996 0.7046718750000001 0.507872340625 0.70796875 0.5235957453125 0.9703593749999999 0.5168510640624999 0.9967656249999999 0.5191063828125
8 0.8243750000000001 0.34802127656250004 0.69578125 0.3567659578125 0.70221875 0.40578723437499997 0.839796875 0.4075531921875 0.8243750000000001 0.34802127656250004
8 0.6913437499999999 0.3380638296875 0.6991847421874999 0.3382302875 0.6989375 0.355 0.8239375000000001 0.355 0.8167996328125 0.340727159375 0.816986328125 0.3380328015625 0.824640625 0.3408936171875 0.9755078125000001 0.297627659375 0.983671875 0.29825531875 0.979328125 0.347468084375 0.983484375 0.3606382984375 0.999359375 0.362531915625 0.998671875 0.3455957453125 0.9827734375 0.3368120578125 0.9931093750000001 0.304843971875 0.9918359375 0.29888297812500003 1 0.29951063906250003 0.9965546875 0.2941879421875 1 0.283531915625 0.9673437500000001 0.29700000000000004 0.9510156249999999 0.29574468125000003 0.937890625 0.280702128125 0.8072435656250001 0.2736332921875 0.8059843750000001 0.2830638296875 0.7990781250000001 0.2731914890625 0.7971321015624999 0.29259381093750003 0.7183394890625 0.2908820109375 0.71748046875 0.3008421984375 0.7104602265625 0.29071083125 0.709826171875 0.29798138281250003 0.7025809656249999 0.2905396515625 0.702171875 0.29512056875 0.6947017046874999 0.29036847187500003 0.68686328125 0.2893989359375 0.6409374999999999 0.27223404218749997 0.639546875 0.2891702125 0.68682244375 0.2901972921875 0.6945175781249999 0.2922597515625 0.6913437499999999 0.3380638296875
8 0.8257656250000001 0.33291489375 0.81678125 0.301468084375 0.65128125 0.2979787234375 0.64871875 0.308468084375 0.69746875 0.33991489375 0.8257656250000001 0.33291489375
8 0.643609375 0.2561702125 0.7772812499999999 0.2606808515625 0.78028125 0.20448936093749998 0.677015625 0.20242553124999998 0.643609375 0.2561702125
8 0.7073125 0.212212765625 0.715140625 0.21008510625 0.718265625 0.1845106390625 0.78790625 0.1834468078125 0.7949375 0.16534042499999999 0.7933749999999999 0.163212765625 0.624375 0.16 0.629078125 0.1610638296875 0.6642812499999999 0.178127659375 0.698703125 0.18131914843750002 0.70809375 0.18982978749999999 0.7073125 0.212212765625
8 0.8119375 0.622468084375 0.9967656249999999 0.626957446875 0.995125 0.521340425 0.722828125 0.5235957453125 0.734375 0.5438297875 0.7409687500000001 0.564042553125 0.7409687500000001 0.5820212765624999 0.737671875 0.6179787234375 0.782234375 0.629212765625 0.782234375 0.6561702125 0.800390625 0.65842553125 0.8119375 0.622468084375
8 0.011546875 0.638212765625 0.092421875 0.638212765625 0.11056250000000001 0.6651702125 0.10067187500000001 0.6247234046875 0.11221874999999999 0.6112340421875 0.141921875 0.6022553187499999 0.194734375 0.6202340421875 0.18648437499999998 0.5955106390625 0.166671875 0.5797659578125 0.16503125000000002 0.5595531921875 0.16007812500000002 0.5483191484375001 0.155125 0.5191063828125 0.00825 0.5235957453125 0.003296875 0.629212765625 0.003296875 0.6651702125 0.003296875 0.6808936171875 0.004953125 0.6741489359374999 0.011546875 0.638212765625
8 0.38946875 0.166297871875 0.41256250000000005 0.1887659578125 0.45053124999999994 0.15506382968750002 0.45878125000000003 0.15055319218750002 0.28054687500000003 0.13708510625 0.28384375 0.1438297875 0.28054687500000003 0.1438297875 0.2855 0.173042553125 0.31190625 0.164042553125 0.3465625 0.164042553125 0.38946875 0.166297871875
8 0.818984375 0.12208510624999999 0.515265625 0.10614893593750001 0.516109375 0.1249361703125 0.806015625 0.1431702125 0.818984375 0.12208510624999999
8 0.262046875 0.36072340468749997 0.267265625 0.3794042546875 0.27675 0.4043191484375 0.28328125000000004 0.38208510625000003 0.2725 0.36651063906250003 0.274453125 0.3562765953125 0.27151562500000004 0.339382978125 0.267921875 0.343382978125 0.262703125 0.351382978125 0.26040625 0.349617021875 0.256484375 0.346042553125 0.25584375000000004 0.34872340468749996 0.262046875 0.36072340468749997
9 0.34328125 0.099872340625 0.344609375 0.1439787234375 0.3736875 0.144872340625 0.3783125 0.1196808515625 0.388234375 0.0809787234375 0.38228125 0.046765957812499995 0.367734375 0.0017659578124999999 0.261328125 0 0.25934375 0.011659575 0.27718750000000003 0.024255318749999998 0.2910625 0.0773617015625 0.29503124999999997 0.0980638296875 0.279828125 0.1277659578125 0.28907812499999996 0.1439787234375 0.29965625 0.1376808515625 0.34328125 0.099872340625
9 0.079828125 0.041382978125 0.079296875 0.0569787234375 0.076171875 0.0704468078125 0.076171875 0.073297871875 0.11574999999999999 0.1051914890625 0.119921875 0.13072340468750002 0.129296875 0.1300212765625 0.133453125 0.10874468125 0.12825 0.06904255312499999 0.131375 0.0428085109375 0.121484375 0.021531915625000002 0.125125 0.0115957453125 0.126171875 0.00025531874999999997 0.079828125 0.00025531874999999997 0.079828125 0.009468084375 0.088671875 0.0194042546875 0.080859375 0.0271914890625 0.079828125 0.041382978125
8 0.513535378125 0.06312404687499999 0.513109375 0.070127659375 0.913671875 0.10129787187499999 0.995703125 0.10908510625000001 0.997609375 0.0935106390625 0.913671875 0.0831063828125 0.87444280625 0.0811473296875 0.8698124999999999 0.07791489375 0.8665969921875 0.08075551875 0.8618982718750001 0.077583521875 0.8587511796875 0.08036370781249999 0.8539840421875 0.07725215156250001 0.850905365625 0.0799718984375 0.8460698140625 0.076920778125 0.8430595515625001 0.0795800890625 0.838155584375 0.07658940625 0.8352137374999999 0.079188278125 0.83024135625 0.0762580359375 0.8273679250000001 0.07879646875 0.822327128125 0.07592666406250001 0.8195221109374999 0.0784046578125 0.8144128984375 0.0755952921875 0.8116762968750001 0.078012846875 0.8064986703124999 0.075263921875 0.8038304828125 0.0776210359375 0.7985844421875 0.0749325484375 0.7959846703125 0.077229225 0.7906702125 0.07460117656250001 0.78813885625 0.076837415625 0.7827559843749999 0.07426980625 0.7802930421875 0.0764456046875 0.7748417546875 0.073938434375 0.772447228125 0.07605379375 0.7669275265625 0.0736070609375 0.764601415625 0.0756619828125 0.7590132984375 0.07327568906250001 0.7567556015625 0.075270171875 0.75109906875 0.07294431875 0.7489097874999999 0.0748783609375 0.743184840625 0.072612946875 0.7410639734375 0.0744865515625 0.7352706109375 0.072281575 0.7332181609374999 0.074094740625 0.7273563828125 0.07195020468749999 0.725372346875 0.0737029296875 0.7194421546875 0.07161883125 0.7175265328125 0.07331111875 0.7115279250000001 0.071287459375 0.7096807187499999 0.0729193078125 0.703613696875 0.0709560890625 0.70183490625 0.0725275 0.69569946875 0.07062471718749999 0.6939890921874999 0.0721356890625 0.6877852390625 0.0702933453125 0.686143278125 0.07174387812500001 0.6798710109375 0.069961975 0.6782974640625 0.07135206875 0.67195678125 0.0696306015625 0.6704516515625001 0.07096025781250001 0.664042553125 0.06929922968749999 0.6626058375 0.070568446875 0.656128325 0.068967859375 0.6547600234375001 0.0701766359375 0.6482140953125 0.0686364875 0.646914209375 0.069784825 0.6402998671875 0.068305115625 0.639068396875 0.069393015625 0.5690718078125 0.0653227703125 0.5679704484375 0.073290934375 0.5611575796875 0.0649913984375 0.5601331515625 0.0728390390625 0.5532433515624999 0.064660028125 0.55229585625 0.0723871421875 0.5453291218749999 0.0643286546875 0.544458559375 0.07193524531249999 0.5366212640625 0.07148334843750001 0.5374148937500001 0.0639972828125 0.529500665625 0.0636659125 0.5287839671875 0.071031453125 0.5215864359375 0.063334540625 0.520946671875 0.0705795546875 0.5136722078125 0.06300316875 0.49784375000000003 0.062340425 0.5054765625 0.0662340421875 0.5056895640625 0.0627322359375 0.513535378125 0.06312404687499999
8 1 0.173297871875 0.939703125 0.169872340625 0.9371875 0.1921489359375 1 0.193872340625 1 0.173297871875