8 0.46703124999999995 0.3947775171875 0.45376562500000006 0.3136065578125 0.44437499999999996 0.28213114687499996 0.43276562500000004 0.28709601875 0.44215625000000003 0.29124121718749996 0.436625 0.30615925 0.442703125 0.348384075 0.451546875 0.416299765625 0.46265625000000005 0.430468384375 0.469140625 0.4142622953125 0.46703124999999995 0.3947775171875
8 0.58459375 0.370140515625 0.5880468750000001 0.373372365625 0.60875 0.4115456671875 0.6251562500000001 0.44323185 0.623859375 0.428992975 0.63378125 0.428992975 0.63378125 0.4154332546875 0.632921875 0.4147775171875 0.6005625 0.36562060937499996 0.58459375 0.370140515625
8 0.777703125 0.33871194375 0.778265625 0.35063231875 0.781390625 0.3651053859375 0.80696875 0.421311475 0.817765625 0.425995315625 0.8222968749999999 0.401311475 0.7885 0.33189695625 0.792765625 0.3263700234375 0.790484375 0.3225292734375 0.783953125 0.3250819671875 0.7796875 0.3297658078125 0.777703125 0.3348946140625 0.777703125 0.33871194375
8 0.31746875 0.47185011718750003 0.319203125 0.46927400468749997 0.32403125 0.4602107734375 0.33023437499999997 0.4516861828125 0.3336875 0.43978922656249997 0.3364375 0.429203746875 0.32746875000000003 0.42402810312500006 0.326953125 0.417564403125 0.31815625000000003 0.4105854796875 0.317296875 0.41292739999999994 0.32246874999999997 0.41885245937500004 0.3200625 0.42145199062499994 0.320578125 0.42402810312500006 0.3250625 0.42428571406250004 0.323859375 0.43255269375000005 0.31609375 0.444964871875 0.30540625 0.45583138125 0.30643750000000003 0.4731381734375 0.30643750000000003 0.47391100625 0.31575000000000003 0.47442622968750003 0.31746875 0.47185011718750003
8 0.8852343749999999 0.2474941453125 0.8872187500000001 0.24962529218750001 0.8946093749999999 0.249203746875 0.8946093749999999 0.24836065624999998 0.892328125 0.2449414515625 0.892328125 0.2402576109375 0.8804062500000001 0.2402576109375 0.88125 0.249203746875 0.881828125 0.2487822015625 0.8852343749999999 0.2474941453125
9 0.1925625 0.3570491796875 0.175984375 0.358688525 0.15553125 0.371124121875 0.126796875 0.40423887656249996 0.0914375 0.44730679218749997 0.08646875000000001 0.486252928125 0.10801562499999999 0.507775175 0.1229375 0.5152224828125 0.142828125 0.5152224828125 0.14060937499999998 0.5334660421875 0.127359375 0.5558079625000001 0.13121875 0.5674238875000001 0.127359375 0.5781733015625 0.158859375 0.616276346875 0.172109375 0.611311475 0.16493750000000001 0.5922716625 0.17321875 0.5864637 0.164375 0.5665807968750001 0.226828125 0.4837704921875 0.224609375 0.4655503515625 0.21576562500000002 0.45477751718750004 0.21742187500000001 0.4489695546875 0.219078125 0.4407025765625 0.222953125 0.4423419203125 0.28096875 0.4771428578125 0.290375 0.482107728125 0.30253125000000003 0.4870726 0.30529687499999997 0.47962529218750005 0.29146875 0.458079625 0.28650000000000003 0.4589227171875 0.278765625 0.449812646875 0.2660625 0.439859484375 0.238421875 0.4117096015625 0.22515625 0.39512880625 0.23345312499999998 0.3868618265625 0.247265625 0.35538641718749997 0.2445 0.340468384375 0.21190625000000002 0.3164637 0.219078125 0.32224824375 0.196421875 0.32391100625 0.1925625 0.3570491796875
9 0.340484375 0.38997658125 0.3435 0.378992975 0.3435 0.3699531609375 0.33703125 0.36414519843750004 0.32628124999999997 0.3648009375 0.32153125 0.3699531609375 0.315078125 0.38159250624999996 0.311640625 0.39255269375 0.306890625 0.3944964875 0.295265625 0.39255269375 0.291828125 0.38351288125 0.29312499999999997 0.3731850109375 0.303890625 0.35641686250000004 0.3120625 0.3473770484375 0.324984375 0.3396252921875 0.322828125 0.3383372359375 0.31809375 0.3338173296875 0.323265625 0.3254332546875 0.317234375 0.3222014046875 0.30990625 0.3248009375 0.3043125 0.3338173296875 0.29700000000000004 0.34672131093749997 0.284078125 0.3570491796875 0.27546875000000004 0.3680327875 0.270296875 0.3848009375 0.279765625 0.43515222500000006 0.279765625 0.45128805625 0.293546875 0.458384075 0.305609375 0.481615925 0.303453125 0.4874238875 0.29828125 0.48676814999999996 0.28064062500000003 0.47901639375 0.278484375 0.5106557375 0.27718750000000003 0.5377517562499999 0.276765625 0.57517564375 0.266859375 0.57325526875 0.25910937500000003 0.5700234187500001 0.253078125 0.5725995312500001 0.24748437499999998 0.58421545625 0.241453125 0.597775175 0.23628125 0.6132552687499999 0.241890625 0.61906323125 0.25006249999999997 0.61259953125 0.25651562499999997 0.6087353625 0.27159374999999997 0.60744730625 0.28321874999999996 0.61259953125 0.29484374999999996 0.61259953125 0.3004375 0.60487119375 0.309046875 0.5796955500000001 0.3159375 0.5629274 0.324125 0.571311475 0.32928125 0.58355971875 0.334453125 0.597775175 0.342203125 0.6035831375 0.352109375 0.61002341875 0.35684375 0.6042154562500001 0.361578125 0.5855035125 0.346078125 0.5351756437499999 0.34178125000000004 0.50676815 0.338765625 0.48290398124999995 0.340484375 0.46548009375 0.35125 0.48224824374999997 0.357703125 0.50032786875 0.36890625 0.52098360625 0.36890625 0.53128805625 0.371046875 0.53709601875 0.37665625 0.5474238875 0.381390625 0.548079625 0.385265625 0.5306557375 0.385265625 0.5287119437500001 0.38353125 0.5164637 0.378375 0.5041920375 0.36890625 0.48353630000000003 0.359 0.46030445000000003 0.35167187499999997 0.4377283375 0.34565625 0.42353630000000003 0.334453125 0.41320843125 0.33703125 0.41384075 0.340484375 0.40222482499999995 0.340484375 0.38997658125
9 0.748375 0.7301639343749999 0.753671875 0.751311475 0.774859375 0.735456675 0.790734375 0.716932084375 0.794265625 0.5899531609374999 0.806625 0.518524590625 0.841921875 0.6163934421875 0.8860468750000001 0.7301639343749999 0.9019375000000001 0.7671896953124999 0.91959375 0.764543325 0.9337031250000001 0.7460421546875 0.910765625 0.7063466046875 0.84015625 0.441803278125 0.84015625 0.349203746875 0.8931093750000001 0.3597892265625 0.907234375 0.264543325 0.8966406250000001 0.2328103046875 0.8825156249999999 0.2328103046875 0.8825156249999999 0.26189695625 0.8878125000000001 0.28042154531249996 0.8772343749999999 0.335971896875 0.82075 0.30423887656250004 0.79603125 0.3121779859375 0.794265625 0.264543325 0.7730937499999999 0.26189695625 0.7625 0.2724824359375 0.764265625 0.30423887656250004 0.7713281249999999 0.3280327875 0.757203125 0.335971896875 0.739546875 0.3677283375 0.723671875 0.3783138171875 0.71484375 0.375667446875 0.70071875 0.33332552656250003 0.690140625 0.322740046875 0.679546875 0.33332552656250003 0.679546875 0.3571428578125 0.690140625 0.3968149890625 0.695421875 0.402107728125 0.713078125 0.42063231874999996 0.720140625 0.41533957812500005 0.737796875 0.41269320781249996 0.757203125 0.3915456671875 0.757203125 0.386252928125 0.7677968749999999 0.45238875937499995 0.764265625 0.6322716625 0.7660312499999999 0.690468384375 0.748375 0.7301639343749999
9 0.6191093750000001 0.563067915625 0.61159375 0.569812646875 0.61309375 0.5855971890625 0.61609375 0.5968384078125 0.620609375 0.6058548015625 0.6266093749999999 0.6036065578125 0.629625 0.5878454328125 0.6386406250000001 0.5991100703125001 0.64615625 0.6058548015625 0.655171875 0.6058548015625 0.6671875 0.6013583140625001 0.6686875 0.5923419203125 0.6656875 0.576580796875 0.6536562499999999 0.5270257609375 0.643140625 0.4684777515625 0.643140625 0.45721311406250004 0.64915625 0.450444965625 0.6536562499999999 0.44594847812499994 0.6581718750000001 0.432435596875 0.6671875 0.41440281093750003 0.6686875 0.3986416859375 0.6641874999999999 0.39189695625 0.659671875 0.38512880625 0.643140625 0.378384075 0.631125 0.371615925 0.622109375 0.36487119375 0.6070781249999999 0.3626229515625 0.5980624999999999 0.3626229515625 0.5995625 0.3536065578125 0.604078125 0.3378454328125 0.602578125 0.322060890625 0.5935625 0.317564403125 0.58303125 0.317564403125 0.57703125 0.322060890625 0.574015625 0.33332552656250003 0.574015625 0.34911007031249996 0.5725156250000001 0.3671194375 0.5650000000000001 0.3671194375 0.5605 0.35810304375 0.5589999999999999 0.3445901640625 0.5589999999999999 0.3288290390625 0.5635 0.324332553125 0.5725156250000001 0.317564403125 0.5785312499999999 0.304051521875 0.569515625 0.295035128125 0.5575 0.295035128125 0.549984375 0.29955503437500003 0.54096875 0.306299765625 0.537953125 0.322060890625 0.537953125 0.34911007031249996 0.539453125 0.378384075 0.5650000000000001 0.4617096015625 0.569515625 0.47971897031250005 0.569515625 0.5044964875 0.569515625 0.5337939109375001 0.569515625 0.569812646875 0.574015625 0.6621545671875 0.5755312499999999 0.686932084375 0.58153125 0.7297189703125 0.58153125 0.75 0.5875468749999999 0.7680093671875 0.5950624999999999 0.7635128812499999 0.5995625 0.75676815 0.5995625 0.74323185 0.5995625 0.7274707265625 0.5935625 0.7117096015625 0.5935625 0.691451990625 0.5980624999999999 0.6373770484375 0.6010625 0.6126229515625 0.602578125 0.569812646875 0.610078125 0.5382903984375 0.610078125 0.5405386421875 0.6191093750000001 0.551803278125 0.6191093750000001 0.563067915625
8 0.315625 0.657868853125 0.31579687500000003 0.6534660421875 0.31459375 0.6521779859375 0.31459375 0.64932084375 0.31510937499999997 0.6454566749999999 0.312859375 0.6444262296875001 0.312859375 0.6418266984375001 0.3113125 0.6392505859375001 0.30959375 0.640796253125 0.308890625 0.6451990624999999 0.3076875 0.645971896875 0.307171875 0.6806089 0.31303125 0.679836065625 0.314078125 0.65967213125 0.315625 0.657868853125
8 0.216765625 0.449859484375 0.21349999999999997 0.4381264640625 0.210890625 0.43618267031249996 0.205015625 0.42932084374999996 0.20109375 0.420515221875 0.197828125 0.4273770484375 0.205015625 0.4351990625 0.20696875 0.44693208437500004 0.19653125 0.461615925 0.187390625 0.4625761125 0.20240624999999998 0.4684543328125 0.21545312499999997 0.46063231875 0.216765625 0.449859484375
9 0.45046875000000003 0.5672131140625 0.45890624999999996 0.57194379375 0.4592552078125 0.5861748640625 0.4487083328125 0.5809133484375 0.4451875 0.6083138171875 0.455734375 0.6320140515625 0.48949999999999994 0.626490046875 0.48949999999999994 0.68578454375 0.47682812500000005 0.723723653125 0.48421875 0.7474238875 0.504265625 0.7110772828124999 0.515859375 0.630444965625 0.50953125 0.5434894609375001 0.511640625 0.5355737703125001 0.51796875 0.45969555 0.5274687499999999 0.404355971875 0.49582812499999995 0.3664168625 0.49371875000000004 0.382224825 0.51059375 0.41700234218750004 0.506375 0.42807962499999996 0.491609375 0.44861826718750003 0.48421875 0.43281030468750004 0.47578125 0.4233255265625 0.46628125000000004 0.4249180328125 0.46206250000000004 0.44545667499999997 0.47050000000000003 0.467611240625 0.4733125 0.48131147500000004 0.46799609374999995 0.480061475 0.45046875000000003 0.5672131140625
9 0.398765625 0.265948478125 0.39382812500000003 0.2726463703125 0.371234375 0.2881733015625 0.364875 0.2938173296875 0.31990625 0.29030445 0.298484375 0.280772834375 0.285296875 0.2726463703125 0.283890625 0.26843091406249997 0.283890625 0.26030445 0.28153125 0.2521779859375 0.27753125 0.23983606562499998 0.27446875 0.2334894609375 0.269765625 0.2334894609375 0.271171875 0.23772833750000003 0.273296875 0.24688524531249997 0.27353125 0.2539578453125 0.2669375 0.240187353125 0.259171875 0.228196721875 0.257046875 0.22679156875 0.25446875 0.2278454328125 0.2549375 0.2313817328125 0.262703125 0.24831381718749998 0.26387499999999997 0.2518266984375 0.26364062499999996 0.2518266984375 0.257296875 0.24477751718750002 0.24740625 0.23454332500000002 0.24528124999999998 0.2352459015625 0.24528124999999998 0.2387822015625 0.25070312499999997 0.24688524531249997 0.259171875 0.2564168625 0.2589375 0.2592505859375 0.2549375 0.2564168625 0.24221875 0.251124121875 0.24128124999999997 0.2539578453125 0.24175 0.25676815 0.25846874999999997 0.2673536296875 0.25587499999999996 0.26805620625 0.2426875 0.265948478125 0.24221875 0.2705386421875 0.244109375 0.273723653125 0.25987499999999997 0.277236534375 0.27542187500000004 0.2895784546875 0.282484375 0.29311475468750003 0.282953125 0.3118266984375 0.290015625 0.31393442656250004 0.31225 0.319859484375 0.328390625 0.32674473125 0.342515625 0.33142857187499997 0.358296875 0.33032786875000003 0.37278125 0.32674473125 0.39278124999999997 0.31850117031249997 0.393328125 0.333348946875 0.39553125 0.3393911 0.397546875 0.352084309375 0.397125 0.3829274 0.399828125 0.396932084375 0.401875 0.406955503125 0.399125 0.41601873593749994 0.395171875 0.4693911 0.39079687500000004 0.49805620624999997 0.386 0.5275175640625 0.380359375 0.5490398125 0.374 0.5628103046875 0.362234375 0.5892740046875 0.349515625 0.6150117093749999 0.34434375 0.6270257609375001 0.34015625 0.6429976578125001 0.335453125 0.6613348953125 0.330515625 0.685339578125 0.33028124999999997 0.6948477750000001 0.329328125 0.7022716625000001 0.324734375 0.7078220140625 0.3163125 0.7233489468750001 0.31648437500000004 0.732084309375 0.316796875 0.7371896953125 0.31096875 0.7512646375 0.31065624999999997 0.7621779859375 0.31432812499999996 0.7797892265625 0.3194375 0.7871428578125 0.32334375 0.790491803125 0.329578125 0.7924824359375 0.33381249999999996 0.79030445 0.33603125 0.7821311468750001 0.3389375 0.7596018734375 0.340265625 0.746252928125 0.34182812500000004 0.738571428125 0.345390625 0.7275644031249999 0.34895312500000003 0.724051521875 0.34984375 0.708688525 0.352078125 0.7053629984375 0.355859375 0.69451990625 0.36120312499999996 0.68098360625 0.364984375 0.6719906328125 0.37478125 0.6492740046875001 0.376453125 0.6436065578125 0.3896875 0.608899296875 0.398625 0.5916159249999999 0.40425000000000005 0.5776346609375 0.40670312500000005 0.5696252921875 0.40737500000000004 0.5594613578125001 0.411046875 0.5522716625 0.41126562499999997 0.5482669796875 0.4175 0.528571428125 0.42128125 0.5202341921875 0.42418750000000005 0.5162295078125 0.428640625 0.5068852453125 0.431203125 0.5152224828125 0.43832812499999996 0.5396018734375 0.446 0.5670023421875 0.44957812500000005 0.57320843125 0.45515625000000004 0.577915690625 0.45843749999999994 0.5828337234375 0.45796875000000004 0.5978922718749999 0.455390625 0.6231850109375 0.4535625 0.6399531609375 0.455765625 0.6503981265625 0.4563125 0.66002341875 0.455953125 0.6677049187499999 0.45846875000000004 0.704028103125 0.450359375 0.7167915687499999 0.446578125 0.7279625296875001 0.447265625 0.73325526875 0.44982812499999997 0.737236534375 0.4563125 0.746580796875 0.45815625000000004 0.744051521875 0.46184375 0.7506089 0.462796875 0.7522716625 0.46507812499999995 0.76259953125 0.47109375 0.771779859375 0.478453125 0.7786182671875 0.483328125 0.781451990625 0.487109375 0.7818501171875 0.49204687500000005 0.780843090625 0.49279687499999997 0.7797189703125 0.491234375 0.76451990625 0.48609375000000005 0.7580327875 0.485359375 0.7551990625 0.484078125 0.7488290390625 0.48464062500000005 0.7378922718750001 0.477625 0.724543325 0.47584375 0.7163466046875 0.47584375 0.713348946875 0.47740625000000003 0.7031615921875 0.477515625 0.69583138125 0.47818750000000004 0.6786416859375 0.47840625000000003 0.66578454375 0.4801875 0.6460889937500001 0.481859375 0.6340749421874999 0.48385937500000004 0.614051521875 0.48520312499999996 0.59384075 0.48753124999999997 0.5788290390624999 0.48776562500000004 0.5728103046874999 0.482859375 0.546276346875 0.48029687499999996 0.5304215453125 0.480078125 0.5162295078125 0.47940625 0.5117330203125 0.479515625 0.5028805625 0.48296875000000006 0.5002107734375 0.47940625 0.487868853125 0.473953125 0.48386416875 0.47095312500000003 0.4793442625 0.467609375 0.47318501093750004 0.46604687499999997 0.4631615921875 0.46771874999999996 0.4583372359375 0.46995312499999997 0.4531147546875 0.4689375 0.44405152187499997 0.467171875 0.4419672125 0.459484375 0.44159250625 0.45771875 0.4368618265625 0.45707812499999995 0.43194379375 0.45657812499999995 0.42362997656249995 0.462265625 0.4304215453125 0.46920312500000005 0.4139812640625 0.46945312499999997 0.40489461406249994 0.466171875 0.38751756406250004 0.47803125 0.382224825 0.494546875 0.3712412171875 0.5094375 0.3555503515625 0.514234375 0.353091334375 0.520546875 0.351779859375 0.525203125 0.3487353625 0.53390625 0.34608899375 0.53403125 0.3426932078125 0.532390625 0.342131146875 0.5253281249999999 0.3415690859375 0.52584375 0.3404215453125 0.535046875 0.33873536249999997 0.538203125 0.335316159375 0.538453125 0.3334426234375 0.538203125 0.3317330203125 0.535546875 0.33304449687500004 0.531390625 0.3349414515625 0.52596875 0.33475409843750004 0.52559375 0.3326697890625 0.529375 0.32718969531250003 0.5366875 0.318688525 0.5361875 0.315667446875 0.5344218749999999 0.315667446875 0.532015625 0.3169789234375 0.528734375 0.320772834375 0.5225625 0.3281264640625 0.5225625 0.32644028125 0.528734375 0.31451990625000004 0.530625 0.3116861828125 0.529875 0.308852459375 0.527734375 0.30810304374999997 0.52596875 0.3090398125 0.51915625 0.321147540625 0.5153749999999999 0.3273770484375 0.5149843749999999 0.3237939109375 0.51675 0.315667446875 0.516125 0.3114988296875 0.5155000000000001 0.30997658125 0.51271875 0.310163934375 0.511578125 0.31906323125 0.507296875 0.33058547968749996 0.5064062500000001 0.33911007031249996 0.49781250000000005 0.3437939109375 0.49617187500000004 0.3460655734375 0.48835937500000004 0.348899296875 0.474484375 0.3579859484375 0.46539062500000006 0.3417330203125 0.464265625 0.3160187359375 0.46135937499999996 0.29709601874999997 0.447734375 0.288220140625 0.446859375 0.2748009375 0.450765625 0.264004684375 0.451484375 0.25679156875000003 0.45437500000000003 0.25613583125 0.4575 0.25177985937499997 0.45815625000000004 0.24562060937500002 0.457828125 0.23911007031249998 0.457828125 0.2336065578125 0.4585 0.221920375 0.45715625 0.21423887656249999 0.45481249999999995 0.2063934421875 0.45237499999999997 0.20255269375 0.44746874999999997 0.199203746875 0.43678125 0.2002107734375 0.42620312499999996 0.2048946140625 0.421078125 0.2154098359375 0.42018750000000005 0.2235831375 0.419484375 0.228548009375 0.42018750000000005 0.24901639375 0.42278125 0.258548009375 0.403484375 0.2655971890625 0.398765625 0.265948478125
8 0.467703125 0.46751756406249995 0.467703125 0.4744730671875 0.47376562499999997 0.48676814999999996 0.47698437499999996 0.4963934421875 0.47982812499999994 0.5028103046875 0.48268750000000005 0.496932084375 0.47982812499999994 0.48838407500000003 0.475203125 0.4862295078125 0.471984375 0.4776814984375 0.47554687500000004 0.4771428578125 0.4801875 0.46805620625 0.48268750000000005 0.46163934375000004 0.475203125 0.46484777499999996 0.470921875 0.46484777499999996 0.467703125 0.46751756406249995