8 0.605546875 0.5511250000000001 0.61146875 0.5487291671875 0.615046875 0.5425208328125 0.615046875 0.5291458328124999 0.6111093750000001 0.5234166671875 0.608421875 0.52125 0.6051875 0.5215 0.602140625 0.5215 0.5890625 0.5355833328124999 0.588890625 0.5410833328125 0.59875 0.5496875 0.605546875 0.5511250000000001
8 0.28304687500000003 0.5467500000000001 0.282515625 0.5169166671875 0.276484375 0.51525 0.266359375 0.5157291671875 0.26421875 0.5294583328125 0.26564062499999996 0.5429583328125 0.266171875 0.5483958328125 0.28304687500000003 0.5467500000000001
8 0.39449999999999996 0.5637291671875 0.39237500000000003 0.5665833328125001 0.388953125 0.5671458328125001 0.3919375 0.5728333328125 0.400921875 0.5722708328125 0.40903124999999996 0.5677083328125 0.41373437500000004 0.5642916671875 0.41373437500000004 0.5546249999999999 0.41373437500000004 0.5472083328124999 0.40945312500000003 0.5432291671875 0.4051875 0.5403749999999999 0.40390625 0.5398125 0.40304687499999997 0.5392291671875 0.399203125 0.5415208328125 0.3975 0.5528958328125 0.39621875 0.560875 0.39449999999999996 0.5637291671875
8 0.40625 0.4814583328125 0.40512499999999996 0.49450000000000005 0.42167187500000003 0.5236041671875 0.43446875 0.5120625000000001 0.43484375000000003 0.48647916718750006 0.436734375 0.5015208328125 0.436734375 0.5090625 0.43409375 0.5145833328125 0.43259375 0.528125 0.437109375 0.528625 0.43785937500000005 0.5155833328125 0.440109375 0.5105625 0.438984375 0.491 0.43484375000000003 0.4719375 0.428453125 0.45989583281249996 0.43296875 0.45437500000000003 0.43296875 0.4483541671875 0.42957812500000003 0.4463333328125 0.431453125 0.43179166718750006 0.43334374999999997 0.4262708328125 0.42543749999999997 0.4272708328125 0.42017187500000003 0.4518541671875 0.40812499999999996 0.4618958328125 0.40625 0.4814583328125
8 0.278234375 0.4961875 0.29178125 0.5007083328124999 0.29953124999999997 0.4955416671875 0.31259375 0.49683333281250003 0.318890625 0.5071666671874999 0.33146875 0.5090833328125 0.33001562500000003 0.4497291671875 0.32420312500000004 0.44779166718749996 0.319859375 0.4335833328125 0.312109375 0.4264791671875 0.3005 0.4284166671875 0.294203125 0.4406875 0.29081250000000003 0.4406875 0.278234375 0.4961875
9 0.322734375 0.6055625 0.3273125 0.562875 0.334734375 0.5438333328125 0.342734375 0.5323958328125 0.34903125 0.49354166718750003 0.34387500000000004 0.42575 0.322734375 0.40747916718750005 0.325015625 0.3747083328125 0.31015625 0.3647916671875 0.299296875 0.37775 0.3044375 0.4021458328125 0.28385937499999997 0.4150833328125 0.26671875 0.4806041671875 0.265 0.5331875 0.267859375 0.5468958328125 0.28215625 0.5468958328125 0.29015625 0.6009791671875 0.2964375 0.6436666671875 0.29471875000000003 0.66575 0.3004375 0.66425 0.320453125 0.6589166671875 0.32615625000000004 0.6459583328125 0.3233125 0.640625 0.322734375 0.6055625
9 0.42768750000000005 0.4364375 0.42768750000000005 0.44712500000000005 0.43168749999999995 0.4653958328125 0.43512500000000004 0.48522916718750003 0.43512500000000004 0.5019791671875 0.433984375 0.5164791671875 0.42598437499999997 0.526375 0.414546875 0.5248541671875 0.41796875 0.5522916671875 0.424265625 0.6780416671875 0.433984375 0.6856666671875 0.43912500000000004 0.6681250000000001 0.444265625 0.6856666671875 0.457984375 0.6788125 0.46314062500000003 0.6223958328125 0.471140625 0.518 0.473421875 0.534 0.49400000000000005 0.5568541671875 0.499140625 0.5538125 0.499140625 0.541625 0.487140625 0.5248541671875 0.48200000000000004 0.44254166718750004 0.471140625 0.4303541671875 0.469421875 0.4097708328125 0.469421875 0.3945208328125 0.46256250000000004 0.3861458328125 0.461421875 0.38537499999999997 0.45284375 0.38537499999999997 0.447703125 0.3907083328125 0.445984375 0.3983333328125 0.445984375 0.40824999999999995 0.44540625 0.4181458328125 0.43740625 0.4257708328125 0.42940625 0.43110416718750005 0.42768750000000005 0.4364375
9 0.65809375 0.6432291671875 0.6568125 0.6389791671875 0.6647968750000001 0.5206041671875 0.66671875 0.5103958328125 0.6679999999999999 0.49889583281250005 0.67821875 0.4899583328125 0.679171875 0.4720625 0.6756562500000001 0.45504166718750005 0.670875 0.43885416718750003 0.6584218749999999 0.43120833281250004 0.6584218749999999 0.42310416718750005 0.6565000000000001 0.42056250000000006 0.659046875 0.40650000000000003 0.6568125 0.395 0.6504375 0.3920208328125 0.645328125 0.3937291671875 0.640859375 0.3967083328125 0.636703125 0.40437500000000004 0.63734375 0.4128958328125 0.636703125 0.4188541671875 0.63575 0.42354166718749997 0.629359375 0.42779166718750006 0.620421875 0.43162500000000004 0.614671875 0.43970833281250005 0.605734375 0.464625 0.6018125000000001 0.4919791671875 0.601453125 0.4962708328125 0.60128125 0.5100625 0.600203125 0.5172083328125 0.600203125 0.521 0.6028749999999999 0.5217083328125 0.605015625 0.5233749999999999 0.610203125 0.5228958328125 0.6126875 0.5233749999999999 0.6126875 0.5214791671875 0.61215625 0.5167083328125 0.614484375 0.5045833328125 0.616796875 0.5072083328125 0.616265625 0.5338333328125 0.614296875 0.5792708328125 0.6139375 0.5890208328125001 0.6171562500000001 0.6082916671875 0.617328125 0.6201875 0.617859375 0.6273125 0.6212500000000001 0.6330208328125 0.6205468749999999 0.6361041671875001 0.618578125 0.6430208328125 0.617515625 0.6499166671875 0.6191093750000001 0.6570416671875 0.621609375 0.6606041671875 0.627328125 0.6589375000000001 0.630171875 0.6499166671875 0.631953125 0.6427708328125 0.63053125 0.6368333328125 0.6308906249999999 0.6318333328125 0.6330312499999999 0.6301666671875 0.6349843749999999 0.6251666671875 0.6351718749999999 0.6173333328124999 0.6328437499999999 0.6099583328125 0.6348125 0.582125 0.637671875 0.5650000000000001 0.6408750000000001 0.5549999999999999 0.64140625 0.5883125 0.6398125 0.6282708328125 0.63765625 0.6445000000000001 0.64053125 0.6491875 0.6411718750000001 0.658125 0.6596875 0.6572708328125 0.65809375 0.6432291671875
9 0.382234375 0.4256875 0.36490625 0.3921875 0.3631875 0.3748541671875 0.34585937499999997 0.361 0.33025000000000004 0.38064583281250003 0.326796875 0.3933541671875 0.326796875 0.4176041671875 0.342390625 0.432625 0.344125 0.4615 0.3493125 0.5007708328125 0.3493125 0.5365833328125 0.338921875 0.5539166671875 0.32853125 0.5735625 0.3250625 0.6174583328125001 0.326796875 0.6497916671875 0.33371875 0.6705833328125 0.3631875 0.6451666671875 0.373578125 0.5285 0.39437500000000003 0.499625 0.39003125 0.44764583281250003 0.382234375 0.4256875
9 0.671265625 0.1525416671875 0.66434375 0.1525416671875 0.65828125 0.1617916671875 0.655671875 0.1687291671875 0.6522187500000001 0.1721875 0.64528125 0.17450000000000002 0.643546875 0.179125 0.643546875 0.1929791671875 0.6418125 0.2114583328125 0.647875 0.2218541671875 0.6461406249999999 0.22762500000000002 0.643546875 0.2380416671875 0.640953125 0.2518958328125 0.656546875 0.2530416671875 0.674734375 0.2518958328125 0.66953125 0.2357291671875 0.671265625 0.21608333281249997 0.678203125 0.212625 0.686 0.2114583328125 0.6851406250000001 0.2045416671875 0.68253125 0.203375 0.673875 0.2022291671875 0.673875 0.1929791671875 0.673875 0.17564583281249999 0.6790625 0.160625 0.67734375 0.160625 0.67734375 0.1571666671875 0.671265625 0.1525416671875
9 0.6346093749999999 0.1805208328125 0.6346093749999999 0.1184791671875 0.6234531249999999 0.1060833328125 0.616 0.0787916671875 0.606703125 0.0564583328125 0.597390625 0.07133333281250001 0.5918125 0.0961458328125 0.576921875 0.1284166671875 0.57878125 0.16810416718750001 0.602984375 0.19043749999999998 0.5825 0.2400833328125 0.57878125 0.2549583328125 0.6234531249999999 0.24504166718749998 0.6346093749999999 0.1805208328125
9 0.49907812500000004 0.2349583328125 0.4956875 0.2368958328125 0.4956875 0.2498125 0.519890625 0.252375 0.5165 0.2388333328125 0.5165 0.2130208328125 0.532 0.19818750000000002 0.529578125 0.1859166671875 0.520859375 0.19043749999999998 0.51409375 0.18075000000000002 0.51215625 0.1659166671875 0.5131249999999999 0.1652708328125 0.5184375 0.1562291671875 0.5232812499999999 0.15106250000000002 0.5136093749999999 0.1336458328125 0.4995625 0.13235416718749998 0.49328125 0.1446041671875 0.49617187500000004 0.1601041671875 0.486984375 0.1742916671875 0.48795312500000004 0.2033333328125 0.48940625000000004 0.2033333328125 0.49907812500000004 0.20656249999999998 0.49907812500000004 0.2349583328125
9 0.4679743296875 0.4112306546875 0.46875 0.42027083281250005 0.467859375 0.4292916671875 0.468797990625 0.43319196406250005 0.47257812499999996 0.43637499999999996 0.469209821875 0.44417261874999997 0.4729162953125 0.5429985125 0.46965625 0.5495208328125 0.471984375 0.5508541671875 0.473328125 0.5539791671875001 0.4663203125 0.5644270828125 0.470984375 0.5642083328124999 0.47465624999999995 0.5610833328125 0.47565625 0.5686458328125 0.462984375 0.5793333328125 0.461984375 0.5837708328125 0.46965625 0.5868958328125 0.4623125 0.5948958328125 0.461984375 0.6029166671875 0.46898437499999995 0.6073541671875 0.460640625 0.6184791671875 0.47065625000000005 0.6184791671875 0.470328125 0.635375 0.458984375 0.6331458328124999 0.45931249999999996 0.6487291671875 0.470984375 0.6509583328125 0.47465624999999995 0.6549583328125 0.485671875 0.6518333328125 0.48834375 0.6429375 0.485671875 0.6296041671875 0.492671875 0.593125 0.49234375 0.5735416671875 0.484 0.5704374999999999 0.48767187500000003 0.558875 0.49317968749999996 0.5621979171875 0.49701562499999996 0.5337500000000001 0.491421875 0.5306041671874999 0.497609375 0.5239375 0.499375 0.5133333328125 0.506140625 0.5137291671875001 0.515578125 0.519625 0.5196875000000001 0.5184375 0.525 0.5054791671875 0.522046875 0.48075 0.51615625 0.4662083328125 0.51321875 0.44737499999999997 0.50703125 0.4304791671875 0.503203125 0.4273333328125 0.50084375 0.42222916718750003 0.48848437499999997 0.41712499999999997 0.487296875 0.4139791671875 0.487296875 0.411625 0.49289062499999997 0.4081041671875 0.494078125 0.40416666718750005 0.49259375 0.3923958328125 0.49584374999999997 0.38806250000000003 0.49642187499999996 0.3825833328125 0.494953125 0.3802291671875 0.487 0.3817916671875 0.48053125 0.3778541671875 0.47640625 0.3786458328125 0.469046875 0.38375 0.46668750000000003 0.3904375 0.4675625 0.40025000000000005 0.47228125 0.40495833281250004 0.471109375 0.4096666671875 0.4679743296875 0.4112306546875
8 0.47210937499999994 0.5483125 0.475421875 0.5535833328125 0.48081250000000003 0.5415520828125 0.48598437499999997 0.5447916671875 0.486203125 0.5553541671875 0.48884375 0.5556458328125 0.49610937499999996 0.5468333328125 0.497421875 0.5406666671875 0.487515625 0.5397916671874999 0.486203125 0.5295208328125 0.48707812500000003 0.5262916671875 0.47387499999999994 0.531875 0.471671875 0.5330416671875 0.471671875 0.5389166671875001 0.47740625000000003 0.5427291671875001 0.47210937499999994 0.5483125
9 0.39435937499999996 0.5618541671874999 0.3919375 0.5708958328125 0.393390625 0.5708958328125 0.40307812500000006 0.5689583328125 0.41565624999999995 0.5650833328125 0.41807812499999997 0.5567083328125 0.41323437500000004 0.538625 0.416140625 0.5250833328125 0.41759375 0.5237916671875 0.42485937500000004 0.5225 0.431140625 0.5173333328124999 0.43453125000000004 0.5102291671875 0.43550000000000005 0.5005625 0.43550000000000005 0.48247916718750006 0.42970312499999996 0.4618333328125 0.428734375 0.45472916718749995 0.42824999999999996 0.43472916718750004 0.4451875 0.41989583281250004 0.44421875 0.407625 0.44567187500000005 0.39729166718750003 0.44760937500000003 0.3895625 0.44470312500000003 0.3824583328125 0.440828125 0.379875 0.43453125000000004 0.3792291671875 0.42921875 0.3818125 0.42437500000000006 0.3915 0.420015625 0.3915 0.417109375 0.3947291671875 0.42437500000000006 0.3960208328125 0.422921875 0.40374999999999994 0.42485937500000004 0.4166666671875 0.422921875 0.4166666671875 0.411296875 0.4224791671875 0.40114062500000003 0.44764583281250003 0.39290625 0.4837708328125 0.39484375 0.510875 0.39678125 0.5199166671875 0.399203125 0.5270208328125 0.399203125 0.5425 0.39871875 0.5515416671875 0.39871875 0.5528333328125 0.39435937499999996 0.5618541671874999
9 0.564171875 0.195125 0.5665312499999999 0.1910833328125 0.5683906249999999 0.1976041671875 0.5702499999999999 0.217375 0.573609375 0.22322916718750002 0.573953125 0.23085416718750001 0.56940625 0.24300000000000002 0.56821875 0.2517708328125 0.590640625 0.25535416718750004 0.593671875 0.24254166718749998 0.592828125 0.21716666718750002 0.590296875 0.1843541671875 0.587265625 0.1492916671875 0.580859375 0.1495208328125 0.579515625 0.1342291671875 0.581203125 0.1315416671875 0.586765625 0.12277083281250001 0.5879375 0.11356250000000001 0.58575 0.09962499999999999 0.58271875 0.0915416671875 0.5763125 0.08839583281249999 0.574453125 0.0888541671875 0.57109375 0.090875 0.5690625 0.0980625 0.569734375 0.1117708328125 0.5685625 0.1122083328125 0.564015625 0.11514583281249999 0.56096875 0.11895833281249998 0.559296875 0.1250208328125 0.553390625 0.1504166671875 0.552375 0.1560416671875 0.5549062499999999 0.1647916671875 0.555578125 0.1776041671875 0.559296875 0.19468749999999999 0.564171875 0.195125
8 0.337015625 0.24016666718750002 0.333609375 0.23983333281250002 0.32921875 0.2317291671875 0.32703125 0.2229583328125 0.325328125 0.20997916718749998 0.321921875 0.20510416718750002 0.316796875 0.2119166671875 0.316078125 0.2190625 0.316078125 0.22912499999999997 0.310234375 0.2346458328125 0.30609375 0.22425 0.30462500000000003 0.2080208328125 0.303890625 0.197625 0.30025 0.1966666671875 0.292203125 0.20510416718750002 0.300484375 0.23725000000000002 0.325328125 0.246 0.32751562500000003 0.2453541671875 0.33896875 0.2417916671875 0.337015625 0.24016666718750002
9 0.386765625 0.1253958328125 0.37615625 0.1454791671875 0.3795 0.1491875 0.393806640625 0.2036015625 0.394578125 0.2377291671875 0.40239062499999995 0.2384791671875 0.40220312500000005 0.2258333328125 0.399529296875 0.2253671875 0.39666796875 0.214484375 0.40201562500000004 0.21541666718750002 0.40182812500000004 0.205 0.39625 0.1964375 0.40164062500000003 0.1945833328125 0.401453125 0.18416666718750002 0.397921875 0.1834166671875 0.401265625 0.17375000000000002 0.3973645828125 0.1496875 0.40629687499999995 0.1499375 0.40573437500000004 0.1402708328125 0.40796875000000005 0.1350625 0.4035 0.12091666718750001 0.40740625 0.1157083328125 0.409078125 0.1157083328125 0.408515625 0.0993541671875 0.4035 0.0933958328125 0.3968125 0.0948958328125 0.3956875 0.10233333281250001 0.3968125 0.1090208328125 0.395125 0.1157083328125 0.386765625 0.1253958328125