1 0.45440625 0.744299065625 0.47403125 0.7325700937499999 0.48776562500000004 0.7325700937499999 0.48971875000000004 0.7188785046875 0.49037499999999995 0.7159345796875 0.494953125 0.706168225 0.494953125 0.7022429906250001 0.5060781249999999 0.6885514015624999 0.515234375 0.6993224296875 0.521125 0.70712616875 0.516546875 0.7296261687500001 0.5309375000000001 0.728644859375 0.5590625 0.754088784375 0.575421875 0.786355140625 0.5725625 0.774602803125 0.5725625 0.747616821875 0.5710625 0.666728971875 0.574078125 0.579088784375 0.5665625000000001 0.5094158875 0.542515625 0.507172896875 0.477890625 0.50492990625 0.43881249999999994 0.518411215625 0.42679687499999996 0.5318925234375 0.42979687499999997 0.63301401875 0.42679687499999996 0.7341355140625 0.425296875 0.8150467296875 0.42496875 0.8294158875000001 0.42954687500000005 0.8294158875000001 0.45440625 0.744299065625
9 0.4761875 0.9576168218750001 0.477921875 0.94212616875 0.48828125 0.9169626171875 0.502953125 0.8892056078125 0.51028125 0.8782242984374999 0.51590625 0.9576168218750001 0.5309999999999999 0.9666355140625 0.5435156250000001 0.960186915625 0.5487031250000001 0.9472897203124999 0.538765625 0.9524532703125 0.534453125 0.9460046734375 0.52884375 0.9266355140625 0.5227968749999999 0.9059813078125 0.52625 0.8969392515625 0.525390625 0.88404205625 0.520640625 0.86404205625 0.516328125 0.8498364484375 0.5188125 0.8464719625000001 0.5318906250000001 0.846144859375 0.536328125 0.8404906546875001 0.5349999999999999 0.8265654203125001 0.526078125 0.82698598125 0.524796875 0.8218224296875001 0.522625 0.809556075 0.519171875 0.7966588781249999 0.51875 0.77537383125 0.51659375 0.7540654203125 0.514 0.737943925 0.517015625 0.7346962609375 0.5183125000000001 0.7140654203125 0.521765625 0.70242990625 0.515734375 0.692757009375 0.49976562500000005 0.6966355140625 0.501046875 0.72051401875 0.495875 0.72051401875 0.4868125 0.737943925 0.47990625 0.7882710281249999 0.485515625 0.7895560749999999 0.48421875 0.8102102796875 0.478609375 0.817313084375 0.478609375 0.8314953265625 0.48829687499999996 0.8310280375 0.486765625 0.84095794375 0.49185937500000004 0.8546728968749999 0.486765625 0.8874299062500001 0.4694375 0.9171495328124999 0.455171875 0.9598364484375 0.4694375 0.9720327109375001 0.48421875 0.9712616828125 0.48870312499999996 0.9672897203125 0.48525 0.9660046734375 0.4761875 0.9576168218750001
9 0.68409375 0.9593925234375 0.662125 0.9612616828125 0.66778125 0.9743925234375 0.687859375 0.98095794375 0.6991562499999999 0.9800233640625 0.696640625 0.952827103125 0.70165625 0.89838785 0.7098125 0.8946495328124999 0.7173437500000001 0.9171728968749999 0.726765625 0.9030841125 0.72425 0.8843224296875001 0.726125 0.8458411218749999 0.72425 0.7904906546875 0.7185937499999999 0.7604672890625 0.704171875 0.724813084375 0.690359375 0.7332476640625 0.6935 0.7745327109375 0.692875 0.8336448593749999 0.68659375 0.87588785 0.689734375 0.8617990656250001 0.687859375 0.8946495328124999 0.68409375 0.9593925234375
9 0.64253125 0.7238084109375 0.639046875 0.719299065625 0.6351093750000001 0.71654205625 0.631625 0.7161915890625 0.63209375 0.711331775 0.6295468750000001 0.7075233640625 0.6260625 0.7099532703125 0.623984375 0.71411215 0.62328125 0.7179205609375 0.62259375 0.7210514015625 0.621890625 0.731799065625 0.62259375 0.7407943921875 0.6228281250000001 0.7480841125000001 0.623046875 0.75154205625 0.6205 0.7584813078125 0.6191093750000001 0.772686915625 0.62490625 0.77338785 0.625375 0.7688785046875 0.62653125 0.76507009375 0.627 0.7595093453125 0.629078125 0.7570794390625 0.6341875 0.7754672890625 0.6388125 0.769556075 0.636265625 0.7674766359375 0.63325 0.75640186875 0.633484375 0.752242990625 0.633953125 0.75051401875 0.635796875 0.74668224375 0.6404375 0.744602803125 0.642296875 0.7335280375 0.64253125 0.7238084109375
9 0.908578125 0.7385981312500001 0.906453125 0.724228971875 0.905828125 0.71859813125 0.9039375 0.7176401875 0.9014374999999999 0.7176401875 0.8989218749999999 0.71859813125 0.897046875 0.7204672890625 0.89515625 0.7223364484375 0.89515625 0.7270327109375 0.89515625 0.7298598125 0.89453125 0.736425234375 0.89390625 0.7401635515625 0.89390625 0.7457943921875 0.897671875 0.7486214953125 0.9000468749999999 0.749228971875 0.9099999999999999 0.7396728968749999 0.908578125 0.7385981312500001
9 0.40184375 0.7725233640625 0.408421875 0.7730607484375 0.41060937500000005 0.7599532703125 0.41354687500000004 0.7457476640625 0.41646875000000005 0.7375467296875 0.41390625 0.7228037390625001 0.41281249999999997 0.7162383171875 0.407328125 0.714602803125 0.40768750000000004 0.7075 0.40184375 0.710771028125 0.401484375 0.71787383125 0.39928125 0.7189719625000001 0.39234375 0.7364485984375 0.39453125 0.7457476640625 0.39746875 0.7495794390625 0.40184375 0.7725233640625
9 0.606375 0.7587383171875001 0.603703125 0.7364719625 0.60446875 0.7256308406249999 0.605609375 0.7147663546875 0.6014062499999999 0.703925234375 0.5975937499999999 0.7067757015625 0.5952968750000001 0.71934579375 0.5937812499999999 0.7267757015625 0.5930156249999999 0.7581775703125 0.59721875 0.766728971875 0.6029375 0.7632943921875001 0.606375 0.7587383171875001
8 0.681640625 0.6531074765625 0.680078125 0.6567523359375 0.68296875 0.6580841125 0.68340625 0.6597429906250001 0.6818593749999999 0.66140186875 0.680078125 0.6637149531250001 0.68296875 0.6660514015625 0.68275 0.6686915890625 0.68096875 0.671355140625 0.682078125 0.6723598125 0.683859375 0.673668225 0.6851875 0.676331775 0.686734375 0.676658878125 0.6869531249999999 0.6531074765625 0.686296875 0.6527803734375001 0.6831875000000001 0.6527803734375001 0.681640625 0.6531074765625
8 0.665625 0.65390186875 0.667921875 0.654158878125 0.669546875 0.6527570093749999 0.669296875 0.6307242984375 0.6644375 0.631355140625 0.6625625 0.633644859375 0.6633281249999999 0.650841121875 0.665625 0.65390186875
8 0.67303125 0.702897196875 0.682015625 0.7052102796875 0.6816718749999999 0.6915186921875 0.67459375 0.68815420625 0.673203125 0.6907476640625 0.67303125 0.702897196875
8 0.7673593750000001 0.9228738312500001 0.775390625 0.9171028031249999 0.773015625 0.8828504671875 0.770046875 0.8792757015625 0.7661718750000001 0.8797196265625 0.763203125 0.88595794375 0.761703125 0.901074765625 0.753078125 0.9015186921874999 0.74921875 0.8748364484375 0.743859375 0.86859813125 0.73940625 0.863271028125 0.730765625 0.8000934578125 0.726609375 0.784088784375 0.7283906250000001 0.8129906546875001 0.735234375 0.8739485984375 0.73671875 0.8961915890625001 0.735828125 0.9135280375000001 0.7673593750000001 0.9228738312500001
8 0.48303124999999997 0.8174065421875 0.48246874999999995 0.810771028125 0.48414062500000005 0.7966822437500001 0.481375 0.8025 0.47639062499999996 0.8165654203124999 0.473609375 0.8281775703124999 0.4725 0.8356308406249999 0.47582812499999994 0.8455607484375 0.4846875 0.8480373828125 0.48801562499999995 0.8463785046875 0.486359375 0.8430841125 0.485796875 0.8256775703124999 0.48303124999999997 0.8174065421875
9 0.945171875 0.6987383171875 0.9432656250000001 0.6981775703124999 0.939828125 0.7010280375 0.9386875 0.706728971875 0.9386875 0.7153037390625 0.937921875 0.71815420625 0.93334375 0.723855140625 0.930671875 0.7404205609375001 0.94746875 0.74212616875 0.946703125 0.7084345796875 0.945171875 0.6987383171875
9 0.700203125 0.982383178125 0.717265625 0.991588784375 0.718703125 0.991588784375 0.7210625 0.9880607484375 0.7248593750000001 0.978130840625 0.729125 0.9710280375 0.73103125 0.9639485984375 0.7348125 0.9497663546874999 0.7395625 0.936285046875 0.7424062499999999 0.9277803734375001 0.7447812500000001 0.9228271031249999 0.7509375 0.9228271031249999 0.755203125 0.9270794390624999 0.759953125 0.9412616828125 0.76375 0.955443925 0.7670625 0.97315420625 0.7670625 0.9774065421874999 0.7646875 0.978831775 0.75615625 0.980257009375 0.754265625 0.9830841124999999 0.76090625 0.9894626171875001 0.77275 0.9866355140625 0.781765625 0.9866355140625 0.7855624999999999 0.9838084109375 0.7855624999999999 0.978130840625 0.785078125 0.962313084375 0.776078125 0.9318224296875 0.776078125 0.9197663546875001 0.776546875 0.912686915625 0.776546875 0.900630840625 0.77559375 0.882897196875 0.7746562499999999 0.8630607484375 0.77228125 0.8368224296875001 0.768015625 0.8162616828125 0.76753125 0.806331775 0.766109375 0.791425234375 0.762328125 0.7815186921875 0.75946875 0.775116821875 0.755203125 0.76448598125 0.754734375 0.75668224375 0.7523593749999999 0.7481775703125 0.746671875 0.74037383125 0.733875 0.74037383125 0.730546875 0.743925234375 0.725328125 0.75242990625 0.7248593750000001 0.763785046875 0.7281875 0.7765420562500001 0.733390625 0.7907242984375 0.7324531249999999 0.8167056078125 0.73196875 0.8379906546875 0.725328125 0.8741355140625 0.7248593750000001 0.8968457937500001 0.7234375 0.9110046734375 0.719640625 0.9202336453125 0.717265625 0.9301635515625 0.715375 0.9443457937499999 0.710640625 0.9627803734375 0.700203125 0.9712850468750001 0.694984375 0.97315420625 0.694984375 0.9767056078125 0.700203125 0.982383178125
9 0.78665625 0.9104672890625001 0.7790625 0.8970794390625001 0.7763125 0.8826401875000001 0.7776875000000001 0.8733644859374999 0.79078125 0.8743925234375001 0.778375 0.8249065421875 0.772859375 0.7939719625 0.775625 0.7630373828125 0.773546875 0.7496495328125 0.77615625 0.708574765625 0.774 0.7069626171875 0.752515625 0.7150000000000001 0.7514375 0.7286682250000001 0.749828125 0.7382943921875 0.7530625 0.746331775 0.757359375 0.761588784375 0.757890625 0.7760514015625 0.768640625 0.80095794375 0.7750781250000001 0.8515654203125 0.77615625 0.9018925234375 0.78678125 0.9217289718749999 0.7894062500000001 0.953785046875 0.796984375 0.9393457937499999 0.798375 0.93007009375 0.8018124999999999 0.9269626171875001 0.78665625 0.9104672890625001
9 0.8660937499999999 0.8119392515625 0.8660937499999999 0.8041121499999999 0.8660937499999999 0.7969392515625 0.86565625 0.785841121875 0.8612968750000001 0.7695327109375001 0.8612968750000001 0.7578037390625 0.8604218749999999 0.7519158874999999 0.8612968750000001 0.74212616875 0.8608593750000001 0.730397196875 0.8591093750000001 0.723855140625 0.852125 0.7199532703125 0.8403437500000001 0.730397196875 0.8381718749999999 0.7349532703125 0.835109375 0.74212616875 0.837296875 0.7538785046875 0.835546875 0.759088784375 0.8320624999999999 0.7773598125000001 0.8320624999999999 0.7864953265625 0.834234375 0.8210747656249999 0.84121875 0.8380373828125001 0.84471875 0.8700233640624999 0.839484375 0.8765420562499999 0.822890625 0.8869859812499999 0.8154843749999999 0.890911215625 0.810671875 0.8915420562499999 0.8137343749999999 0.919602803125 0.81765625 0.9287383171875 0.8202812500000001 0.9287383171875 0.8211562499999999 0.9137383171875 0.8237656250000001 0.9078738312500001 0.851703125 0.884369159375 0.852125 0.9032943921875001 0.8525625 0.9293925234374999 0.8722031250000001 0.9293925234374999 0.8778750000000001 0.9287383171875 0.8765625 0.9235280375 0.86565625 0.9163551406250001 0.863484375 0.89742990625 0.8647812500000001 0.8778504671875 0.8669687500000001 0.8674065421874999 0.858671875 0.8308644859375001 0.8604218749999999 0.8302102796874999 0.86521875 0.8204205609375 0.8660937499999999 0.8119392515625
2 0 0.7644626171875 0.016765625 0.771144859375 0.033140625 0.827897196875 0.041328125 0.8768691593750001 0.089703125 0.8768691593750001 0.100875 0.8891121500000001 0.11203125 0.9024766359375 0.121703125 0.8968925234375 0.12393749999999999 0.88242990625 0.12096875 0.8668457937499999 0.131390625 0.8590654203125 0.13287500000000002 0.8724065421875 0.139578125 0.8768691593750001 0.14850000000000002 0.8757476640625 0.15371875 0.8679672890625 0.159671875 0.821214953125 0.15446875 0.7555607484375 0.14254687500000002 0.7054672890625 0.08003125 0.695443925 0.015265625 0.7010046734375 0 0.728831775 0 0.7644626171875
2 0.9850312499999999 0.72 0.9661406250000001 0.77411215 0.951984375 0.7811682249999999 0.947265625 0.8117757015624999 0.94884375 0.8564719625 0.9535625 0.8753037390625 0.9535625 0.89411215 0.9692968750000001 0.9011682249999999 0.9692968750000001 0.8682242984374999 0.9991875 0.8823598125000001 0.992890625 0.8635280375000001 1 0.73411215 0.9850312499999999 0.72
2 0.8885624999999999 0.8519158875 0.9008906250000001 0.8529205609374999 0.9070625 0.871355140625 0.918015625 0.8693224296875 0.9241718750000001 0.8611214953124999 0.9536250000000001 0.8652102796875001 0.9536250000000001 0.786355140625 0.9604843750000001 0.77815420625 0.9728125000000001 0.74742990625 0.925546875 0.7371962609375 0.8988437499999999 0.74742990625 0.8871874999999999 0.7699766359375 0.8762343749999999 0.77918224375 0.8714375000000001 0.8488317750000001 0.88103125 0.8560046734375 0.885140625 0.8560046734375 0.8885624999999999 0.8519158875
2 0.336921875 0.7871495328125 0.341359375 0.7832710281249999 0.341359375 0.7744158875 0.340625 0.76831775625 0.340625 0.7611214953125 0.33987500000000004 0.751144859375 0.33987500000000004 0.7395093453125 0.338765625 0.7273364484375 0.33728125000000003 0.714602803125 0.32987500000000003 0.6963084109375 0.30839062500000003 0.6952102796874999 0.3095 0.7007476640625 0.313953125 0.7212383171875001 0.31579687500000003 0.7312149531250001 0.31765625000000003 0.767757009375 0.318765625 0.7793925234375 0.32209374999999996 0.7882476640625 0.326546875 0.7904672890625 0.329140625 0.7888084109375 0.33025000000000004 0.784369159375 0.331359375 0.772757009375 0.33395312499999996 0.776074765625 0.3350625 0.784369159375 0.336921875 0.7871495328125
2 0.8185 0.8199766359374999 0.826 0.8199766359374999 0.830390625 0.8227803734375 0.831640625 0.8256074765625 0.8273415171874999 0.830547396875 0.8319531250000001 0.8330841124999999 0.836328125 0.843831775 0.839140625 0.8400934578125 0.8355200890625 0.83021361875 0.836328125 0.8253621499999999 0.8436986609374999 0.8298798390625001 0.8518772328124999 0.8295460609375 0.8619843749999999 0.8405607484375001 0.8694843750000001 0.8410280374999999 0.8619843749999999 0.8340186921875 0.860055803125 0.8292122828125 0.864796875 0.8246495328125001 0.8682343749999999 0.8288785046875 0.8754375 0.828411215625 0.8679218750000001 0.81109813125 0.875125 0.8087616828125 0.8804375 0.77787383125 0.8870156250000001 0.7713317749999999 0.895140625 0.7521495328125 0.8932656250000001 0.7428037390625 0.8613593749999999 0.7353037390625 0.8269375 0.7376401875 0.8069218749999999 0.7680607484374999 0.804734375 0.78911215 0.8044218750000001 0.806425234375 0.8066093750000001 0.8302803734375 0.8191629468749999 0.830881175 0.8185 0.8199766359374999
2 0.14540625000000001 0.6984345796875 0.145890625 0.713271028125 0.14659375 0.7202803734375001 0.15059375 0.7520794390625001 0.15178125 0.7628504671874999 0.152984375 0.7915186921874999 0.156984375 0.8357242984375001 0.15978125 0.8369158875 0.187453125 0.829813084375 0.187203125 0.8349065421875 0.19278125 0.8443224296875 0.198125 0.8457710281249999 0.202484375 0.846869159375 0.20589062500000002 0.8443224296875 0.20831249999999998 0.8381542062499999 0.20806249999999998 0.8214719625000001 0.20515625 0.8145794390625 0.21315625 0.8095093453125 0.21753125 0.8091355140625 0.21946875000000002 0.8290887843749999 0.21971875000000002 0.8341822437499999 0.2245625 0.8356308406249999 0.22942187500000003 0.8349065421875 0.232078125 0.8254672890625001 0.232078125 0.8073364484375001 0.239453125 0.7764018687500001 0.22774999999999998 0.689742990625 0.145265625 0.68890186875 0.15084375 0.69390186875 0.146203125 0.6914953265625 0.145890625 0.6929205609375 0.14540625000000001 0.6984345796875
2 0.248734375 0.7996962609375 0.256125 0.8223598125 0.264609375 0.819602803125 0.26351562500000003 0.79418224375 0.26942187500000003 0.7903037390625001 0.27053125 0.8140654203125001 0.28125 0.8124065421875001 0.279765625 0.7847897203125 0.281609375 0.7284345796875 0.272 0.6936214953125 0.22878125 0.6919626171875 0.240234375 0.77815420625 0.2346875 0.806331775 0.248734375 0.7996962609375
2 0.30074999999999996 0.8027336453125 0.317046875 0.7842056078125 0.31632812499999996 0.7339018687500001 0.307484375 0.695257009375 0.273140625 0.6904906546875 0.280921875 0.7905607484375 0.292609375 0.7921495328125 0.30074999999999996 0.8027336453125
2 0.3736875 0.7588785046875001 0.37740625 0.753644859375 0.380296875 0.7585747656249999 0.385875 0.7588785046875001 0.389578125 0.753644859375 0.3968125 0.7539485984375001 0.39825 0.739742990625 0.3955625 0.7443691593749999 0.394125 0.7440654203125 0.39371875 0.7412850468750001 0.3961875 0.733271028125 0.40114062500000003 0.7175233640625 0.37493750000000003 0.7172196265624999 0.37121875000000004 0.72492990625 0.362125 0.7240186921875 0.362953125 0.7514719624999999 0.365234375 0.75301401875 0.366046875 0.7573364484375 0.3736875 0.7588785046875001
2 0.423890625 0.7905607484375 0.43696875 0.7929906546875001 0.433375 0.8061915890625 0.43009375 0.830630840625 0.428140625 0.897616821875 0.43271875 0.90934579375 0.43696875 0.9108177562499999 0.44415625 0.908855140625 0.4448125 0.8927336453124999 0.48078125 0.8961448593749999 0.48404687500000004 0.8927336453124999 0.48866964218750003 0.8696862484375 0.4915625 0.8731775703125001 0.4909810265625 0.8581625484375 0.48829687499999996 0.8536214953125001 0.4932924109375 0.8466388531250001 0.5094720984375 0.765972965625 0.519578125 0.7732476640625 0.5250625 0.8341121499999999 0.52159375 0.841869159375 0.519578125 0.8509345796875 0.522171875 0.85698598125 0.5250625 0.8897663546875 0.56459375 0.8880373828125 0.566328125 0.90962616875 0.574703125 0.9100467296874999 0.578734375 0.907897196875 0.580171875 0.85051401875 0.5764218750000001 0.812102803125 0.5718125 0.7943925234375 0.5830625 0.7905140187499999 0.585078125 0.7879205609375 0.584796875 0.7805841124999999 0.582203125 0.7767056078125 0.571515625 0.77801401875 0.5680625 0.7836214953125 0.566328125 0.7831775703125 0.56084375 0.756869159375 0.54353125 0.7339953265625 0.5254479171875001 0.7322663546875 0.5166875 0.7352803734375 0.51640625 0.73140186875 0.48600000000000004 0.7328738312499999 0.48404687500000004 0.7441121500000001 0.4776640625 0.7326285046875001 0.469328125 0.732383178125 0.457890625 0.7387383171875 0.4448125 0.7749065421875 0.42846875000000006 0.775397196875 0.423890625 0.7797897203125 0.423890625 0.7905607484375
2 0.83475 0.7374766359375 0.8385468749999999 0.72684579375 0.8210000000000001 0.7204672890625 0.800140625 0.71904205625 0.7887500000000001 0.721168225 0.78021875 0.721869159375 0.775953125 0.729672896875 0.774046875 0.7573364484375 0.776421875 0.7693925234375001 0.775484375 0.7927803734375 0.775484375 0.807686915625 0.781171875 0.8126401875000001 0.7887500000000001 0.8211448593749999 0.79634375 0.813341121875 0.804875 0.8140654203125001 0.80678125 0.7693925234375001 0.827171875 0.73890186875 0.83475 0.7374766359375
2 0.678875 0.77345794375 0.6817656249999999 0.7746962609375 0.68196875 0.7824065421874999 0.6856875 0.7845794390624999 0.69021875 0.7836448593750001 0.6912499999999999 0.7713084109375 0.6925 0.7706775703125001 0.69290625 0.7685280375 0.692703125 0.7632710281249999 0.6949687499999999 0.7441355140625 0.6933125 0.740443925 0.6949687499999999 0.730257009375 0.706328125 0.7219158875 0.713953125 0.7228504671875 0.716234375 0.724088784375 0.7147812499999999 0.7206775703125 0.7096250000000001 0.7145093453125 0.687328125 0.7126635515624999 0.6836249999999999 0.7129672890625 0.679484375 0.72007009375 0.67103125 0.7478504671875 0.6695781249999999 0.7589485984375 0.6695781249999999 0.7774766359374999 0.6720625 0.77962616875 0.67578125 0.780257009375 0.67784375 0.7805607484375 0.678875 0.77345794375
8 0.77028125 0.81088785 0.777796875 0.82801401875 0.78209375 0.8274766359375001 0.7835156249999999 0.8247897203125 0.7878125 0.8167757015625 0.793890625 0.80661215 0.797109375 0.8001869156250001 0.79925 0.7927102796875001 0.797109375 0.786285046875 0.795671875 0.7852336453125 0.79103125 0.7788084109375 0.775296875 0.760630840625 0.775296875 0.7622196265625 0.7735000000000001 0.7884345796875001 0.77028125 0.81088785
8 0.479296875 0.818668225 0.482984375 0.8115420562500001 0.483421875 0.8005373828125 0.47778124999999994 0.8073364484375001 0.47604687500000004 0.8196495328125 0.4719375 0.8245093453125 0.4715 0.8332476640625 0.473453125 0.8465186921875001 0.48471875000000003 0.8497663546875 0.486453125 0.8296962609375 0.482109375 0.8322897203125 0.479515625 0.830327103125 0.479296875 0.818668225
9 0.485734375 0.8486682249999999 0.475109375 0.8442757015625 0.4880486109375 0.8574247156249999 0.48978124999999995 0.867056075 0.4883125 0.8730841125 0.49080555625000005 0.882637590625 0.49218402812499995 0.895244028125 0.47093749999999995 0.914813084375 0.465921875 0.9283644859375 0.463171875 0.9281074765625 0.46171875 0.9332009343750001 0.46365625 0.9329672890625 0.463015625 0.9351401875 0.47228125 0.9232710281250001 0.49050000000000005 0.91359813125 0.4935625 0.9078504671875001 0.499609375 0.9087616828125 0.499609375 0.92184579375 0.496890625 0.9435280374999999 0.49507812500000004 0.9485046734375 0.495375 0.9597897203124999 0.504734375 0.9589018687499999 0.5116875000000001 0.95301401875 0.518640625 0.9611448593749999 0.51803125 0.9566355140624999 0.5116875000000001 0.9489485984374999 0.507765625 0.9399299062500001 0.51078125 0.900630840625 0.5020156250000001 0.892943925 0.5044375 0.8879906546875 0.5116875000000001 0.8803037390625 0.491421875 0.8585514015625 0.49068750000000005 0.8527803734375 0.486109375 0.85168224375 0.48848437499999997 0.8456542062500001 0.4866701390625 0.8448182750000001 0.48703124999999997 0.8319392515624999 0.48529166718749994 0.8322118390625001 0.48391319375 0.8196054 0.481140625 0.8163084109375 0.48426562500000003 0.8105373828125 0.482534721875 0.8069989625 0.48115625 0.7943925234375 0.4848125 0.7899766359375 0.48040625 0.788341121875 0.48060937499999995 0.80507009375 0.477859375 0.81109813125 0.47876562500000003 0.8201635515625 0.472359375 0.82537383125 0.479328125 0.8267289718749999 0.48060937499999995 0.8316822437500001 0.48445312500000004 0.8324999999999999 0.485734375 0.8486682249999999
9 0.9623906249999999 0.7276401875 0.96034375 0.7214953265624999 0.95803125 0.71537383125 0.9526562500000001 0.7188317750000001 0.953171875 0.7222663546875 0.9536718750000001 0.7264953265625 0.9523906249999999 0.7272663546875 0.9534218750000001 0.7410514015625 0.96778125 0.7471962609375 0.9672656249999999 0.7314719625 0.9623906249999999 0.7276401875
2 0.6515625 0.7701401875 0.6652812499999999 0.77404205625 0.66659375 0.766869159375 0.669421875 0.7665420562499999 0.669640625 0.7479906546875 0.67290625 0.7398598125 0.676171875 0.7271495328124999 0.679875 0.71609813125 0.68378125 0.71088785 0.69075 0.7118691593750001 0.688796875 0.7060046734375 0.6591875 0.7066588781250001 0.65809375 0.707943925 0.649828125 0.7356308406250001 0.649828125 0.7499532703125 0.6533125 0.7561214953125 0.6515625 0.7701401875
8 0.6938125 0.674602803125 0.69321875 0.66140186875 0.6914374999999999 0.6582943921875 0.687671875 0.6584345796875 0.687875 0.6802336453125 0.689953125 0.68007009375 0.692328125 0.6787383171875 0.6938125 0.674602803125
2 0.0015625 0.92757009375 0.0125 0.9299065421874999 0.0140625 0.9369158875 0.01875 0.9392523359375 0.021875 0.9322429906249999 0.028125 0.9322429906249999 0.0359375 0.922897196875 0.04375 0.8785046734374999 0.040625 0.873831775 0.0328125 0.827102803125 0.0296875 0.816355140625 0.030661337500000004 0.80812866875 0.2355159890625 0.724212128125 0.33125 0.7009345796875001 0.3375 0.7172897203125 0.3390625 0.7313084109375 0.34562499999999996 0.7425233640625 0.340625 0.7686915890625 0.3421875 0.7827102796875 0.3515625 0.7827102796875 0.3578125 0.7780373828125 0.3640625 0.7640186921875001 0.3625 0.7383177562500001 0.365625 0.7266355140625 0.3703125 0.7266355140625 0.375 0.7172897203125 0.3796875 0.7172897203125 0.38125 0.7056074765625 0.4203125 0.707943925 0.41875 0.7219626171875 0.41875 0.75934579375 0.42426470624999996 0.7664925796875 0.4203125 0.775700934375 0.4234375 0.7850467296875 0.4140625 0.7943925234375 0.4201450890625 0.8165053406249999 0.4125 0.8200934578125001 0.4125 0.8387850468750001 0.4171875 0.8457943921875 0.4296875 0.84345794375 0.4359375 0.7990654203124999 0.44308035781250005 0.8057409890624999 0.5501116078125 0.75550734375 0.553125 0.7476635515625001 0.5609375 0.75934579375 0.5671875 0.7827102796875 0.571875 0.7780373828125 0.5796875 0.7780373828125 0.5828125 0.7523364484374999 0.603125 0.7523364484374999 0.6125 0.754672896875 0.61875 0.7616822437499999 0.6328125 0.7616822437499999 0.6390625 0.775700934375 0.6484375 0.775700934375 0.6515625 0.7710280375 0.653125 0.7570093453125 0.65 0.7523364484374999 0.65 0.7359813078124999 0.65546875 0.7207943921875 0.65 0.7009345796875001 0.6578125 0.7009345796875001 0.6609375 0.7056074765625 0.6651278406250001 0.6845263390625 0.715340909375 0.71909515625 0.7234375 0.7476635515625001 0.725 0.75934579375 0.734375 0.75934579375 0.7390625 0.7476635515625001 0.7515625 0.75 0.7546875 0.7429906546875 0.7515625 0.7149532703125 0.7421875 0.7149532703125 0.7296875 0.7289719625 0.5765625 0.6172897203125001 0.5765625 0.6051401875 0.58125 0.567757009375 0.58125 0.5443925234375 0.5765625 0.5350467296875 0.5734375 0.5350467296875 0.56875 0.5280373828125 0.56875 0.5070093453125 0.5640625 0.49766355156250003 0.515625 0.49766355156250003 0.5 0.4813084109375 0.48125 0.4813084109375 0.45 0.49766355156250003 0.41875 0.504672896875 0.4140625 0.5116822437499999 0.4212357953125 0.5166206453125 0.4140625 0.525700934375 0.40920138906250003 0.5214174468749999 0.3265625 0.6869158875 0.328125 0.6962616828125 0.321875 0.6962616828125 0.31897529062499996 0.690023909375 0.0265625 0.8056074765625001 0.0171875 0.7733644859375 0.0046875 0.766355140625 0.0015625 0.766355140625 0.000625 0.8070093453125 0.007899709375 0.8174527265625 0.0003125 0.8205607484374999 0 0.9205607484374999 0.0015625 0.92757009375