8 0.357984375 0.8083125000000001 0.3563125 0.7486875000000001 0.3551875 0.7417708328125 0.351296875 0.7346041671875 0.34981249999999997 0.7328541671875 0.348140625 0.6903125 0.34573437500000004 0.6883333328125001 0.342578125 0.6880833328125 0.339609375 0.6888333328125 0.337015625 0.6910624999999999 0.337203125 0.6945208328125 0.336078125 0.731125 0.334609375 0.7331041671875 0.334609375 0.7368125 0.331453125 0.7415208328125 0.33403125 0.8120208328125 0.33478125 0.8127708328125 0.342765625 0.8152291671875 0.35240625 0.8147500000000001 0.3563125 0.8125208328125 0.357984375 0.8083125000000001
8 1 0.5446041671875 0.91015625 0.5165 0.907 0.5375833328125 0.901734375 0.5867708328125001 0.8990937499999999 0.6029166671875 0.9006718749999999 0.6106458328125 0.8969843750000001 0.6563333328125001 0.885390625 0.7181666671875 0.851140625 0.8333958328125 0.8342656249999999 0.8748541671875 0.83215625 0.9029583328124999 0.8442812500000001 0.9943125 1 1 1 0.5446041671875
8 0.0032187500000000003 0.6254791671875 0.027296874999999998 0.7989166671875 0.080296875 0.8631666671874999 0.08671875 0.891 0.12687500000000002 0.876 0.128484375 0.8438958328125 0.138109375 0.8246249999999999 0.14454687500000002 0.760375 0.1429375 0.7239791671875 0.162203125 0.6961458328125001 0.186296875 0.6854375 0.223234375 0.6875833328125001 0.2414322921875 0.70043055625 0.2467864578125 0.6961458328125001 0.25053125 0.7068541671874999 0.3115625 0.7368333328125 0.3106 0.726125 0.322 0.7325416671875 0.3324375 0.72825 0.33565625 0.7054166671875 0.3485 0.7154166671875 0.3493046875 0.7036354171875 0.3589375 0.7111354171875 0.369375 0.7068541671874999 0.367765625 0.6533125 0.35171874999999997 0.6597291671875001 0.3228125 0.6554583328125 0.30674999999999997 0.6725833328124999 0.1898928578125 0.6081388890625 0.215203125 0.53125 0.268203125 0.5184166671875 0.276234375 0.4777291671875 0.321203125 0.43918749999999995 0.317984375 0.4284791671875 0.2906875 0.4199166671875 0.0016093750000000001 0.497 0 0.5034166671875 0.007303571875 0.5074444437500001 0.0002926140625 0.5145132578125 0.0032187500000000003 0.6254791671875
8 0.22059375 0.9554583328125 0.22059375 0.9836874999999999 0.27353125 0.9883958328125001 0.27 0.9554583328125 0.44293750000000004 0.8872083328124999 0.45353125 0.9883958328125001 0.481765625 0.9883958328125001 0.481765625 0.8472083328125001 0.36 0.7319166671875 0.1570625 0.8142708328125 0.17470312500000001 0.9836874999999999 0.201171875 0.9883958328125001 0.18882812499999999 0.8872083328124999 0.22059375 0.9554583328125
9 0.54484375 0.72 0.565015625 0.6908541671874999 0.575109375 0.6594583328125 0.58184375 0.6168541671875001 0.6003437500000001 0.5607916671875001 0.605375 0.5249166671875 0.620515625 0.4868125 0.6188281250000001 0.45989583281249996 0.6188281250000001 0.433 0.5885625 0.40833333281249995 0.5734375 0.399375 0.5784687500000001 0.3814375 0.58015625 0.3657291671875 0.58184375 0.3522708328125 0.57175 0.323125 0.559984375 0.3119166671875 0.54315625 0.3074375 0.5330781250000001 0.3074375 0.522984375 0.3074375 0.504484375 0.323125 0.49607812500000004 0.3388333328125 0.49439062500000003 0.3657291671875 0.49607812500000004 0.4060833328125 0.48934375 0.41281249999999997 0.47421875 0.41281249999999997 0.445625 0.4262708328125 0.43890624999999994 0.4464583328125 0.4103125 0.49354166718750003 0.3935 0.5204375 0.38509375 0.5495833328125 0.39854687499999997 0.5742499999999999 0.405265625 0.5877083328125 0.40695312499999997 0.5989166671875 0.40359375000000003 0.612375 0.395171875 0.6213333328124999 0.38340625 0.6235833328125 0.3565 0.6280625 0.363234375 0.6773958328125 0.3766875 0.6975625 0.395171875 0.7312083328125001 0.40695312499999997 0.7581041671875 0.443953125 0.8029583328125 0.46243749999999995 0.825375 0.467484375 0.8612500000000001 0.49271875 0.8612500000000001 0.49439062500000003 0.8298541671875 0.43890624999999994 0.7356874999999999 0.42040625 0.6751458328125 0.413671875 0.6347916671875 0.415359375 0.6146041671875 0.42207812499999997 0.6011666671875 0.44898437500000005 0.5854583328125 0.467484375 0.5921875 0.470859375 0.607875 0.4994375 0.6347916671875 0.4994375 0.6415208328124999 0.49439062500000003 0.6594583328125 0.49439062500000003 0.6751458328125 0.49439062500000003 0.6863541671875 0.49607812500000004 0.7222291671875001 0.49607812500000004 0.7805208328125001 0.502796875 0.8276249999999999 0.502796875 0.8365833328125 0.497765625 0.8522708328125 0.49103125 0.8702083328124999 0.47421875 0.9285208328125 0.49439062500000003 0.9531666671875 0.52803125 0.9083333328125001 0.5078437499999999 0.9285208328125 0.538109375 0.897125 0.541484375 0.8679791671875 0.5397968750000001 0.7827708328125 0.54484375 0.72
9 0.62003125 0.43714583281249997 0.622453125 0.468125 0.6248750000000001 0.47972916718749997 0.62778125 0.4874791671875 0.62778125 0.4952291671875 0.62390625 0.5023333328125 0.613265625 0.512 0.60890625 0.523625 0.6040625000000001 0.5455625000000001 0.598265625 0.5681458328125 0.59003125 0.5946041671875 0.5598124999999999 0.6714166671874999 0.553203125 0.718375 0.5451406249999999 0.7330416671875 0.542203125 0.7633541671875 0.553203125 0.7956458328125 0.5627500000000001 0.8054166671875 0.574484375 0.8152083328125 0.5840156249999999 0.8142291671875 0.602359375 0.861125 0.581828125 0.8943749999999999 0.570078125 0.9031874999999999 0.562015625 0.9041666671874999 0.554671875 0.9158958328125 0.557609375 0.9403541671875001 0.574484375 0.9423125000000001 0.609703125 0.9374166671875 0.637578125 0.9393333328125 0.645640625 0.8454166671875001 0.641984375 0.7837916671875 0.6529843750000001 0.7730416671875 0.6676562500000001 0.780875 0.6735156250000001 0.780875 0.692640625 0.7526458328125 0.72809375 0.7505625 0.733140625 0.7258333328125001 0.72809375 0.6584166671875 0.738203125 0.5280833328125001 0.736515625 0.48989583281250004 0.72809375 0.46291666718749996 0.7213437500000001 0.45168749999999996 0.707859375 0.43595833281249996 0.6960625 0.4426875 0.67753125 0.4426875 0.67484375 0.43202083281250003 0.673375 0.40462499999999996 0.673375 0.3909375 0.6723125 0.39068749999999997 0.65634375 0.3913333328125 0.643265625 0.3984166671875 0.62971875 0.4132708328125 0.62003125 0.43714583281249997
9 0.72978125 0.1505625 0.741578125 0.20675 0.736515625 0.23820833281249998 0.7264062499999999 0.298875 0.7061875 0.36854166718750003 0.6859531249999999 0.2561875 0.6960625 0.2202291671875 0.684265625 0.11235416718749999 0.665734375 0.15731250000000002 0.6623593750000001 0.19102083281249999 0.660671875 0.296625 0.67921875 0.44045833281249996 0.687640625 0.4382083328125 0.716296875 0.4179791671875 0.741578125 0.3752708328125 0.75 0.4314583328125 0.743265625 0.47864583281249995 0.741578125 0.5528125 0.7449375 0.6539375 0.7449375 0.7595416671875 0.7449375 0.8269583328125 0.741578125 0.9146041671875 0.734828125 0.9865208328125 0.837640625 0.9842708328124999 0.82584375 0.907875 0.851125 0.8089791671875 0.891578125 0.6988749999999999 0.8898906249999999 0.6224791671875 0.8983125 0.5910208328125 0.9151718750000001 0.4449375 0.9387656249999999 0.305625 0.9286562500000001 0.2314583328125 0.8764062499999999 0.19775 0.837640625 0.1595416671875 0.859546875 0.0674166671875 0.844375 0.0112291671875 0.798875 0.0045 0.765171875 0.0179791671875 0.743265625 0.0719166671875 0.743265625 0.07416666718750001 0.7398906249999999 0.094375 0.72978125 0.1505625
8 0.2324375 0.7552708328125 0.228453125 0.7499583328125 0.214109375 0.7446458328125 0.19975 0.7467708328125 0.19178125 0.7542083328125 0.1905 0.7648125 0.197671875 0.8052083328125 0.21025 0.8659791671875 0.230953125 0.8625416671874999 0.23004687499999998 0.8009791671875 0.2324375 0.7754791671875 0.2324375 0.7552708328125
8 0.67040625 0.21275 0.677453125 0.22097916718750002 0.67421875 0.23389583281249998 0.6856875 0.23704166718750003 0.6871562499999999 0.21862499999999999 0.6924375 0.21587499999999998 0.688921875 0.2002083328125 0.686671875 0.1599791671875 0.6934843749999999 0.1400625 0.69921875 0.1018125 0.687328125 0.0974375 0.682421875 0.1100208328125 0.689375 0.1198541671875 0.67871875 0.1269583328125 0.6775 0.1373333328125 0.6854921875 0.1386979171875 0.683265625 0.16993750000000002 0.673046875 0.1998125 0.67040625 0.21275
8 0.2839375 0.8411458328125001 0.28240625 0.7756041671875 0.273953125 0.7592083328125 0.27164062499999997 0.7305208328125 0.2578125 0.7264375000000001 0.2578125 0.7581875 0.25398437500000004 0.7643333328125 0.260890625 0.7673958328125 0.25859375 0.7673958328125 0.267796875 0.7745625 0.268578125 0.7796875 0.2731875 0.851375 0.2839375 0.8411458328125001
8 0.22671875 0.7498333328125 0.232390625 0.7551666671875 0.23339062500000002 0.7747499999999999 0.23471875 0.7725208328125001 0.23671875 0.7231458328125 0.23271875 0.7164583328125 0.224375 0.715125 0.21303125 0.7160208328125 0.20435937499999998 0.7186874999999999 0.197015625 0.7289166671875 0.1996875 0.7476041671875 0.20635937499999998 0.7480625 0.208703125 0.7462708328125001 0.21637499999999998 0.7458333328125 0.22671875 0.7498333328125
8 0.19390625 0.5365624999999999 0.24078125 0.5716249999999999 0.30765625 0.5541041671875 0.311078125 0.5426666671875 0.31451562499999997 0.5411458328125 0.265921875 0.5190416671875 0.19390625 0.5365624999999999
8 0.374578125 0.8230625 0.381390625 0.8230625 0.39460937500000004 0.817 0.41426562499999997 0.7625833328125 0.39159375 0.7580416671875 0.365515625 0.8114583328125 0.36890625 0.8175208328125001 0.3711875 0.8195208328125 0.374578125 0.8230625
8 0.157421875 0.9194583328125001 0.159859375 0.9291874999999999 0.167171875 0.9259375000000001 0.166359375 0.908625 0.166359375 0.8869999999999999 0.162296875 0.8037083328125 0.1939375 0.7896458328125 0.187453125 0.7604375 0.19718750000000002 0.7474583328125 0.19718750000000002 0.7333958328125 0.20204687500000001 0.71825 0.21584374999999997 0.7128541671875 0.23693749999999997 0.7171666671875 0.23531249999999998 0.77125 0.25234375 0.7636875 0.25559375 0.7215 0.23937499999999998 0.686875 0.19475 0.6738958328125 0.157421875 0.693375 0.139578125 0.7290625000000001 0.145265625 0.7539583328125 0.138765625 0.8221041671875 0.15823437499999998 0.8935000000000001 0.116046875 0.9237708328125 0.12173437499999999 0.9378333328125 0.157421875 0.9194583328125001
8 0.333359375 0.7809999999999999 0.33240625 0.7547291671874999 0.324546875 0.7536458328125 0.301796875 0.7694583328125 0.30371875 0.7829166671875 0.3149375 0.7918958328125 0.333359375 0.7809999999999999