8 0.183078125 0.46817330156250003 0.18609375 0.47871194375000004 0.191125 0.47419203750000005 0.177375 0.422412178125 0.16664062500000001 0.3640749421875 0.164625 0.3635831375 0.175359375 0.4244262296875 0.183078125 0.46817330156250003
8 0.468875 0.573419203125 0.477125 0.5744496484375 0.48743749999999997 0.551100703125 0.491796875 0.5418266984375 0.498203125 0.5370023421875 0.4984375 0.5122716625 0.494078125 0.5074707265625 0.489953125 0.5085011703125 0.47964062500000004 0.52740046875 0.469796875 0.552131146875 0.46567187499999996 0.5668852453125 0.468875 0.573419203125
8 0.49998437500000004 0.347939109375 0.498359375 0.35454332499999996 0.50090625 0.3625058546875 0.50621875 0.370819671875 0.5117812500000001 0.3690866515625 0.51315625 0.3628571421875 0.51478125 0.3590398125 0.51825 0.342412178125 0.518015625 0.333747071875 0.5050625 0.333747071875 0.504375 0.3365105390625 0.50390625 0.3437939109375 0.49998437500000004 0.347939109375
9 0.520546875 0.6416861828125 0.50428125 0.6210304453125 0.5036562499999999 0.618220140625 0.49301562499999996 0.596651053125 0.487375 0.5938173296875 0.477359375 0.5957142859375 0.46859375 0.59194379375 0.45795312499999996 0.587259953125 0.4479375 0.5844496484375 0.44418749999999996 0.567564403125 0.443546875 0.551615925 0.45106250000000003 0.5553629984375 0.45670312500000004 0.5478454328125 0.4535625 0.5384777515625 0.4466875 0.5234660421874999 0.43667187500000004 0.5131381734375 0.44731249999999995 0.48124121718749996 0.454203125 0.48592505781249995 0.45795312499999996 0.47840749374999997 0.45043749999999994 0.4662295078125 0.4491875 0.44744730625000007 0.44104687499999995 0.43618267031249996 0.421015625 0.432435596875 0.41537499999999994 0.442763465625 0.40912499999999996 0.45964871250000006 0.40912499999999996 0.4662295078125 0.40725 0.47559718906250004 0.397859375 0.48498829062500004 0.383453125 0.51969555 0.379703125 0.5506557375 0.38220312500000003 0.5628571421874999 0.39096875 0.6276112406250001 0.404734375 0.6444964875 0.41475 0.6576346609375 0.43415625 0.6585714281249999 0.4491875 0.649180328125 0.46984375 0.6426229515624999 0.47985937500000003 0.6407494140625001 0.483 0.6529508203125001 0.49301562499999996 0.6679625296875 0.50303125 0.6914051515625 0.49926562499999994 0.7017330203125 0.5036562499999999 0.7073536296875 0.518046875 0.7082903984375 0.534328125 0.710187353125 0.538703125 0.7082903984375 0.54559375 0.71487119375 0.553109375 0.7092505859375 0.5599999999999999 0.6951756437500001 0.5675 0.68578454375 0.576265625 0.659508196875 0.571890625 0.6444964875 0.564375 0.6520140515625 0.553734375 0.6613817328125 0.54371875 0.6576346609375 0.54746875 0.6613817328125 0.531203125 0.6529508203125001 0.520546875 0.6416861828125
9 0.59821875 0.7325761125 0.641703125 0.7191100703125 0.6596875 0.7123653390625 0.6596875 0.703372365625 0.644703125 0.6763934421875 0.634203125 0.6629274 0.61471875 0.6494379390625 0.61021875 0.640444965625 0.60421875 0.626955503125 0.61621875 0.6089929749999999 0.632703125 0.6 0.635703125 0.5685480093749999 0.61021875 0.5415690859375 0.60871875 0.52583138125 0.5847187500000001 0.501124121875 0.572734375 0.4876346609375 0.557734375 0.47639344218749996 0.554734375 0.4629274 0.53975 0.4449414515625 0.52625 0.435948478125 0.515765625 0.4674238875 0.515765625 0.48538641718750003 0.505265625 0.49887587812499995 0.497765625 0.505620609375 0.47978125 0.5280796249999999 0.47078125000000004 0.5460655734375 0.47078125000000004 0.5730444968749999 0.47828125000000005 0.5865105390625 0.493265625 0.5685480093749999 0.503765625 0.5415690859375 0.52175 0.5191100703125 0.5337500000000001 0.5213583140625 0.54875 0.5325761124999999 0.54425 0.561803278125 0.53675 0.5775175640625 0.53675 0.6089929749999999 0.54875 0.6449414515624999 0.562234375 0.6853864171875 0.58621875 0.6853864171875 0.58921875 0.7213583140625001 0.59821875 0.7325761125
9 0.5870625 0.3436533953125 0.5918125 0.2225761125 0.56925 0.220796253125 0.562125 0.16384075 0.534796875 0.1940983609375 0.535984375 0.22613583125 0.519359375 0.265316159375 0.518171875 0.34543325468749997 0.515796875 0.4219906328125 0.538359375 0.4415690859375 0.535984375 0.43088992968750006 0.553796875 0.354332553125 0.590625 0.4860655734375 0.6108125 0.48250585468749996 0.5870625 0.3436533953125
9 0.506359375 0.2707025765625 0.494203125 0.22018735312499998 0.477625 0.20859484843749998 0.47376562499999997 0.20362997656249998 0.47651562500000005 0.19700234218749998 0.477625 0.170491803125 0.4599375 0.16138173281249998 0.451109375 0.16967213125 0.45 0.1920374703125 0.45884375000000005 0.22100702499999997 0.44115624999999997 0.2276346609375 0.43949999999999995 0.2839578453125 0.42954687500000005 0.31128805625 0.43065625 0.323723653125 0.443921875 0.3203981265625 0.446125 0.31709601875 0.442265625 0.306323184375 0.45276562499999995 0.285620609375 0.455515625 0.31461358281249996 0.4466875 0.37590163906249996 0.44557812500000005 0.40571428593750003 0.44834375 0.44711943749999994 0.45220312500000004 0.4769789234375 0.44557812500000005 0.49604215468749996 0.466015625 0.5068149890625 0.46381249999999996 0.47864168593749995 0.469890625 0.4413817328125 0.47209375 0.40990632343750005 0.47376562499999997 0.3858782203125 0.47596875 0.3626932078125 0.4809375 0.39002341875 0.487015625 0.43475409843749996 0.49034374999999997 0.44468384062500005 0.48646874999999995 0.4480093671875 0.49143749999999997 0.44552693281250005 0.49309375 0.473676815625 0.483703125 0.4852693203125 0.494203125 0.4728571421875 0.49642187499999996 0.4844496484375 0.489234375 0.4952224828125 0.49143749999999997 0.505152225 0.516859375 0.49770491874999995 0.513 0.48112412187500003 0.51078125 0.43557377031250005 0.5019375 0.406580796875 0.49973437499999995 0.35854800937500003 0.503046875 0.338852459375 0.49254687500000005 0.3057142859375 0.49696875 0.2949414515625 0.49365625 0.28086651093750004 0.5025000000000001 0.29163934375 0.5058125 0.332224825 0.5025000000000001 0.3487822015625 0.5041562500000001 0.36866510468749997 0.5091249999999999 0.37032786875 0.513 0.367611240625 0.51796875 0.34857142812499997 0.515203125 0.3311709609375 0.51409375 0.2972131140625 0.506359375 0.2707025765625
9 0.3015 0.1815222484375 0.286578125 0.1815222484375 0.28359375 0.2150819671875 0.277625 0.24639344218749998 0.277625 0.31128805625 0.28209375 0.3560187359375 0.303 0.3515456671875 0.30598437500000003 0.3515456671875 0.325390625 0.3403747078125 0.32687499999999997 0.22180327812499998 0.311953125 0.20613583124999998 0.3015 0.1815222484375
9 0.13089062499999998 0.4603981265625 0.139390625 0.41468384062499997 0.145078125 0.38067915625 0.15784375 0.41149882968749996 0.162796875 0.443395784375 0.16634374999999998 0.4763466046875 0.165640625 0.4837939109375 0.188328125 0.500796253125 0.18975 0.49548009375 0.191875 0.4912412171875 0.176984375 0.46997658124999997 0.17485937499999998 0.4625292734375 0.1713125 0.4061826703125 0.1670625 0.360491803125 0.167765625 0.3200936765625 0.162796875 0.277564403125 0.14790625 0.26587822031249997 0.155 0.248875878125 0.14932812499999998 0.22974238906250002 0.13868750000000002 0.223348946875 0.13371875 0.223348946875 0.12946875 0.25524590156250004 0.12662500000000002 0.26906323125 0.12237499999999998 0.27969555 0.10890625000000001 0.3264637 0.11173437500000001 0.360491803125 0.11670312499999999 0.36791569062499996 0.123078125 0.36791569062499996 0.128046875 0.3817330203125 0.12025 0.45297423906249995 0.11882812499999999 0.4819672125 0.11740625 0.4989695546875 0.11882812499999999 0.5018501171875 0.13089062499999998 0.5092974234375001 0.13868750000000002 0.4997423890625 0.13159375 0.4806089 0.13089062499999998 0.4603981265625
9 0.10859375 0.2698829046875 0.1099375 0.2588290390625 0.11128125 0.25128805625 0.115984375 0.242740046875 0.121015625 0.24374707187500003 0.12368749999999999 0.2533021078125 0.11967187500000001 0.2744262296875 0.125375 0.26887587812499997 0.128390625 0.255316159375 0.12671875 0.24826697968749997 0.131078125 0.23468384062499997 0.13509374999999998 0.22463700156250002 0.14046875 0.22512880625 0.14851562499999998 0.2281498828125 0.138796875 0.21156908593749998 0.139796875 0.2055269328125 0.1364375 0.178875878125 0.12503124999999998 0.1688290390625 0.12368749999999999 0.148196721875 0.11195312500000001 0.1441920375 0.10457812500000001 0.152740046875 0.10490625 0.16629976562499998 0.097859375 0.1773770484375 0.092828125 0.187939109375 0.09182812500000001 0.21004683906250002 0.09384375 0.2226229515625 0.09618750000000001 0.23367681562499998 0.09651562500000001 0.24374707187500003 0.09384375 0.260843090625 0.10189062499999998 0.280444965625 0.10490625 0.276932084375 0.106578125 0.2754332546875 0.10859375 0.2698829046875
9 0.20817187499999998 0.21695550312499998 0.21731250000000002 0.19836065625 0.22840625 0.20032786875 0.22970312499999998 0.25997658125 0.23689062500000002 0.2707494140625 0.23689062500000002 0.2873770484375 0.240140625 0.2961826703125 0.2499375 0.2961826703125 0.25646874999999997 0.12110070312500001 0.247984375 0.1152224828125 0.24537499999999998 0.08391100625 0.234921875 0.062412178124999995 0.2205625 0.1044730671875 0.21665625 0.11718969531250001 0.20817187499999998 0.1748946140625 0.196421875 0.20032786875 0.191859375 0.277587821875 0.191859375 0.2951990625 0.207515625 0.29325526874999996 0.20817187499999998 0.21695550312499998
9 0.0643125 0.30252927343749997 0.066 0.28894613593749996 0.066328125 0.281920375 0.067671875 0.27185011718749996 0.070015625 0.257283371875 0.070015625 0.244707259375 0.06867187500000001 0.23414519843749998 0.054921874999999995 0.2205620609375 0.055265625 0.202459015625 0.053578125 0.193419203125 0.045859375 0.1899063234375 0.038484375 0.1954332546875 0.0368125 0.2009601875 0.03278125 0.21201405156250003 0.02640625 0.23163934375 0.020703125 0.257283371875 0.020374999999999997 0.281920375 0.02371875 0.3035363 0.029765625 0.32063231875 0.03646875 0.34224824374999996 0.043515625 0.34578454375 0.052578124999999996 0.34426229531249997 0.053921874999999994 0.34325526875 0.05325 0.32615925 0.058609375 0.3171194375 0.06231250000000001 0.31510538593750004 0.0643125 0.30252927343749997
9 0.0048125 0.19416861875 0.000609375 0.1958782203125 0.000609375 0.3460187359375 0.010906250000000001 0.345456675 0.008609374999999999 0.341451990625 0.012046875 0.32775175624999997 0.01584375 0.31290398124999996 0.016234375000000002 0.2929274 0.01928125 0.2706557375 0.018515625 0.25810304375 0.016234375000000002 0.2364168625 0.010140625 0.2278454328125 0.008234374999999999 0.21700234218749997 0.008609374999999999 0.2044262296875 0.0074687500000000006 0.20044496562499997 0.0048125 0.19416861875
8 0.116375 0.3489695546875 0.116375 0.34320843125 0.12214895781249999 0.341890709375 0.124859375 0.34320843125 0.12562500000000001 0.35014051562500004 0.13004374999999999 0.3418173296875 0.1616229171875 0.3415238109375 0.1650625 0.34597189687499996 0.173953125 0.346307571875 0.1774125 0.3413770484375 0.18284375 0.3466432484375 0.1853072921875 0.3413036703125 0.1886897328125 0.338210103125 0.19173437499999998 0.3469789234375 0.1932020828125 0.3412302875 0.1971227671875 0.3381365015625 0.200625 0.347314596875 0.201096875 0.341156909375 0.205555803125 0.338062896875 0.2089916671875 0.3410835296875 0.209515625 0.3476502734375 0.2139888390625 0.3379892953125 0.2168864578125 0.34101014687500003 0.21840625 0.34798594843749997 0.222421875 0.337915690625 0.22545312499999998 0.341428571875 0.226453125 0.3474707265625 0.23215625 0.3434426234375 0.23349999999999999 0.3359016390625 0.24149609375 0.3354410609375 0.24075390625 0.3433167453125 0.2493515625 0.3431908671875 0.24949218750000002 0.334980484375 0.25748828125 0.33451990625 0.25794921875 0.3430649890625 0.266546875 0.342939109375 0.265484375 0.334059328125 0.27348046875 0.33359875156249996 0.27514453125 0.34281323124999996 0.2837421875 0.342687353125 0.2814765625 0.33313817343749996 0.28947265624999996 0.33267759531249996 0.29233984375 0.342561475 0.30093749999999997 0.342435596875 0.29746875 0.33221701875 0.30546484375 0.331756440625 0.30909895781249996 0.341682278125 0.34990625 0.337915690625 0.34990625 0.3308899296875 0.329453125 0.3303747078125 0.17182366093749998 0.33835730937499997 0.1695177078125 0.34145042812500004 0.16339062499999998 0.33843091406250003 0.1142541671875 0.341964090625 0.00384375 0.3455035125 0 0.3536065578125 0.000765625 0.35822014062499996 0.108671875 0.3559016390625 0.116375 0.3489695546875