9 0.66898 0.8698498499999999 0.6884 0.9124324328125001 0.70782 0.8787987984375001 0.70482 0.8227627625 0.70034 0.7734234234375 0.69438 0.7106606609375 0.6928799999999999 0.6635735734375 0.68242 0.614234234375 0.68094 0.5245645640625 0.67794 0.46177177187499996 0.6884 0.385525525 0.6884 0.356396396875 0.6854199999999999 0.29585585625 0.67944 0.262222221875 0.67198 0.230840840625 0.66898 0.2263363359375 0.6421 0.2128828828125 0.6197 0.2218618625 0.6107400000000001 0.22411411406249998 0.5988 0.24204204218749997 0.56296 0.264474475 0.5584800000000001 0.264474475 0.52862 0.24876876874999998 0.5181600000000001 0.24876876874999998 0.51368 0.275675675 0.5346 0.3272372375 0.5480400000000001 0.3608708703125 0.55252 0.367597596875 0.557 0.383303303125 0.55998 0.41915915937500003 0.5584800000000001 0.4550450453125 0.557 0.531291290625 0.5510200000000001 0.6321621625 0.5510200000000001 0.69048048125 0.54356 0.7510210203125001 0.53608 0.7868768765625 0.53608 0.8093093093749999 0.53608 0.867597596875 0.55252 0.8945045046875 0.55998 0.90570570625 0.5764 0.89675675625 0.5868599999999999 0.840690690625 0.5868599999999999 0.8160360359375 0.5988 0.7510210203125001 0.6003000000000001 0.7128828828125 0.60626 0.6927027031249999 0.61522 0.6680480484375 0.6227 0.64339339375 0.66302 0.8384384390624999 0.666 0.8631231234375001 0.66898 0.8698498499999999
9 0.2464 0.9352252249999999 0.2464 0.9576576578125 0.2643 0.9666366359375 0.30910000000000004 0.9755855859375 0.3315 0.9621321328124999 0.31507999999999997 0.93075075 0.32106 0.8926426421875 0.34493999999999997 0.8141741734375 0.35838000000000003 0.8231231234375 0.39422 0.8298498500000001 0.445 0.8096696703124999 0.46887999999999996 0.780540540625 0.47934 0.7581081078125 0.48231999999999997 0.7289489484375 0.48231999999999997 0.70876876875 0.47934 0.6885885890625 0.45694 0.6885885890625 0.43304 0.7042942937500001 0.43006 0.7312012015625 0.40766 0.75585585625 0.38974000000000003 0.7491291296875 0.37629999999999997 0.733453453125 0.37182 0.7110210203125 0.37182 0.69309309375 0.37332 0.6684084078125 0.38078 0.6482582578125 0.39422 0.6056456453125 0.37629999999999997 0.5652852859374999 0.3569 0.554084084375 0.35092 0.554084084375 0.33598 0.554084084375 0.3315 0.5608108109375001 0.31956 0.585465465625 0.30462 0.6078978984375001 0.29118 0.6348048046875 0.27326 0.65048048125 0.23593999999999998 0.6729129125 0.20905999999999997 0.6908408406250001 0.18816 0.7132732734375 0.17472000000000001 0.7536336343750001 0.1762 0.8096696703124999 0.22400000000000003 0.8522822828125 0.19562 0.9105705703125 0.21204 0.9172972968750001 0.22400000000000003 0.921771771875 0.2464 0.9352252249999999
9 0.30720000000000003 0.410540540625 0.28312 0.380090090625 0.27424 0.3553453453125 0.24384 0.281141140625 0.22610000000000002 0.2697297296875 0.22482000000000002 0.23738738750000002 0.20834000000000003 0.21453453437499997 0.19694 0.24120120156249997 0.19822 0.2678378375 0.1792 0.294474475 0.17414000000000002 0.3363363359375 0.18428 0.36678678750000004 0.20074 0.368678678125 0.20581999999999998 0.40672672656250003 0.20454 0.4219519515625 0.26538 0.4181381375 0.30720000000000003 0.410540540625
9 0.37278 0.2875375375 0.36212 0.3035735734375 0.35002 0.3259759765625 0.34077999999999997 0.335615615625 0.33864 0.3494894890625 0.35216 0.3494894890625 0.35998 0.36015015 0.35714 0.3836636640625 0.35928 0.390060059375 0.3671 0.390060059375 0.37136 0.38684684687500004 0.37278 0.38150150156249996 0.38346 0.38150150156249996 0.40976 0.39432432500000003 0.4375 0.38045045 0.4439 0.3654954953125 0.43892 0.34414414375 0.4311 0.3195795796875 0.4311 0.30570570625000004 0.42044 0.2832732734375 0.41332 0.280090090625 0.41048 0.2565765765625 0.40266 0.22987987968749998 0.39768 0.2234834828125 0.38772 0.2234834828125 0.38132 0.2309609609375 0.38132 0.23948948906249998 0.38201999999999997 0.24162162187499997 0.38201999999999997 0.260840840625 0.38346 0.2726126125 0.37848000000000004 0.282222221875 0.37278 0.2875375375
9 0.7877 0.3027627625 0.80116 0.29639639687499997 0.80966 0.2931831828125 0.81674 0.2931831828125 0.83726 0.295315315625 0.83798 0.2984984984375 0.8436400000000001 0.319759759375 0.84788 0.34102102031250003 0.9505399999999999 0.32615615625 0.94274 0.3176576578125 0.93072 0.3123423421875 0.91442 0.3123423421875 0.9023999999999999 0.31339339375 0.89886 0.2995795796875 0.89602 0.27831831875 0.89036 0.25492492499999997 0.8896599999999999 0.24642642656249997 0.87478 0.2347447453125 0.87266 0.2166666671875 0.87196 0.21027027031249998 0.8676999999999999 0.1858258265625 0.8514200000000001 0.18051051093749998 0.8464600000000001 0.20072072031250002 0.8436400000000001 0.21984984999999999 0.8436400000000001 0.226216215625 0.8436400000000001 0.23153153125 0.8408 0.2389789796875 0.8344400000000001 0.2517417421875 0.8209799999999999 0.262372371875 0.8018599999999999 0.2772672671875 0.78276 0.2931831828125 0.7742600000000001 0.3017117109375 0.78416 0.3017117109375 0.7877 0.3027627625
9 0.50886 0.3011111109375 0.49538000000000004 0.27192192187500003 0.49240000000000006 0.24270270312500003 0.48342 0.22921921875 0.47144 0.22921921875 0.46546000000000004 0.25843843906249997 0.46246 0.27192192187500003 0.43102 0.3190990984375 0.45048000000000005 0.3505705703125 0.45048000000000005 0.3910210203125 0.5193399999999999 0.3820120125 0.52382 0.357297296875 0.52532 0.334834834375 0.51634 0.305615615625 0.50886 0.3011111109375
8 0.60692 0.2945045046875 0.60692 0.29291291249999996 0.7281799999999999 0.1027927921875 0.7174400000000001 0.085075075 0.6037 0.28324324375 0.60692 0.2945045046875
9 0.07932 0 0.08381999999999999 0.0359459453125 0.14518 0.042702703125000005 0.15266 0.029219218749999998 0.14816000000000001 0.0134834828125 0.07932 0
8 0.31606 0.405015015625 0.38380000000000003 0.3951051046875 0.37542 0.37801801875 0.36941999999999997 0.3896997 0.35922 0.386996996875 0.35982 0.363603603125 0.34424 0.3482882890625 0.2765 0.3581981984375 0.28968 0.3878978984375 0.31545999999999996 0.386096096875 0.31606 0.405015015625
8 0.6913 0.3444144140625 0.69546 0.35747747812499997 0.8309799999999999 0.337597596875 0.8389200000000001 0.3347447453125 0.83628 0.3165765765625 0.8272 0.29384384375 0.78366 0.296096096875 0.69092 0.3120120125 0.68184 0.317147146875 0.6841 0.3251051046875 0.6913 0.3444144140625
8 0.46738 0.7587987984375 0.48491999999999996 0.72906906875 0.48448 0.7108108109375 0.46782 0.69324324375 0.45658000000000004 0.6918918921875 0.44758 0.6993393390625 0.43542 0.721621621875 0.43452 0.7493393390625 0.42732000000000003 0.757447446875 0.43857999999999997 0.77570570625 0.43992000000000003 0.79123123125 0.46288 0.7838138140625001 0.46871999999999997 0.7790690687499999 0.46871999999999997 0.7682582578125 0.46738 0.7587987984375
8 0.30514 0.3564864859375 0.3027 0.3224324328125 0.29942 0.31093093125000004 0.2975 0.309309309375 0.29504 0.3121621625 0.2945 0.3170870875 0.2945 0.32078078125 0.2945 0.35525525468749997 0.29504 0.3556456453125 0.29968 0.3564864859375 0.30514 0.3564864859375
9 0.12028000000000001 0.351321321875 0.11812 0.3233633640625 0.11598 0.3008108109375 0.09594 0.291141140625 0.08664 0.3061861859375 0.08306 0.33519519531249997 0.0666 0.343783784375 0.05442 0.358828828125 0.040100000000000004 0.384624625 0.0351 0.42978978906250004 0.04226 0.44804804843749996 0.0673 0.44267267343750005 0.13674 0.431921921875 0.13602 0.42762762812500005 0.13602 0.3996696703125 0.12028000000000001 0.351321321875
9 0.12178 0.35747747812499997 0.12818000000000002 0.3694894890625 0.13738 0.39771771718750004 0.13777999999999999 0.42354354375 0.14018 0.4313513515625 0.17058 0.427147146875 0.19616 0.42774774843749996 0.20456 0.42114114062499997 0.18098 0.40912912968750004 0.16258 0.407927928125 0.15578 0.36168168125 0.15298 0.3328828828125 0.15138000000000001 0.328078078125 0.14098 0.3118618625 0.12898 0.303453453125 0.13138 0.29384384375 0.13258 0.278828828125 0.12978 0.2578078078125 0.12538 0.245225225 0.11299999999999999 0.2428228234375 0.1038 0.2512012015625 0.0986 0.27342342343750003 0.0982 0.2926426421875 0.11499999999999999 0.3022522515625 0.119 0.33168168124999997 0.12178 0.35747747812499997
8 0.1733 0.3427327328125 0.17292000000000002 0.3693994 0.17658000000000001 0.3718618625 0.18226 0.37105105156249996 0.18172 0.348228228125 0.18116000000000002 0.3342042046875 0.18044 0.3322822828125 0.17987999999999998 0.330090090625 0.18044 0.3245645640625 0.17987999999999998 0.322372371875 0.17768 0.3232132125 0.17438 0.3234834828125 0.17568 0.3303603609375 0.17438 0.33366366406250003 0.1733 0.3427327328125
9 0.03338 0.6921921921874999 0.05308 0.7327327328125001 0.07446 0.7589489484375 0.10766 0.77921921875 0.09754 0.8324624625 0.09022 0.8890690687499999 0.08346 0.9101801796875 0.08122 0.9203303296875 0.09078 0.927927928125 0.0874 0.9423123125 0.08346 0.954984984375 0.0964 0.9676576578124999 0.10822000000000001 0.9625825828125001 0.13524 0.9727327328125 0.14818 0.9701801796874999 0.15324 0.95921921875 0.14762 0.9473873875000001 0.13806000000000002 0.93048048125 0.15718000000000001 0.93048048125 0.15944 0.9127327328125 0.16506 0.9127327328125 0.17070000000000002 0.8020420421875001 0.16676 0.75555555625 0.1645 0.7352852859375 0.16111999999999999 0.7158258265625 0.14930000000000002 0.6913213218750001 0.16 0.6727327328125 0.1797 0.6321921921875 0.19490000000000002 0.6068168171874999 0.20051999999999998 0.5713513515625 0.19658 0.5426126124999999 0.20108 0.5375375375 0.21345999999999998 0.5409309312499999 0.22134 0.5409309312499999 0.22360000000000002 0.5552852859375 0.22866 0.5603603609375 0.22978 0.5459759765625 0.2343 0.53921921875 0.23936000000000002 0.5282282281249999 0.24724 0.4978078078125 0.23992 0.4910510515625 0.2371 0.485135134375 0.24836 0.48093093124999997 0.25342 0.47585585625000004 0.24609999999999999 0.44375375312500004 0.21854 0.42600600625 0.20051999999999998 0.426846846875 0.17802 0.4403603609375 0.17014 0.47669669687500005 0.16055999999999998 0.4918918921875 0.11048 0.5273873874999999 0.054759999999999996 0.6127327328125001 0.04914 0.6178078078125 0.036180000000000004 0.6609009015625 0.03338 0.6921921921874999