8 0.27008 0.7687401578124999 0.2827 0.769475065625 0.28704 0.765774278125 0.29062 0.7529133859375 0.29364 0.7529133859375 0.30362 0.751679790625 0.30569999999999997 0.7576115484375 0.30776 0.76304461875 0.30908 0.7680052500000001 0.30852 0.7732021 0.29664 0.7732021 0.29722 0.7759055125 0.29948 0.7791338578125 0.30494 0.7818635171875 0.31362 0.78160105 0.31756 0.778871390625 0.31794 0.774671915625 0.31644 0.763805775 0.31436000000000003 0.755380578125 0.30758 0.7469816265625 0.31626 0.7477165359375 0.31852 0.7509186359375 0.32096 0.75265091875 0.32662 0.7531496062499999 0.33096000000000003 0.7501837265625 0.33396 0.7412860890624999 0.33002 0.733622046875 0.32228 0.727427821875 0.31568 0.7214960625 0.30306 0.7113648296874999 0.29496 0.705170603125 0.28384 0.703674540625 0.27572 0.7140682421875 0.26838 0.7059055125 0.26196 0.7064041999999999 0.25858 0.708372703125 0.25139999999999996 0.7120997375 0.25216 0.7172965875 0.25952000000000003 0.7192650921875 0.2678 0.7234645671875 0.26988 0.7308923890625 0.2727 0.7318897640625 0.27515999999999996 0.7318897640625 0.2812 0.7331233593750001 0.28798 0.74005249375 0.28534000000000004 0.7452493437500001 0.28552 0.7487139109375 0.27968000000000004 0.7608136484375 0.2727 0.76304461875 0.27440000000000003 0.762073490625 0.27102 0.76304461875 0.27008 0.7687401578124999
2 0.26528 0.706876640625 0.28818 0.7455118109375001 0.35354 0.7624409453125 0.4022 0.740472440625 0.41134000000000004 0.6845931765625 0.75356 0.644671915625 0.8037599999999999 0.6865879265625 0.8630599999999999 0.6286876640625 0.91022 0.60275590625 0.91934 0.5628346453125 0.9163 0.5428608921875 0.9163 0.5229133859374999 0.8828400000000001 0.48498687656249995 0.7216199999999999 0.45503937031249997 0.54382 0.3730971125 0.32398 0.3991338578125 0.21322000000000002 0.4772178484375 0.081 0.5075853015625 0.08264 0.5943569546874999 0.06777999999999999 0.6203937015625 0.0876 0.6833070859375 0.28266 0.7512598421875001 0.18458000000000002 0.6682414703124999 0.26528 0.706876640625
2 0.81838 0.472204725 0.80984 0.42511811093749996 0.762 0.420629921875 0.69536 0.382519684375 0.59114 0.38475065625 0.6799999999999999 0.436325459375 0.73466 0.45425196874999996 0.81838 0.472204725
2 1 0.4549868765625 0.9939399999999999 0.4549868765625 0.99604 0.452204725 0.94316 0.46887139062500005 0.9057999999999999 0.4961679796875 0.9005000000000001 0.5007874015625 0.9036799999999999 0.506325459375 0.90862 0.5151181109375 0.9146000000000001 0.52115485625 0.91848 0.529475065625 0.9191800000000001 0.5410498687499999 0.91814 0.5576902890625 0.9177799999999999 0.5618635171874999 0.91496 0.5817585296875001 0.91426 0.5854593171875 0.9138999999999999 0.591023621875 0.9132 0.5928608921875 0.9361200000000001 0.597480315625 0.94352 0.59934383125 0.95374 0.605826771875 0.95938 0.6072178484374999 0.97384 0.6076640421875 0.983 0.602125984375 0.98688 0.59425196875 0.9890000000000001 0.5872965875 1 0.5859317578125001 1 0.4549868765625
2 0.91278 0.4322572171875 0.9119999999999999 0.4533333328125 0.91812 0.47792650937500003 0.92692 0.47792650937500003 0.94948 0.46687664062499995 0.96782 0.46086614218750005 0.9984 0.45283464531249995 1 0.3765879265625 0.9682000000000001 0.40065616875 0.9532999999999999 0.41519684999999995 0.92692 0.42173228281249997 0.9273 0.4212335953125 0.91622 0.42524934375 0.91278 0.4322572171875
2 1 0.359973753125 0.95562 0.365380578125 0.9378 0.3887664046875 0.91584 0.40858267656249997 0.91448 0.421181103125 0.9282 0.42296587968750005 0.96248 0.4139632546875 0.96386 0.40858267656249997 0.9995200000000001 0.375275590625 1 0.359973753125
2 0 0.64475065625 0.02178 0.64475065625 0.0237 0.5060367453125 0.0237 0.469475065625 0.05062 0.469475065625 0.05062 0.513622046875 0.04196 0.517401575 0.0458 0.5905249343750001 0.0583 0.6371916015625 0.0679 0.6371916015625 0.06886 0.619527559375 0.08327999999999999 0.596824146875 0.08424000000000001 0.5035170609375 0.11786 0.49469816250000004 0.08904 0.4909186359375 0.00354 0.44047244062499996 0 0.44047244062499996 0 0.64475065625
2 0.20371999999999998 0.49265091875 0.22268 0.470026246875 0.25606 0.44687664062500004 0.2298 0.4360629921875 0.18818 0.4335958 0.16943999999999998 0.4395013125 0.14356 0.44443569531250005 0.09090000000000001 0.4906824140625 0.11898 0.49511811093749997 0.1561 0.4980577421875 0.20371999999999998 0.49265091875
2 0.1878 0.43325459374999997 0.22342 0.43472440937499995 0.23354 0.4371916015625 0.2403 0.426377953125 0.23542000000000002 0.4185039375 0.17768 0.4214435703125 0.17318 0.4248818890625 0.16792 0.43375328125 0.1683 0.43325459374999997 0.17018 0.43916010468750005 0.1878 0.43325459374999997
2 0.24766 0.42469816250000003 0.23748 0.43803149531249996 0.25534 0.4465091859375 0.29502 0.41721784843750004 0.25684 0.420131234375 0.24766 0.42469816250000003
13 0.03344 0.4448818890625 0.032740000000000005 0.45671915937499996 0.07234 0.483175853125 0.09458 0.4922834640625 0.15084 0.4466929140625 0.16266 0.4412335953125 0.16682 0.43577427812499997 0.15084 0.401128609375 0.14250000000000002 0.3892650921875 0.05358 0.398372703125 0.04316 0.43028871406249997 0.036919999999999994 0.432125984375 0.03414 0.43577427812499997 0.03344 0.4448818890625