8 0.721296875 0.3155833328125 0.75090625 0.3243541671875 0.76734375 0.3111875 0.783796875 0.2881666671875 0.783796875 0.270625 0.783796875 0.2541875 0.7796875 0.2399375 0.769 0.22458333281249998 0.753375 0.22239583281250003 0.736921875 0.22239583281250003 0.721296875 0.2333541671875 0.7065 0.2607708328125 0.707328125 0.29693749999999997 0.721296875 0.3155833328125
2 0.672578125 0.6526458328125 0.6737968750000001 0.6607083328125001 0.6734843749999999 0.6697708328124999 0.674703125 0.6764166671875 0.68225 0.6752083328125 0.6819531249999999 0.6701666671875001 0.69675 0.6721874999999999 0.699015625 0.6760208328124999 0.69840625 0.6546666671875 0.6985625 0.6419791671875 0.702046875 0.6349166671875001 0.7015781249999999 0.6248541671875001 0.700671875 0.6244583328125 0.6890468750000001 0.62425 0.683765625 0.6300833328125 0.678328125 0.6437916671874999 0.672578125 0.6526458328125
2 0.72578125 0.611 0.72609375 0.608 0.727484375 0.607375 0.729421875 0.6077916671875 0.7327656250000001 0.6083125 0.73525 0.6087291671874999 0.7361875 0.6106874999999999 0.7371875 0.6112083328125 0.737265625 0.6105833328125 0.7371875 0.6078958328125 0.7365 0.605 0.7362656249999999 0.6036666671875001 0.735328125 0.6015833328125 0.7347812499999999 0.6002500000000001 0.733859375 0.5974375000000001 0.7331562500000001 0.5957916671875 0.730515625 0.5950624999999999 0.727328125 0.5951666671875 0.72421875 0.5956875 0.7229062500000001 0.5967291671875 0.722203125 0.598375 0.719953125 0.6034583328124999 0.719796875 0.6067708328125 0.720265625 0.6089375 0.72128125 0.6112083328125 0.721890625 0.6107916671875 0.724140625 0.611 0.72578125 0.611
8 0.65453125 0.9170833328124999 0.647328125 0.9593125 0.69196875 0.9900416671875 0.717890625 0.9439583328125 0.65453125 0.9170833328124999
8 0.71378125 0.6670625 0.7056875 0.6670625 0.7045312499999999 0.6636875 0.7093906249999999 0.6568958328125001 0.711234375 0.6575208328125 0.714234375 0.6556666671875 0.7110000000000001 0.6538333328125 0.700375 0.6630625 0.6990000000000001 0.6686041671875 0.705 0.6803125 0.7128593750000001 0.6781666671875 0.71378125 0.6670625
9 0.7786562499999999 0.9146041671875 0.792140625 0.9033749999999999 0.7971874999999999 0.8763958328125 0.783703125 0.8449375 0.77190625 0.8202291671875 0.766859375 0.8134791671875 0.7550625 0.7573125 0.736515625 0.7550625 0.7129218749999999 0.7617916671875 0.707859375 0.8 0.709546875 0.8539375 0.691015625 0.8741666671875 0.682578125 0.8741666671875 0.65225 0.9011250000000001 0.6286562499999999 0.9258333328124999 0.633703125 0.9573124999999999 0.6235937500000001 0.9865208328125 0.746625 0.9865208328125 0.753375 0.9550625 0.7786562499999999 0.9146041671875
9 0.464359375 0.7728541671875 0.46653124999999995 0.765125 0.467109375 0.7425208328124999 0.46898437499999995 0.7324791671875001 0.466671875 0.72475 0.449875 0.7164583328125 0.450015625 0.715875 0.45581250000000006 0.7087291671875 0.459140625 0.6986875 0.46290624999999996 0.6890208328125 0.46246875000000004 0.6830416671874999 0.45899999999999996 0.6753125 0.44957812500000005 0.6675833328125 0.440015625 0.6668125 0.43321875 0.6704791671875 0.422921875 0.6811041671875 0.42132812499999994 0.6926875 0.422640625 0.7081458328125 0.419734375 0.709875 0.41467187499999997 0.711625 0.40554687500000003 0.7268749999999999 0.40453124999999995 0.7357708328125 0.404390625 0.7440625 0.408015625 0.7456041671875 0.408015625 0.750625 0.408734375 0.7626041671875 0.40989062499999995 0.7715 0.41467187499999997 0.7892708328125 0.41596875000000005 0.7964166671874999 0.41596875000000005 0.8049166671875 0.414375 0.8155208328124999 0.41481250000000003 0.8344583328124999 0.41656250000000006 0.8557083328124999 0.423515625 0.8671041671875 0.42871875 0.8692291671874999 0.43118749999999995 0.8779166671875 0.42278125 0.8945208328125 0.40728125000000004 0.923875 0.398890625 0.9401041671874999 0.396703125 0.9455 0.39771875 0.9513125 0.400328125 0.9617291671875 0.40395312499999997 0.9698541671875001 0.411046875 0.9748749999999999 0.415546875 0.9735208328124999 0.41525 0.9590208328125 0.41959375000000004 0.9412708328124999 0.4330625 0.9184791671875001 0.44262499999999994 0.9043749999999999 0.4430625 0.9043749999999999 0.44132812499999996 0.9136458328125 0.435390625 0.9441666671875 0.43190625000000005 0.9571041671874999 0.43075 0.9653958328125001 0.43915625 0.966375 0.455515625 0.9679166671875 0.458265625 0.9661666671875 0.458125 0.9627083328125 0.45493750000000005 0.9617291671875 0.4485625 0.9574791671874999 0.45146875 0.9364375 0.45928125 0.9012916671875001 0.46175 0.8721249999999999 0.469421875 0.8713541671874999 0.47535937500000003 0.8564791671875 0.47667187499999997 0.8520416671875 0.47753125 0.8342708328124999 0.475515625 0.8097291671875 0.46928125 0.79775 0.465375 0.7967916671874999 0.46421875 0.7933125000000001 0.464359375 0.7728541671875
9 0.722515625 0.6278125 0.71671875 0.6264166671875 0.71040625 0.6355416671875 0.706734375 0.6411458328124999 0.703046875 0.6523749999999999 0.702 0.6614791671875 0.699890625 0.6706041671875 0.702515625 0.6741041671875 0.699359375 0.681125 0.69778125 0.6853333328125 0.699359375 0.6916458328124999 0.70146875 0.6993541671875 0.703578125 0.7049583328125 0.702515625 0.7140833328125 0.70146875 0.7253125 0.700421875 0.731625 0.700421875 0.7358333328125 0.700421875 0.7435416671875 0.70146875 0.7470416671875 0.703578125 0.74775 0.70409375 0.74775 0.706203125 0.7484375 0.709359375 0.7498541671875001 0.71040625 0.7470416671875 0.709890625 0.7456458328125 0.7088281249999999 0.7442291671875 0.709359375 0.7407291671875 0.71146875 0.7365208328125 0.71146875 0.7288125 0.709890625 0.7190000000000001 0.71040625 0.7112708328124999 0.712515625 0.7049583328125 0.715671875 0.6965416671875 0.718296875 0.6902291671875 0.72409375 0.6818125 0.725140625 0.6762083328124999 0.725140625 0.6642916671875 0.72409375 0.6685 0.724609375 0.6572708328125 0.7235625 0.6446458328125 0.721453125 0.6348333328125 0.722515625 0.6278125
9 0.764828125 0.7008541671875 0.76903125 0.6770208328125 0.7695624999999999 0.6559791671874999 0.766921875 0.6468541671875 0.758515625 0.6363333328125 0.758515625 0.6237083328125 0.7543124999999999 0.6173958328125 0.749046875 0.6181041671874999 0.745890625 0.6265208328125 0.745890625 0.6377291671875 0.740625 0.6377291671875 0.735375 0.6503541671875 0.7327343749999999 0.6686041671875 0.73484375 0.689625 0.742203125 0.6889375 0.748 0.7253958328125 0.748515625 0.7429375 0.75115625 0.74925 0.758515625 0.7485416671875 0.758515625 0.7464375000000001 0.7595625 0.7261041671874999 0.764828125 0.7008541671875
9 0.35990625 0.6158125 0.354375 0.6205416671874999 0.358328125 0.6268541671875 0.3579375 0.6300208328125 0.35359375000000004 0.6416041671875 0.3480625 0.6516041671874999 0.3480625 0.6589791671875 0.358328125 0.6526666671875 0.36267187500000003 0.6621458328125 0.35990625 0.6758333328125 0.36425 0.6910833328125 0.36425 0.6963541671875 0.36109375 0.6990000000000001 0.360296875 0.7021458328125 0.372546875 0.7019375 0.373734375 0.6951041671875 0.37096874999999996 0.6687708328124999 0.374515625 0.6524583328125 0.37096874999999996 0.6313958328125 0.36621875 0.622125 0.365828125 0.617375 0.35990625 0.6158125
9 0.769265625 0.6745 0.7677968749999999 0.6806458328125 0.766953125 0.6912708328125 0.7682187500000001 0.7083333328125 0.7709374999999999 0.7094583328125 0.774921875 0.7091875 0.7770312500000001 0.6991041671875 0.7761875 0.6932291671875 0.7751406249999999 0.6806458328125 0.780171875 0.6784166671875 0.778484375 0.6719791671875 0.779953125 0.6669583328125 0.782484375 0.6705833328125 0.785203125 0.6683541671875 0.784578125 0.6622083328125 0.78184375 0.6526875000000001 0.778703125 0.6392708328125 0.776390625 0.635625 0.773875 0.6328333328125 0.771578125 0.6286458328125 0.770109375 0.6227708328125 0.765484375 0.6216458328125001 0.761921875 0.6266875 0.763390625 0.6353541671875 0.760671875 0.637875 0.765703125 0.6454166671875 0.7677968749999999 0.65325 0.769265625 0.6745
2 0.77175 0.5980000000000001 0.77334375 0.6001458328125 0.775859375 0.5973958328125 0.774953125 0.5943541671875 0.77403125 0.5857916671875001 0.766015625 0.5861041671875 0.764875 0.5861041671875 0.7635 0.5897708328125 0.761671875 0.5922083328125 0.7621249999999999 0.5964791671875 0.7621249999999999 0.5955625 0.7641875 0.6001458328125 0.766015625 0.6004583328125 0.767390625 0.5980000000000001 0.77175 0.5980000000000001
8 0.77115625 0.9922083328125 0.782296875 0.9231458328125 0.769234375 0.9386458328125 0.7416406249999999 0.9960625000000001 0.77115625 0.9922083328125
4 0.46870312500000005 0.990875 0.466828125 0.9733750000000001 0.45276562499999995 0.959625 0.44151562499999997 0.958375 0.43307812500000004 0.9658749999999999 0.404359375 0.9733750000000001 0.392625 0.9867916671874999 0.38059375 0.998375 0.46214062499999997 0.9971249999999999 0.46870312500000005 0.990875
9 0.72440625 0.63775 0.7351584828125 0.6306190484374999 0.7391875 0.6398125 0.7356049109375 0.6424494046875 0.7360781249999999 0.6543333328125 0.7321875 0.6605624999999999 0.726734375 0.655375 0.733140625 0.6725625 0.73046875 0.6851458328125 0.7307812499999999 0.7065625 0.7362968750000001 0.7055208328125 0.738015625 0.7021666671875 0.737390625 0.6897708328125 0.7344062499999999 0.685375 0.736944196875 0.6779404765625 0.7345625 0.67675 0.7364977671874999 0.66611011875 0.745671875 0.6349791671875 0.7435937499999999 0.6235625 0.736859375 0.61975 0.734265625 0.6069583328125 0.7285468749999999 0.6055833328125 0.7262187499999999 0.609375 0.734712053125 0.6187886890625001 0.7288125 0.6232083328125 0.724140625 0.6294375 0.72440625 0.63775
9 0.7976093750000001 0.6451875 0.8049531249999999 0.6371041671875 0.8049531249999999 0.6234791671875 0.801765625 0.6213333328124999 0.8011250000000001 0.6187916671875 0.79921875 0.6145416671875 0.79378125 0.6149583328125 0.794109375 0.6213333328124999 0.790265625 0.626875 0.78771875 0.642625 0.789953125 0.6519999999999999 0.790265625 0.6537083328125 0.79346875 0.6553958328125 0.7925 0.6715833328125 0.7976093750000001 0.6715833328125 0.797296875 0.669875 0.7979375 0.6545625 0.7976093750000001 0.6451875
9 0.7876562500000001 0.63425 0.79084375 0.6248750000000001 0.79053125 0.6236041671875 0.789578125 0.62275 0.789578125 0.617625 0.785421875 0.6150833328124999 0.783828125 0.6189166671875 0.78446875 0.6223124999999999 0.7828593749999999 0.6252916671875 0.7828593749999999 0.6321041671875001 0.78190625 0.6389166671875001 0.784140625 0.64275 0.78478125 0.6440416671875 0.7873281249999999 0.6444583328125 0.7876562500000001 0.63425
9 0.7128281249999999 0.63375 0.70928125 0.6316875 0.7099375 0.6254583328125001 0.706828125 0.620125 0.702609375 0.6219166671874999 0.70084375 0.6287291671874999 0.704171875 0.63375 0.698390625 0.6381875 0.698625 0.6704583328125 0.701953125 0.6544791671875 0.704390625 0.6456041671875 0.7128281249999999 0.63375
9 0.7751875 0.6307291671875 0.774859375 0.6252708328125001 0.777171875 0.6241458328125 0.777171875 0.61925 0.7757031249999999 0.6147708328125 0.77234375 0.6127916671875 0.772140625 0.6080416671875 0.7691874999999999 0.6073333328125 0.7685625 0.6095833328125 0.7691874999999999 0.6137708328125 0.76678125 0.6148958328125 0.767296875 0.6209166671874999 0.7705625 0.6230208328125 0.7718125 0.6307291671875 0.7751875 0.6307291671875
9 0.7115 0.6313958328125 0.715015625 0.6250833328125001 0.718671875 0.6234583328125 0.718828125 0.62325 0.718375 0.6175416671875 0.7180625 0.6169374999999999 0.712421875 0.6189791671875 0.7111875000000001 0.6246875000000001 0.71028125 0.6322083328125 0.7115 0.6313958328125
2 0.787546875 0.5897708328125 0.786125 0.5851666671875 0.783890625 0.583 0.77578125 0.583 0.774765625 0.59275 0.775375 0.5965416671875 0.78328125 0.5976250000000001 0.787546875 0.5897708328125
2 0.7985 0.5806458328125 0.7986875 0.5773125 0.79909375 0.5683541671875 0.790875 0.568875 0.790171875 0.5710208328124999 0.78915625 0.57625 0.78996875 0.5794583328125 0.792171875 0.5807916671875 0.79628125 0.5811875 0.7985 0.5806458328125
2 0.794109375 0.608875 0.797453125 0.6055833328125 0.79978125 0.6026666671875 0.7999375 0.6016874999999999 0.8003750000000001 0.5995625 0.7990625 0.5964583328125 0.797890625 0.5948958328125 0.79615625 0.5943333328125 0.792796875 0.5933541671875 0.7875625 0.59375 0.786546875 0.594125 0.785234375 0.5982083328125001 0.79090625 0.5995625 0.792078125 0.6028541671875 0.79353125 0.6082916671875 0.794109375 0.608875
9 0.6416875 0.6172916671875 0.64290625 0.6171041671874999 0.6444062500000001 0.61475 0.644140625 0.6116666671875 0.644546875 0.6089375 0.6448125 0.6058541671875 0.645640625 0.603125 0.64521875 0.5989583328125 0.6448125 0.5962500000000001 0.643453125 0.59425 0.643453125 0.59225 0.6422343749999999 0.5909791671875 0.641140625 0.5907916671875 0.639921875 0.5915208328125 0.640328125 0.5960625 0.639640625 0.5969583328125 0.639234375 0.5991458328125 0.63896875 0.6013124999999999 0.6388281250000001 0.6047708328125 0.6401875 0.6129374999999999 0.6405937500000001 0.6158333328125 0.6416875 0.6172916671875
2 0.780140625 0.61625 0.78059375 0.6100208328125001 0.7740625 0.6100208328125001 0.7740625 0.6047291671874999 0.77171875 0.6019375 0.7663593750000001 0.6028541671875 0.77171875 0.6075416671875 0.7735937500000001 0.619375 0.780140625 0.61625