8 0.29685937500000004 0.5123653390625 0.32384375 0.4898829046875 0.31934375 0.4044964875 0.313359375 0.35955503437499997 0.29685937500000004 0.368548009375 0.301359375 0.3820140515625 0.28337500000000004 0.49437939062499997 0.29685937500000004 0.5123653390625
8 0.794625 0.6426932078125 0.818609375 0.49437939062499997 0.839609375 0.5280796249999999 0.8171250000000001 0.7146135828125 0.835109375 0.7348243562500001 0.85459375 0.559555034375 0.9790468750000001 0.5550585484375 0.973046875 0.6494379390625 0.9925312500000001 0.6584309140625 0.9985312499999999 0.564051521875 0.9925312500000001 0.31236533906249997 0.87859375 0.298875878125 0.86659375 0.26067915625000004 0.8456093750000001 0.366299765625 0.8171250000000001 0.31461358281249996 0.782640625 0.6202341921875 0.794625 0.6426932078125
8 0.806625 0.168548009375 0.812625 0.2 0.7796406250000001 0.6426932078125 0.794625 0.6516861828125 0.8171250000000001 0.694379390625 0.812625 0.728079625 0.8411093749999999 0.7393208437500001 0.85759375 0.5573067921875 0.982046875 0.564051521875 0.977546875 0.66967213125 0.99553125 0.6786416859375 0.99553125 0.66067915625 1 0.1213583140625 0.8171250000000001 0.0876346609375 0.826109375 0.1528103046875 0.806625 0.168548009375
9 0.371828125 0.72740046875 0.364328125 0.6802107734375 0.359828125 0.6442622953125 0.359828125 0.6127868859375 0.370328125 0.5633489468749999 0.371828125 0.52290398125 0.364328125 0.5026932078125 0.34934375 0.4802107734375 0.356828125 0.462224825 0.377828125 0.52740046875 0.3928125 0.5498829046875 0.3943125 0.5655971890625 0.431796875 0.5655971890625 0.424296875 0.5139110062500001 0.3838125 0.42402810312500006 0.379328125 0.3745901640625 0.353828125 0.34313817343749997 0.34184375 0.31615925 0.352328125 0.2712177984375 0.353828125 0.23526932031249997 0.34934375 0.21503512812499997 0.32084375 0.1678454328125 0.27737500000000004 0.1925761125 0.26387499999999997 0.2397658078125 0.26387499999999997 0.2712177984375 0.272875 0.31615925 0.280375 0.32740046875 0.27137500000000003 0.3341451984375 0.244390625 0.36110070312500003 0.239890625 0.38583138125 0.22939062500000001 0.4667213109375 0.22789062499999999 0.5116627640625 0.22789062499999999 0.5431381734375 0.233890625 0.5970726 0.24889062499999998 0.6465105390625 0.26387499999999997 0.6442622953125 0.269875 0.754379390625 0.26687500000000003 0.758852459375 0.368828125 0.761100703125 0.371828125 0.72740046875
9 0.42170312499999996 0.14163934375 0.42923437499999995 0.23871194375 0.4186875 0.31093676875 0.39609375 0.39672131093749996 0.400609375 0.4170491796875 0.41115625 0.45316159218749996 0.44278125 0.35384075 0.42923437499999995 0.4102810296875 0.45934375000000005 0.4779859484375 0.501515625 0.45540983593749995 0.497 0.4102810296875 0.50303125 0.3312646375 0.5135625 0.16421545625 0.528625 0.0152459015625 0.497 0.0174941453125 0.41115625 0.0174941453125 0.41265625000000006 0.0378220140625 0.41115625 0.0852224828125 0.42170312499999996 0.14163934375
9 0.6312031250000001 0.39325526875 0.61621875 0.4 0.60871875 0.3887587828125 0.617703125 0.361803278125 0.628203125 0.2763934421875 0.628203125 0.2831381734375 0.6596875 0.26292740000000003 0.6641874999999999 0.26292740000000003 0.6641874999999999 0.25843091406249996 0.6626875 0.240444965625 0.6596875 0.208992975 0.6596875 0.1528103046875 0.6596875 0.12583138124999999 0.6566875 0.08313817343749999 0.6581875 0.08313817343749999 0.6761874999999999 0.07639344218750001 0.6731874999999999 0.0674238875 0.6716875 0.033700234375 0.6611875 0.0044964875 0.560734375 0.006744731249999999 0.553234375 0.026955503125000002 0.54575 0.031451990624999995 0.557734375 0.05843091406249999 0.53675 0.1325761125 0.5337500000000001 0.170796253125 0.515765625 0.2516861828125 0.54725 0.2539344265625 0.5682343750000001 0.26517564375 0.5592343750000001 0.29437939062499996 0.554734375 0.3213583140625 0.53975 0.3528103046875 0.54125 0.39550351250000004 0.54875 0.4044964875 0.572734375 0.40674473125 0.566734375 0.429203746875 0.583234375 0.4471896953125 0.61021875 0.435948478125 0.61621875 0.431451990625 0.634203125 0.4202341921875 0.6312031250000001 0.39325526875
9 0.71978125 0.49662763437499996 0.71678125 0.4740983609375 0.7348125 0.48536299843749997 0.761859375 0.4831147546875 0.761859375 0.47185011718750003 0.745328125 0.4515690859375 0.728796875 0.43580796250000003 0.7663593750000001 0.1925761125 0.772375 0.16779859531250002 0.784390625 0.15203747031249998 0.79040625 0.120491803125 0.79190625 0.075456675 0.78740625 0.0033723656249999997 0.6686875 0.005620609375 0.68071875 0.0844496484375 0.6671875 0.12950819687499998 0.6656875 0.174543325 0.671703125 0.2803981265625 0.6581718750000001 0.4740983609375 0.7032499999999999 0.5168852453125 0.7393125 0.5259016390625 0.71978125 0.49662763437499996
9 0.877828125 0 0.8733906250000001 0.013840749999999999 0.87728125 0.0329742390625 0.85784375 0.035480093750000004 0.842859375 0.046276346875 0.8212187500000001 0.1128337234375 0.8262031249999999 0.1219906328125 0.822328125 0.1461124125 0.8384218750000001 0.161920375 0.855078125 0.15611241250000002 0.85840625 0.13447306718750002 0.9083593750000001 0.13864168593749998 0.9583125000000001 0.1328103046875 0.959421875 0.1436299765625 0.9605312500000001 0.15028102968749998 0.97940625 0.13447306718750002 0.9871874999999999 0.10536299843750001 0.983296875 0.0853864171875 0.9544375 0.0554332546875 0.9405625000000001 0.046276346875 0.938890625 0.016323184375 0.94278125 0 0.877828125 0
9 0.012796875 0.9698829046874999 0.025875 0.9744964875000001 0.035875000000000004 0.998688525 0.063546875 1 0.06278125 0.9721779859374999 0.071234375 0.9641217796875001 0.071234375 0.9468149890625 0.062015625 0.94451990625 0.05125 0.9306791562500001 0.0489375 0.9018735359375001 0.035875000000000004 0.8304215453125 0.028171875000000002 0.7889227171875001 0.00971875 0.7566510531249999 0.018187500000000002 0.7520374703125 0.00971875 0.7059250578125 0.001265625 0.701311475 0.0005 0.9226229515625001 0.006640625 0.9399063234374999 0.012796875 0.9698829046874999
8 0.88559375 0.1210772828125 0.881109375 0.112107728125 0.86015625 0.116580796875 0.855671875 0.14348946093749998 0.855671875 0.17936768125 0.855671875 0.210772834375 0.8541718749999999 0.2219672125 0.8706406250000001 0.2376580796875 0.879609375 0.1973067921875 0.879609375 0.152459015625 0.88559375 0.1210772828125
8 0.911171875 0.214683840625 0.9123125 0.163700234375 0.888875 0.16313817343749998 0.8866093749999999 0.1722014046875 0.882453125 0.23451990625 0.888875 0.2430210765625 0.906640625 0.2441451984375 0.911171875 0.214683840625
8 0.97328125 0.263395784375 0.982 0.1879859484375 0.9800156250000001 0.1820374703125 0.9760624999999999 0.17967213124999998 0.9669375 0.1784777515625 0.9590156249999999 0.1790866515625 0.95465625 0.2604215453125 0.959421875 0.263395784375 0.97328125 0.263395784375
8 0.47159375 0.8509367687499999 0.47234375 0.827587821875 0.47196875 0.8099297421875 0.46892187500000004 0.783723653125 0.461703125 0.754683840625 0.45828125000000003 0.7552459015624999 0.4503125 0.7563934421875 0.44917187500000005 0.7250585484375 0.44498437500000004 0.7170726000000001 0.437 0.71936768125 0.423703125 0.7130913343749999 0.40317187499999996 0.7170726000000001 0.40964062500000004 0.5871896953125 0.4134375 0.5849180328125 0.4134375 0.572388759375 0.423703125 0.5666978921875 0.42407812500000003 0.5615690859375 0.416484375 0.5359250578125 0.41381249999999997 0.52967213125 0.41040625000000003 0.528524590625 0.40812499999999996 0.5376346609375 0.411546875 0.557587821875 0.40659375000000003 0.562131146875 0.40431249999999996 0.582084309375 0.40584375 0.5860655734375 0.39823437500000003 0.7222014046874999 0.395203125 0.720491803125 0.39215625 0.7256206093750001 0.400890625 0.5581498828125 0.397484375 0.5581498828125 0.3944375 0.6042857140625 0.38721875 0.7222014046874999 0.38456250000000003 0.7244730671874999 0.38303125 0.740444965625 0.38 0.7540983609375 0.37124999999999997 0.7928337234375 0.37353125 0.7939812640625 0.37771875 0.7922716624999999 0.37846875 0.794543325 0.376578125 0.8503747078125 0.37315624999999997 0.85836065625 0.37353125 0.8731615921874999 0.370109375 0.8771428578125 0.36707812500000003 0.8902576109375 0.370109375 0.9249882906250001 0.466640625 0.939227165625 0.46740624999999997 0.92386416875 0.47159375 0.8509367687499999
8 0.8391562499999999 0.16775175625 0.8323124999999999 0.175152225 0.836875 0.18084309062499998 0.8448593750000001 0.18084309062499998 0.849421875 0.178571428125 0.8513125 0.1734426234375 0.84865625 0.1683138171875 0.8460000000000001 0.1683138171875 0.846453125 0.14833723593749998 0.8497187500000001 0.14548009374999998 0.85271875 0.1413817328125 0.8537968749999999 0.13608899375 0.8537968749999999 0.124660421875 0.857625 0.1030210765625 0.83828125 0.100163934375 0.834984375 0.13585480156250002 0.83840625 0.1489461359375 0.8391562499999999 0.16775175625
8 0.9334843749999999 0.25362997656249997 0.9395312499999999 0.2546370015625 0.9445625 0.2531381734375 0.94959375 0.2149180328125 0.95428125 0.1676580796875 0.9512656249999999 0.1646370015625 0.94959375 0.161124121875 0.944890625 0.1596018734375 0.9395312499999999 0.1591100703125 0.93146875 0.1591100703125 0.9264374999999999 0.1591100703125 0.9234218750000001 0.1626229515625 0.923765625 0.1731850109375 0.923765625 0.1968149890625 0.923765625 0.22346604218750002 0.922078125 0.24660421562499998 0.9234218750000001 0.25063231875 0.928125 0.2526229515625 0.9334843749999999 0.25362997656249997
8 1 0.13018735312500002 0.9988906249999999 0.1287822015625 0.9887343749999999 0.13124121718749998 0.9877968750000001 0.18042154531250001 0.9894375 0.18395784531249998 0.995109375 0.16627634687499998 1 0.1676814984375 1 0.13018735312500002
8 0.8791874999999999 0.1526697890625 0.8800156250000001 0.1797423890625 0.8852968750000001 0.177236534375 0.888078125 0.16224824375 0.9028124999999999 0.163067915625 0.9033749999999999 0.13098360625 0.901984375 0.10807962499999998 0.8825156249999999 0.10473067968750001 0.8800156250000001 0.11056206093750001 0.8811249999999999 0.11056206093750001 0.8850312499999999 0.123067915625 0.8791874999999999 0.1526697890625
8 0.9247500000000001 0.18220140468749998 0.9243281250000001 0.16515222499999999 0.9243281250000001 0.1626229515625 0.91884375 0.1607259953125 0.9150625 0.2359016390625 0.9230625 0.23969554999999998 0.9247500000000001 0.18220140468749998
8 0.912984375 0.1628337234375 0.9112031249999999 0.1949180328125 0.917265625 0.19384075 0.920484375 0.1200468390625 0.9015625 0.116299765625 0.901921875 0.16229508125 0.912984375 0.1628337234375
9 0.77671875 0.2666744734375 0.766109375 0.3461826703125 0.77065625 0.34163934375 0.7888437500000001 0.3552693203125 0.799453125 0.35072599531250004 0.7888437500000001 0.3280093671875 0.80096875 0.316651053125 0.81309375 0.3189227171875 0.8221875000000001 0.18032786875 0.825234375 0.1394379390625 0.828265625 0.128079625 0.8237187499999999 0.10533957812500001 0.851 0.0417330203125 0.8661562500000001 0.0417330203125 0.8661562500000001 0.01901639375 0.864640625 0 0.790359375 0.0031147546875 0.7873281249999999 0.0031147546875 0.799453125 0.0939812640625 0.7873281249999999 0.153067915625 0.790359375 0.1939578453125 0.77671875 0.2666744734375