3 0.301328125 0.2516235296875 0.305609375 0.316117646875 0.31703125 0.3333411765625 0.321328125 0.3505411765625 0.338453125 0.4086117640625 0.338453125 0.46237647031250007 0.33559375 0.4924705875 0.339890625 0.52903529375 0.342734375 0.5440941171875 0.34703125 0.5784941171875 0.349875 0.6172 0.35417187499999997 0.6559058828125 0.36701562499999996 0.6688235296875 0.391296875 0.6731294125 0.3884375 0.6602117640625 0.37415625 0.58063529375 0.37129687499999997 0.516117646875 0.38415625000000003 0.5204235296874999 0.39271875 0.5741882359375 0.39271875 0.6215058828125 0.401296875 0.6602117640625 0.419859375 0.683882353125 0.442703125 0.6494588234374999 0.43842187499999996 0.6494588234374999 0.41414062500000004 0.6021411765625 0.419859375 0.5656 0.415578125 0.5225882359375 0.428421875 0.516117646875 0.444140625 0.5010823531249999 0.44699999999999995 0.4967764703125 0.45270312500000004 0.48816470624999997 0.47270312499999995 0.47096470625000003 0.47984375 0.47096470625000003 0.504109375 0.46882352968749996 0.529828125 0.498917646875 0.532671875 0.48602352968750007 0.55125 0.4559058828125 0.562671875 0.4344 0.632640625 0.552682353125 0.662640625 0.5741882359375 0.6740625 0.572047059375 0.679765625 0.6107529406250001 0.682625 0.664517646875 0.69690625 0.6752705875 0.7211875 0.6688235296875 0.7111875000000001 0.6408705875 0.708328125 0.6021411765625 0.7111875000000001 0.5677411765625 0.71546875 0.51183529375 0.730390625 0.46891764687500004 0.73575 0.45952941249999996 0.741984375 0.4487764703125 0.750453125 0.4387294125 0.7566875 0.42597647031249997 0.767390625 0.4132235296875 0.77496875 0.3944235296875 0.782546875 0.37094117656250003 0.7954687500000001 0.34341176406249996 0.807953125 0.32192941249999996 0.81775 0.313882353125 0.822203125 0.3071764703125 0.8248749999999999 0.30583529375 0.828453125 0.30783529375 0.83959375 0.31656470625 0.8440468750000001 0.32127058750000004 0.850734375 0.32463529375 0.86053125 0.32261176406250003 0.87078125 0.3259764703125 0.879703125 0.32865882343749997 0.890390625 0.327317646875 0.8966406250000001 0.32865882343749997 0.914453125 0.2875058828125 0.9043281249999999 0.26105882343750003 0.8908125 0.231552940625 0.8928437499999999 0.2051058828125 0.8948750000000001 0.191882353125 0.8948750000000001 0.18272941250000002 0.8975625 0.1756 0.8914843749999999 0.15016470625 0.8908125 0.146117646875 0.8772968750000001 0.13084705937500002 0.8658125 0.11049411718749999 0.8590625 0.0972705875 0.8462343750000001 0.0891294125 0.842859375 0.09117647031250001 0.8360937500000001 0.102352940625 0.82190625 0.1044 0.8113125 0.1191294125 0.799484375 0.1270588234375 0.78371875 0.13101176406249998 0.7600625 0.1270588234375 0.741671875 0.125082353125 0.7009218749999999 0.0934117640625 0.661328125 0.10249411718749998 0.65334375 0.1061411765625 0.6179218750000001 0.107717646875 0.596734375 0.1045882359375 0.577984375 0.1051058828125 0.565828125 0.1061411765625 0.5543750000000001 0.1056235296875 0.538390625 0.107717646875 0.4885 0.10894117656249999 0.459140625 0.11004705937499999 0.45620312500000004 0.11555294062499999 0.425375 0.114447059375 0.40114062500000003 0.11887058749999999 0.3871875 0.11555294062499999 0.36884375 0.1199764703125 0.35121875 0.1244 0.32846875 0.1288235296875 0.31525 0.1420941171875 0.3123125 0.14983529375 0.3035 0.1785882359375 0.3041875 0.18280000000000002 0.301328125 0.210752940625 0.301328125 0.2516235296875
9 0.54853125 0.3292235296875 0.5563828125 0.32694901875000004 0.561203125 0.3742588234375 0.568 0.3810705875 0.5589401046875 0.38676470625000003 0.547625 0.44929411718749995 0.554859375 0.49430588281250004 0.547625 0.5720705875000001 0.547625 0.609722353125 0.5354062500000001 0.6072235296875 0.52790625 0.618517646875 0.5370703125 0.62416470625 0.5312421875 0.632952940625 0.534578125 0.6473882359375 0.538734375 0.6411058828125 0.547625 0.6348235296875 0.5521864578125 0.6544203921875 0.55184375 0.657568628125 0.54540625 0.6612 0.5539531249999999 0.6689411765625 0.578421875 0.6662117640624999 0.578421875 0.640282353125 0.5725270828125 0.63408156875 0.5793072921875 0.627301959375 0.5813671874999999 0.6273235296874999 0.5860875 0.6205223531249999 0.5843125 0.6143647062500001 0.592378125 0.6140941171875001 0.5956406249999999 0.65256470625 0.6028749999999999 0.6430117640625 0.61375 0.6430117640625 0.62734375 0.6580235296875 0.6240482953125001 0.60891123125 0.6329374999999999 0.61223529375 0.6321041671875001 0.600379084375 0.6364804687500001 0.599052940625 0.62676875 0.5798447062500001 0.6335489578125 0.5730650984375 0.6400234375 0.5858705875 0.64356640625 0.5726882359375 0.6403291671875 0.5662854890625 0.647109375 0.5595058828125 0.6296041671875 0.56481045625 0.6262708328125 0.517385621875 0.61828125 0.52296470625 0.6188854171875 0.509317646875 0.6254375 0.5055294124999999 0.6194895828125 0.4956705875 0.6261517859375 0.4935126046875 0.62009375 0.48202352968750006 0.626866071875 0.481495796875 0.6297232140625 0.43342857187500006 0.637109375 0.42831764687499996 0.6418437499999999 0.42745882343749997 0.64378125 0.43522352968750005 0.6496927078125 0.43428235312499996 0.665390625 0.4479294125 0.674453125 0.4397411765625 0.670828125 0.3660705875 0.64365625 0.25145882343750003 0.6364062500000001 0.2105411765625 0.62734375 0.1887058828125 0.59834375 0.1764235296875 0.575703125 0.2009882359375 0.5802343750000001 0.2528235296875 0.561203125 0.2664705875 0.552140625 0.24463529374999998 0.5276875000000001 0.23917647031249997 0.50321875 0.2500941171875 0.493265625 0.27192941249999997 0.5131875 0.2951294125 0.53584375 0.3074117640625 0.54853125 0.3292235296875
9 0.10928125 0.446117646875 0.119296875 0.5026117640625001 0.115125 0.5063764703125 0.116796875 0.531482353125 0.107625 0.5490588234375 0.08428125 0.5365176468749999 0.085109375 0.6005411765625001 0.121796875 0.6294117640625 0.124296875 0.6532705875 0.13096875 0.6632941171875 0.13096875 0.687152940625 0.12596875000000002 0.7135294125 0.15096875 0.7223058828125 0.1593125 0.6495058828125 0.16514062499999999 0.6394588234375 0.15596875 0.5390117640625001 0.170140625 0.534 0.17181249999999998 0.5126588234375 0.183484375 0.5088941171875 0.152640625 0.417247059375 0.11595312499999999 0.400917646875 0.115125 0.373317646875 0.119296875 0.3394117640625 0.10678125000000001 0.3067764703125 0.06928125 0.29924705937499996 0.06928125 0.315552940625 0.0759375 0.3494588234375 0.065109375 0.3494588234375 0.0684375 0.3871294125 0.066765625 0.3871294125 0.09678125 0.4084705875 0.10928125 0.446117646875
9 0.072390625 0.34061176406250004 0.070671875 0.33223529375 0.06853125 0.3303058828125 0.066828125 0.3032705875 0.054421874999999995 0.2891058828125 0.033468750000000005 0.2845882359375 0.015515625 0.3096941171875 0.0159375 0.3316 0.0185 0.3483294125 0.02578125 0.37216470625000003 0.031328125 0.38247058749999996 0.00140625 0.3979058828125 0 0.4462117640625 0.014234374999999999 0.45392941249999996 0.020640625000000003 0.4751764703125 0.0189375 0.480517646875 0.023640625000000002 0.49531764687499996 0.029203125000000003 0.5256000000000001 0.029203125000000003 0.56423529375 0.017218749999999998 0.600282353125 0.019796875 0.640847059375 0.0270625 0.6498588234375 0.039453125 0.6827058828125 0.036890624999999996 0.6878588234375 0.03646875 0.6962117640625001 0.04459375 0.7091058828125 0.055703125 0.703952940625 0.056140625 0.6818588234375 0.062125 0.670282353125 0.060843749999999995 0.6676941171874999 0.06168749999999999 0.6412941171875 0.06639062500000001 0.617482353125 0.084359375 0.605247059375 0.085640625 0.6013882359375 0.085203125 0.5363529406249999 0.1074375 0.5485882359375001 0.11642187500000001 0.5305647062500001 0.11471875000000001 0.508282353125 0.11984375 0.5018588234375 0.109578125 0.44776470625 0.09846875000000001 0.4091294125 0.06896875 0.3898117640625 0.065546875 0.3489882359375 0.07195312499999999 0.3470588234375 0.072390625 0.34061176406250004
9 0.125265625 1 0.125265625 0.9944235296875 0.12337499999999998 0.9858823531249999 0.13018749999999998 0.9744941171875 0.1298125 0.9676470593750001 0.132453125 0.9551294125 0.13396875 0.95056470625 0.140390625 0.9425882359375001 0.1456875 0.9346117640625 0.14645312500000002 0.92776470625 0.149859375 0.914682353125 0.154390625 0.9010117640624999 0.1593125 0.8873411765625001 0.16384375 0.8782117640625 0.1744375 0.8747999999999999 0.180109375 0.8747999999999999 0.18540625 0.8753647062500001 0.18540625 0.872517646875 0.1891875 0.8673882359375 0.190703125 0.8554352937499999 0.18843749999999998 0.84176470625 0.180109375 0.8218117640625 0.174828125 0.8132705874999999 0.166125 0.801882353125 0.152125 0.7904941171875 0.13282812500000002 0.787082353125 0.12073437499999999 0.7933411765625 0.11278125000000001 0.8024470593749999 0.108625 0.816117646875 0.10332812499999999 0.8235294124999999 0.100296875 0.8309411765625001 0.09917187499999999 0.83776470625 0.09917187499999999 0.8451764703125001 0.095765625 0.8548705875 0.09273437500000001 0.8662588234375 0.09310937500000001 0.8822117640625 0.094625 0.8970117640625 0.096890625 0.9049882359374999 0.096890625 0.9118352937499999 0.09803125 0.9158117640625001 0.10218750000000001 0.9180941171875 0.106734375 0.924352940625 0.10710937499999999 0.9266352937500001 0.10559375 0.9363294124999999 0.09310937500000001 0.94656470625 0.08139062500000001 0.9539764703125 0.061343749999999996 0.9636705875 0.053390625000000004 0.9676470593750001 0.05565625 0.9801882359375 0.060578125000000003 1 0.125265625 1
9 0.516328125 0.8786588234374999 0.534234375 0.8359529406249999 0.540203125 0.7775294125000001 0.508859375 0.7415764703125001 0.486484375 0.7415764703125001 0.45962500000000006 0.77303529375 0.456640625 0.813482353125 0.46110937500000004 0.8696705874999999 0.42381250000000004 0.9213411765625 0.42381250000000004 0.9977411765624999 0.51334375 1 0.577515625 0.9977411765624999 0.577515625 0.993247059375 0.56259375 0.9348235296875 0.516328125 0.8786588234374999
9 0.391679228125 0.8555155718749999 0.39246875000000003 0.864047059375 0.40142187500000004 0.87416470625 0.42679687499999996 0.9236000000000001 0.458125 0.8786588234374999 0.4574866078125 0.8661378140625 0.4651516546875 0.869791003125 0.514133271875 0.8793079578125 0.5178125 0.8786588234374999 0.522296875 0.8808941171875 0.534234375 0.8943764703125 0.564078125 0.937082353125 0.583484375 0.9865176468750001 0.637203125 0.9797647062499999 0.653609375 0.939317646875 0.577515625 0.8179764703125001 0.5451848953125 0.7767803921875001 0.5384187500000001 0.7815764703125 0.5387187499999999 0.7685411765625 0.534234375 0.766282353125 0.5262760421875 0.7572941171875 0.5327421875 0.750552940625 0.53125 0.7348235296875 0.5446875 0.7146117640625 0.53275 0.683152940625 0.54965625 0.67865098125 0.552140625 0.6685411765625 0.546171875 0.660682353125 0.5237812500000001 0.6224705875 0.4954375 0.6224705875 0.458125 0.6292235296875 0.45962500000000006 0.6494352937500001 0.45962500000000006 0.7325882359375 0.43276562500000004 0.766282353125 0.40440624999999997 0.7910117640625 0.387984375 0.8179764703125001 0.382015625 0.84345098125 0.38351562499999997 0.8539294125 0.37903125000000004 0.8561882359374999 0.391679228125 0.8555155718749999
9 0.9002343749999999 0.9884235296874999 0.90490625 0.9602588234375 0.896234375 0.9351294125 0.8741875 0.9004235296875001 0.845140625 0.891882353125 0.8190937500000001 0.8964000000000001 0.8020625000000001 0.9195294125 0.7927187499999999 0.9532235296874999 0.792390625 0.9758588234375001 0.793390625 0.9984705875 0.8979062499999999 0.9989882359375001 0.9002343749999999 0.9884235296874999
9 0.8427031250000001 0.8234588234375 0.8486874999999999 0.82023529375 0.8619375 0.8183058828125 0.870921875 0.82023529375 0.869203125 0.8112235296874999 0.863640625 0.7919058828125001 0.8602343749999999 0.7738823531250001 0.8602343749999999 0.7539294125 0.864078125 0.7365411765625 0.8644999999999999 0.7243058828125 0.873484375 0.708847059375 0.87134375 0.6946823531249999 0.8602343749999999 0.6850117640625 0.8337187500000001 0.682447059375 0.820890625 0.6985411765625 0.816609375 0.721717646875 0.8183281250000001 0.735247059375 0.819609375 0.7526352937499999 0.82175 0.7680941171875 0.827296875 0.7777411765625 0.82559375 0.7822588234375 0.8080624999999999 0.7925411765625 0.80934375 0.8047764703125001 0.83115625 0.812517646875 0.8427031250000001 0.8234588234375
9 0.541703125 0.7842588234375001 0.589453125 0.8314588234375 0.649140625 0.939317646875 0.6715312499999999 0.887647059375 0.659578125 0.8247294125 0.635703125 0.7505647062499999 0.650625 0.6808941171875 0.613328125 0.6449411765625 0.593921875 0.640447059375 0.5610937500000001 0.69663529375 0.556625 0.70336470625 0.570046875 0.7550588234375 0.541703125 0.7842588234375001
9 0.053734375 0.6939764703125 0.053734375 0.7056941171875 0.081328125 0.7067764703125 0.09476562499999999 0.716352940625 0.09546875 0.7248705875 0.09617187499999999 0.7366117640625001 0.09617187499999999 0.7429882359375 0.11385937500000001 0.7387294125 0.1273125 0.7429882359375 0.132265625 0.7547058828125001 0.14075 0.770682353125 0.147828125 0.7802823531249999 0.153484375 0.792 0.183203125 0.830352940625 0.190265625 0.830352940625 0.20017187500000003 0.8420705875 0.206546875 0.8569882359375001 0.21150000000000002 0.8633882359375 0.24474999999999997 0.8676470593750001 0.249703125 0.8516705874999999 0.20371875 0.8086117640625 0.182484375 0.7851764703125 0.165515625 0.7500235296875 0.14853125 0.737247059375 0.13084374999999998 0.730847059375 0.11528125 0.7255058828125 0.12589062499999998 0.7074117640625001 0.13509374999999998 0.693552940625 0.131546875 0.6690588234375 0.12589062499999998 0.63816470625 0.11953125 0.6243058828125 0.11315625 0.6147294125 0.108203125 0.6136470593750001 0.09829687499999999 0.6083294125 0.09476562499999999 0.6072705875 0.0834375 0.6083294125 0.06646875 0.6115294125 0.06859375 0.6247294125 0.062921875 0.64816470625 0.06221875 0.666282353125 0.05796875 0.6801411765625 0.053734375 0.6939764703125
9 0.195359375 1 0.197421875 0.9978823531250001 0.210671875 0.986352940625 0.228359375 0.98056470625 0.2528125 0.97303529375 0.247796875 0.9481882359375 0.240140625 0.91136470625 0.230703125 0.8900470593750001 0.205078125 0.8732 0.180328125 0.8692 0.162359375 0.8772 0.15615625 0.8900470593750001 0.15175 0.8976000000000001 0.14703125 0.9135764703125 0.14320312500000001 0.9286588234375 0.12464062499999999 0.9681411765625001 0.1258125 0.9788 0.1258125 0.993882353125 0.131703125 1 0.195359375 1
9 0.30040625 0.9844705875 0.30775 1 0.332578125 0.9984941171875 0.3291875 0.9887058828124999 0.319875 0.9670588234374999 0.313953125 0.9479294125 0.31451562499999997 0.882517646875 0.294203125 0.84216470625 0.260078125 0.8417411765624999 0.24907812499999998 0.8532 0.24456250000000002 0.8680705874999999 0.23665625 0.902047059375 0.25329687500000003 0.97383529375 0.2544375 0.9742588234375 0.27896875 0.9691764703124999 0.30040625 0.9844705875
13 0.02459375 0.387647059375 0.01803125 0.316047059375 0.022953124999999998 0.29136470625 0.052468749999999995 0.2790117640625 0.0705 0.3036941171875 0.103296875 0.3135764703125 0.12296875 0.3580235296875 0.15084375 0.36790588281250003 0.154125 0.409882353125 0.177078125 0.48395294062499994 0.30334374999999997 0.4963058828125 0.295140625 0.0049411765625 0.0032812500000000003 0.0074117640624999995 0.0032812500000000003 0.0024705875 0.0016406250000000002 0.39258823593750003 0.02459375 0.387647059375
9 0.25309375 0.8475058828125 0.25853125 0.842282353125 0.26546875000000003 0.8408 0.27240625 0.842282353125 0.274890625 0.83856470625 0.276859375 0.8244 0.2828125 0.8005176468749999 0.28528125000000004 0.7923058828125 0.28726562499999997 0.7885882359374999 0.29321875 0.784117646875 0.29865624999999996 0.7826117640625 0.304109375 0.7811294125 0.303125 0.7729176468750001 0.29865624999999996 0.7662117640624999 0.290734375 0.7527764703125001 0.28331249999999997 0.7393647062500001 0.27537500000000004 0.728917646875 0.27240625 0.7229411765625 0.2625 0.7102588234375 0.257546875 0.7057882359375001 0.25259375 0.6998117640625 0.24665625000000002 0.692352940625 0.244671875 0.6916235296875 0.22981250000000003 0.68863529375 0.222875 0.68863529375 0.214453125 0.6908705875 0.21000000000000002 0.6946117640625 0.205046875 0.7043058828125 0.201578125 0.713247059375 0.19959375 0.7214588234375 0.19959375 0.728917646875 0.20009375000000001 0.7363764703125 0.201078125 0.7445882359375 0.2030625 0.7497882359375 0.204546875 0.7595058828125001 0.20653125 0.7654588234374999 0.20801562499999998 0.7759058828125001 0.20801562499999998 0.7796235296875 0.20553125 0.781882353125 0.201078125 0.7856 0.197609375 0.7915764703125 0.197609375 0.796047059375 0.198109375 0.802752940625 0.196625 0.8057411765625 0.24714062499999997 0.8519764703125 0.25309375 0.8475058828125
9 0.9984375 1 0.9328125 0.9152941171875 0.9328125 0.9058823531250001 0.9484375 0.8023529406250001 0.9515625 0.797647059375 0.946875 0.7952941171875 0.946875 0.78823529375 0.9515625 0.7811764703125 0.959375 0.7341176468749999 0.9703125 0.7129411765625 0.9740624999999999 0.7152941171875 0.9734375 0.7105882359375 0.9821875 0.7105882359375 0.98125 0.7035294125 0.9903124999999999 0.705882353125 0.9984375 0.7011764703125001 0.9890625 0.7011764703125001 0.990576171875 0.6988235296875 0.984375 0.7011764703125001 0.98271484375 0.6964705875 0.9765625 0.705882353125 0.974853515625 0.694117646875 0.746875 0.625882353125 0.725 0.625882353125 0.7125 0.6352941171875 0.703125 0.6494117640625 0.696875 0.6705882359374999 0.68828125 0.682352940625 0.1578125 0.48235294062499995 0.1390625 0.44156862812500003 0.1578125 0.43058823593750006 0.153125 0.4188235296875 0.16875 0.414117646875 0.1703125 0.3929411765625 0.1671875 0.3811764703125 0.1453125 0.36 0.1171875 0.36 0.115625 0.39058823593750003 0.10947916718749999 0.40580392187500003 0.016979167187499998 0.44721568749999996 0.016571303125 0.4560397671875 0.0015625 0.44941176406250005 0.0015625 0.454117646875 0.015625 0.4588235296875 0.024075704687499998 0.45935376874999995 0.0203125 0.47529411718750003 0.0203125 0.4870588234375 0.028125 0.52 0.028125 0.5529411765625001 0.025 0.5788235296875001 0.01875 0.5976470593750001 0.01875 0.625882353125 0.0109375 0.642352940625 0.0015625 0.642352940625 0.003125 0.6988235296875 0.0015625 0.722352940625 0.007875 0.7323294125 0.00078125 0.7341176468749999 0 0.7458823531250001 0.01575 0.735247059375 0.0315 0.741082353125 0.0357421875 0.75323529375 0.0015625 0.8635294124999999 0.003125 1 0.0609375 1 0.0546875 0.9764705875 0.0578125 0.9670588234374999 0.09375 0.94823529375 0.0984375 0.9388235296874999 0.0984375 0.917647059375 0.103125 0.9199999999999999 0.0953125 0.9011764703124999 0.09375 0.8635294124999999 0.1015625 0.82823529375 0.1125 0.8047058828125 0.1203125 0.7952941171875 0.1265625 0.7764705875 0.13387500000000002 0.7790117640625 0.1375 0.7764705875 0.1421875 0.7905882359375 0.1575 0.7877647062500001 0.15798611093749998 0.7816993453125 0.1654513890625 0.785359478125 0.165375 0.790682353125 0.1729166671875 0.7890196078125 0.17325 0.7936 0.181125 0.796517646875 0.18038194375 0.7926797390625 0.184375 0.78823529375 0.189 0.79943529375 0.190625 0.7952941171875 0.196875 0.8023529406250001 0.1984375 0.7905882359375 0.2078125 0.7811764703125 0.2 0.7364705875 0.2015625 0.7152941171875 0.2109375 0.694117646875 0.2203125 0.6894117640624999 0.24375 0.6917647062500001 0.2515625 0.6988235296875 0.271875 0.722352940625 0.303125 0.774117646875 0.2921875 0.785882353125 0.2921875 0.7905882359375 0.3015625 0.7835294125 0.3015625 0.8 0.29375 0.8211764703125001 0.2921875 0.8423529406249999 0.3140625 0.8823529406249999 0.3171875 0.9294117640625 0.315625 0.9552941171875 0.33125 0.9952941171875 0.334375 1 0.4234375 1 0.4234375 0.917647059375 0.4 0.8729411765625 0.3796875 0.854117646875 0.3890625 0.8164705874999999 0.4078125 0.78823529375 0.4234375 0.7764705875 0.4328125 0.757647059375 0.4375 0.762352940625 0.459375 0.7341176468749999 0.459375 0.654117646875 0.46683538750000003 0.6548798687499999 0.534375 0.6847058828125 0.54375 0.7176470593750001 0.5328125 0.7341176468749999 0.5328125 0.7505882359375 0.546875 0.762352940625 0.5671875 0.76 0.56875 0.7505882359375 0.5578125 0.7035294125 0.5703125 0.6799999999999999 0.565625 0.6694117640624999 0.565625 0.664313725 0.5734375 0.6592156874999999 0.5765625 0.66823529375 0.5828125 0.6611764703125 0.58125 0.654117646875 0.640625 0.6705882359374999 0.65625 0.6705882359374999 0.65 0.6847058828125 0.6359375 0.7529411765625 0.659375 0.825882353125 0.665625 0.8494117640625 0.6703125 0.8823529406249999 0.665625 0.9035294125 0.6515625 0.934117646875 0.653125 0.9411764703125 0.65 0.9552941171875 0.659375 0.9647058828124999 0.66875 0.9670588234374999 0.671875 0.9858823531249999 0.678125 1 0.790625 1 0.7953125 0.9458823531249999 0.8015625 0.922352940625 0.8203125 0.8964705875 0.8328125 0.894117646875 0.8515625 0.894117646875 0.8734375 0.9011764703124999 0.8953125 0.934117646875 0.9046875 0.96 0.8984375 0.997647059375 0.9 1 0.9984375 1