2 0.228125 0.48589201875 0.249796875 0.48589201875 0.251234375 0.4663849765625 0.265671875 0.449014084375 0.2555625 0.42082159687500004 0.21946875000000002 0.3991314546875 0.196359375 0.37744131406250003 0.1978125 0.4685446015625 0.22525 0.4685446015625 0.228125 0.48589201875
2 0.714171875 0.5239671359375 0.70128125 0.5549530515625001 0.70128125 0.565281690625 0.737796875 0.5710798125000001 0.7399375 0.574718309375 0.74725 0.6018309859375 0.75540625 0.6089201875 0.774734375 0.612159625 0.78934375 0.6050469484375001 0.801796875 0.5818309859374999 0.859796875 0.5876291078125 0.867515625 0.5998826296875001 0.8774062499999999 0.6018309859375 0.8950156249999999 0.5953755875 0.9036093749999999 0.5869953046874999 0.904890625 0.5243896718750001 0.89546875 0.5282159625 0.8948281250000001 0.5239671359375 0.8990065109375 0.5163654156249999 0.893203125 0.5155086078125 0.8931223953125 0.5083411578125 0.8909375 0.5028012515625 0.90128125 0.5009624406250001 0.901703125 0.4932159625 0.90428125 0.4932159625 0.906859375 0.46159624375 0.878109375 0.449389671875 0.864078125 0.4615586859375 0.8596718750000001 0.461361503125 0.8578177078125 0.4601956171875 0.8589375 0.4474413140625 0.8519335937499999 0.45217136093750004 0.8518593750000001 0.44767605625 0.8460494796875 0.44414710625 0.8440468750000001 0.4388732390625 0.8401653640625 0.436122846875 0.8342812500000001 0.42809859218749996 0.8284218750000001 0.43300469531249997 0.816046875 0.4339671359375 0.805625 0.42809859218749996 0.802375 0.42908450781249996 0.795859375 0.45354460156250004 0.796515625 0.46917840312500003 0.79 0.46429577499999997 0.79065625 0.47115023437500003 0.79846875 0.4779812203125 0.791296875 0.48875586875000004 0.78934375 0.49922535156250003 0.7945 0.5043896718750001 0.7867656249999999 0.5108450703125 0.793921875 0.52240375625 0.79278125 0.527605634375 0.78690625 0.5284882625 0.75884375 0.552826290625 0.76625 0.569201878125 0.756421875 0.56838028125 0.7518281250000001 0.5589107984374999 0.7448125 0.5649953046875 0.74390625 0.5573239437499999 0.736515625 0.5446244124999999 0.7335 0.5239671359375 0.727921875 0.511713615625 0.72146875 0.491713615625 0.7201875 0.5091314546875 0.724046875 0.513638496875 0.7210468750000001 0.522042253125 0.714171875 0.5239671359375
8 0.18948437499999998 0.39802816875 0.19339062499999998 0.38457746406250004 0.1885 0.3841549296875 0.184453125 0.396338028125 0.1854375 0.3978169015625 0.186546875 0.39802816875 0.18948437499999998 0.39802816875
13 0.001890625 0.362582159375 0.00825 0.3763849765625 0.00825 0.41032863906249994 0.00825 0.43152582187500005 0.00965625 0.452746478125 0.010359375 0.4898591546875 0.010359375 0.5460798125 0.011078125 0.54713615 0.01884375 0.538661971875 0.026609375 0.5078873234375 0.03790625 0.5163849765624999 0.040015625 0.51213615 0.036484375 0.49516431875 0.022375 0.4803286390625 0.02378125 0.44424882656250003 0.031546875 0.414553990625 0.034375 0.38274647812499996 0.0393125 0.3742488265625 0.05695312500000001 0.3583568078125 0.055546874999999996 0.3509154921875 0.051312500000000004 0.3339671359375 0.052015624999999996 0.3212206578125 0.058374999999999996 0.3212206578125 0.06471875 0.3159154921875 0.071078125 0.3212206578125 0.07390624999999999 0.329718309375 0.0753125 0.3413849765625 0.07390624999999999 0.3488028171875 0.076015625 0.35730046875 0.098609375 0.37213615 0.114140625 0.44532863906250003 0.11837500000000001 0.4909154921875 0.126140625 0.48669014062500005 0.126140625 0.4654694828125 0.12684375 0.433661971875 0.129671875 0.41880281718749995 0.128265625 0.41032863906249994 0.1275625 0.3954694828125 0.109203125 0.3933568078125 0.11484375 0.380633803125 0.126140625 0.363661971875 0.130375 0.35730046875 0.1325 0.3678873234375 0.138859375 0.3657746484375 0.138859375 0.3488028171875 0.143796875 0.33713614999999997 0.148734375 0.3350234734375 0.15296875000000001 0.3413849765625 0.157203125 0.3381924875 0.15367187499999999 0.3328873234375 0.140265625 0.3254694828125 0.143796875 0.31485915468750003 0.143796875 0.2607746484375 0.138859375 0.25335680781250003 0.12403125 0.2363849765625 0.08025 0.23213615 0.08025 0.21516431875 0.058374999999999996 0.186525821875 0.054843750000000004 0.1642488265625 0.028718749999999998 0.1642488265625 0.00471875 0.1600234734375 0 0.1600234734375 0.0011875 0.2968309859375 0.001890625 0.362582159375
8 0.21415625 0.530962440625 0.20593750000000002 0.4875352109375 0.201125 0.481150234375 0.199421875 0.479014084375 0.19715625 0.48328638437500004 0.201125 0.52840375625 0.203109375 0.5492722999999999 0.21359374999999997 0.5462910796875 0.21415625 0.530962440625
9 0.14560937499999999 0.46650234687500003 0.143 0.4782394359375 0.14040625 0.5193192484375 0.1443125 0.5457277 0.146265625 0.565281690625 0.14690625 0.5858450703125 0.15146874999999999 0.6230046953125 0.16775 0.6278873234375 0.17490624999999999 0.6181220656249999 0.1723125 0.6034507046875001 0.17165625 0.589741784375 0.1664375 0.5603990609375 0.16514062499999999 0.5339906109375 0.16904687499999999 0.52713615 0.17490624999999999 0.5359389671875 0.17946875 0.548661971875 0.18271874999999999 0.5643192484374999 0.18857812499999999 0.589741784375 0.189890625 0.610281690625 0.19509375 0.6249530515624999 0.21528125 0.6249530515624999 0.22373437499999999 0.6073474171875 0.21006249999999999 0.6053990609375 0.20615624999999999 0.5819248828125 0.201609375 0.54767605625 0.197046875 0.5427934265625 0.197703125 0.5144366203125 0.19834374999999999 0.48509389687500004 0.19965625 0.46258215937499997 0.19639062499999999 0.41856807500000004 0.19443749999999999 0.38042253593750003 0.19053124999999999 0.3588967140625 0.183375 0.3412910796875 0.185984375 0.3354225359375 0.189890625 0.316854459375 0.18857812499999999 0.3060798125 0.17621875 0.29922535156249996 0.168390625 0.305093896875 0.16514062499999999 0.31978873281250003 0.16123437499999999 0.33446009375 0.14821875 0.350093896875 0.1365 0.37553990625 0.1351875 0.41075117343749995 0.142359375 0.421502346875 0.14560937499999999 0.4303051640625 0.14560937499999999 0.46650234687500003
9 0.08075 0.6234741781250001 0.083703125 0.5478638499999999 0.090625 0.5048591546875 0.10245312499999999 0.49448356875000005 0.121203125 0.48410798125000004 0.11134375 0.4485211265625 0.10245312499999999 0.3847652578125 0.093578125 0.3654929578125 0.074828125 0.34920187812500003 0.0758125 0.33140844999999997 0.064953125 0.3165727703125 0.053125 0.3195305171875 0.052125 0.34474178437499997 0.0570625 0.3625352109375 0.040281250000000005 0.371431925 0.033375 0.3921830984375 0.025484374999999997 0.44556337968750004 0.023515625000000002 0.4885446015625 0.03634375 0.5019014078125 0.054109375 0.5048591546875 0.054109375 0.5493427234375 0.061015625 0.5923474171875001 0.0570625 0.6160563375 0.058046875 0.6368075125 0.061015625 0.638286384375 0.0856875 0.6442253515624999 0.08075 0.6234741781250001
9 0.31859375 0.453638496875 0.321203125 0.45089201875 0.320671875 0.447769953125 0.32015625000000003 0.44462441249999995 0.319109375 0.4419014078125 0.319109375 0.43718309843750003 0.31884375 0.43053990625000005 0.3178125 0.4187793421875 0.317546875 0.40584507031249994 0.31832812499999996 0.3964553984375 0.320671875 0.381173709375 0.3225 0.377253521875 0.32640625 0.372934271875 0.33006250000000004 0.37018779375 0.32928125 0.367065728125 0.3285 0.3576525828125 0.329015625 0.3521830984375 0.33006250000000004 0.3470892015625 0.32928125 0.3443427234375 0.329015625 0.3431690140625 0.325890625 0.3400234734375 0.326671875 0.3341549296875 0.3269375 0.330633803125 0.3269375 0.3274882625 0.322765625 0.32319248749999996 0.319109375 0.32199530468750004 0.3165 0.3251408453125 0.31571875 0.3321830984375 0.315984375 0.3380751171875 0.315203125 0.338849765625 0.313890625 0.3400234734375 0.3105 0.3451173703125 0.30789062500000003 0.3517840375 0.3058125 0.367065728125 0.30476562500000004 0.37373239375 0.30371875 0.3803755875 0.30398437500000003 0.385093896875 0.3058125 0.39018779375 0.30659375 0.40035211249999997 0.306078125 0.4078169015625 0.306078125 0.4136854453125 0.307109375 0.425446009375 0.3089375 0.43208920156249997 0.3105 0.439929578125 0.3105 0.4450234734375 0.30815625 0.4493427234375 0.30789062500000003 0.4544366203125 0.311546875 0.453638496875 0.31859375 0.453638496875
9 0.25964062499999996 0.36859155 0.258640625 0.363568075 0.255625 0.359553990625 0.25228125 0.3510093890625 0.251609375 0.34295774687499997 0.249609375 0.33643192499999997 0.244578125 0.3313849765625 0.23990625 0.3434507046875 0.2385625 0.35805164375 0.2405625 0.41185445937500004 0.253953125 0.4203990609375 0.25696875 0.424906103125 0.254625 0.38016431875 0.25964062499999996 0.36859155
9 0.34700000000000003 0.36051643125 0.350140625 0.35223004687500004 0.34975 0.34159624375000003 0.34384375 0.330962440625 0.34384375 0.321502346875 0.339125 0.31380281718749997 0.3296875 0.3155868546875 0.330078125 0.3262206578125 0.3324375 0.3421830984375 0.330078125 0.35518779375 0.32928125 0.3658450703125 0.330859375 0.3646478875 0.337546875 0.3640610328125 0.34700000000000003 0.36051643125
9 0.400359375 0.3375586859375 0.399828125 0.329718309375 0.39853125 0.32539906093750004 0.39540625 0.3222769953125 0.387046875 0.323849765625 0.386265625 0.33166666718750004 0.3873125 0.3414788734375 0.38992187500000003 0.3434272296875 0.39175 0.3496948359375 0.40635937499999997 0.352042253125 0.40270312500000005 0.346173709375 0.400359375 0.3375586859375
9 0.2645 0.4103755875 0.26365625000000004 0.43326291093749997 0.2628125 0.44553990624999995 0.260265625 0.44894366249999995 0.258296875 0.45232394375 0.26309375 0.454037559375 0.27353125 0.4519014078125 0.2738125 0.44300469531250003 0.2726875 0.4239436625 0.27664062500000003 0.42985915468749997 0.27465625 0.4531690140625 0.27917187499999996 0.454037559375 0.289609375 0.450633803125 0.289328125 0.44767605625 0.28340624999999997 0.44089201874999995 0.28284375 0.42478873281249996 0.28312499999999996 0.39171361562499996 0.2836875 0.38112676093750003 0.28453125 0.3675586859375 0.290453125 0.35018779375000003 0.28396875 0.3472065734375 0.28453125 0.3408685453125 0.28059375000000003 0.3311032859375 0.276078125 0.3294131453125 0.27071875 0.33194835624999997 0.26760937500000004 0.34213615 0.266484375 0.34213615 0.263375 0.34636150312499997 0.25773437499999996 0.35483568125 0.25970312500000003 0.36288732343749996 0.2628125 0.368826290625 0.266484375 0.373497653125 0.267046875 0.37730046875 0.266765625 0.3912910796875 0.2645 0.4103755875
9 0.9670937500000001 0.5719248828125 0.9855625 0.5751408453125 0.9975781250000001 0.57126760625 0.9954375000000001 0.5531924874999999 0.9954375000000001 0.508661971875 0.99415625 0.49190140781249997 0.99715625 0.4757511734375 0.998875 0.4396244125 1 0.40734741718749995 0.9984375 0.383474178125 0.9924375 0.36152582187500004 0.992 0.348638496875 0.9748125 0.3428169015625 0.9688125 0.346690140625 0.9670937500000001 0.355070421875 0.9670937500000001 0.375093896875 0.968375 0.389929578125 0.9627968750000001 0.411877934375 0.964515625 0.431877934375 0.9692343749999999 0.46542253593750005 0.9688125 0.5047887328125 0.9718125000000001 0.5525586859375 0.9653750000000001 0.5603051640625 0.961078125 0.5596478874999999 0.9585000000000001 0.567394365625 0.9670937500000001 0.5719248828125
9 0.8993125 0.43744131406250003 0.8993125 0.42713615000000005 0.89975 0.4136150234375 0.901453125 0.4007511734375 0.9044531250000001 0.39366197187499996 0.9044531250000001 0.38657277031250004 0.9018906250000001 0.3827230046875 0.89975 0.375633803125 0.90103125 0.369201878125 0.8933125000000001 0.36791079843749996 0.89075 0.37049295781249997 0.8911718750000001 0.375633803125 0.8873125 0.3775586859375 0.8873125 0.39624413125 0.8898906249999999 0.407840375 0.8881718749999999 0.426502346875 0.8903125 0.442605634375 0.8933125000000001 0.44194835625 0.8954531250000001 0.44516431875 0.9001718750000001 0.44516431875 0.8993125 0.43744131406250003
9 0.13414062499999999 0.366713615625 0.13028125 0.369201878125 0.129734375 0.361713615625 0.12640625 0.36089201875 0.118125 0.3725117375 0.10873437500000001 0.39659624375 0.12365625 0.4032394359375 0.12475 0.4057277 0.12475 0.433122065625 0.125859375 0.449718309375 0.1253125 0.4746244125 0.12475 0.49288732343749997 0.12309375 0.5161267609375 0.119234375 0.5443427234375 0.119234375 0.562605634375 0.1115 0.5734037562500001 0.11315625 0.5808685453125 0.129734375 0.581713615625 0.13359375 0.5734037562500001 0.13525 0.53769953125 0.139125 0.5186150234375 0.14354687500000002 0.48791079843749996 0.147953125 0.46798122031249995 0.14906250000000001 0.444741784375 0.146859375 0.4264788734375 0.139125 0.4156807515625 0.138015625 0.399906103125 0.1385625 0.3849765265625 0.139671875 0.369201878125 0.149625 0.3509389671875 0.155140625 0.3451173703125 0.14906250000000001 0.3343427234375 0.138015625 0.3426291078125 0.136359375 0.35591549218749996 0.13414062499999999 0.366713615625
9 0.362046875 0.3250469484375 0.356375 0.32220657343750003 0.350171875 0.32610328593750004 0.35085937500000003 0.3392723 0.354484375 0.3428873234375 0.350171875 0.3496244125 0.35103125 0.35633802812500004 0.357921875 0.3527230046875 0.376328125 0.351173709375 0.374609375 0.3472769953125 0.36428125 0.33230046875 0.362046875 0.3250469484375
9 0.29215625 0.39863849687499997 0.29446875 0.3985211265625 0.296015625 0.3896948359375 0.299109375 0.37039906093749997 0.29740625 0.3526291078125 0.29446875 0.3461267609375 0.28984375 0.34053990624999997 0.2896875 0.3384507046875 0.2890625 0.3338028171875 0.287984375 0.3282394359375 0.28565625 0.3259154921875 0.28132812500000004 0.3259154921875 0.279015625 0.3282394359375 0.279625 0.330093896875 0.280875 0.331713615625 0.284734375 0.3421830984375 0.284421875 0.3468309859375 0.290921875 0.34936619687500003 0.290453125 0.35053990625 0.28535937499999997 0.366338028125 0.284578125 0.369366196875 0.28318750000000004 0.3939906109375 0.28303124999999996 0.41906103281249996 0.2835 0.440446009375 0.287640625 0.4450234734375 0.2906875 0.4483333328125 0.291234375 0.4495070421875 0.290765625 0.42046948281249996 0.29215625 0.39863849687499997
3 0.34840625 0.77213615 0.34840625 0.7200469484375 0.360546875 0.680985915625 0.36575 0.712230046875 0.36921875000000004 0.7773474171875 0.364015625 0.7955633796875 0.370953125 0.81640845 0.3726875 0.8242253515625 0.39001562500000003 0.8346244125 0.4108125 0.8294366203125 0.40560937499999994 0.8033802812499999 0.39521875 0.787769953125 0.38828125 0.738286384375 0.393484375 0.7018309859375 0.3986875 0.67838028125 0.409078125 0.6419248828125 0.422953125 0.6262910796875001 0.44201562499999997 0.63410798125 0.45415625000000004 0.6445305171875 0.48707812500000003 0.6445305171875 0.511359375 0.6419248828125 0.55815625 0.61589201875 0.5650937500000001 0.618497653125 0.575484375 0.75910798125 0.578953125 0.8033802812499999 0.568546875 0.8320422531249999 0.57721875 0.85286385 0.5806875 0.86589201875 0.59975 0.8788967140624999 0.6205625 0.8762910796875 0.627484375 0.86589201875 0.644828125 0.863286384375 0.65521875 0.850258215625 0.6413593750000001 0.8268309859375 0.630953125 0.7903755875 0.63615625 0.725258215625 0.64309375 0.6575586859375 0.651765625 0.6523474171875 0.665625 0.64713615 0.6777656249999999 0.6288967140625 0.6985625 0.57161971875 0.726296875 0.5143192484375 0.74015625 0.5299530515625 0.743625 0.5585915499999999 0.76096875 0.5638028171875 0.79215625 0.569014084375 0.79215625 0.5664084500000001 0.78696875 0.511713615625 0.7904375 0.47004694843749995 0.79909375 0.43359154999999994 0.8112343750000001 0.43619718281250003 0.82509375 0.430985915625 0.8407031249999999 0.42577464843749996 0.8510937500000001 0.417957746875 0.856296875 0.3893192484375 0.8355 0.368497653125 0.807765625 0.37889671406250003 0.797359375 0.381502346875 0.788703125 0.36589201875 0.79215625 0.3450469484375 0.762703125 0.319014084375 0.74709375 0.3294366203125 0.729765625 0.350258215625 0.7089531250000001 0.3476525828125 0.6916249999999999 0.332042253125 0.670828125 0.319014084375 0.6465625 0.2955633796875 0.611890625 0.292957746875 0.526953125 0.292957746875 0.49574999999999997 0.31640845 0.4246875 0.3476525828125 0.40215625 0.3424413140625 0.370953125 0.3476525828125 0.33628125 0.3606807515625 0.3189375 0.3762910796875 0.312015625 0.430985915625 0.320671875 0.49089201875 0.327609375 0.5664084500000001 0.327609375 0.6888028171875 0.327609375 0.77213615 0.32414062499999996 0.7903755875 0.331078125 0.8007746484375 0.32414062499999996 0.837230046875 0.334546875 0.8424413140624999 0.35534374999999996 0.8450469484375001 0.351875 0.83983568125 0.36575 0.8242253515625 0.34840625 0.77213615
9 0.253671875 0.3553755875 0.258484375 0.363638496875 0.25896875 0.366150234375 0.25896875 0.3690845078125 0.258375 0.37100938906250003 0.25770312500000003 0.3742488265625 0.25534375 0.38014084531250003 0.25582812499999996 0.4112206578125 0.2575 0.4159389671875 0.2645625 0.41535211250000004 0.26534375 0.41284037500000004 0.2654375 0.41049295781249995 0.26623437499999997 0.39884976562499996 0.26603125 0.38338028125 0.26692187500000003 0.37835680781250003 0.266515625 0.3758685453125 0.266515625 0.373497653125 0.263390625 0.37011737031249997 0.25956250000000003 0.3642253515625 0.258484375 0.3539201875 0.2604375 0.35007042187500004 0.262890625 0.34758215937500003 0.264359375 0.3456572765625 0.26603125 0.3431690140625 0.266625 0.3418309859375 0.266421875 0.3413849765625 0.264359375 0.3397652578125 0.261421875 0.3380046953125 0.26025 0.33697183124999996 0.259359375 0.3334272296875 0.258875 0.3304929578125 0.2575 0.3244366203125 0.255046875 0.32253521093750004 0.25210937499999997 0.32253521093750004 0.25103125 0.323122065625 0.25034375 0.324295775 0.249359375 0.3266666671875 0.25053125 0.3296009390625 0.251125 0.333145540625 0.24965625 0.3360798125 0.25190625 0.34359155 0.25201562499999997 0.34948356875000003 0.253671875 0.3553755875
2 0.963859375 0.46161971875 0.9690312499999999 0.46161971875 0.9685625 0.4100234734375 0.97090625 0.40014084531250005 0.9713749999999999 0.3793192484375 0.9706718750000001 0.3556807515625 0.9671406250000001 0.346854459375 0.957984375 0.345446009375 0.9561093749999999 0.44537558749999995 0.9636250000000001 0.447159625 0.963859375 0.46161971875