8 0.35240625 0.6927083328125 0.34781249999999997 0.735375 0.3466875 0.75675 0.35924999999999996 0.75825 0.36096875 0.759 0.36440625 0.7247083328125 0.3638125 0.69575 0.35924999999999996 0.6858333328125 0.35240625 0.6927083328125
8 0.4415625 0.7597916671875 0.44225000000000003 0.7528333328125 0.44990625 0.757 0.45128124999999997 0.7644166671875 0.45696875 0.7584583328125001 0.46187500000000004 0.7297916671875 0.4735625 0.7317916671875 0.47509375 0.7212500000000001 0.45659375 0.72275 0.45696875 0.7187083328125 0.45396875000000003 0.6875416671875 0.45284375 0.6840416671875 0.44415625 0.6809999999999999 0.44000000000000006 0.6840416671875 0.43925000000000003 0.6945833328125001 0.44153125 0.72375 0.43912500000000004 0.7435833328125 0.43496875 0.7551666671875 0.4415625 0.7597916671875
8 0.30646874999999996 0.760125 0.32034375000000004 0.76475 0.32184375 0.7624583328125001 0.32259375 0.7565000000000001 0.3243125 0.6887916671875 0.317375 0.6815416671875 0.3111875 0.6841666671875 0.3096875 0.6887916671875 0.304 0.6977083328125 0.3045 0.7096250000000001 0.305 0.7290833328125 0.30646874999999996 0.760125
8 0.25984375000000004 0.7795833328125 0.2594375 0.766625 0.2934375 0.7601666671875 0.29990625 0.7806666671875 0.30678125 0.7795833328125 0.30434375 0.6749166671875 0.24890625000000002 0.6765416671875 0.25012500000000004 0.6814166671875 0.24890625000000002 0.7774166671875 0.25984375000000004 0.7795833328125
9 0.31684375 0.3617916671875 0.43484375000000003 0.285375 0.43146874999999996 0.307875 0.42471875 0.4269583328125 0.48709375 0.44045833281249996 0.48540625000000004 0.48987499999999995 0.4955 0.60675 0.512375 0.7168333328125 0.53259375 0.8022500000000001 0.5545 0.9190833328125001 0.56965625 0.9752916671875 0.71290625 0.9640416671875001 0.7112499999999999 0.9393333328125 0.68596875 0.8539166671875 0.6455 0.6292083328125 0.659 0.510125 0.66740625 0.36404166718750003 0.68596875 0.18204166718749998 0.63203125 0.07416666718750001 0.6050625000000001 0.009 0.4483125 0.00225 0.43146874999999996 0.103375 0.3539375 0.21125 0.2983125 0.287625 0.31684375 0.3617916671875
9 0.97246875 0.1505416671875 0.9252812499999999 0.1797916671875 0.9084375 0.2292083328125 0.8949374999999999 0.28091666718749997 0.889875 0.5483333328125 0.87303125 0.7168333328125 0.86459375 0.81125 0.8612500000000001 0.8135 0.8747187500000001 0.8651666671875 0.8662812499999999 0.8921250000000001 0.8426875 0.9527916671875 0.86459375 0.9865 0.8915625 0.9865 0.9370937500000001 0.98425 0.9286562500000001 0.9168333328125 0.9219062499999999 0.8674166671875 0.9606875 0.8516666671875001 0.9606875 0.7685416671875 0.9741562500000001 0.707875 0.97921875 0.7887500000000001 0.97246875 0.8292083328125001 0.97921875 0.8719166671874999 0.97246875 0.9775416671875 0.9758437499999999 0.9887499999999999 1 0.9820416671875 0.9977499999999999 0.009 0.9707812499999999 0.006750000000000001 0.96740625 0.006750000000000001 0.959 0.0359583328125 0.96740625 0.08987500000000001 0.97246875 0.1280833328125 0.97246875 0.1505416671875
9 0.10834375 0.6656666671875 0.09718750000000001 0.6457083328125 0.08221875 0.6707916671875 0.07065625 0.6890833328125 0.09290625 0.6953750000000001 0.09762499999999999 0.7239166671875 0.10190625 0.75075 0.094625 0.7804166671874999 0.09846875000000001 0.7912916671875 0.10746875 0.7849999999999999 0.11090625000000001 0.7205 0.11303125 0.6993750000000001 0.11303125 0.6776666671875 0.10834375 0.6656666671875
9 0.42281250000000004 0.7166666671875 0.42121875 0.6932916671875 0.41246875000000005 0.6741666671875 0.410875 0.6677500000000001 0.40449999999999997 0.657125 0.3949375 0.665625 0.3973125 0.6784166671875 0.37578125 0.6794583328125 0.37340625 0.6890416671875 0.381375 0.6922083328124999 0.3973125 0.6932916671875 0.39253125 0.7166666671875 0.41325 0.722 0.42043749999999996 0.728375 0.42281250000000004 0.7166666671875
8 0.48384375 0.7630833328125 0.48409375 0.768375 0.48656249999999995 0.770375 0.49178125 0.767375 0.49403125000000003 0.76075 0.50471875 0.76075 0.50896875 0.7570833328125001 0.50896875 0.7388333328125001 0.49874999999999997 0.7255833328125 0.49303125000000003 0.7239166671875 0.49278125 0.7129583328125 0.48981250000000004 0.68125 0.48409375 0.6825833328125 0.48409375 0.7186250000000001 0.48334374999999996 0.7378750000000001 0.48384375 0.7630833328125
8 0.169875 0.7235833328125 0.15071874999999998 0.725375 0.15125 0.7164166671875 0.149625 0.7012916671875 0.14828125 0.6905 0.1399375 0.6861666671875 0.13371875 0.6912083328125 0.12993749999999998 0.6984166671875001 0.12887500000000002 0.7178333328125001 0.13103125 0.7459166671874999 0.12725 0.7689166671875001 0.1450625 0.77575 0.17093750000000002 0.772875 0.169875 0.7235833328125
8 0.41187500000000005 0.7039583328125001 0.41028125 0.7150000000000001 0.40837500000000004 0.7226666671875 0.39975 0.724375 0.39015625 0.7230833328124999 0.38090625 0.7269166671875 0.38475000000000004 0.7320416671875 0.38825 0.7435416671875 0.3879375 0.7605833328125 0.3936875 0.7614166671875 0.4051875 0.7605833328125 0.40996875 0.760125 0.41218750000000004 0.7584166671875 0.40740625 0.7320416671875 0.41125 0.7269166671875 0.41921875000000003 0.7239583328125 0.42178125 0.71925 0.42178125 0.6822083328125 0.41634374999999996 0.6800833328125 0.41475 0.6869166671875 0.41187500000000005 0.7039583328125001
8 0.51209375 0.6847083328125 0.49368749999999995 0.6805 0.49421875000000004 0.72325 0.5 0.7330833328125 0.5063125 0.7372916671875 0.50946875 0.7457083328125 0.51840625 0.750625 0.5136875 0.7387083328124999 0.5089375 0.7344999999999999 0.51209375 0.6847083328125
8 0.11525 0.4135 0.12990625 0.4152083328125 0.13246875 0.38287499999999997 0.1254375 0.37266666718749997 0.1254375 0.357375 0.11587499999999999 0.34375 0.09928125 0.3411666671875 0.07440625 0.3488333328125 0.0693125 0.3837083328125 0.06165625 0.3888333328125 0.06675 0.43645833281249996 0.06675 0.43475 0.091 0.425375 0.11525 0.4135
8 0.548375 0.8792083328125001 0.556494790625 0.8649305546875 0.5649375 0.8857083328125 0.7227187500000001 0.9142916671875 0.74609375 0.8779166671875 0.7694687499999999 0.55325 0.7519375 0.5272916671875 0.70909375 0.49870833281250004 0.6681874999999999 0.4960833328125 0.6292187499999999 0.6389583328125 0.64090625 0.7195 0.51428125 0.7610416671875 0.522723959375 0.7818194453125 0.5118437499999999 0.7844166671874999 0.50453125 0.8545416671874999 0.51621875 0.8727083328124999 0.5318125 0.8727083328124999 0.548375 0.8792083328125001
8 0.0510625 0.7710833328125 0.07906250000000001 0.763625 0.08184375 0.7248333328125 0.05721875 0.7233333328125 0.05053125000000001 0.6808333328125 0.033187499999999995 0.6793333328125 0.03484375 0.7293333328125 0.03596875 0.767375 0.0510625 0.7710833328125
8 0.334375 0.7659166671875 0.34090625 0.7653333328125 0.34221875 0.7042916671875 0.3365625 0.6885833328125 0.3295625 0.6822083328125 0.32434375000000004 0.6880416671875 0.32478125 0.7554583328125 0.330875 0.7542916671875 0.334375 0.7659166671875
8 0.29346875 0.6925416671875 0.25787499999999997 0.6925416671875 0.25615625 0.7027083328125 0.288375 0.7049583328125 0.29346875 0.6925416671875
8 0.09081249999999999 0.7014166671875001 0.09275 0.696875 0.052375000000000005 0.70075 0.061625 0.7046666671875 0.061625 0.707875 0.09081249999999999 0.7014166671875001
8 0.39468749999999997 0.6995 0.397375 0.6899166671875 0.38 0.6887083328125 0.365625 0.6875 0.3623125 0.6935 0.36321875000000003 0.697875 0.36709375 0.699875 0.38868749999999996 0.701875 0.39468749999999997 0.6995
8 0.16825 0.6952916671875 0.14971874999999998 0.696 0.15078125 0.701625 0.16878125 0.7030416671874999 0.16825 0.6952916671875
8 0.01053125 0.7150000000000001 0.02015625 0.7115833328125001 0.017906250000000002 0.6961666671875 0.001875 0.6991666671875 0 0.7304166671875 0.0009062499999999999 0.727 0.00925 0.729125 0.01053125 0.7150000000000001
8 0.34225 0.7046666671875 0.34125 0.7549583328125 0.34768750000000004 0.7558333328125 0.35143749999999996 0.6915416671875 0.34159375000000003 0.6929166671875 0.34225 0.7046666671875