8 0.10487500000000001 0.6674218749999999 0.11385416718750001 0.505625 0.092875 0.496625 0.003 0.48539062499999996 0 0.48764062499999994 0.006 0.66965625 0.10487500000000001 0.6674218749999999
9 0.0239791671875 0.991015625 0.42845833281249995 0.9887656249999999 0.44343750000000004 0.97753125 0.5902708328124999 0.92359375 0.6292083328125 0.8427031250000001 0.7310833328124999 0.7460625000000001 0.7550625 0.72809375 0.7610416671875 0.6809062499999999 0.9108541671875001 0.6809062499999999 0.9018750000000001 0.6561874999999999 0.9108541671875001 0.660671875 0.9138541671875 0.617984375 0.9438124999999999 0.6 0.9318333328125 0.586515625 0.907875 0.532578125 0.8659166671875 0.49214062500000005 0.8119791671875 0.49437499999999995 0.7820208328125 0.48764062499999994 0.8119791671875 0.45618749999999997 0.8179791671875 0.4539375 0.8299583328125 0.4449375 0.8449375 0.42921875 0.8539375 0.4 0.8569375000000001 0.37078125 0.8509375 0.34831249999999997 0.8239791671875001 0.33034375 0.7700416671875 0.310109375 0.7340833328125 0.301125 0.698125 0.305625 0.6741666671875 0.31460937499999997 0.6412083328125 0.33034375 0.6232291671875 0.35729687499999996 0.6292083328125 0.40449999999999997 0.6352083328125 0.42246875 0.6561874999999999 0.467421875 0.6262083328125 0.458421875 0.5812708328125 0.46067187499999995 0.4763958328125 0.52809375 0.3865208328125 0.566296875 0.35954166718749997 0.608984375 0.3505625 0.6719062499999999 0.3865208328125 0.6853906249999999 0.3955 0.6853906249999999 0.4524375 0.6539375 0.5183541671875 0.59775 0.5093541671875 0.640453125 0.4134791671875 0.7190937500000001 0.296625 0.72809375 0.003 0.898875 0.006 0.898875 0 0.991015625 0.0239791671875 0.991015625
8 0 0.908078125 0.23370833281249997 0.78 0.20972916718749998 0.74853125 0.19475 0.7260625 0.2456875 0.6743750000000001 0.33858333281249997 0.633921875 0.1617916671875 0.69684375 0 0.6990937500000001 0 0.908078125
8 0.3295833328125 0.741578125 0.41947916718749995 1 0.4266037046875 0.9942572921874999 0.4304652765625 0.9940052078124999 0.4304652765625 0.9997 0.5842708328125 0.9955 0.59325 0.9887656249999999 0.59325 0.9213437499999999 0.5477208328125001 0.8966312500000001 0.6118416671875 0.844946875 0.6172291671875 0.8494375 0.6242222234375 0.8426979171875001 0.6275286453125 0.8476113281250001 0.7820208328125 0.8202187500000001 0.7700416671875 0.72584375 0.9271699999999999 0.58525625 0.9348333328124999 0.5910124999999999 0.9258333328124999 0.617984375 0.9288333328125 0.6539375 0.9288333328125 0.67865625 0.904875 0.6809062499999999 0.9288333328125 0.707859375 0.9228541671875 0.7595468750000001 0.9887708328124999 0.734828125 1 0.591015625 0.9378333328125 0.559546875 0.503375 0.611234375 0.5183541671875 0.611234375 0.5240634921875 0.608773065625 0.5333333328125 0.611234375 0.4913958328125 0.6471875 0.49437499999999995 0.6584218749999999 0.4374583328125 0.6966249999999999 0.4164791671875 0.6674218749999999 0.3625416671875 0.67865625 0.3475625 0.6427031249999999 0.2367083328125 0.6674218749999999 0.21274166718749998 0.730334375 0.20675 0.7460625000000001 0.2486875 0.761796875 0.2876458328125 0.7460625000000001 0.3295833328125 0.741578125
8 0.742625 0.673171875 0.7477083328125 0.667296875 0.7587708328125 0.664875 0.7684583328125 0.666953125 0.7951875 0.667296875 0.7979583328125 0.6545 0.798875 0.6506875 0.7878125 0.64515625 0.7278749999999999 0.6444687499999999 0.7172708328125 0.668671875 0.74125 0.6773281250000001 0.742625 0.67559375 0.742625 0.673171875
8 0.66075 0.499675 0.6695833328125 0.5018125 0.6728333328125 0.497546875 0.6744583328125 0.497546875 0.6756875 0.50028125 0.682025 0.49424375 0.69075 0.49692187499999996 0.6924458328124999 0.492471875 0.7006527765625 0.4939739578125 0.7237083328125 0.48715624999999996 0.71475 0.4835 0.7132875000000001 0.488928125 0.7041666671875 0.485328125 0.7028666671875 0.4907 0.6858541671875 0.48746875 0.6854583328125 0.48929687499999996 0.6716041671874999 0.49601562499999996 0.6149791671875 0.501078125 0.6020833328124999 0.501078125 0.5952083328125 0.504953125 0.59175 0.508828125 0.6124166671875 0.5081875 0.6149791671875 0.506890625 0.66075 0.499675
8 0.7845 0.83890625 0.7919166671875 0.844921875 0.8548333328125001 0.850484375 0.9146666671875 0.845390625 0.9152916671875 0.8241093749999999 0.9214583328125 0.68853125 0.8073333328125001 0.684375 0.77525 0.68853125 0.7764791671875 0.69178125 0.7764791671875 0.7167656250000001 0.7845 0.83890625
9 0.5550625 0.453125 0.5546458328125 0.44448437500000004 0.546 0.43553125000000004 0.5316041671875 0.4383125 0.5316041671875 0.43028125 0.5316041671875 0.423796875 0.5278958328125001 0.417015625 0.5221250000000001 0.41546874999999994 0.5118333328125 0.417015625 0.51225 0.42904687499999994 0.5180208328125 0.45806250000000004 0.5550625 0.453125
9 0.4693333328125 0.44565625000000003 0.4687916671875 0.44164062499999995 0.4689583328125 0.43828125 0.4643125 0.4385625 0.4639583328125 0.43828125 0.46325000000000005 0.43479687499999997 0.46254166718749995 0.43253125 0.45806250000000004 0.43159375000000005 0.4545 0.43239062500000003 0.45145833281250003 0.434671875 0.45325 0.43842187499999996 0.45627083281249997 0.441375 0.4577083328125 0.44243750000000004 0.4561041671875 0.44325000000000003 0.4536041671875 0.44539062500000004 0.454125 0.44834375 0.45520833281249995 0.44995312500000006 0.45520833281249995 0.451953125 0.4566458328125 0.45490624999999996 0.4598541671875 0.45531249999999995 0.4611041671875 0.45584375 0.4675416671875 0.452625 0.4725416671875 0.44914062499999996 0.4693333328125 0.44565625000000003
9 0.8973541671874999 0.40203125 0.8977708328125 0.394625 0.892 0.388453125 0.8845833328125 0.38815625 0.8796458328125001 0.38290625 0.8763541671875 0.380125 0.8701874999999999 0.3804375 0.8668958328124999 0.38259375 0.8660833328124999 0.38660937500000003 0.8664791671875 0.39 0.8701874999999999 0.391546875 0.868125 0.393703125 0.8648333328125 0.39864062499999997 0.8640208328125001 0.404203125 0.8648333328125 0.42024999999999996 0.8701874999999999 0.41870312500000006 0.899 0.40728125000000004 0.8973541671874999 0.40203125
9 0.8899374999999999 0.38859374999999996 0.8986041671875 0.39456250000000004 0.8986041671875 0.4078125 0.9256666671874999 0.397796875 0.9166458328125 0.38156249999999997 0.9184583328124999 0.377234375 0.9188124999999999 0.37128125 0.9166458328125 0.370203125 0.9058125 0.37371875 0.9040208328125001 0.371828125 0.8967916671875 0.36965625 0.8921041671875001 0.37290625 0.8921041671875001 0.3766875 0.89175 0.38075000000000003 0.8809166671875 0.3831875 0.8823541671875 0.385625 0.8852499999999999 0.388328125 0.8899374999999999 0.38859374999999996
9 0.94425 0.365921875 0.9352291671874999 0.368078125 0.9276458328125001 0.368078125 0.9276458328125001 0.36320312499999996 0.9233125 0.361578125 0.9193541671875 0.359140625 0.9117708328124999 0.36348437499999997 0.9110416671875001 0.371328125 0.9171875 0.371328125 0.9197083328125 0.37240625 0.9186249999999999 0.37809375 0.9168125 0.382421875 0.9222291671875 0.389453125 0.9236875 0.3989375 0.9243958328125 0.397578125 0.9583125000000001 0.38784375 0.94425 0.365921875
9 0.9868750000000001 0.323015625 0.9868750000000001 0.32029687500000004 0.9835208328125 0.311359375 0.9791041671875 0.30729687499999997 0.9749791671875 0.309234375 0.9700625 0.30865624999999997 0.9669583328125 0.30651562499999996 0.9622916671875 0.30651562499999996 0.9599583328125 0.30321875 0.9589375 0.295453125 0.9615208328125 0.291765625 0.9591875 0.29021875 0.9573750000000001 0.285953125 0.95375 0.282265625 0.9478125000000001 0.281484375 0.9364166671874999 0.283625 0.9327916671875001 0.28865625 0.9346041671875 0.29700000000000004 0.935125 0.30089062499999997 0.9364166671874999 0.302046875 0.9408125 0.301859375 0.9444375 0.311953125 0.9374583328125 0.31660937499999997 0.9291874999999999 0.326890625 0.9296875 0.33406250000000004 0.9472916671875 0.330765625 0.9868750000000001 0.323015625