9 0.795667446875 0.290421875 0.7521545671875 0.25775000000000003 0.7249648718749999 0.25896875 0.7249648718749999 0.2710625 0.7448946140625 0.28678125 0.7612177984375 0.306140625 0.795667446875 0.329125 0.795667446875 0.363 0.7503512875 0.35090625000000003 0.6923185015625 0.35331250000000003 0.6343091328125 0.360578125 0.614355971875 0.3871875 0.605292740625 0.39565625 0.57810304375 0.3871875 0.5726697890625 0.396859375 0.5799063234374999 0.41379687499999995 0.6016627640625 0.43315625 0.6324824359375001 0.438 0.6560655734374999 0.427109375 0.6905152218749999 0.42590625 0.7086416859375 0.434359375 0.7285948484375 0.46218750000000003 0.7503512875 0.486390625 0.7721077281250001 0.493640625 0.80836065625 0.48879687499999996 0.833747071875 0.48032812500000005 0.8555035125 0.456140625 0.886323184375 0.42590625 0.8899531609375 0.3799375 0.886323184375 0.34484375 0.8718266984374999 0.326703125 0.8826932078124999 0.31703125 0.8917564406249999 0.301296875 0.8972131140625 0.301296875 0.8373770484374999 0.289203125 0.795667446875 0.290421875
9 0.4898829046875 0.75271875 0.5061826703125 0.7301562500000001 0.4836299765625 0.69421875 0.4347775171875 0.70090625 0.4185011703125 0.715953125 0.40847775156250005 0.7301562500000001 0.40220140468750004 0.7401875 0.384660421875 0.76359375 0.37840749375 0.777796875 0.46608899375 0.7819843750000001 0.47236533906249994 0.7694375 0.4898829046875 0.75271875
9 0.5967213109375 0.80665625 0.6112646374999999 0.8189375 0.64032786875 0.8267031250000001 0.641311475 0.842875 0.6636065578125 0.8415781250000001 0.6636065578125 0.8267031250000001 0.6665105390625 0.8202343750000001 0.6762060890625 0.8137656249999999 0.6839578453125 0.8047187499999999 0.6771662765625 0.79953125 0.697540984375 0.7924218749999999 0.6878454328125 0.782078125 0.6616627640625 0.777546875 0.64421545625 0.78984375 0.64906323125 0.787890625 0.62967213125 0.8001875 0.5967213109375 0.80665625
9 0.85770491875 1 0.8559016390625 0.98165625 0.87391100625 0.98165625 0.8631147546875001 0.9684375 0.85770491875 0.91796875 0.872107728125 0.8747187500000001 0.8540983609374999 0.8590937500000001 0.825292740625 0.8566874999999999 0.818079625 0.862703125 0.8090866515625 0.8735156249999999 0.8126697890625 0.8879374999999999 0.78386416875 0.89634375 0.773067915625 0.910765625 0.7658548015625 0.9299843750000001 0.7802576109375 0.9528125 0.773067915625 1 0.8559016390625 1 0.85770491875 1
9 0.8866978921875001 0.9172968750000001 0.8670257609375 0.929859375 0.8610304453125 0.9458437500000001 0.8747072593749999 0.9789687499999999 0.8721545671875001 0.9915156250000001 0.877283371875 0.99609375 0.8849882906250001 0.998375 0.9602810296875001 1 0.961147540625 0.96696875 0.9577283375000001 0.960125 0.9543091328125 0.9458437500000001 0.9543091328125 0.93671875 0.9483138171875 0.923578125 0.9380327875000001 0.9167343750000001 0.9234894609375001 0.91159375 0.9311943796875 0.8978906249999999 0.9354800937500001 0.8967499999999999 0.9209133484375001 0.8819062499999999 0.9055269328125 0.8841875 0.8884074937499999 0.89903125 0.8866978921875001 0.9172968750000001
8 0.5277283374999999 0.39518749999999997 0.5245901640625 0.395890625 0.509859484375 0.40220312500000005 0.5088056203125 0.408515625 0.5109133484374999 0.41693749999999996 0.51512880625 0.42815624999999996 0.5172365343750001 0.43446875 0.5245901640625 0.4456875 0.5266744734375 0.45340625 0.5371896953124999 0.459015625 0.5455971890625 0.459015625 0.5571662765625 0.459015625 0.566627634375 0.457609375 0.5771428578125 0.454796875 0.5813348953124999 0.45270312500000004 0.58871194375 0.45059375 0.5971194375 0.446390625 0.599203746875 0.442875 0.599203746875 0.43796875 0.599203746875 0.43656249999999996 0.5981733015625 0.430953125 0.5960655734375 0.423953125 0.5844964874999999 0.4078125 0.5803044500000001 0.39659374999999997 0.5697892265625 0.39028125 0.5455971890625 0.39518749999999997 0.542459015625 0.39309375 0.5329976578125 0.39309375 0.5277283374999999 0.39518749999999997
9 0.7280327875 0.850203125 0.736252928125 0.84159375 0.752107728125 0.8302343750000001 0.7603278687499999 0.81925 0.7450819671875 0.8059375 0.7438875875 0.8047656249999999 0.716299765625 0.8118124999999999 0.704543325 0.8251406250000001 0.6734426234375 0.840015625 0.7280327875 0.850203125
9 0.21351288125 0.644140625 0.20496487187499998 0.6730937499999999 0.19393442656249998 0.7034687500000001 0.195011709375 0.705359375 0.24053864218749998 0.721734375 0.2458782203125 0.72315625 0.24693208437499997 0.714859375 0.24906323125 0.709875 0.24906323125 0.70703125 0.24800936718750002 0.705359375 0.23911007031249998 0.70109375 0.24409836093749998 0.69634375 0.24871194375 0.692078125 0.2615222484375 0.6923125 0.2665105390625 0.692546875 0.2668618265625 0.6897031250000001 0.2672131140625 0.688515625 0.2618735359375 0.684953125 0.2633021078125 0.6856718749999999 0.2693442625 0.686609375 0.2686416859375 0.68425 0.2672131140625 0.681875 0.2625761125 0.677828125 0.271475409375 0.677125 0.267915690625 0.67640625 0.26117096093750003 0.674515625 0.25548009375 0.6735625 0.24693208437499997 0.67428125 0.2351990625 0.67665625 0.23128805625 0.678546875 0.2284309140625 0.6835312499999999 0.22238875937499997 0.6892343750000001 0.21704917968749998 0.69303125 0.2149180328125 0.690890625 0.21456674531250003 0.686140625 0.2174238875 0.67996875 0.2184777515625 0.67521875 0.226299765625 0.672859375 0.233067915625 0.669296875 0.23697892343750002 0.666203125 0.239812646875 0.6600312500000001 0.240187353125 0.6548125 0.24550351250000002 0.65434375 0.260819671875 0.655046875 0.264004684375 0.653390625 0.2568852453125 0.6484062500000001 0.24943793906249997 0.645328125 0.24800936718750002 0.642953125 0.24836065624999998 0.6363125000000001 0.24124121718749997 0.62965625 0.21983606562500002 0.626109375 0.21386416874999997 0.632515625 0.2117330203125 0.638203125 0.21351288125 0.644140625
9 0.5273067921875 0.84009375 0.5378220140625001 0.843609375 0.5491334890624999 0.8415312500000001 0.56067915625 0.836140625 0.56067915625 0.8299687499999999 0.56067915625 0.824578125 0.56067915625 0.8145625000000001 0.5722248249999999 0.808390625 0.5722248249999999 0.8053125 0.587236534375 0.8053125 0.5826229515625 0.8022343749999999 0.5826229515625 0.79221875 0.579156909375 0.7767968749999999 0.579156909375 0.77371875 0.5849414515625 0.76215625 0.58608899375 0.751375 0.58608899375 0.7421249999999999 0.579156909375 0.7375 0.5699297421875 0.7375 0.5641451984375 0.7375 0.559531615625 0.7375 0.5572131140625001 0.7351875 0.5422014046875 0.7398125 0.5341217796875 0.7583125 0.5318032781250001 0.7675625 0.515644028125 0.78065625 0.5144730671875 0.79221875 0.5087119437500001 0.8099375 0.509812646875 0.807390625 0.52030445 0.809734375 0.5273067921875 0.84009375
9 0.1087587828125 0.643421875 0.1060421546875 0.667015625 0.1468618265625 0.686078125 0.19583138125 0.702421875 0.22440281093749997 0.6307031249999999 0.235292740625 0.608921875 0.2461826703125 0.56534375 0.22440281093749997 0.518140625 0.217611240625 0.49362500000000004 0.1944730671875 0.48637499999999995 0.20264637031250002 0.47365625 0.1903981265625 0.46457812499999995 0.1686182671875 0.466390625 0.160468384375 0.47275 0.1536533953125 0.4881875 0.135971896875 0.50453125 0.12779859531249999 0.533578125 0.1101170953125 0.5608125 0.0815456671875 0.6116406249999999 0.092435596875 0.62253125 0.121007025 0.6370625000000001 0.1087587828125 0.643421875
8 0.7342388765625001 0.8459218749999999 0.7016627640624999 0.8426562499999999 0.6446135828124999 0.8426562499999999 0.6364637 0.889421875 0.713067915625 0.91878125 0.7293676812500001 0.8676718749999999 0.7342388765625001 0.8459218749999999
9 0.5184777515625 0.7808437500000001 0.510468384375 0.76853125 0.49201405156250005 0.764796875 0.47358313750000003 0.769609375 0.4679859484375 0.780296875 0.4623653390625 0.78565625 0.4599531609375 0.81078125 0.5200702578125 0.83753125 0.5200702578125 0.8140000000000001 0.49042154531250004 0.807578125 0.5128571421875 0.8000937499999999 0.5184777515625 0.7808437500000001
9 0.1077985953125 0.589453125 0.10943793906249999 0.566671875 0.11430913281249999 0.548234375 0.0915456671875 0.541734375 0.046042154687499996 0.54715625 0.039531615625 0.5645156250000001 0.042786885937500005 0.5829375 0.0330210765625 0.585109375 0.01840749375 0.5829375 0.0053864171875 0.58728125 0.0021545671875 0.588375 0.0021545671875 0.629578125 0.081803278125 0.65778125 0.081803278125 0.633921875 0.0915456671875 0.6198125 0.1077985953125 0.589453125
9 0.6070726 0.875171875 0.61 0.867703125 0.6056206093750001 0.8618593750000001 0.58810304375 0.848546875 0.5939344265625001 0.83978125 0.6007494140625 0.837515625 0.61 0.820625 0.606580796875 0.81478125 0.5939344265625001 0.8066718749999999 0.576908665625 0.806015625 0.5608430906249999 0.814453125 0.56229508125 0.8355625 0.5394379390624999 0.8446562500000001 0.5418735359375 0.8452968750000001 0.5360187359374999 0.84628125 0.6070726 0.875171875
9 0.2675175640625 0.68859375 0.26587822031249997 0.6940937500000001 0.24981264687500002 0.6913437499999999 0.2481498828125 0.693546875 0.2489695546875 0.700421875 0.24651053906249998 0.708390625 0.24278688593750003 0.7235 0.2576346609375 0.7344999999999999 0.27906323125 0.7386250000000001 0.28770491875 0.7298281249999999 0.2897658078125 0.7262500000000001 0.30255269375 0.71965625 0.3083138171875 0.71140625 0.311615925 0.7034374999999999 0.3177985953125 0.6954687500000001 0.3165573765625 0.6869375 0.30583138125 0.68034375 0.2823653390625 0.677875 0.2749414515625 0.677046875 0.2741217796875 0.68171875 0.2675175640625 0.68859375
9 0.6135831375 0.8875 0.6323185015624999 0.8875 0.6416861828125 0.875 0.6463700234374999 0.8453125 0.6416861828125 0.84375 0.6393442625 0.8265625 0.6112412171875 0.8203125 0.608899296875 0.8171875 0.6018735359375 0.8359375 0.5925058546875 0.8421875 0.590163934375 0.8515625 0.608899296875 0.8671875 0.6065573765625001 0.8828125 0.6135831375 0.8875