2 0.45434374999999994 0.8831458328125 0.454671875 0.8865624999999999 0.45690625 0.8899791671875 0.4581875 0.8921041671875001 0.45787500000000003 0.8968125 0.45787500000000003 0.9053333328125 0.4581875 0.9100416671874999 0.46075 0.9100416671874999 0.464265625 0.9108750000000001 0.46715625000000005 0.9108750000000001 0.46810937499999994 0.9096041671874999 0.46875 0.9070416671875 0.46939062500000006 0.9002083328125 0.470671875 0.8993541671875 0.474515625 0.8989375000000001 0.4764375 0.8997916671875 0.47834374999999996 0.9019166671875001 0.481234375 0.9032083328124999 0.48475 0.9044791671875 0.48795312500000004 0.9032083328124999 0.48890625 0.8993541671875 0.51003125 0.8985 0.51003125 0.9006458328125 0.510671875 0.9057708328125 0.51228125 0.9070416671875 0.518328125 0.9056875 0.5195937500000001 0.9020416671874999 0.5204375 0.8963958328125001 0.523609375 0.8955624999999999 0.5255 0.896125 0.526984375 0.89725 0.5274062500000001 0.9011875 0.527828125 0.9023125000000001 0.532265625 0.9026041671874999 0.5352187500000001 0.90175 0.537125 0.9000625 0.5377500000000001 0.8958333328125001 0.538390625 0.8885208328124999 0.538390625 0.8851458328125 0.538171875 0.8800833328125 0.538390625 0.8772708328125001 0.538390625 0.876125 0.539015625 0.8721875000000001 0.5388124999999999 0.86825 0.539015625 0.8628958328125 0.5377500000000001 0.8583958328125 0.53628125 0.8550208328125001 0.5354375 0.8474166671875001 0.534375 0.84375 0.53353125 0.8434791671875 0.530578125 0.8367291671875 0.52846875 0.8324999999999999 0.52634375 0.8305208328125 0.524234375 0.8288333328125 0.519390625 0.8282708328125 0.5143125000000001 0.8282708328125 0.49953125 0.828 0.483703125 0.8282708328125 0.479046875 0.83025 0.47651562500000005 0.8327708328125001 0.47462499999999996 0.837 0.46892187500000004 0.8482708328124999 0.46828125 0.8485416671875001 0.46765625 0.8485416671875001 0.46237500000000004 0.8493958328125 0.4613125 0.8513541671875 0.461734375 0.8558749999999999 0.46321874999999996 0.8575625 0.4613125 0.8600833328125 0.458578125 0.8634583328125001 0.45773437499999997 0.8755625 0.45787500000000003 0.8763125 0.45562500000000006 0.8788750000000001 0.45434374999999994 0.8831458328125
2 0.563390625 0.8665416671875 0.56359375 0.8724375 0.5638124999999999 0.8803333328124999 0.5644375 0.885125 0.565921875 0.8873749999999999 0.56740625 0.8859583328125 0.569515625 0.8780833328125001 0.57078125 0.8766666671875001 0.5741562499999999 0.8763958328125 0.57584375 0.8794791671875 0.5769062500000001 0.8803333328124999 0.577328125 0.8797708328124999 0.577328125 0.8761041671875001 0.57753125 0.871875 0.57775 0.8687916671875 0.578171875 0.8640000000000001 0.57753125 0.8580833328124999 0.5769062500000001 0.8544375000000001 0.574578125 0.8493541671875 0.573734375 0.8454166671875001 0.57246875 0.8431666671875 0.569515625 0.8411875 0.5648593749999999 0.8409166671875001 0.56021875 0.8409166671875001 0.555578125 0.8411875 0.5543125 0.8445833328125 0.555578125 0.8510416671875 0.556203125 0.8544375000000001 0.5610625 0.8569583328125001 0.5612812500000001 0.8569583328125001 0.56296875 0.8592083328125 0.562546875 0.8592083328125 0.5627500000000001 0.8620208328125001 0.563390625 0.8665416671875
2 0.595109375 0.8632916671875 0.597578125 0.8622083328124999 0.5982968750000001 0.8631458328124999 0.5999375 0.8650208328125 0.602765625 0.8617291671875 0.6073593749999999 0.8604791671875001 0.612890625 0.8604791671875001 0.61546875 0.8628333328125001 0.61665625 0.8647083328124999 0.6201875 0.8659583328125 0.62253125 0.8647083328124999 0.624421875 0.8612500000000001 0.625484375 0.8623541671874999 0.6270156250000001 0.8637708328124999 0.627484375 0.8614166671874999 0.627828125 0.8565625000000001 0.6305468750000001 0.8562291671875 0.6301875 0.8505833328125 0.6286562499999999 0.844 0.625359375 0.8375625 0.62159375 0.8319166671874999 0.61865625 0.8316041671875001 0.6100625 0.8314375 0.60053125 0.8330208328125 0.599234375 0.8342708328124999 0.59746875 0.83725 0.596171875 0.8400833328124999 0.594171875 0.8452500000000001 0.592765625 0.8468333328125001 0.5915781250000001 0.8485416671875001 0.59028125 0.8516875 0.59053125 0.8634583328125001 0.590765625 0.8645625000000001 0.5919375 0.8659583328125 0.595109375 0.8632916671875
2 0.6367499999999999 0.8364375000000001 0.63578125 0.8327291671875001 0.63396875 0.8305 0.63175 0.830125 0.629671875 0.830125 0.6236875000000001 0.8305 0.62271875 0.8316250000000001 0.622859375 0.8336458328124999 0.6232656249999999 0.8342083328125 0.625078125 0.8379166671875 0.62715625 0.842375 0.6286875000000001 0.8457083328125 0.62953125 0.8475625000000001 0.6299375 0.8488541671875 0.6311875 0.8525625 0.63146875 0.8525625 0.633828125 0.85275 0.63453125 0.8534791671875 0.63453125 0.8558958328124999 0.63521875 0.85775 0.636609375 0.858125 0.6387031249999999 0.8558958328124999 0.63953125 0.8536666671875001 0.639390625 0.8499583328125 0.639390625 0.8479166671874999 0.6384218749999999 0.842375 0.638 0.8412499999999999 0.637171875 0.8377291671875 0.6367499999999999 0.8364375000000001
2 0.793390625 0.8269166671875 0.788625 0.8263333328125 0.7874218749999999 0.8253125000000001 0.7833125 0.8254583328124999 0.782234375 0.8270625 0.7794218749999999 0.8270625 0.77909375 0.8409166671875001 0.780828125 0.8416458328124999 0.7825624999999999 0.8390416671875001 0.788734375 0.8393333328124999 0.7913281249999999 0.8412083328125 0.792515625 0.8417916671875 0.793390625 0.8269166671875
2 0.538671875 0.8931041671875001 0.553203125 0.8917291671875001 0.5646093750000001 0.8861874999999999 0.5630625 0.8588749999999999 0.556828125 0.8543749999999999 0.5545 0.8481458328124999 0.55553125 0.8408958328124999 0.53453125 0.8394999999999999 0.532453125 0.8405416671875001 0.539453125 0.8633749999999999 0.538671875 0.8931041671875001
2 0.6462343749999999 0.8505625 0.646875 0.8581875 0.648453125 0.8628541671875001 0.653234375 0.8615833328125 0.651 0.8531041671875 0.657359375 0.8531041671875 0.661171875 0.8543749999999999 0.664984375 0.8539375 0.66721875 0.8535208328125 0.67071875 0.8581875 0.669125 0.8603125 0.671984375 0.8607291671875 0.675484375 0.8573333328125001 0.67453125 0.8509791671875 0.675796875 0.8429166671875 0.672625 0.8391041671874999 0.672296875 0.8344583328124999 0.6735781249999999 0.8336041671875 0.6735781249999999 0.8310625 0.672625 0.8293541671875 0.6700781250000001 0.8276666671875 0.668171875 0.8234375 0.663078125 0.8187708328125 0.655453125 0.8187708328125 0.655453125 0.8196041671875 0.6487812500000001 0.8238541671874999 0.6475 0.8285208328125 0.6471875 0.8374166671875001 0.6462343749999999 0.8505625
2 0.64603125 0.8336041671875 0.6427031249999999 0.830875 0.6398906249999999 0.8243958328125001 0.6366875000000001 0.8223541671874999 0.622625 0.822875 0.62325 0.8310416671875 0.6346406250000001 0.830875 0.637578125 0.8388958328125 0.63975 0.8508333328125 0.641796875 0.8537291671875 0.641296875 0.852375 0.6428281250000001 0.8525416671875 0.644234375 0.8479374999999999 0.645640625 0.8441875 0.64603125 0.8336041671875
2 0.391109375 0.8610625000000001 0.3895 0.8702291671875001 0.399203125 0.8699583328125 0.40040624999999996 0.8667291671875 0.403234375 0.8651041671874999 0.409296875 0.8607916671875 0.411734375 0.854875 0.4085 0.8521666671875 0.40182812500000004 0.8483958328125001 0.392328125 0.8467916671875001 0.39051562500000003 0.8465208328125 0.392328125 0.8591875 0.391109375 0.8610625000000001
2 0.731515625 0.8197291671875 0.7307812499999999 0.8285416671875 0.7406875 0.8287916671875 0.7393125 0.8205833328125 0.731515625 0.8197291671875
8 0.7366718750000001 0.7905208328125 0.734171875 0.7905208328125 0.7325625 0.7928958328125 0.733984375 0.7969583328125001 0.7364843750000001 0.7971874999999999 0.7375625 0.793625 0.7366718750000001 0.7905208328125
8 0.7219218749999999 0.8139583328125 0.722984375 0.8122916671875 0.72209375 0.8103958328124999 0.72065625 0.8101458328125 0.719234375 0.8106249999999999 0.7188749999999999 0.8125416671875 0.71959375 0.8135 0.7219218749999999 0.8139583328125
8 0.73975 0.795375 0.73984375 0.7922708328125 0.738390625 0.7910833328125 0.7381875 0.792125 0.738 0.7955208328125 0.73975 0.795375