8 0.55224824375 0.13421875 0.5497423890625 0.13440625 0.5469789234375 0.13496875 0.545316159375 0.136265625 0.543372365625 0.137 0.543091334375 0.137921875 0.5419672125 0.13996875 0.5416861828124999 0.141265625 0.5416861828124999 0.14385937499999998 0.5436299765625 0.14756249999999999 0.545316159375 0.148859375 0.5497423890625 0.149609375 0.555035128125 0.15090625 0.5577985953125 0.14978125 0.56224824375 0.148671875 0.5636299765625 0.14775 0.565316159375 0.14385937499999998 0.565316159375 0.1418125 0.5644730671875 0.14034375 0.5625292734375 0.137 0.558079625 0.13459375 0.55836065625 0.135140625 0.5564168625 0.13440625 0.55224824375 0.13421875
8 0.2495784546875 0.52428125 0.2363700234375 0.50565625 0.2187353625 0.50075 0.2113817328125 0.50859375 0.2084543328125 0.5193749999999999 0.214332553125 0.536046875 0.22166276406250002 0.5536875 0.2319672125 0.570359375 0.2363700234375 0.583109375 0.23782201406249998 0.59290625 0.23489461406249998 0.5978125000000001 0.2481264640625 0.5978125000000001 0.246651053125 0.59290625 0.24517564374999998 0.578203125 0.2525292734375 0.562515625 0.2598829046875 0.541921875 0.2495784546875 0.52428125
9 0.3536533953125 0.941578125 0.42437939062499996 0.910109375 0.458079625 0.8943749999999999 0.491756440625 0.865171875 0.518688525 0.8427031250000001 0.5288056203125 0.867421875 0.48163934375000006 0.8876406250000001 0.437868853125 0.92359375 0.3940749421875 0.9483124999999999 0.3940749421875 0.9752812499999999 0.42775175625 0.9887656249999999 0.5085948484375 0.9842656249999999 0.5052224828125 0.9820156250000001 0.48838407500000003 0.9707812499999999 0.47154566718749996 0.9572968749999999 0.5018501171875 0.9348281249999999 0.552388759375 0.905625 0.5793208437499999 0.8764062499999999 0.599531615625 0.862921875 0.5894379390625 0.835953125 0.606276346875 0.8247187500000001 0.606276346875 0.793265625 0.5321779859375 0.7483125 0.5018501171875 0.6853906249999999 0.485011709375 0.631453125 0.5254332546875 0.593265625 0.59615925 0.534828125 0.606276346875 0.5235937500000001 0.60290398125 0.5101093750000001 0.575948478125 0.5235937500000001 0.569227165625 0.5438125 0.518688525 0.5640468750000001 0.485011709375 0.586515625 0.41091334843749994 0.6045 0.3806089 0.588765625 0.34018735312500004 0.57978125 0.3031381734375 0.593265625 0.316604215625 0.62696875 0.31997658125 0.6516875 0.2593442625 0.683140625 0.279555034375 0.606734375 0.23576112343750003 0.593265625 0.2088290390625 0.6 0.2088290390625 0.6449374999999999 0.2155503515625 0.6719062499999999 0.225667446875 0.7033750000000001 0.26946135781249997 0.7033750000000001 0.32334894687500004 0.6966249999999999 0.370491803125 0.739328125 0.3940749421875 0.77078125 0.4142857140625 0.8 0.41091334843749994 0.8561875000000001 0.39744730625 0.87190625 0.3031381734375 0.9168593749999999 0.2391334890625 0.92359375 0.23576112343750003 0.9572968749999999 0.232412178125 0.9820156250000001 0.3065105390625 0.9887656249999999 0.3300702578125 0.9550625 0.3536533953125 0.941578125
9 0.09887587812500001 0.6867656249999999 0.1002341921875 0.681359375 0.1002341921875 0.6714687500000001 0.092131146875 0.6624531250000001 0.084028103125 0.6615624999999999 0.07325526875 0.663359375 0.0678454328125 0.667859375 0.065152225 0.676859375 0.07459016406249999 0.6867656249999999 0.07459016406249999 0.690359375 0.0665105390625 0.69396875 0.05840749375 0.70115625 0.05704917968749999 0.709265625 0.1231615921875 0.710171875 0.1231615921875 0.7065625 0.1150585484375 0.700265625 0.1029274 0.69396875 0.1015690859375 0.694859375 0.09887587812500001 0.691265625 0.09887587812500001 0.6867656249999999
9 0.6522716625 0.6858125 0.6423185015625 0.691609375 0.6597423890624999 0.6974218750000001 0.673419203125 0.704890625 0.6779063234375 0.708878125 0.6871194375 0.71153125 0.686988290625 0.71460625 0.6960702578125 0.720334375 0.6858548015625 0.7215 0.6696955499999999 0.726484375 0.6771662765625 0.74390625 0.7037080390625 0.7455729171875001 0.7144730671875 0.739765625 0.7169789234375 0.7464062499999999 0.7306557375 0.745578125 0.74148009375 0.748975 0.7505620609375 0.754703125 0.7455971890625 0.7679843749999999 0.7418501171874999 0.78625 0.7766978921875001 0.817796875 0.7966042156250001 0.817796875 0.8102810296875 0.7912343749999999 0.8189929749999999 0.781265625 0.8090398125 0.7796093749999999 0.7903747078125 0.783765625 0.779180328125 0.7771250000000001 0.7617564406249999 0.76134375 0.723316159375 0.73751875 0.726932084375 0.733125 0.7244262296875 0.72565625 0.725667446875 0.714859375 0.7157142859375 0.7040625 0.7057611234375 0.68496875 0.6933255265625 0.6758437500000001 0.6896018734375 0.6625625 0.6796487124999999 0.657578125 0.6634660421875 0.65840625 0.6547540984375 0.6642187500000001 0.65351288125 0.669203125 0.6609836062500001 0.6799999999999999 0.6609836062500001 0.68496875 0.6522716625 0.6858125
9 0.8506557375 0.727 0.8825761125 0.7250625 0.88644028125 0.718609375 0.9009601875 0.71925 0.9135363 0.70828125 0.91255269375 0.7050625 0.9067681500000001 0.6992499999999999 0.9028805625 0.697953125 0.9019203750000001 0.6953750000000001 0.89997658125 0.694734375 0.89901639375 0.6915 0.8970960187499999 0.6908593749999999 0.895152225 0.68828125 0.895152225 0.6857031250000001 0.8961124125 0.68246875 0.8961124125 0.679890625 0.8961124125 0.674734375 0.89320843125 0.6695625 0.8874004687499999 0.66634375 0.88063231875 0.6637500000000001 0.87386416875 0.665046875 0.86613583125 0.6676249999999999 0.86613583125 0.670859375 0.8622716625000001 0.6740781250000001 0.86323185 0.67859375 0.8612880562499999 0.67859375 0.85936768125 0.683765625 0.8564636999999999 0.6857031250000001 0.8448477750000001 0.6857031250000001 0.83325526875 0.6934375 0.8264637 0.701828125 0.8255035124999999 0.710859375 0.8255035124999999 0.7121562499999999 0.81487119375 0.726359375 0.8032552687500001 0.741203125 0.79744730625 0.7495937500000001 0.8013348953125 0.7579687500000001 0.81487119375 0.761203125 0.8255035124999999 0.7734687499999999 0.82840749375 0.7876562500000001 0.82840749375 0.79928125 0.8245433249999999 0.817984375 0.8574238875000001 0.822515625 0.8525995312499999 0.812828125 0.8429274 0.799921875 0.8371194375 0.778625 0.8293676812499999 0.754109375 0.83325526875 0.733453125 0.8322716625 0.73409375 0.8274473062500001 0.7282968750000001 0.8506557375 0.727
8 0.124707259375 0.83865625 0.134332553125 0.80896875 0.13388758750000002 0.8022500000000001 0.1297423890625 0.79765625 0.13159250625000002 0.788484375 0.12423887656249999 0.7933749999999999 0.087564403125 0.793984375 0.0728805625 0.79153125 0.052716628125 0.78878125 0.0444496484375 0.7897031250000001 0.0366744734375 0.8034687500000001 0.027494145312500003 0.8359062500000001 0.0504215453125 0.8420156249999999 0.1178220140625 0.8420156249999999 0.124707259375 0.83865625
9 0.66836065625 0.5940937500000001 0.6678454328125001 0.597328125 0.6716861828125 0.6012500000000001 0.6739812640625 0.602953125 0.6757611234375 0.602953125 0.6788290390625 0.602609375 0.679859484375 0.608234375 0.6844496484375 0.6048281249999999 0.6900936765625 0.603984375 0.6926463703125 0.6021093750000001 0.6944262296875 0.60021875 0.6951990625 0.601765625 0.693395784375 0.60346875 0.699531615625 0.60346875 0.699531615625 0.608234375 0.6982669796875001 0.61215625 0.68932084375 0.6135312500000001 0.6905854796875001 0.6155781250000001 0.6987822015625 0.61625 0.7000468390625 0.613703125 0.7018501171875 0.611828125 0.7054098359375 0.6094375000000001 0.70644028125 0.60840625 0.711803278125 0.60875 0.71487119375 0.6131875 0.7184543328124999 0.61096875 0.7181967218749999 0.606703125 0.7146135828125 0.602265625 0.71128805625 0.59715625 0.7115456671875 0.59271875 0.706955503125 0.59084375 0.6992740046875 0.589484375 0.6957142859375 0.5886250000000001 0.6980093671875001 0.5836875 0.6997892265625001 0.578734375 0.7000468390625 0.573453125 0.69416861875 0.569359375 0.6857377046875001 0.56696875 0.676276346875 0.56765625 0.6709133484375001 0.5707187499999999 0.6642622953124999 0.578734375 0.6668149890625 0.5836875 0.6711709609375001 0.589140625 0.66836065625 0.5940937500000001
9 0.163700234375 0.8417187500000001 0.180140515625 0.8455937499999999 0.208196721875 0.8442968750000001 0.215948478125 0.83784375 0.200468384375 0.829453125 0.194660421875 0.815265625 0.195620609375 0.7771874999999999 0.208196721875 0.7733125000000001 0.23915690937499998 0.777828125 0.2459250578125 0.8242968749999999 0.25269320781250004 0.839140625 0.2623653390625 0.842359375 0.2749414515625 0.8436562500000001 0.28170960156249997 0.83784375 0.2797658078125 0.8249375000000001 0.2691334890625 0.7675156249999999 0.2614051515625 0.7571875 0.24011709531249997 0.7558906249999999 0.233348946875 0.71975 0.220772834375 0.702328125 0.222716628125 0.687484375 0.21690866562500002 0.67715625 0.200468384375 0.669421875 0.179180328125 0.67909375 0.165644028125 0.700390625 0.146299765625 0.7107187500000001 0.13758782187500002 0.7474999999999999 0.12405152187499999 0.7675156249999999 0.12695550312499998 0.77525 0.159836065625 0.772671875 0.161779859375 0.80171875 0.160796253125 0.81075 0.155971896875 0.83784375 0.163700234375 0.8417187500000001
9 0.14906323125 0.5019375 0.140843090625 0.5164375 0.13262295156249998 0.5274062500000001 0.12323185 0.532109375 0.122060890625 0.54975 0.12969555 0.56071875 0.14672131093750002 0.56659375 0.1819672125 0.578734375 0.190772834375 0.56815625 0.20838407499999997 0.565015625 0.2283372359375 0.565015625 0.226580796875 0.55796875 0.21367681562500002 0.5571875000000001 0.204847775 0.54934375 0.1819672125 0.534078125 0.17608899375 0.5227031249999999 0.174332553125 0.5082187499999999 0.1719672125 0.50703125 0.1661124125 0.500765625 0.14906323125 0.5019375
9 0.6389929750000001 0.489359375 0.64325526875 0.48884375 0.6440281031249999 0.485734375 0.6440281031249999 0.482890625 0.6440281031249999 0.47850000000000004 0.6455737703125 0.475140625 0.6482903984374999 0.4728125 0.6529274 0.471265625 0.657587821875 0.471 0.6610772828125 0.470484375 0.6599063234375 0.467390625 0.657587821875 0.463765625 0.6552693203125 0.46221875 0.6506089 0.46065625 0.6471194375 0.458859375 0.6486651046875 0.456265625 0.64906323125 0.4539375 0.6482903984374999 0.45032812499999997 0.647892271875 0.44721875000000005 0.6475175640625 0.44437499999999996 0.6455737703125 0.4423125 0.642084309375 0.44153125 0.636276346875 0.44128125 0.62969555 0.44128125 0.6219437937500001 0.444125 0.6207728343750001 0.44696875 0.622716628125 0.45496875000000003 0.6250351281250001 0.45704687499999996 0.6231147546875 0.45834374999999994 0.6137939109375 0.45962500000000006 0.6087587828125 0.46246875000000004 0.605667446875 0.4691875 0.60644028125 0.47590625 0.6068384078125 0.47720312500000006 0.63744730625 0.48909375 0.6389929750000001 0.489359375
9 0.8029508203125 0.355125 0.8076580796874999 0.350421875 0.8225292734374999 0.34962499999999996 0.8119672124999999 0.34387500000000004 0.80648711875 0.338125 0.7962997656249999 0.33996875000000004 0.79159250625 0.32846875 0.7810304453125 0.32637499999999997 0.78063231875 0.320890625 0.7802341921875 0.31460937499999997 0.7759250578125 0.30834375 0.7645667453125 0.308078125 0.7547775171875 0.316703125 0.759859484375 0.325328125 0.7528103046875 0.325328125 0.746932084375 0.33421875 0.754379390625 0.342046875 0.7657377046875 0.34596875 0.7900234187499999 0.348328125 0.8029508203125 0.355125
9 0 0.71003125 0.0465105390625 0.7123437499999999 0.0407494140625 0.700015625 0.04421545625 0.68075 0.039601873437500004 0.6622656250000001 0.0200702578125 0.6562187500000001 0 0.6680312500000001 0 0.71003125
8 0.288196721875 0.842609375 0.3176346609375 0.8465468749999999 0.3522014046875 0.8465468749999999 0.38236533906250003 0.844078125 0.41032786874999994 0.844078125 0.42060890000000006 0.8391718750000001 0.4265105390625 0.82984375 0.42283372343750003 0.817578125 0.4176814984375 0.8121875 0.40517564375 0.807265625 0.398548009375 0.8018750000000001 0.39559718906249997 0.7955 0.388243559375 0.7896093750000001 0.3794145203125 0.782734375 0.3654332546875 0.77978125 0.34557377031250003 0.78175 0.324988290625 0.78665625 0.30437939062499997 0.792546875 0.2940749421875 0.797953125 0.27421545625 0.8082499999999999 0.274964871875 0.815609375 0.2771662765625 0.838203125 0.288196721875 0.842609375
8 0.13018735312500002 0.799265625 0.122107728125 0.79584375 0.08175644062500001 0.791921875 0.0494613578125 0.7914375 0.034800937500000004 0.8051406249999999 0.0267213109375 0.8262031249999999 0.0296487125 0.8384375000000001 0.06266978906250001 0.841375 0.11770491875 0.842359375 0.1279859484375 0.837453125 0.13018735312500002 0.823265625 0.13018735312500002 0.799265625
8 0.134660421875 0.772953125 0.130140515625 0.7684375 0.132388759375 0.760421875 0.134660421875 0.75340625 0.13840749375 0.741375 0.14517564375 0.724328125 0.14292739999999998 0.724328125 0.1293911 0.7248281249999999 0.1181264640625 0.727328125 0.1113583140625 0.73184375 0.11587822031249999 0.741375 0.12112412187499999 0.7664375 0.12112412187499999 0.7819843750000001 0.16096018750000002 0.784484375 0.16096018750000002 0.77546875 0.143676815625 0.773953125 0.134660421875 0.772953125
8 0.7943559718750001 0.715671875 0.784543325 0.719734375 0.7812646375 0.7344062499999999 0.7873536296875 0.74628125 0.7929508203125 0.755015625 0.7906089 0.765015625 0.7966978921875 0.7675156249999999 0.8149648718750001 0.764390625 0.7990398125 0.752828125 0.8027868859374999 0.74159375 0.809812646875 0.72909375 0.81355971875 0.724109375 0.818688525 0.7206718750000001 0.818220140625 0.715984375 0.814028103125 0.715671875 0.803723653125 0.715671875 0.7943559718750001 0.715671875
8 0.8260421546875 0.701625 0.8188056203125 0.701125 0.812060890625 0.703125 0.808571428125 0.7056250000000001 0.8055737703125001 0.707953125 0.8048243562499999 0.7112812500000001 0.8048243562499999 0.71278125 0.80583138125 0.714453125 0.81805620625 0.715109375 0.8220374703125 0.71028125 0.8248009375 0.7056250000000001 0.8260421546875 0.701625
8 0.6108899296875 0.79534375 0.6160421546875 0.79128125 0.6268149890625 0.77971875 0.62259953125 0.770984375 0.594988290625 0.7675468750000001 0.5874941453125 0.758171875 0.569227165625 0.729453125 0.550515221875 0.7232031250000001 0.54676815 0.729453125 0.552388759375 0.7363125 0.5528571421875 0.7469375 0.5491100703125 0.7541249999999999 0.552388759375 0.764109375 0.5636299765625 0.77815625 0.5734426234375001 0.7890937499999999 0.59030445 0.799390625 0.5996487125 0.806578125 0.6249414515625 0.8381093749999999 0.632412178125 0.8359375 0.631475409375 0.8328125 0.6108899296875 0.79534375
8 0.3870023421875 0.785609375 0.40451990625 0.784046875 0.41192037499999995 0.7838125 0.40922716562500006 0.7694375 0.40519906250000004 0.763140625 0.37723653437500004 0.7494375 0.3681498828125 0.750109375 0.3647775171875 0.754609375 0.3644262296875 0.757296875 0.369156909375 0.777078125 0.369156909375 0.78134375 0.370843090625 0.7838125 0.38093676875 0.78809375 0.38362997656250003 0.796171875 0.38531615937499997 0.8022500000000001 0.39644028124999997 0.8022500000000001 0.3870023421875 0.785609375
8 0.835644028125 0.6628125 0.79679156875 0.66109375 0.79163934375 0.665171875 0.79421545625 0.6752343749999999 0.8516861828125 0.6743750000000001 0.8436533953125 0.66603125 0.835644028125 0.6628125
8 0.9661358312500001 0.701828125 0.9181733015625 0.700578125 0.90002341875 0.71984375 0.8865105390625001 0.7201562499999999 0.8865105390625001 0.726359375 0.9447072593750001 0.726359375 0.9661358312500001 0.701828125
9 0.7689227171875 0.5077499999999999 0.760843090625 0.50409375 0.7550351281250001 0.498921875 0.746323184375 0.49310937499999996 0.734051521875 0.48621875000000003 0.725011709375 0.486859375 0.725011709375 0.483421875 0.727611240625 0.480625 0.729227165625 0.47437500000000005 0.730819671875 0.467703125 0.728571428125 0.46446875 0.726955503125 0.4623125 0.721147540625 0.459296875 0.7150117093749999 0.45887500000000003 0.705339578125 0.46145312499999996 0.702435596875 0.46446875 0.7008196718749999 0.46834375 0.7008196718749999 0.48234374999999996 0.699531615625 0.48278125000000005 0.692435596875 0.4845 0.682740046875 0.49053125 0.683067915625 0.492671875 0.689531615625 0.505390625 0.700491803125 0.508828125 0.706627634375 0.5114062500000001 0.720187353125 0.511625 0.718899296875 0.508828125 0.716627634375 0.50559375 0.716627634375 0.50215625 0.716955503125 0.49784375000000003 0.721475409375 0.49590625 0.726323184375 0.493546875 0.734379390625 0.49418749999999995 0.740515221875 0.4956875 0.744051521875 0.49978125 0.744379390625 0.505171875 0.745995315625 0.510328125 0.7556908671875 0.51378125 0.758899296875 0.518296875 0.763419203125 0.52153125 0.7702107734375 0.521109375 0.7834426234375 0.520234375 0.7863466046875 0.51721875 0.7818266984375 0.512703125 0.7734426234375 0.5142187500000001 0.7734426234375 0.510765625 0.7689227171875 0.5077499999999999
9 0.572388759375 0.65675 0.5892974234375 0.6541875 0.600843090625 0.6521250000000001 0.6162060890625 0.651109375 0.6154332546875 0.6480312500000001 0.60775175625 0.6387968749999999 0.60159250625 0.630578125 0.5931381734375 0.61621875 0.5762295078124999 0.6151875 0.5800702578125 0.61159375 0.580843090625 0.60390625 0.5792974234375 0.593125 0.57391100625 0.588 0.5600702578125001 0.58696875 0.5539344265625 0.593125 0.5539344265625 0.6054375000000001 0.552388759375 0.612625 0.5377751749999999 0.6151875 0.534707259375 0.621859375 0.538548009375 0.636734375 0.5408665109374999 0.645453125 0.552388759375 0.65059375 0.5539344265625 0.6521250000000001 0.564683840625 0.65675 0.572388759375 0.65675
9 0.3242857140625 0.5586249999999999 0.3291100703125 0.563765625 0.3329508203125 0.56740625 0.3470726 0.56740625 0.3605620609375 0.56740625 0.3653864171875 0.56440625 0.3634660421875 0.5611875000000001 0.35768149843749997 0.554125 0.35252927343749996 0.54490625 0.3477283375 0.5391250000000001 0.34131147500000003 0.536125 0.3342388765625 0.534625 0.3355269328125 0.533125 0.33906323125000004 0.526484375 0.33873536249999997 0.5211406249999999 0.33391100625000003 0.516859375 0.32590163906249997 0.516 0.31946135781249996 0.516421875 0.31594847812500004 0.52134375 0.314988290625 0.52584375 0.31433255312499997 0.5335625 0.316252928125 0.536125 0.314004684375 0.537625 0.303091334375 0.539984375 0.30084309062500003 0.54534375 0.304051521875 0.55284375 0.30662763437499996 0.554125 0.317868853125 0.5564843749999999 0.3242857140625 0.5586249999999999
9 0 0.6265625 0.0210772828125 0.6578125 0.0112077609375 0.6588169640625 0.014051521875 0.6609375 0.0117096015625 0.6625 0.0023419203124999998 0.6640625 0.0046838406249999995 0.665625 0.023419203125 0.6578125 0.02784283125 0.661371528125 0.03512880625 0.6609375 0.039812646875 0.6640625 0.042154567187500006 0.6734375 0.0593286484375 0.6770833328125 0.042154567187500006 0.69375 0.0444964875 0.70625 0.05386416875 0.7046875 0.07259953125 0.6921875 0.07259953125 0.6859375 0.0655737703125 0.678125 0.0702576109375 0.6671875 0.09653916093750001 0.67335069375 0.10070257656249999 0.69375 0.11007025781249999 0.6953125 0.1686182671875 0.6953125 0.17668488124999998 0.6873263890625 0.2224824359375 0.6953125 0.247775175 0.6759375000000001 0.2599531609375 0.68125 0.2599531609375 0.684375 0.31850117031249997 0.653125 0.31615925 0.6265625 0.3044496484375 0.596875 0.30679156875 0.5921875 0.337236534375 0.58125 0.346604215625 0.58125 0.3840749421875 0.590625 0.40281030468749995 0.6015625 0.41451990624999996 0.6046875 0.4847775171875 0.5875 0.5199063234375 0.5640625 0.5690866515625 0.5453125 0.5805833515625001 0.54786931875 0.5763253140625 0.55525568125 0.56674473125 0.559375 0.526932084375 0.5921875 0.4871194375 0.6296875 0.4871194375 0.6390625 0.5011709609375 0.684375 0.517564403125 0.71875 0.5245901640625 0.725 0.5573770484375 0.7328125 0.6018735359375 0.7328125 0.6206089 0.7296875 0.6510538640625 0.71875 0.6697892265625 0.70625 0.6697892265625 0.703125 0.6463700234374999 0.69375 0.6463700234374999 0.690625 0.653395784375 0.6859375 0.6604215453125 0.6859375 0.6557377046874999 0.6640625 0.662763465625 0.659375 0.679156909375 0.6578125 0.6861826703125 0.6609375 0.69320843125 0.6765625 0.697892271875 0.6796875 0.7049180328125 0.6796875 0.73067915625 0.6734375 0.7634660421875 0.6703125 0.80695885 0.652678571875 0.843091334375 0.6875 0.8571428578125 0.6859375 0.8618266984374999 0.6796875 0.8671796578125001 0.6794642859375 0.9039812640625 0.6984375 0.913348946875 0.7078125 0.8992974234375 0.7203125 0.9063231843749999 0.7265625 0.9274004687499999 0.734375 0.9508196718749999 0.7390625 0.9976580796875 0.7375 0.9173636671875001 0.7017857140625 0.911007025 0.7046875 0.9073268640625001 0.697321428125 0.8972900625 0.6928571421874999 0.8946135828124999 0.6734375 0.8852459015624999 0.665625 0.8735362999999999 0.665625 0.8665105390625 0.66875 0.86416861875 0.6734375 0.8571428578125 0.675 0.8270324515624999 0.6616071421874999 0.8173302109374999 0.6609375 0.8126463703125 0.6515625 0.8079625296874999 0.65 0.81030445 0.6484375 0.796922046875 0.6482142859375 0.716627634375 0.6125 0.7096018734375 0.5921875 0.697892271875 0.590625 0.697892271875 0.5734375 0.6861826703125 0.5671875 0.707259953125 0.5125 0.7189695546875 0.5125 0.716627634375 0.503125 0.725995315625 0.49375 0.73770491875 0.4953125 0.742388759375 0.4984375 0.7470726 0.5109375 0.7634660421875 0.521875 0.7822014046875 0.521875 0.784543325 0.515625 0.77517564375 0.5140625 0.7353629984375 0.4875 0.725995315625 0.4875 0.725995315625 0.4625 0.7189695546875 0.459375 0.7049180328125 0.4625 0.6993825859375 0.458096590625 0.6674473062499999 0.3828125 0.6744730671875 0.3765625 0.6440281031249999 0.3734375 0.6416861828125 0.371875 0.6478603374999999 0.3617897734375 0.7494145203125 0.3375 0.75644028125 0.34375 0.77517564375 0.3484375 0.7892271656250001 0.3484375 0.8032786890624999 0.35625 0.80093676875 0.3546875 0.8079625296874999 0.3515625 0.8196721312499999 0.35 0.8056206093749999 0.3390625 0.81047173125 0.33125 0.9203747078125 0.33125 0.9274004687499999 0.3390625 0.9371584703125 0.340625 0.9976580796875 0.340625 0.9555035125 0.3390625 0.9203747078125 0.3296875 0.9250585484375 0.3229166671875 0.9250585484375 0.2984375 0.922716628125 0.2875 0.911007025 0.2671875 0.878220140625 0.2421875 0.843091334375 0.2296875 0.8594847781249999 0.2046875 0.8594847781249999 0.1671875 0.847775175 0.146875 0.8149882906249999 0.121875 0.784543325 0.1109375 0.7658079625 0.1078125 0.7189695546875 0.1078125 0.6768149890624999 0.1171875 0.6557377046874999 0.109375 0.6370023421875 0.10625 0.5925058546875 0.10625 0.5690866515625 0.1109375 0.5480093671875 0.11875 0.5292740046875 0.1296875 0.517564403125 0.140625 0.5105386421875 0.1359375 0.5011709609375 0.1109375 0.4871194375 0.0953125 0.4566744734375 0.0765625 0.43325526875 0.06875 0.41451990624999996 0.065625 0.37002341875 0.065625 0.337236534375 0.0734375 0.30679156875 0.0890625 0.283372365625 0.1140625 0.26463700156250003 0.0953125 0.2412177984375 0.0796875 0.210772834375 0.06875 0.1920374703125 0.065625 0.1428571421875 0.065625 0.11007025781249999 0.0734375 0.0796252921875 0.0890625 0.05386416875 0.1140625 0.0374707265625 0.1109375 0.0023419203124999998 0.1109375 0.0023419203124999998 0.290625 0.3646433328125 0.438091215625 0.36584141875 0.4489955359375 0.3569755765625 0.454241071875 0.3544528125 0.45228040468749997 0.344325590625 0.4565456078125 0.3481097359375 0.45948660781250006 0.3392438953125 0.4647321421875 0.3341983671875 0.46081081093750004 0.17798594843749999 0.5265625 0.1733021078125 0.5078125 0.16627634687499998 0.5015625 0.1498829046875 0.503125 0.131147540625 0.5296875 0.1241217796875 0.5328125 0.1215266796875 0.5503800671875 0.1241217796875 0.553125 0.11139945625 0.5546452703125 0 0.6015625 0 0.6265625