9 0.30888 0.8988855421874999 0.3402 0.7775301203125 0.38498 0.6179819281250001 0.32677999999999996 0.45394578281250003 0.27008 0.41123493906249997 0.26261999999999996 0.3865060234375 0.28647999999999996 0.2921385546875 0.27456 0.22246987968749998 0.25366 0.16629518125 0.22084 0.1505722890625 0.19546 0.14831325312500002 0.15367999999999998 0.17978915625 0.13577999999999998 0.2764156625 0.15518 0.36629518125 0.15367999999999998 0.391024096875 0.11042 0.41123493906249997 0.035820000000000005 0.4831325296875 0.00746 0.6539457828125 0.00596 0.7618072296875 0.013420000000000001 0.82021084375 0.011940000000000001 0.9730421687499999 0.33872 0.982018071875 0.35512 0.9258433734375 0.30888 0.8988855421874999
9 0.3417 0.9730421687499999 0.6848799999999999 0.982018071875 0.68638 0.9662951812499999 0.69682 0.9685542171874999 0.7028 0.9438253015625 0.7028 0.9370783125000001 0.69982 0.8764156625 0.6819 0.7258433734375 0.6535599999999999 0.6224698796875 0.57596 0.555060240625 0.57596 0.541566265625 0.58492 0.528102409375 0.57448 0.5056325296875 0.5908800000000001 0.4651807234375 0.59984 0.43819277031250004 0.59386 0.42695783125000003 0.5894 0.41123493906249997 0.5908800000000001 0.375271084375 0.59238 0.348313253125 0.5879 0.30786144531250004 0.5595600000000001 0.285391565625 0.48941999999999997 0.27189759062499996 0.45359999999999995 0.32584337343750003 0.44914 0.348313253125 0.4566 0.3842771078125 0.45359999999999995 0.42021084374999995 0.45359999999999995 0.46066265 0.47152000000000005 0.5190963859375 0.44466 0.5640361453125 0.39244 0.591024096875 0.36110000000000003 0.6764156625 0.31932 0.8898795187499999 0.31932 0.9011144578125 0.34618000000000004 0.9258433734375 0.3417 0.9730421687499999
9 0.74458 0.9007530125000001 0.84902 0.9749096390625 0.99376 0.9906325296875 0.99674 0.6535542171875 0.99526 0.6288253015625 0.91618 0.5704216875 0.90872 0.516475903125 0.8744 0.5232228921875001 0.86394 0.422108434375 0.84306 0.352439759375 0.80128 0.33445783125 0.74906 0.354668675 0.7162200000000001 0.406355421875 0.73414 0.5052409640625 0.76546 0.5726506031249999 0.75054 0.62433735 0.73562 0.67379518125 0.69982 0.7771385546875 0.69682 0.86478915625 0.7087600000000001 0.9501807234375 0.74458 0.9007530125000001
8 0.44695999999999997 0.2475301203125 0.46180000000000004 0.25168674687500003 0.46894 0.25415662656250004 0.4772 0.255 0.48434 0.2508433734375 0.48600000000000004 0.24506024062499998 0.48764 0.23843373437499998 0.48819999999999997 0.2334638546875 0.4937 0.22433735000000002 0.49754 0.22021084375000002 0.5014000000000001 0.2160542171875 0.497 0.20445783125 0.4937 0.197018071875 0.4915 0.19370481875 0.48874000000000006 0.19120481875 0.48324 0.1879216875 0.4739 0.1862650609375 0.4629 0.1837650609375 0.45133999999999996 0.182108434375 0.42990000000000006 0.182108434375 0.42329999999999995 0.1920481921875 0.4189 0.20695783125 0.4244 0.223524096875 0.43376000000000003 0.2318072296875 0.44366000000000005 0.24587349375 0.44476000000000004 0.24587349375 0.44695999999999997 0.2475301203125
8 0.5060399999999999 0.1763855421875 0.51036 0.16683735 0.5128999999999999 0.15804216875 0.5113800000000001 0.14120481875 0.50224 0.12554216875 0.49056 0.11560240937499999 0.47430000000000005 0.1121385546875 0.45958 0.1121385546875 0.45221999999999996 0.11596385468749999 0.44814 0.12286144531250001 0.44383999999999996 0.1312650609375 0.43899999999999995 0.1389156625 0.43926 0.15346385468749998 0.43976 0.16186747031249998 0.44332000000000005 0.17448795156250002 0.44889999999999997 0.179066265625 0.44688 0.1763855421875 0.46820000000000006 0.1844277109375 0.48650000000000004 0.1890361453125 0.49666 0.1867168671875 0.5060399999999999 0.1763855421875
8 0.32073999999999997 0.17960843437500001 0.34304 0.18006024062499998 0.35812 0.18006024062499998 0.36174 0.1759638546875 0.36234 0.1732530125 0.36141999999999996 0.1600903609375 0.35842 0.1559939765625 0.34453999999999996 0.15054216874999998 0.33068 0.147831325 0.3147 0.1537349390625 0.3126 0.1614457828125 0.31107999999999997 0.175060240625 0.31198000000000004 0.17870481875 0.32073999999999997 0.17960843437500001
8 0.14316 0.2007831328125 0.14967999999999998 0.18237951875 0.15618 0.16400602343749998 0.15782000000000002 0.144397590625 0.14967999999999998 0.1321385546875 0.13096000000000002 0.12478915625 0.11062000000000001 0.127228915625 0.08946 0.135813253125 0.08946 0.160331325 0.10411999999999999 0.1921987953125 0.11712 0.20322289218749998 0.12769999999999998 0.20566265 0.14316 0.2007831328125
8 0.5676599999999999 0.1939457828125 0.57904 0.187108434375 0.57904 0.1750903609375 0.57448 0.1579518078125 0.5688 0.1511144578125 0.56196 0.1356927703125 0.554 0.120271084375 0.50962 0.127108434375 0.5130399999999999 0.1408433734375 0.52214 0.1648192765625 0.53124 0.1699698796875 0.54604 0.1836746984375 0.5676599999999999 0.1939457828125
8 0.28552 0.42777108437500005 0.29828 0.4257228921875 0.30512 0.42433734999999995 0.31832 0.4257228921875 0.33154 0.429849396875 0.3443 0.442891565625 0.35296 0.4497590359375 0.35341999999999996 0.414728915625 0.35388000000000003 0.40512048125 0.33564 0.3907228921875 0.32698 0.38521084375000003 0.30784 0.37837349374999996 0.29646 0.383855421875 0.2878 0.3955120484375 0.27868 0.40512048125 0.28324 0.41816265 0.28552 0.42777108437500005
8 0.7804599999999999 0.1795783125 0.7611600000000001 0.1751807234375 0.7553 0.17253012031249998 0.736 0.180481928125 0.7319 0.20777108437499997 0.74302 0.21394578281249998 0.77636 0.21129518125 0.79098 0.1954518078125 0.7804599999999999 0.1795783125
8 0.98694 0.3909036140625 0.9963599999999999 0.384939759375 1 0.37596385468750004 0.99932 0.37 0.9819800000000001 0.3573192765625 0.9696 0.3580722890625 0.96366 0.3707530125 0.95426 0.3789457828125 0.96416 0.3879216875 0.9671200000000001 0.39162650625 0.97754 0.39237951875 0.98694 0.3909036140625
8 0.9467000000000001 0.44228915625000004 0.95314 0.43186747031249995 0.95214 0.42364457812499995 0.9476800000000001 0.41768072343749996 0.9362999999999999 0.41843373437500003 0.92738 0.41843373437500003 0.91896 0.419186746875 0.9075599999999999 0.42066264999999997 0.90162 0.42515060312499997 0.8956799999999999 0.43186747031249995 0.8971600000000001 0.43557228906249995 0.8986599999999999 0.4393072296875 0.9075599999999999 0.4445481921875 0.91302 0.44753012031250006 0.9358000000000001 0.45051204843750003 0.9467000000000001 0.44228915625000004
8 0.71574 0.19334337343750002 0.70258 0.198644578125 0.69162 0.2071987953125 0.68636 0.2190963859375 0.68944 0.23228915625000002 0.69382 0.2329518078125 0.70828 0.23162650624999997 0.7218600000000001 0.226355421875 0.7302 0.226355421875 0.73414 0.22503012031249997 0.7359 0.21316264999999998 0.73238 0.19798192812499998 0.72626 0.1959939765625 0.71574 0.19334337343750002
8 0.70226 0.17093373437499998 0.71104 0.1635843375 0.7117 0.1493674703125 0.70974 0.1420481921875 0.69902 0.1371385546875 0.68602 0.1366566265625 0.6743 0.1395783125 0.6626000000000001 0.1454518078125 0.6613 0.1567168671875 0.6691 0.17433735 0.6756 0.174849396875 0.68926 0.17433735 0.70226 0.17093373437499998
8 0.8625 0.191686746875 0.8678800000000001 0.18762048125 0.87952 0.18629518125 0.88996 0.1826807234375 0.8997999999999999 0.1795481921875 0.9000999999999999 0.1638253015625 0.89474 0.1588855421875 0.88638 0.1543674703125 0.87684 0.1534939765625 0.8652 0.15304216875 0.85534 0.1561746984375 0.8511799999999999 0.16021084375 0.8490800000000001 0.174608434375 0.85028 0.1835843375 0.85564 0.19078313281249998 0.85266 0.19078313281249998 0.85892 0.191686746875 0.8625 0.191686746875
8 0 0.58433735 0.004 0.5903614453125 0 0.6084337343749999 0.006 0.6174698796875 0.002 0.6265060234375001 0.006 0.650602409375 0.004 0.6746987953125 0.008 0.722891565625 0.006 0.7740963859375001 0.008 0.8042168671875001 0.014000000000000002 0.8102409640625 0.014000000000000002 0.8192771078125001 0.02 0.8222891562499999 0.032 0.84337349375 0.041999999999999996 0.8554216875 0.054000000000000006 0.8554216875 0.06 0.84337349375 0.06 0.8313253015625 0.05500000000000001 0.8102409640625 0.061 0.7910929421875 0.072 0.793029259375 0.076 0.7861445781249999 0.08199999999999999 0.7891566265625001 0.08199999999999999 0.7950086046875 0.094 0.7981927703125 0.11399999999999999 0.8192771078125001 0.124 0.8192771078125001 0.13 0.8253012046875 0.272 0.8614457828125 0.27799999999999997 0.8674698796874999 0.33399999999999996 0.879518071875 0.362 0.891566265625 0.418 0.9036144578125 0.426 0.9096385546875 0.43 0.90662650625 0.43600000000000005 0.9126506031250001 0.454 0.9126506031250001 0.47400000000000003 0.86445783125 0.526 0.8524096390624999 0.534 0.84337349375 0.536 0.8253012046875 0.53 0.8132530125 0.6759999999999999 0.650602409375 0.682 0.6596385546875 0.734 0.6566265062500001 0.742 0.6445783125 0.746 0.629518071875 0.754 0.629518071875 0.758 0.6234939765624999 0.764 0.6024096390625 0.766 0.5692771078125001 0.76 0.557228915625 0.752 0.5542168671875001 0.752 0.527108434375 0.73 0.5 0.682 0.5 0.677333334375 0.489959840625 0.686 0.442771084375 0.706 0.442771084375 0.716 0.4307228921875 0.726 0.4307228921875 0.732 0.41867469843749994 0.732 0.3674698796875 0.726 0.35542168749999997 0.712 0.35542168749999997 0.6980000000000001 0.3734939765625 0.6924615375000001 0.36445783125000003 0.706 0.243975903125 0.76 0.25 0.776 0.26807228906249997 0.792 0.26807228906249997 0.8039999999999999 0.234939759375 0.8039999999999999 0.21987951875 0.8539999999999999 0.22289156562499998 0.8720000000000001 0.2409638546875 0.8683636359375001 0.2532858703125 0.8703333343749999 0.2562751 0.8667272718750001 0.268619934375 0.8686666656250001 0.271586346875 0.8536363640625 0.39129244218750003 0.858 0.3975903609375 0.852 0.40662650625 0.852 0.4246987953125 0.866 0.45180722968750003 0.8779999999999999 0.45180722968750003 0.884 0.4397590359375 0.884 0.421686746875 0.874 0.3975903609375 0.8880000000000001 0.243975903125 0.9119999999999999 0.243975903125 0.9179999999999999 0.23192771093750003 0.922 0.23192771093750003 0.9380000000000001 0.24698795156250003 0.97 0.24698795156250003 0.976 0.234939759375 0.976 0.22289156562499998 0.968 0.18975903593750001 0.962 0.18072289218749998 0.9480000000000001 0.17469879531250002 0.944 0.1686746984375 0.9279999999999999 0.1686746984375 0.9199999999999999 0.18072289218749998 0.9 0.17168674687500002 0.8960000000000001 0.1837349390625 0.8560000000000001 0.19277108437499998 0.8539999999999999 0.2048192765625 0.802333334375 0.1964524765625 0.796 0.19879518125 0.792 0.19477911718750002 0.788 0.19879518125 0.781666665625 0.19310575624999998 0.771333334375 0.191432396875 0.774 0.18072289218749998 0.78 0.1686746984375 0.78 0.15662650625000002 0.774 0.1445783125 0.74 0.1325301203125 0.736 0.1265060234375 0.722 0.1265060234375 0.716 0.13554216875 0.716 0.15662650625000002 0.6990000000000001 0.17971887656250002 0.6910000000000001 0.17469879531250002 0.688666665625 0.17804551562499998 0.6679999999999999 0.17469879531250002 0.557 0.17771084374999999 0.548 0.18674698750000002 0.546909090625 0.17798466562499998 0.526727271875 0.1785323109375 0.524 0.1686746984375 0.518 0.15662650625000002 0.514 0.15662650625000002 0.5166363640625 0.1788061328125 0.508 0.1701807234375 0.5065454546875 0.1790799546875 0.502 0.1837349390625 0.4964545453125 0.1793537796875 0.446 0.18072289218749998 0.44400000000000006 0.17771084374999999 0.442 0.18222891562500002 0.43590909062499994 0.1809967140625 0.441 0.162650603125 0.438 0.1475903609375 0.42400000000000004 0.1325301203125 0.396 0.1325301203125 0.386 0.1475903609375 0.384 0.1596385546875 0.378 0.1686746984375 0.3753636359375 0.18263965 0.378 0.18975903593750001 0.372 0.19277108437499998 0.365272728125 0.1829134734375 0.3568 0.18554216875 0.35518181875 0.1831872953125 0.324909090625 0.1840087625 0.32320000000000004 0.1819277109375 0.31481818125 0.184282584375 0.312 0.18072289218749998 0.312 0.16566265 0.308 0.162650603125 0.302 0.1385542171875 0.298 0.1325301203125 0.288 0.1325301203125 0.286 0.12349397656250001 0.284 0 0.264 0.0030120484375 0.26 0.015060240624999999 0.262 0.1024096390625 0.258 0.13554216875 0.246 0.13554216875 0.23399999999999999 0.12349397656250001 0.2 0.12349397656250001 0.192 0.1265060234375 0.184 0.1385542171875 0.184 0.15662650625000002 0.19 0.16566265 0.22200000000000003 0.1596385546875 0.22799999999999998 0.1686746984375 0.25 0.17168674687500002 0.254272728125 0.1859255203125 0.11299999999999999 0.18975903593750001 0.10600000000000001 0.19578313281249998 0.09 0.162650603125 0.088 0.13554216875 0.072 0.13554216875 0.048 0.162650603125 0.034 0.162650603125 0.027000000000000003 0.17771084374999999 0.032272728125 0.1919496171875 0.002 0.19277108437499998 0.004 0.23192771093750003 0 0.24698795156250003 0.003 0.2484939765625 0 0.265060240625 0.004 0.27409638593749996 0.014000000000000002 0.277108434375 0.014000000000000002 0.37951807187500003 0.006 0.37951807187500003 0.002 0.38554216874999997 0.004 0.41867469843749994 0 0.4246987953125 0.002 0.484939759375 0.01 0.484939759375 0.014000000000000002 0.49397590312500006 0.01 0.5210843374999999 0.002 0.5210843374999999 0 0.5662650609375001 0 0.58433735