9 0.07078124999999999 0.303375 0.10618749999999999 0.3303333328125 0.143265625 0.3303333328125 0.18034375 0.3505625 0.192140625 0.5168541671875 0.22246875 0.5505625000000001 0.241015625 0.5595416671875 0.257859375 0.5662916671875 0.27809375 0.5528125 0.2983125 0.5370833328125 0.31179687500000003 0.5325833328125 0.316859375 0.5101041671875 0.3016875 0.501125 0.27640625 0.47864583281249995 0.28314062500000003 0.41572916718749997 0.289890625 0.34831249999999997 0.29493749999999996 0.2898958328125 0.2528125 0.2786458328125 0.205625 0.2629166671875 0.183703125 0.2404583328125 0.17190624999999998 0.2112291671875 0.158421875 0.1842708328125 0.15 0.15731250000000002 0.15337499999999998 0.11235416718749999 0.143265625 0.0674166671875 0.146625 0.0516875 0.163484375 0.029208332812499998 0.160109375 0.006750000000000001 0.117984375 0.0045 0.0960625 0.0157291671875 0.092703125 0.033708332812500005 0.07753125 0.044937500000000005 0.053937500000000006 0.07416666718750001 0.035390624999999995 0.105625 0.035390624999999995 0.1393333328125 0.033703125 0.2202291671875 0.040453125 0.2584166671875 0.058984375 0.2786458328125 0.07078124999999999 0.303375
9 0.152078125 0.15518749999999998 0.150046875 0.17422916718749998 0.15718749999999998 0.1701458328125 0.1633125 0.17422916718749998 0.166375 0.1823958328125 0.16434375 0.197375 0.17862499999999998 0.22322916718750002 0.19496875 0.2559166671875 0.235796875 0.27225 0.28889062499999996 0.2885833328125 0.29704687500000004 0.2981041671875 0.293984375 0.3321458328125 0.291953125 0.3620833328125 0.3154375 0.3784166671875 0.331765625 0.4015625 0.34503125 0.4097291671875 0.377703125 0.42741666718750004 0.40425000000000005 0.45464583281250004 0.41956249999999995 0.4737083328125 0.42467187500000003 0.4900416671875 0.439984375 0.4900416671875 0.455296875 0.48187499999999994 0.46653124999999995 0.45056250000000003 0.47367187499999996 0.4423958328125 0.49204687500000005 0.43150000000000005 0.485921875 0.4178958328125 0.49000000000000005 0.40700000000000003 0.496125 0.3797708328125 0.48898437499999997 0.37025 0.47265625 0.3838541671875 0.459375 0.3988333328125 0.439984375 0.3974791671875 0.42976562500000004 0.40018750000000003 0.41751562499999995 0.3906666671875 0.374640625 0.3566458328125 0.34503125 0.3185208328125 0.33381249999999996 0.3117083328125 0.29909375 0.2872083328125 0.26234375 0.24775 0.25928125 0.23141666718749998 0.23376562500000003 0.20418750000000002 0.220484375 0.20827083281249997 0.20721875 0.2001041671875 0.21742187500000001 0.1892083328125 0.21334375 0.1823958328125 0.19803125 0.1769583328125 0.18578125 0.14837499999999998 0.17250000000000001 0.1470208328125 0.16740625 0.1306875 0.15617187500000002 0.1143333328125 0.15106250000000002 0.0966458328125 0.154125 0.1170625 0.15106250000000002 0.1333958328125 0.152078125 0.15518749999999998
9 0.24209375 0 0.23440625 0.017229167187499998 0.230015625 0.0392083328125 0.222859375 0.0575208328125 0.20418750000000002 0.0721875 0.188796875 0.0846458328125 0.188796875 0.085875 0.170109375 0.0931875 0.16515625 0.11810416718750001 0.16515625 0.1188333328125 0.16515625 0.1203125 0.17670312500000002 0.14156249999999998 0.17890625 0.14375 0.18659375 0.1466875 0.19043749999999998 0.1525416671875 0.19539062499999998 0.16354166718750002 0.19923437500000002 0.1737916671875 0.19923437500000002 0.17525 0.22121875000000002 0.18587499999999998 0.22176562500000002 0.1917291671875 0.224515625 0.20418750000000002 0.22560937499999997 0.20418750000000002 0.2305625 0.2027291671875 0.248140625 0.2140625 0.264625 0.2440625 0.267921875 0.2506666671875 0.26903125 0.2528541671875 0.28331249999999997 0.26897916718750003 0.297609375 0.2858333328125 0.3206875 0.3004791671875 0.346515625 0.3166041671875 0.35531250000000003 0.32760416718749996 0.374546875 0.3517708328125 0.4108125 0.3840208328125 0.42015624999999995 0.3745 0.41135937499999997 0.3568958328125 0.400921875 0.35031249999999997 0.399828125 0.3429791671875 0.37893750000000004 0.31837499999999996 0.37509375 0.3051875 0.37234375000000003 0.2934791671875 0.37234375000000003 0.2883333328125 0.37234375000000003 0.2824791671875 0.36575 0.2575625 0.356953125 0.244375 0.33992187500000004 0.23777083281250003 0.327828125 0.23925000000000002 0.313546875 0.2363125 0.301453125 0.2319166671875 0.2915625 0.22312500000000002 0.27396875 0.1960208328125 0.269578125 0.1747708328125 0.270671875 0.1608333328125 0.272875 0.1461875 0.272875 0.11687499999999999 0.272875 0.1029583328125 0.2651875 0.0846458328125 0.262984375 0.061916667187499996 0.26353125 0.0597291671875 0.270671875 0.0597291671875 0.277828125 0.053125 0.281671875 0.031145832812500003 0.278921875 0.0157708328125 0.272328125 0.0040416671874999996 0.24320312500000002 0 0.24209375 0
8 0.7669374999999999 0.2387083328125 0.74153125 0.17099999999999999 0.70428125 0.0671458328125 0.70090625 0.0716666671875 0.753390625 0.2387083328125 0.755078125 0.25 0.768625 0.24322916718749998 0.7669374999999999 0.2387083328125
8 0.797265625 0.2444791671875 0.8054375 0.24856250000000002 0.81465625 0.2431041671875 0.772640625 0.192625 0.73171875 0.1339583328125 0.7338125 0.14897916718749998 0.775765625 0.21172916718749998 0.797265625 0.2444791671875
8 0.41546874999999994 0.33268749999999997 0.41726562500000003 0.33147916718750003 0.41726562500000003 0.2593958328125 0.41498437499999996 0.21329166718749998 0.414125 0.1541875 0.41328125 0.07858333281249999 0.41753125 0.0689375 0.407734375 0.0666666671875 0.40134375 0.0666666671875 0.4021875 0.07575 0.40475000000000005 0.11610416718750001 0.401765625 0.2184166671875 0.40475000000000005 0.31275 0.40554687500000003 0.3290833328125 0.41185937499999997 0.3338958328125 0.41546874999999994 0.33268749999999997
8 0.559671875 0.252 0.556171875 0.19958333281250001 0.553359375 0.1686875 0.553359375 0.1359166671875 0.55265625 0.077875 0.55546875 0.0657083328125 0.545640625 0.0666458328125 0.54353125 0.0675833328125 0.54353125 0.0685208328125 0.544234375 0.0863125 0.54634375 0.2061458328125 0.5470312500000001 0.2735416671875 0.5484375 0.3044375 0.561078125 0.3203541671875 0.559671875 0.252
8 0.42134375 0.8361041671875 0.42471875 0.822625 0.42809375000000005 0.7866666671875 0.37246875 0.7664375 0.3505625 0.7664375 0.293265625 0.7844166671874999 0.262921875 0.8023958328124999 0.259546875 0.8540833328125 0.257859375 0.8967708328124999 0.293265625 0.9597083328125 0.33034375 0.9821666671875 0.37078125 0.9304791671875 0.39270312500000004 0.8810416671875 0.42134375 0.8361041671875
8 0.4425625 0.7171041671875 0.43946874999999996 0.7047291671875 0.435765625 0.6931875 0.4301875 0.6766875 0.41968750000000005 0.6618541671875 0.40298437500000006 0.6420625 0.400515625 0.6420625 0.376390625 0.6511250000000001 0.373921875 0.6437083328125001 0.367734375 0.6395833328125 0.358453125 0.6404166671875 0.34114062500000003 0.6486666671875 0.335578125 0.6511250000000001 0.3195 0.6568958328125001 0.308984375 0.6618541671875 0.303421875 0.6725625 0.305890625 0.6882291671874999 0.309609375 0.698125 0.31703125 0.7146250000000001 0.32815625000000004 0.7278125 0.338671875 0.7294583328125 0.36340625000000004 0.7393541671875 0.381953125 0.7434791671875 0.396796875 0.7434791671875 0.424015625 0.7360625 0.43453125000000004 0.73275 0.43823437500000006 0.7368750000000001 0.44009375000000006 0.7302916671874999 0.4425625 0.7171041671875
8 0.619046875 0.5257708328125 0.6294375 0.52 0.6363749999999999 0.5096041671875 0.63896875 0.4922708328125 0.637234375 0.48070833281249997 0.627703125 0.4795625 0.620765625 0.47725 0.6086406249999999 0.47725 0.58525 0.47379166718750004 0.5670625 0.4761041671875 0.5540625 0.4968958328125 0.559265625 0.5142083328125 0.573125 0.5257708328125 0.5843906249999999 0.5384791671875 0.6017187500000001 0.5407916671875 0.602578125 0.5350208328125 0.605171875 0.5303958328125 0.619046875 0.5257708328125
8 0.6074843750000001 0.4073333328125 0.63371875 0.40679166718750004 0.65175 0.40514583281250005 0.6628125 0.3772916671875 0.6554375 0.378375 0.62715625 0.3832916671875 0.606265625 0.3822083328125 0.5939687499999999 0.3658125 0.577984375 0.3800208328125 0.566921875 0.3860208328125 0.57634375 0.4073333328125 0.6074843750000001 0.4073333328125
9 0.000046875 0.79225 0.0080625 0.7913333328125 0.023390625 0.7782083328125 0.026140625 0.7647708328125 0.026828125 0.75225 0.0037557874999999998 0.5508572515625 0.007932292187499999 0.4782986109375 0.011625 0.4684583328125 0.01571875 0.4444166671875 0.01203125 0.43512500000000004 0.001375 0.4171041671875 0.0006651781249999999 0.4864255953125 0.0042395828125 0.48813888906249997 0.0005468749999999999 0.49797916718749996 0.0153078703125 0.7412183640625 0.013328125 0.7418750000000001 0 0.7366875 0.000046875 0.79225
9 0.5999375 0.16799999999999998 0.617328125 0.20691666718750001 0.622296875 0.172125 0.6229218750000001 0.1406666671875 0.633484375 0.12491666718750001 0.6272656249999999 0.060312500000000005 0.628515625 0.0031666671875000005 0.578203125 0 0.583171875 0.1671666671875 0.581921875 0.2251458328125 0.590625 0.21189583281250002 0.5999375 0.16799999999999998
8 0.47367187499999996 0.2478958328125 0.47367187499999996 0.1780416671875 0.46901562500000005 0.10974999999999999 0.47134375000000006 0.07404166718750001 0.464359375 0.06783333281250001 0.458546875 0.1128541671875 0.458546875 0.2789583328125 0.47251562500000005 0.2820625 0.47367187499999996 0.2478958328125
8 0.42884374999999997 0.3974583328125 0.431234375 0.3831041671875 0.42584375 0.3288333328125 0.42525 0.2801666671875 0.423453125 0.22349999999999998 0.424046875 0.2155208328125 0.4210625 0.2114375 0.41507812499999996 0.2114375 0.41746875 0.2227083328125 0.41746875 0.2945208328125 0.41685937500000003 0.3344166671875 0.41685937500000003 0.3926666671875 0.42884374999999997 0.3974583328125
8 0.78071875 0.2823541671875 0.78703125 0.27995833281250004 0.789140625 0.2723333328125 0.73684375 0.1501041671875 0.73353125 0.1436875 0.73353125 0.14689583281250002 0.750359375 0.2034166671875 0.752765625 0.2102291671875 0.7735000000000001 0.28075 0.78071875 0.2823541671875
8 0.459671875 0.21600000000000003 0.47109375 0.2172083328125 0.47229687499999995 0.2284375 0.47897656250000004 0.23486875000000002 0.478984375 0.2376510421875 0.48565625 0.2413 0.485671875 0.2468645828125 0.49233593750000004 0.24773125000000001 0.49235937500000004 0.256078125 0.499015625 0.25416249999999996 0.499046875 0.26529166718749997 0.5056953125 0.26059375 0.5257343750000001 0.27988749999999996 0.5381875 0.3212083328125 0.554125 0.3416458328125 0.5706562500000001 0.3308333328125 0.54540625 0.3003666671875 0.538640625 0.3069791671875 0.5390937499999999 0.29275 0.49965624999999997 0.248875 0.459375 0.1955625 0.4530625 0.1959583328125 0.45246875 0.20839583281250001 0.46178125000000003 0.20037500000000003 0.462984375 0.2047916671875 0.459671875 0.21600000000000003
8 0.579140625 0.3377916671875 0.569609375 0.14110416718750002 0.569609375 0.1179166671875 0.571296875 0.0999583328125 0.566796875 0.09622916718749999 0.558953125 0.09622916718749999 0.557828125 0.0999583328125 0.557265625 0.1074375 0.564 0.1657708328125 0.562875 0.3003958328125 0.562875 0.3243125 0.579140625 0.3377916671875
8 0.507734375 0.5717916671875 0.5055 0.5420416671875 0.47146875 0.5450208328125 0.45864062499999997 0.5368333328125 0.45584375 0.5278958328125001 0.453609375 0.5286458328125 0.446359375 0.5487291671875 0.44914062499999996 0.560625 0.468125 0.5717916671875 0.507734375 0.5717916671875
8 0.69475 0.33845833281250004 0.702671875 0.3308125 0.7075625 0.3225 0.708234375 0.31283333281250003 0.70165625 0.305875 0.693734375 0.2986875 0.6829531249999999 0.29822916718750003 0.673 0.296875 0.6713281249999999 0.2977916671875 0.6713281249999999 0.303625 0.676546875 0.3117083328125 0.682453125 0.3193541671875 0.684125 0.327 0.6858125 0.3353125 0.692390625 0.3409166671875 0.69475 0.33845833281250004
8 0.6889062499999999 0.34620833281249996 0.6873125 0.3387291671875 0.682890625 0.33658333281249997 0.6744687500000001 0.33658333281249997 0.668046875 0.3403333328125 0.6644375 0.34408333281250003 0.664046875 0.3627916671875 0.661640625 0.3772291671875 0.661234375 0.3798958328125 0.6676562500000001 0.3798958328125 0.6700625 0.3798958328125 0.6716562500000001 0.3777708328125 0.6812968749999999 0.3729583328125 0.688109375 0.36974999999999997 0.688109375 0.356375 0.6889062499999999 0.34620833281249996
9 0.000265625 0.4197291671875 0.014640624999999999 0.44002083281250004 0.0171875 0.4535625 0.000265625 0.5020625 0.002796875 0.6869791671875001 0.01040625 0.6869791671875001 0.025640625 0.7050208328124999 0.05015625 0.7230624999999999 0.083140625 0.7140416671875001 0.095828125 0.696 0.078921875 0.6802291671875 0.11951562499999999 0.6791041671875 0.132203125 0.6644375 0.08737500000000001 0.6283541671874999 0.0713125 0.5832499999999999 0.083140625 0.5505416671875001 0.10598437499999999 0.48852083281249997 0.130515625 0.3994375 0.132203125 0.3611041671875 0.11951562499999999 0.3396666671875 0.06792187499999999 0.31825000000000003 0.027328124999999998 0.3081041671875 0.023953125 0.3035833328125 0.001953125 0.27087500000000003 0.002796875 0.2765208328125 0.001109375 0.3599583328125 0.000265625 0.4197291671875