8 0.6566875 0.40829039843750004 0.694171875 0.3768384078125 0.692671875 0.32515222499999996 0.713671875 0.2712177984375 0.694171875 0.23302107656249998 0.6671875 0.19482435625 0.623703125 0.1723419203125 0.60421875 0.1655971890625 0.500765625 0.1768384078125 0.446796875 0.25997658125 0.46478125 0.286955503125 0.53075 0.34313817343749997 0.572734375 0.3745901640625 0.58921875 0.36110070312500003 0.6566875 0.40829039843750004
8 0.5526093750000001 0.5697892265625 0.552828125 0.5826463703125 0.5565 0.5924355968749999 0.5605781249999999 0.598548009375 0.56915625 0.598852459375 0.57384375 0.598548009375 0.5795625 0.5939578453125 0.582625 0.5857142859375 0.5836406249999999 0.5731615921875 0.5834374999999999 0.5679625296874999 0.581609375 0.5648946140625 0.5795625 0.557259953125 0.57609375 0.5557142859375 0.57303125 0.5535831375 0.5665 0.552060890625 0.5673125 0.5523653390625001 0.561796875 0.5538875875 0.560171875 0.556651053125 0.5560937499999999 0.5603044500000001 0.5526093750000001 0.5697892265625
2 0.087510215625 0.6005323375 0.10545733125000001 0.6936687078125 0.11070312499999999 0.6971896953125001 0.10770072187499999 0.7053107546875 0.1121875 0.7285948484375 0.140625 0.71290398125 0.140625 0.6568384078125 0.154078125 0.6523653390625 0.1600625 0.70615925 0.17053125 0.71290398125 0.17053125 0.636651053125 0.154078125 0.596299765625 0.1853378234375 0.527564403125 0.21009859843749998 0.556323184375 0.21790625000000002 0.5574395015625 0.21628879374999999 0.56351288125 0.21973437499999998 0.5691465015625 0.2224789875 0.5707025765625 0.22156250000000002 0.5808534984375 0.227046875 0.6159744984375 0.233734375 0.62040398125 0.228875 0.6276814984375 0.23335937499999998 0.6321779859375 0.246828125 0.57163934375 0.31115624999999997 0.5738875875 0.375484375 0.5828571421875 0.397921875 0.553700234375 0.40090624999999996 0.5200702578125 0.40240625 0.48194379375 0.414375 0.455035128125 0.43981250000000005 0.461779859375 0.44878125 0.4931615921875 0.44878125 0.5155737703125001 0.454765625 0.551451990625 0.46373437500000003 0.5806089 0.48020312499999995 0.596299765625 0.47421875 0.48644028125 0.46224999999999994 0.41468384062499997 0.40989062499999995 0.374332553125 0.40989062499999995 0.2644730671875 0.284234375 0.2577283375 0.282734375 0.30032786875 0.26628124999999997 0.3025761125 0.20793750000000003 0.2644730671875 0.198953125 0.30032786875 0.198953125 0.455035128125 0.209728125 0.5088618265625 0.1791476296875 0.5203747078125 0.029921874999999997 0.34742388750000003 0.01196875 0.3586416859375 0.0018271484375 0.7322343375 0.0015 0.7442857140625 0.059843749999999994 0.7353161593750001 0.0718125 0.6075175640625 0.087510215625 0.6005323375
8 0.59375 0.495152225 0.59375 0.4992505859375 0.597390625 0.5210772828125 0.7585 0.47058547968750003 0.7539374999999999 0.45421545625000004 0.67475 0.47058547968750003 0.59375 0.495152225
9 0.578734375 0.7168618265625 0.623703125 0.7101170953125 0.6581875 0.694379390625 0.6716875 0.7146135828125 0.6746875 0.8 0.6806875 0.8202341921875 0.72115625 0.7842622953125 0.71815625 0.6786416859375 0.685171875 0.6089929749999999 0.6746875 0.503372365625 0.6012187499999999 0.5280796249999999 0.59821875 0.49437939062499997 0.6596875 0.46517564375 0.6566875 0.435948478125 0.6566875 0.3550585484375 0.634203125 0.3483138171875 0.60421875 0.3550585484375 0.59671875 0.391007025 0.59671875 0.4516861828125 0.563734375 0.48088992968750005 0.554734375 0.6 0.5337500000000001 0.6112412171875 0.52175 0.6561826703125 0.53975 0.7573067921875001 0.53675 0.8202341921875 0.569734375 0.8202341921875 0.58771875 0.7842622953125 0.578734375 0.7168618265625
9 0.7865624999999999 0.42409836093750003 0.7793281249999999 0.4442388765625 0.7638281250000001 0.4426932078125 0.7565937500000001 0.464379390625 0.766921875 0.48295082031250003 0.778296875 0.48451990624999997 0.78553125 0.47676815 0.8 0.46901639375000004 0.81859375 0.44887587812499996 0.821703125 0.43648711875 0.8258281249999999 0.45817330156249997 0.8206562500000001 0.472107728125 0.8206562500000001 0.5015456671875 0.81859375 0.5123887593750001 0.8227343749999999 0.5340749421875 0.821703125 0.5573067921875 0.8299687499999999 0.6177283375 0.83203125 0.6347775171875 0.8382343750000001 0.675035128125 0.8372031249999999 0.6874238874999999 0.84546875 0.707564403125 0.8661406250000001 0.74320843125 0.8868124999999999 0.7679859484375 0.882671875 0.7834660421875 0.8754375 0.8144496484375001 0.8506406249999999 0.8299531609375 0.84753125 0.8376814984375001 0.852703125 0.8469789234375 0.9302187500000001 0.8345901640625 0.9291874999999999 0.809812646875 0.935375 0.800515221875 0.938484375 0.78967213125 0.9281406249999999 0.7679859484375 0.924015625 0.7633255265625001 0.91678125 0.7493911 0.9157500000000001 0.6967213109375 0.9074843749999999 0.6626463703125001 0.899203125 0.636323184375 0.9054062500000001 0.602224825 0.9157500000000001 0.5774473062500001 0.924015625 0.5759016390625 0.9260781250000001 0.5402810296875 0.935375 0.5092974234375001 0.93228125 0.46901639375000004 0.9333125000000001 0.44578454375 0.9302187500000001 0.43648711875 0.9302187500000001 0.43030445000000006 0.92090625 0.4194613578125 0.9229843750000001 0.397775175 0.91884375 0.3822716625 0.9074843749999999 0.3652224828125 0.90128125 0.354379390625 0.896109375 0.346651053125 0.8868124999999999 0.3187587828125 0.8795781249999999 0.2908899296875 0.8775000000000001 0.2707494140625 0.8713124999999999 0.25524590156250004 0.8485625000000001 0.25060889999999997 0.8340937500000001 0.25060889999999997 0.827890625 0.23822014062500002 0.8289375 0.213419203125 0.81859375 0.1886416859375 0.793796875 0.174707259375 0.77415625 0.1793442625 0.76278125 0.19330210781249998 0.7596875 0.2165339578125 0.76071875 0.2351053859375 0.76278125 0.2428571421875 0.752453125 0.25836065625 0.7596875 0.2831381734375 0.770015625 0.2970726 0.782421875 0.2986182671875 0.7710625 0.32805620625 0.765890625 0.36679156874999996 0.77725 0.40241217812499996 0.7865624999999999 0.42409836093750003
9 0.5339375000000001 0.35028102968749997 0.5311250000000001 0.360140515625 0.5283125 0.37840749375 0.52409375 0.3952693203125 0.5264375 0.40229508125 0.5311250000000001 0.40932084375000005 0.53253125 0.4184777515625 0.5358125 0.4339344265625 0.533 0.4444730671875 0.511421875 0.44587822031249996 0.498765625 0.462763465625 0.48234374999999996 0.48384075 0.48 0.49156908593750004 0.478125 0.5014051515625 0.48845312500000004 0.521100703125 0.49126562500000004 0.5246135828125 0.495015625 0.5218032781249999 0.496890625 0.49929742343749994 0.502515625 0.49016393437500005 0.515171875 0.4985948484375 0.52034375 0.4985948484375 0.523625 0.5028103046875 0.52690625 0.514051521875 0.523625 0.5386651046875001 0.52128125 0.5752224828125 0.52784375 0.5970023421875 0.54190625 0.5970023421875 0.553625 0.568899296875 0.5602031249999999 0.5499063234375 0.564890625 0.49016393437500005 0.575203125 0.4690866515625 0.58975 0.45290398125 0.59021875 0.4514988296875 0.586453125 0.4423653390625 0.586921875 0.42971897031250006 0.586453125 0.4170726 0.5841093749999999 0.4051053859375 0.579890625 0.40018735312500003 0.578015625 0.37840749375 0.573328125 0.36154566718750003 0.563953125 0.348875878125 0.555984375 0.3460655734375 0.5428437500000001 0.3474707265625 0.5339375000000001 0.35028102968749997
8 0.62453125 0.5144730671875 0.5954843750000001 0.5217330203125 0.576921875 0.5568149890625 0.584984375 0.5797892265625 0.5761093749999999 0.5955269328125 0.58903125 0.6136533953125001 0.63503125 0.624543325 0.65278125 0.583419203125 0.651171875 0.5544028109375 0.6503593750000001 0.5483606562500001 0.64309375 0.52416861875 0.62453125 0.5144730671875
9 0.7071562499999999 0.5005386421875 0.70865625 0.5252459015625 0.6936718749999999 0.5342388765625 0.683171875 0.5477283374999999 0.6816718749999999 0.583676815625 0.695171875 0.615152225 0.71015625 0.648852459375 0.7191562499999999 0.651100703125 0.749140625 0.637611240625 0.788125 0.6286182671875 0.819609375 0.6623419203124999 0.827109375 0.651100703125 0.827109375 0.6196252921875 0.8241093749999999 0.5949180328125 0.821109375 0.576932084375 0.821109375 0.5612177984375 0.821109375 0.5207494140625 0.827109375 0.453348946875 0.803109375 0.49604215468749996 0.794125 0.49604215468749996 0.762640625 0.47355971874999997 0.765625 0.4555971890625 0.779125 0.437611240625 0.779125 0.4218735359375 0.774625 0.40615924999999997 0.764125 0.37693208437500003 0.768625 0.3544730671875 0.768625 0.3229976578125 0.768625 0.307283371875 0.7596406250000001 0.2892974234375 0.7506406250000001 0.2668384078125 0.7596406250000001 0.24660421562499998 0.7596406250000001 0.22861826718749997 0.758140625 0.1926697890625 0.7416406249999999 0.1904215453125 0.72065625 0.20840749375 0.71465625 0.244355971875 0.71765625 0.27805620625 0.70265625 0.31177985937499997 0.696671875 0.3657142859375 0.70115625 0.40615924999999997 0.70115625 0.451100703125 0.70565625 0.448852459375 0.71315625 0.4668384078125 0.7071562499999999 0.5005386421875
9 0.9741562500000001 0 0.9465781249999999 0.002435596875 0.930828125 0.002435596875 0.9219687499999999 0.011288056250000001 0.91015625 0.040819671875000005 0.9002968750000001 0.089531615625 0.9032500000000001 0.1352693203125 0.9081875 0.1825058546875 0.9002968750000001 0.24744730625 0.9298437500000001 0.26072599531249996 0.9465781249999999 0.257775175 0.9692343749999999 0.26072599531249996 0.98596875 0.2430210765625 0.9987812500000001 0.21941452031250003 1 0.18398126406249998 1 0.13674473125 0.999765625 0.068852459375 1 0.0334426234375 0.9958281250000001 0 0.9741562500000001 0
9 0.379625 0.5789461359375 0.377671875 0.5877283375 0.375921875 0.5959250578125 0.390953125 0.5962295078125 0.46654687499999997 0.595339578125 0.46498437499999995 0.5883138171875 0.45678124999999997 0.5643091328125001 0.451109375 0.5502576109375 0.44506249999999997 0.5511475406249999 0.43803125 0.548220140625 0.44037499999999996 0.5183606562499999 0.44896874999999997 0.5122014046875 0.451890625 0.510163934375 0.44975 0.50517564375 0.45032812499999997 0.5010772828125 0.44232812499999996 0.49229508125 0.44076562499999994 0.48819672187499996 0.439984375 0.4715222484375 0.4374375 0.46449648750000005 0.42396874999999995 0.459508196875 0.41146874999999994 0.4615690859375 0.400328125 0.4682903984375 0.39603125 0.47824355937499996 0.39759375 0.48819672187499996 0.398765625 0.4981498828125 0.394859375 0.510163934375 0.39759375 0.5183606562499999 0.40384374999999995 0.5268384078125 0.40678125 0.53416861875 0.40834374999999995 0.5394379390624999 0.408921875 0.5408899296875 0.40795312499999997 0.5441217796875 0.40678125 0.54615925 0.40560937499999994 0.548220140625 0.400921875 0.5502576109375 0.388421875 0.5564168625 0.38353125 0.5643091328125001 0.38178125 0.5698829046875 0.379625 0.5789461359375
9 0.961109375 0.3041217796875 0.9565468750000001 0.3393442625 0.951984375 0.3941217796875 0.9532812500000001 0.4391100703125 0.9389218749999999 0.4997423890625 0.9317500000000001 0.5271428578124999 0.9324999999999999 0.5538173296875 0.9524374999999999 0.55810304375 0.9723593749999999 0.47419203750000005 0.9785468749999999 0.44002341874999995 0.9811406249999999 0.48648711875000006 0.98203125 0.54871194375 0.999375 0.542716628125 0.99846875 0.25487119375 0.99846875 0.23440281093749998 0.9839062500000001 0.25351288125 0.999625 0.22098360625 0.98134375 0.251311475 0.98134375 0.3002107734375 0.966984375 0.3021545671875 0.961109375 0.3041217796875
9 0.44498437500000004 0.49100702500000004 0.45228124999999997 0.49100702500000004 0.45565625 0.49451990625000003 0.46293749999999995 0.5042857140625 0.467359375 0.5261124125000001 0.467109375 0.5974941453125 0.486890625 0.595152225 0.48921875000000004 0.586955503125 0.4913125 0.5612177984375 0.48870312499999996 0.5358782203125 0.48557812499999997 0.5151990625 0.48064062500000004 0.491803278125 0.47335937499999997 0.4734660421875 0.46476562499999996 0.463723653125 0.454609375 0.46215456718750003 0.443953125 0.468384075 0.43978124999999996 0.478524590625 0.44185937500000005 0.484379390625 0.44185937500000005 0.49063231875 0.44498437500000004 0.49100702500000004
9 0.198953125 0.8567213109375 0.23335937499999998 0.8477517562499999 0.22140624999999997 0.8163700234375 0.228875 0.7423653390625 0.236359375 0.668384075 0.210921875 0.531615925 0.198953125 0.3881264640625 0.20793750000000003 0.2648009375 0.22589062499999998 0.2872131140625 0.284234375 0.2917096015625 0.26328125 0.23341920312500003 0.246828125 0.2087353625 0.257296875 0.2491100703125 0.21242187499999998 0.193044496875 0.1630625 0.145971896875 0.16904687499999999 0.11234192031250001 0.164546875 0.0719672125 0.14959375 0.03386416875 0.121171875 0.0226463703125 0.109203125 0.058524590625 0.109203125 0.1302576109375 0.10621875 0.16838407500000002 0.059843749999999994 0.2087353625 0.040390625 0.282740046875 0.025437500000000002 0.320843090625 0.059843749999999994 0.35896955468749997 0.040390625 0.6011241218750001 0.073296875 0.6055971890625 0.043375000000000004 0.7535831374999999 0.050859375 0.85 0.088265625 0.8567213109375 0.088265625 0.8387822015624999 0.08975 0.782740046875 0.11668750000000001 0.6796018734375 0.12565625 0.6055971890625 0.1585625 0.6055971890625 0.17203125 0.645971896875 0.18848437499999998 0.8455269328125 0.198953125 0.8567213109375
9 0.93146875 0.4523185015625 0.9246718749999999 0.556604215625 0.93146875 0.5605854796874999 0.925521484375 0.5435685015625 0.9336874999999999 0.5461709609375001 0.93590625 0.5317564406249999 0.943609375 0.4700702578125 0.9527812499999999 0.41770491875 0.9510156249999999 0.403067915625 0.95959375 0.3138875875 0.9575312500000001 0.300140515625 0.9348828125 0.300140515625 0.943609375 0.2544262296875 0.959296875 0.2513348953125 0.959 0.24067915625 0.96521875 0.171451990625 0.9658125 0.1457142859375 0.959 0.1457142859375 0.9453906249999999 0.15105386406250002 0.9433858171875 0.1626247515625 0.93946875 0.159484778125 0.9413810093749999 0.1741956390625 0.9344374999999999 0.1794379390625 0.9393762015625 0.18576652968750001 0.9337447921875001 0.1915690859375 0.93737139375 0.1973374171875 0.9330520828125 0.203700234375 0.9353665859375001 0.2089083046875 0.9323593750000001 0.21583138124999998 0.933361778125 0.2204791921875 0.9293521640625 0.2436209703125 0.93 0.24688524531249997 0.92734735625 0.2551918578125 0.9213329328125001 0.289904521875 0.92378125 0.300140515625 0.919328125 0.301475409375 0.9166718749999999 0.3099063234375 0.9160039062499999 0.323548009375 0.914 0.3644730671875 0.917265625 0.3990866515625 0.93028125 0.4376814984375 0.93146875 0.4523185015625