8 0.66115625 0.28386416875 0.670203125 0.295152225 0.8102656250000001 0.0965105390625 0.7921875 0.0603747078125 0.789171875 0.05812646406250001 0.66115625 0.28386416875
8 0.9620468750000001 0.8113114749999999 0.9743124999999999 0.7744964875 0.976625 0.7503512875 0.959734375 0.7296487125 0.95590625 0.712412178125 0.9490000000000001 0.7112646375 0.930578125 0.746908665625 0.9213749999999999 0.7802576109375 0.9236718749999999 0.8124590156249999 0.9620468750000001 0.8113114749999999
9 0.712796875 0.360163934375 0.702015625 0.2850819671875 0.681203125 0.26660421562500003 0.651921875 0.244660421875 0.660390625 0.203067915625 0.6465156249999999 0.1464637 0.622625 0.13259953124999999 0.6095312500000001 0.1291334890625 0.583328125 0.1499297421875 0.582546875 0.16608899375 0.5686718749999999 0.17187353593750002 0.5640625 0.19035128750000002 0.5640625 0.2007494140625 0.570984375 0.2076814984375 0.581015625 0.2134660421875 0.58640625 0.25159250625 0.59565625 0.25620608906250003 0.6033593749999999 0.26775175625 0.6018125000000001 0.2770023421875 0.570984375 0.2770023421875 0.557125 0.2908665109375 0.548640625 0.357868853125 0.56175 0.3809601875 0.578703125 0.38674473125 0.57946875 0.45604215468750003 0.584859375 0.50224824375 0.589484375 0.52421545625 0.59565625 0.5392271656250001 0.596421875 0.553091334375 0.534 0.6639812640625 0.5463281249999999 0.6986416859375 0.573296875 0.8014519906249999 0.591796875 0.8788524593749999 0.5686718749999999 0.8961826703125 0.5640625 0.9123419203124999 0.5686718749999999 0.93775175625 0.58409375 0.935456675 0.622625 0.9181264640625001 0.6526875000000001 0.9100468390625001 0.6526875000000001 0.8950117093750001 0.648828125 0.8684543328125001 0.622625 0.779508196875 0.60259375 0.6905620609375 0.628796875 0.6778454328125 0.628796875 0.702107728125 0.663484375 0.7841217796875 0.6850625 0.8187822015625 0.7105 0.8257142859375 0.7829375 0.8649882906249999 0.821484375 0.8869320843749999 0.8122343750000001 0.9031147546874999 0.805296875 0.9343091328125 0.8137656249999999 0.9458548015625 0.8338125 0.9423887593750001 0.8615468749999999 0.8800000000000001 0.8715781249999999 0.845339578125 0.86540625 0.8257142859375 0.826875 0.8060655734375001 0.754421875 0.7679625296875 0.712796875 0.7148243562500001 0.690453125 0.6235597187499999 0.705875 0.5981498828125 0.70740625 0.5738875875 0.7035625 0.5265105390625 0.6889062499999999 0.44796252968749994 0.690453125 0.4271662765625 0.70509375 0.3786651046875 0.712796875 0.360163934375
9 0.850484375 0.7259250578125 0.8659687500000001 0.7245667453125 0.885078125 0.7218266984375 0.905109375 0.7218266984375 0.9023749999999999 0.6836299765625 0.90146875 0.6686182671875 0.91603125 0.6536065578125 0.9260468749999999 0.6454332546875 0.9096562499999999 0.5690398125 0.8987343750000001 0.5444730671875 0.88053125 0.5335597187500001 0.875984375 0.52128805625 0.8923593750000001 0.488548009375 0.8814375 0.4626229515625 0.8696093749999999 0.45032786874999997 0.8514062499999999 0.45578454375 0.8432031249999999 0.47079625312499995 0.844125 0.5117330203125 0.848671875 0.5335597187500001 0.828640625 0.5431147546874999 0.819546875 0.5758548015625 0.812265625 0.614051521875 0.79496875 0.6331381734375 0.79496875 0.6536065578125 0.778578125 0.654988290625 0.7731250000000001 0.6768149890624999 0.7640156250000001 0.697259953125 0.76675 0.7122716625 0.76675 0.7177283375 0.7913281249999999 0.7245667453125 0.799515625 0.7150117093749999 0.8350156249999999 0.7109133484375 0.850484375 0.7259250578125
9 0.9100781250000001 0.7052459015625 0.916078125 0.7142388765625001 0.953546875 0.7322014046875001 0.9565468750000001 0.65805620625 0.959546875 0.5726697890625 0.952046875 0.5344496484375 0.952046875 0.52098360625 0.9325625000000001 0.485011709375 0.9100781250000001 0.485011709375 0.902578125 0.52098360625 0.9175625000000001 0.554683840625 0.9100781250000001 0.5636768156249999 0.9235625000000001 0.6288290390625 0.908578125 0.6558079625000001 0.9100781250000001 0.7052459015625
9 0.24710937500000002 0.3208665109375 0.24409375 0.311803278125 0.23771874999999998 0.306276346875 0.23403125 0.30325526875 0.22932812500000002 0.30023419218749997 0.22160937500000003 0.2997423890625 0.2145625 0.30325526875 0.210546875 0.3087822015625 0.2071875 0.3178454328125 0.20651562499999998 0.324379390625 0.20618750000000002 0.32740046875 0.20315625 0.32990632343750004 0.200484375 0.3344262296875 0.20685937499999998 0.3379625296875 0.205171875 0.3474941453125 0.205515625 0.357564403125 0.200484375 0.36159250625 0.19478125 0.367611240625 0.19042187500000002 0.374660421875 0.17934375 0.39074941406249997 0.173640625 0.4108665109375 0.17028125 0.42644028125 0.171625 0.430468384375 0.17378125 0.477915690625 0.176625 0.4949180328125 0.184421875 0.5342622953125 0.189875 0.5592271656250001 0.195578125 0.575316159375 0.201609375 0.58386416875 0.20596874999999998 0.5868852453125 0.211 0.5828571421875 0.20965625000000002 0.5728103046874999 0.209328125 0.5657611234375 0.21403124999999998 0.5612412171875001 0.21570312500000002 0.5597189703125001 0.219390625 0.5728103046874999 0.21804687500000003 0.5949180328125 0.219390625 0.6070023421874999 0.220734375 0.6165573765625 0.227109375 0.617564403125 0.232140625 0.6371662765624999 0.230796875 0.6542622953125 0.23046875 0.6728571421875 0.23415625 0.691475409375 0.2355 0.7000234187500001 0.26603125 0.7020374703125001 0.258984375 0.6844262296875 0.2583125 0.6768852453124999 0.25965625000000003 0.6432084312499999 0.260328125 0.61906323125 0.25965625000000003 0.6090163937499999 0.2583125 0.6039812640625 0.26232812499999997 0.588899296875 0.270390625 0.57128805625 0.27475 0.5607259953125 0.279109375 0.5491803281250001 0.282796875 0.541124121875 0.28314062500000003 0.5265339578125 0.2895 0.515971896875 0.287828125 0.50644028125 0.284140625 0.4712412171875 0.2794375 0.45362997656250004 0.27440625 0.437540984375 0.26334375 0.4355269328125 0.261328125 0.4320140515625 0.264015625 0.42194379375 0.26803125 0.408384075 0.27340624999999996 0.404847775 0.26703125 0.3852459015625 0.262671875 0.36967213125 0.253609375 0.3606089 0.24710937500000002 0.3565573765625 0.248453125 0.3429742390625 0.246109375 0.33744730624999997 0.24678125 0.32990632343750004 0.24710937500000002 0.3208665109375
9 0.157640625 0.6044496484375 0.172109375 0.5765573765625 0.185546875 0.5533255265625 0.170046875 0.465035128125 0.17934375 0.3813817328125 0.16075 0.35039812656249997 0.153515625 0.3209601875 0.139046875 0.28224824375 0.11940625 0.27915690937500004 0.10803125 0.2977283375 0.115265625 0.3426463703125 0.09459375 0.364332553125 0.07909374999999999 0.40461358281250004 0.09667187499999999 0.4712177984375 0.1204375 0.4882669796875 0.12457812500000001 0.5564168625 0.15040625000000002 0.7066744734375 0.174171875 0.708220140625 0.18657812499999998 0.6679625296875 0.157640625 0.6044496484375
9 0.064828125 0.30648711875 0.059 0.301007025 0.053171875 0.296651053125 0.043687500000000004 0.2988290390625 0.033484375 0.301007025 0.026187500000000002 0.32615925 0.032390625 0.35566744687499996 0.009421875 0.37969555 0 0.41960187343750005 0.0003125 0.46166276406250006 0.00103125 0.475339578125 0.008328125 0.5529274 0.00978125 0.579156909375 0.021812500000000002 0.59391100625 0.031656250000000004 0.58189695625 0.034578125 0.558384075 0.023640625000000002 0.51030445 0.023640625000000002 0.493372365625 0.023640625000000002 0.47259953125000004 0.025828125 0.46058547968749997 0.03275 0.41030445000000004 0.043687500000000004 0.40756440312500003 0.056078125 0.413044496875 0.06446874999999999 0.41960187343750005 0.0655625 0.43215456718749995 0.06009375 0.43871194375 0.041140625 0.43871194375 0.03640625 0.44309133437500003 0.049890625 0.49829039843749995 0.054265625 0.5228805624999999 0.0393125 0.5731381734375 0.0393125 0.5868149890625001 0.037859375 0.6408899296875 0.038953125 0.657283371875 0.046609374999999995 0.6671194375 0.064828125 0.6687587828125 0.078328125 0.6857142859375001 0.09473437500000001 0.6955503515625 0.11915625 0.702107728125 0.1224375 0.69391100625 0.115140625 0.6720374703124999 0.1115 0.6480093671875 0.11185937500000001 0.602107728125 0.11368750000000001 0.58517564375 0.116234375 0.56932084375 0.11915625 0.5223185015625 0.118796875 0.504847775 0.114421875 0.487892271875 0.112234375 0.47805620624999995 0.096546875 0.4660421546875 0.078328125 0.40320843125000005 0.08634375 0.3802576109375 0.07978125 0.3578454328125 0.06884375000000001 0.33817330156250003 0.069203125 0.3152224828125 0.064828125 0.30648711875
9 0.459421875 0.18128805625 0.44932812499999997 0.1510304453125 0.43834375000000003 0.1399063234375 0.43656249999999996 0.122107728125 0.435078125 0.10742388750000001 0.4246875 0.0958782203125 0.41489062499999996 0.0998829046875 0.41103125 0.11053864218750001 0.40303125 0.120772834375 0.40895312500000003 0.13189695625 0.41340625 0.1434660421875 0.40954687500000003 0.1434660421875 0.405109375 0.1434660421875 0.39709374999999997 0.153700234375 0.384328125 0.1768384078125 0.37126562500000004 0.1955035125 0.37215625 0.197283371875 0.45912499999999995 0.1986182671875 0.459421875 0.18128805625
9 0.5813906249999999 0.1459016390625 0.598359375 0.1371194375 0.6101093750000001 0.12733021093750002 0.602265625 0.0705854796875 0.576171875 0.0549414515625 0.5879218749999999 0.033419203125000005 0.584 0.0099531609375 0.5748593750000001 0.002131146875 0.5546249999999999 0.003091334375 0.54940625 0.0079859484375 0.5441874999999999 0.046135831249999995 0.520703125 0.06962529218749999 0.503078125 0.0852693203125 0.501765625 0.107775175 0.50503125 0.135152225 0.5135156249999999 0.151779859375 0.5291875 0.16548009375 0.5337500000000001 0.179180328125 0.536359375 0.19775175625000002 0.55725 0.20067915625000002 0.568984375 0.1772131140625 0.57225 0.17133489531249999 0.585953125 0.1664637 0.5813906249999999 0.1459016390625
9 0.7181093749999999 0.0691334890625 0.714265625 0.06566744687500001 0.6950000000000001 0.0679859484375 0.68959375 0.07491803281250001 0.686515625 0.087611240625 0.684203125 0.10262295156250001 0.684203125 0.11648711875 0.6834374999999999 0.1257377046875 0.679578125 0.13613583125 0.6741875 0.15 0.6695625 0.16039812656250002 0.659546875 0.18234192031250002 0.658 0.19967213125 0.658 0.20428571406249998 0.709640625 0.2031381734375 0.714265625 0.1962060890625 0.7389218750000001 0.1465339578125 0.7389218750000001 0.14189695625 0.735078125 0.1326697890625 0.729671875 0.1188056203125 0.72890625 0.0956908671875 0.7181093749999999 0.0691334890625
9 0.8266718750000001 0.5439812640625 0.84375 0.5362060890625 0.841921875 0.52159250625 0.8352187499999999 0.4909601875 0.8251406250000001 0.48274004687499994 0.8105156250000001 0.4918735359375 0.8062343750000001 0.512459015625 0.8135625 0.5467213109375 0.794046875 0.55997658125 0.8044062500000001 0.598384075 0.783984375 0.6111709609375 0.7931250000000001 0.6381498828125001 0.8120312500000001 0.6134660421875 0.8181406250000001 0.5787353625 0.8266718750000001 0.5439812640625
9 0.7770937499999999 0.6598829046875 0.7855000000000001 0.6481733015625 0.7795 0.6364637 0.7867031250000001 0.6058782203125 0.78309375 0.570772834375 0.7765 0.5518735359375 0.761484375 0.5329742390625001 0.74946875 0.5221545671875 0.753078125 0.5005620609375 0.74646875 0.48255269375000004 0.73265625 0.46906323125 0.723046875 0.46906323125 0.7164375 0.48255269375000004 0.71584375 0.5086651046874999 0.7134375000000001 0.51676815 0.71884375 0.5266744734375 0.712234375 0.5347540984375 0.706828125 0.5500702578125 0.70503125 0.566276346875 0.706828125 0.6022716625 0.7152499999999999 0.6112646374999999 0.7320625 0.6112646374999999 0.73565625 0.6355737703125001 0.7362656249999999 0.67517564375 0.731453125 0.6976814984375 0.733859375 0.7084777515625 0.73865625 0.718384075 0.76328125 0.720187353125 0.764484375 0.7138875875 0.769296875 0.687775175 0.7770937499999999 0.6598829046875
9 0.50484375 0.1310538640625 0.49839062500000003 0.12243559687500001 0.49839062500000003 0.10843091406250001 0.5005468750000001 0.1019672125 0.50771875 0.08903981250000001 0.5084531250000001 0.08583138125 0.51490625 0.0739812640625 0.52425 0.062131146875 0.52353125 0.0578220140625 0.5170625 0.0502810296875 0.51634375 0.045995315625 0.509875 0.0341451984375 0.509875 0.0244496484375 0.509875 0.0115222484375 0.505578125 0.0061358312499999994 0.494796875 0.0018266984375 0.483296875 0.0050585484375 0.482578125 0.016908665625 0.478984375 0.0287587828125 0.479703125 0.0438173296875 0.478984375 0.052435596875000004 0.46821875 0.062131146875 0.464625 0.06644028125 0.45456250000000004 0.07936768125 0.44737499999999997 0.09011709531249999 0.44164062499999995 0.1041217796875 0.43803125 0.1138173296875 0.43803125 0.1407494140625 0.438765625 0.141803278125 0.44809374999999996 0.1493442625 0.5041249999999999 0.1536533953125 0.509875 0.145035128125 0.5084531250000001 0.138571428125 0.50484375 0.1310538640625
8 0.40881249999999997 0.6548946140624999 0.42315625 0.6435831375000001 0.432203125 0.6322716625 0.44125 0.6028805625 0.442 0.5734894609375 0.44125 0.5700936765625 0.399015625 0.5633021078125 0.36129687499999996 0.5655737703125 0.33715625 0.5689695546875 0.329609375 0.5746135828125001 0.322828125 0.605152225 0.32509375 0.6469789234375 0.32659375 0.6944496484375 0.3545 0.7057611234375 0.3643125 0.70351288125 0.374125 0.7057611234375 0.377890625 0.6922014046875 0.38468749999999996 0.6729742390625 0.387703125 0.6695784546875 0.396 0.6628103046875 0.40881249999999997 0.6548946140624999
9 0.4626953125 0.40584894687500006 0.46096250000000005 0.415587821875 0.4886875 0.44674473125 0.49389062499999997 0.545456675 0.5060156250000001 0.623372365625 0.5025625 0.677915690625 0.504296875 0.69871194375 0.509484375 0.7064871187499999 0.51988125 0.6737611234374999 0.535484375 0.69351288125 0.53259375 0.6796565171875 0.53895 0.682084309375 0.5528125 0.6363700234375 0.558015625 0.6103981265625 0.566671875 0.4831147546875 0.563203125 0.43377049218749997 0.537861328125 0.434745315625 0.5429947921875 0.4103825125 0.5528125 0.41557377031250003 0.561484375 0.39740046875 0.566671875 0.376627634375 0.54934375 0.371428571875 0.551078125 0.3116861828125 0.53721875 0.2961124125 0.5337500000000001 0.28571428593750003 0.5268125 0.2389695546875 0.495625 0.24674473125000002 0.490421875 0.2961124125 0.497359375 0.319484778125 0.4765625 0.327283371875 0.4696302078125 0.32467603437500003 0.47309375 0.3116861828125 0.467890625 0.277915690625 0.45056250000000003 0.28571428593750003 0.45056250000000003 0.3168852453125 0.43843750000000004 0.4077985953125 0.45403125 0.4077985953125 0.4626953125 0.40584894687500006
9 0.0203125 0 0.0046875 0.023419203125 0.0046875 0.030444965624999997 0.0125 0.032786885937499996 0.0125 0.0374707265625 0.0015625 0.07728337187499999 0.0015625 0.14754098437500002 0.0078125 0.1709601875 0.0140625 0.18032786875 0.0265625 0.1873536296875 0.0515625 0.18969555 0.0625 0.1967213109375 0.1234375 0.194379390625 0.1359375 0.2131147546875 0.1515625 0.2131147546875 0.1508628734375 0.21664511250000001 0.45625 0.47775175625 0.4515625 0.4941451984375 0.45 0.5339578453125 0.4359375 0.580796253125 0.428125 0.6276346609375001 0.41875 0.6323185015624999 0.4109375 0.6416861828125 0.403125 0.653395784375 0.4015625 0.6604215453125 0.403125 0.6861826703125 0.41875 0.7142857140625 0.4390625 0.716627634375 0.4484375 0.7049180328125 0.453125 0.6885245906249999 0.45625 0.6885245906249999 0.4671875 0.6744730671875 0.478125 0.672131146875 0.484375 0.6651053859375 0.496875 0.662763465625 0.503125 0.6557377046874999 0.5046875 0.6159250578125001 0.49375 0.5433255265625 0.490625 0.4847775171875 0.4828125 0.46370023437499996 0.4911865234375 0.46337090156249994 0.5301339281249999 0.442129915625 0.930133928125 0.7182300015624999 0.9359375 0.725995315625 0.9328125 0.7283372359375 0.934375 0.7540983609375 0.9453125 0.7681498828125 0.965625 0.770491803125 0.9796875 0.7868852453125 0.9984375 0.784543325 0.9765625 0.7096018734375 0.971875 0.707259953125 0.978125 0.679156909375 0.971875 0.5948477750000001 0.971875 0.54098360625 0.978125 0.5199063234375 0.978125 0.4238875875 0.9734375 0.391100703125 0.975 0.3629976578125 0.9859375 0.3489461359375 0.9984375 0.3489461359375 0.9786830359375 0.341083975 0.9415178578125 0.24924723906250001 0.946875 0.2412177984375 0.959375 0.19906323125 0.9671875 0.19906323125 0.9765625 0.1920374703125 0.9921875 0.1920374703125 0.9984375 0.1873536296875 0.9984375 0 0.190625 0 0.1796875 0.030444965624999997 0.159375 0 0.0203125 0