9 0.301265625 0.6583014359375 0.32020312500000003 0.6502392343750001 0.329671875 0.6260765546875 0.337046875 0.5954545453125 0.35809375 0.6276794265625 0.3801875 0.6244736843750001 0.394921875 0.6083492828125 0.385453125 0.6389712921874999 0.40859375 0.6518421046875 0.443328125 0.6002870812500001 0.455953125 0.5326315796875 0.45175 0.46495215312499993 0.42964062500000005 0.42466507187499997 0.43912500000000004 0.39566985625 0.437015625 0.377942584375 0.42017187500000003 0.35861244062500003 0.40018750000000003 0.35861244062500003 0.38965625 0.3908373203125 0.33914062500000003 0.4133971296875 0.301265625 0.4343540671875 0.274953125 0.4714114828125 0.26232812499999997 0.4891148328125 0.263375 0.518133971875 0.285484375 0.5020095687499999 0.24234375 0.603516746875 0.21814062500000003 0.6196411484375 0.2770625 0.663133971875 0.2770625 0.630909090625 0.301265625 0.6583014359375
9 0.9836874999999999 0.45999999999999996 0.985890625 0.45236842031249996 0.9921562500000001 0.4440191390625 0.9915625 0.44083732031249995 0.987859375 0.43942583749999997 0.98728125 0.43586124374999996 0.9871718749999999 0.4275358859375 0.98496875 0.42167464062500004 0.982421875 0.42078947343750006 0.9790625000000001 0.421866028125 0.9770937500000001 0.4252153109375 0.976390625 0.4301913875 0.975125 0.4383492828125 0.9695625 0.4436842109375 0.9670156249999999 0.453612440625 0.965625 0.4670813390625 0.9694375000000001 0.46566985625 0.9827656250000001 0.4644258375 0.9836874999999999 0.45999999999999996
9 0.17059375000000002 0.2325837328125 0.171390625 0.23076555 0.1721875 0.226483253125 0.1731875 0.2216028703125 0.172984375 0.2151913875 0.16959375000000002 0.2133492828125 0.16899999999999998 0.21794258437499997 0.167796875 0.223421053125 0.16899999999999998 0.22892344531250003 0.169796875 0.23136363593749998 0.17059375000000002 0.2325837328125
9 0.224171875 0.234952153125 0.22585937500000003 0.2331100484375 0.223921875 0.2290191390625 0.224171875 0.22681818125 0.22356250000000003 0.2231100484375 0.2234375 0.22217703281249998 0.22259375 0.21956937812500002 0.22234375 0.2192105265625 0.22137500000000002 0.21624401875000002 0.221140625 0.21586124375 0.22004687500000003 0.2138277515625 0.2194375 0.21124401874999998 0.219328125 0.2106937796875 0.219078125 0.2103110046875 0.21798437499999998 0.21124401874999998 0.21726562500000002 0.2125358859375 0.216546875 0.2175358859375 0.21726562500000002 0.22105263125 0.217625 0.22236842031249998 0.21846875 0.22681818125 0.21859375 0.2279186609375 0.21749999999999997 0.229952153125 0.21726562500000002 0.230334928125 0.217390625 0.2347846890625 0.21798437499999998 0.23533492812499998 0.219921875 0.2356937796875 0.224171875 0.234952153125
9 0.4966875 0.5190669859375 0.48990625000000004 0.5120334921875 0.487890625 0.5078229671875001 0.48146875 0.5072727265625 0.48256249999999995 0.5154066984375001 0.47485937500000003 0.5291626796875 0.47485937500000003 0.53423445 0.49614062499999995 0.5305741625 0.4966875 0.5190669859375
9 0.054234375 0.638803828125 0.0533125 0.6264593296875 0.05496875 0.62279904375 0.054234375 0.6168899515625 0.052578124999999996 0.61605263125 0.053859375 0.6129665078125 0.052953125000000004 0.6059330140625 0.050749999999999997 0.60566985625 0.050375 0.6076315796875 0.04653125 0.6152153109375 0.045421875 0.6345933015624999 0.050203125 0.6435885171875 0.054234375 0.638803828125
9 0.21278125 0.22490430625000002 0.21165625000000002 0.2213157890625 0.211 0.21688995156250002 0.209765625 0.2151913875 0.20765625000000001 0.21688995156250002 0.20798437500000003 0.2213157890625 0.20787499999999998 0.22729665 0.21278125 0.2317224875 0.21389062499999997 0.2303588515625 0.213671875 0.2288277515625 0.21278125 0.22490430625000002
9 0 0.651387559375 0.001921875 0.6562200953125 0.003328125 0.665909090625 0.0038593750000000004 0.668325359375 0.005796875 0.664569378125 0.007015625 0.66105263125 0.007546875 0.6548803828125 0.007546875 0.649760765625 0.009125 0.643325359375 0.009125 0.636866028125 0.00421875 0.63337320625 0.00315625 0.63605263125 0.00228125 0.6416985640624999 0 0.6435885171875 0 0.651387559375
9 0.958390625 0.42956937812499996 0.956265625 0.4255980859375 0.9536718750000001 0.4230622015625 0.9522656250000001 0.4237799046875 0.9499062500000001 0.4281100484375 0.9501406250000001 0.43784689062500004 0.9494374999999999 0.44626794218750004 0.9433125 0.472942584375 0.94378125 0.47509569375 0.947328125 0.478708134375 0.9501406250000001 0.48339712968750004 0.950375 0.4905980859375 0.9501406250000001 0.5035885171875 0.9477968750000001 0.5244976078125 0.94378125 0.5486363640625 0.9548593750000001 0.5490191390625 0.9626250000000001 0.5479186609375 0.9635624999999999 0.5390430625 0.9682812500000001 0.5076794265625 0.9663906250000001 0.466578946875 0.968046875 0.45215310937500003 0.966859375 0.4499760765625 0.96403125 0.446387559375 0.960734375 0.44169856406249997 0.9605 0.43411483281249996 0.9616875 0.4345933015625 0.9600312499999999 0.4320813390625 0.958390625 0.42956937812499996
9 1 0.46483253593749996 0.9993124999999999 0.4240430625 0.995890625 0.4265071765625 0.994453125 0.43093301406249995 0.9949999999999999 0.4369856453125 0.9962500000000001 0.43947368437499995 0.996609375 0.441387559375 0.9924687499999999 0.443325359375 0.991390625 0.4452631578125 0.984015625 0.457655503125 0.984015625 0.457942584375 0.9836562499999999 0.46399521562499996 0.989671875 0.48681818125 0.9945625 0.4905741625 0.9945625 0.4987799046875 0.9930937500000001 0.5167464109375 0.9911406250000001 0.5429186609375 0.9922968750000001 0.5398086125 0.994453125 0.548612440625 1 0.547248803125 1 0.46483253593749996
9 0.039109375 0.6071770328125 0.039828125 0.6129665078125 0.03803125 0.6170813390625 0.0385625 0.6244976078125 0.039640625 0.6355023921875 0.045203125 0.6338516750000001 0.045203125 0.6126794265625 0.042875 0.6085645937499999 0.042703124999999995 0.6071770328125 0.04071875 0.6052631578125001 0.039109375 0.6071770328125
9 0.007859375 0.6559569375 0.008015625 0.6595933015625 0.008015625 0.6622727265624999 0.007859375 0.6642105265625 0.007859375 0.666148325 0.008171875 0.6697846890625 0.008484374999999999 0.67076555 0.010078125 0.67076555 0.010390625 0.6702870812499999 0.010234375 0.6690669859375 0.00975 0.6644497609375 0.010078125 0.6617942578125 0.010859375000000001 0.6591148328124999 0.01103125 0.656196171875 0.010546875 0.6506220093749999 0.010234375 0.6467464109375001 0.010703124999999999 0.6448086125 0.010703124999999999 0.6414114828125 0.009281250000000001 0.640909090625 0.008171875 0.6438277515624999 0.007859375 0.6472248796875 0.007859375 0.653038278125 0.007859375 0.6559569375
9 0.90253125 0.051961721875 0.9007968749999999 0.049736842187500005 0.9001250000000001 0.0476794265625 0.8995468750000001 0.0494497609375 0.8991718750000001 0.051961721875 0.8991718750000001 0.055478468749999996 0.89975 0.0591626796875 0.8999375000000001 0.0605023921875 0.9006093749999999 0.06433014375 0.90128125 0.0634449765625 0.9020468749999999 0.060047846875 0.9026249999999999 0.0571052625 0.903109375 0.0532775125 0.90253125 0.051961721875
8 0.131 0.5653110046875 0.135375 0.57807815 0.142875 0.5834928234375 0.13974999999999999 0.59084529375 0.144125 0.603612440625 0.3339888390625 0.7209501031250001 0.330278125 0.705510365625 0.3337015625 0.703825359375 0.3374859375 0.71020335 0.34045312499999997 0.710813396875 0.3412912953125 0.7254630890625 0.34469375 0.7148963328125 0.35190156250000004 0.7195893140625 0.34859375 0.7299760765625 0.35504166718749997 0.7216666671875 0.38421875 0.74337320625 0.391734375 0.7414593296875001 0.389234375 0.7299760765625 0.38234375 0.7204066984375 0.2810625 0.6304066984375 0.27968906250000003 0.6479210531249999 0.2729375 0.6409330140625 0.244171875 0.5959330140625 0.190146875 0.546153109375 0.17976562499999998 0.54950956875 0.18339375 0.539930621875 0.176640625 0.5337081343750001 0.182890625 0.5653110046875 0.21103125 0.5873325359375 0.20826562499999998 0.596770334375 0.131 0.5653110046875
9 0.5046875 0.090909090625 0.509375 0.08133971250000001 0.5140625 0.07655502343750001 0.51875 0.08373205781250001 0.528125 0.08373205781250001 0.5421875 0.07655502343750001 0.5484375 0.088516746875 0.5578125 0.088516746875 0.565625 0.069377990625 0.565625 0.059808612500000004 0.578125 0.0574162671875 0.578125 0.071770334375 0.5828125 0.07894736875 0.5921875 0.07894736875 0.5953125 0.0741626796875 0.6109375 0.07655502343750001 0.6203125 0.071770334375 0.6359375 0.071770334375 0.640625 0.07894736875 0.65 0.07894736875 0.6546875 0.071770334375 0.6703125 0.0741626796875 0.675 0.06459330156250001 0.675 0.0550239234375 0.66953125 0.040669856250000004 0.68125 0.0358851671875 0.6859375 0.0430622015625 0.6890625 0.0430622015625 0.6953125 0.0574162671875 0.6984375 0.0574162671875 0.7015625 0.071770334375 0.70625 0.07894736875 0.715625 0.07894736875 0.7203125 0.071770334375 0.7234375 0.071770334375 0.77417279375 0.150952246875 0.9662946421875 0.4743677375 0.9654017859374999 0.4989747109375 0.9671875 0.501196171875 0.9649553578125 0.511278196875 0.9671875 0.5167464109375 0.964508928125 0.52358168125 0.9640625 0.547846890625 0.971875 0.547846890625 0.978125 0.5598086125 0.9875 0.5598086125 0.9921875 0.550239234375 0.9890625 0.4856459328125 0.9828125 0.4665071765625 0.96875 0.4665071765625 0.966741071875 0.4620642515625 0.9671875 0.44976076562499995 0.7796875 0.159489634375 0.728125 0.06459330156250001 0.7296875 0.050239234375 0.7328125 0.0454545453125 0.74375 0.047846890625 0.7484375 0.0382775125 0.7609375 0.040669856250000004 0.7640625 0.0358851671875 0.771875 0.047846890625 0.78125 0.047846890625 0.7859375 0.0382775125 0.7859375 0.028708134375 0.78125 0.01913875625 0.771875 0.01913875625 0.7671875 0.0263157890625 0.7609375 0.011961721875000001 0.7515625 0.011961721875000001 0.7453125 0.0215311 0.734375 0.01913875625 0.725 0.028708134375 0.721875 0.0239234453125 0.7125 0.0239234453125 0.709375 0.028708134375 0.7065625 0.0244019140625 0.6969669125 0.031428839062500005 0.6953125 0.0143540671875 0.6914522062499999 0.0228914515625 0.6859375 0.0143540671875 0.68125 0.0215311 0.6780048078124999 0.0171144640625 0.670072115625 0.0198748609375 0.6640625 0.0263157890625 0.6621394234375 0.0226352578125 0.6542067312500001 0.0253956578125 0.6541666671875 0.027113237499999998 0.6442708328125 0.027910685937500002 0.638341346875 0.030916451562500002 0.634375 0.028708134375 0.630408653125 0.03367685 0.628125 0.0454545453125 0.6203125 0.047846890625 0.6224759609375 0.036437246875 0.61454326875 0.03919764375 0.6109375 0.0470494421875 0.6066105765625001 0.04195804375 0.6015625 0.0462519921875 0.598677884375 0.044718440625 0.5921875 0.0454545453125 0.5890625 0.050239234375 0.5609375 0.050239234375 0.5587890625 0.052033492187499995 0.5484375 0.0526315796875 0.5453125 0.047846890625 0.5427734375 0.053229665625 0.5359375 0.047846890625 0.534765625 0.053827751562500005 0.5328125 0.0526315796875 0.51875 0.0550239234375 0.5140625 0.062200956249999995 0.509375 0.0657894734375 0.509375 0.050239234375 0.4984375 0.0382775125 0.50078125 0.0490430625 0.491796875 0.046052631249999997 0.4890625 0.0382775125 0.4828125 0.0430622015625 0.478125 0.050239234375 0.4796875 0.08373205781250001 0.484375 0.090909090625 0.5046875 0.090909090625