8 0.23182 0.3359466671875 0.25318 0.40133333281250005 0.2555 0.3937866671875 0.23881999999999998 0.3359466671875 0.23182 0.3359466671875
9 0.60976 1 0.60736 0.98216 0.60416 0.9661866671875 0.60256 0.9491466671875 0.5969800000000001 0.9331466671875001 0.5969800000000001 0.9161066671875 0.59538 0.8884000000000001 0.5690000000000001 0.8138400000000001 0.55302 0.7968 0.5282600000000001 0.7680266671875 0.4923 0.73392 0.4044 0.73392 0.3261 0.76056 0.28774 0.7925333328125 0.25017999999999996 0.8170400000000001 0.19666 0.9033333328125 0.20064 0.9874933328125 0.18866 1 0.60976 1
9 0.8185800000000001 0.3442133328125 0.8167 0.35629333281250003 0.82236 0.41021333281250005 0.8306800000000001 0.4066933328125 0.8276600000000001 0.37544 0.83332 0.38250666718750004 0.83522 0.40368000000000004 0.84202 0.41928 0.83484 0.4283733328125 0.83558 0.43290666718750004 0.85448 0.43088 0.84656 0.38904 0.8548600000000001 0.3648533328125 0.8575200000000001 0.3341333328125 0.8575200000000001 0.3139733328125 0.84428 0.3074133328125 0.84618 0.2953066671875 0.83786 0.2928 0.8287800000000001 0.29632000000000003 0.82954 0.29984 0.83294 0.30944 0.8321799999999999 0.31144 0.8201 0.3336266671875 0.8185800000000001 0.3442133328125
9 0.13964000000000001 0.39864 0.14246 0.37856 0.1481 0.36349333281249996 0.15 0.3471733328125 0.15 0.31704 0.13491999999999998 0.3057333328125 0.13022 0.31328 0.12079999999999999 0.3283466671875 0.12079999999999999 0.3509333328125 0.11704 0.3923466671875 0.12456 0.39738666718750004 0.1321 0.36349333281249996 0.13398000000000002 0.36976 0.13964000000000001 0.39864
9 0.86982 0.22682666718750003 0.8680999999999999 0.2214933328125 0.8692399999999999 0.2153866671875 0.8612399999999999 0.21309333281249998 0.85838 0.21616 0.85838 0.2230133328125 0.85838 0.23368000000000003 0.8589600000000001 0.23671999999999999 0.8726800000000001 0.23368000000000003 0.86982 0.22682666718750003
9 0.15824 0.59496 0.16338 0.5987733328125 0.16738 0.6018133328124999 0.17252 0.6048533328125 0.18109999999999998 0.6033333328125 0.18338000000000002 0.5995199999999999 0.18166 0.59344 0.1931 0.5918933328125 0.19596 0.5903733328125 0.19368000000000002 0.5842933328125001 0.19482 0.55152 0.19252 0.5141600000000001 0.19424 0.50272 0.20054 0.4958666671875 0.2011 0.48823999999999995 0.20224000000000003 0.4813866671875 0.2011 0.4775733328125 0.19938 0.4730133328125 0.1971 0.46842666718750003 0.19652 0.46616 0.19596 0.46005333281249994 0.20168 0.4532 0.20454 0.4608266671875 0.2091 0.47149333281250005 0.21254 0.47834666718749996 0.22396 0.4890133328125 0.22796 0.49205333281249997 0.2274 0.4890133328125 0.22225999999999999 0.46234666718749995 0.22054 0.46005333281249994 0.21539999999999998 0.45549333281250004 0.21082 0.44786666718749996 0.20968 0.4410133328125 0.20854 0.42957333281250004 0.20796 0.4166133328125 0.20454 0.40976 0.20224000000000003 0.40517333281249995 0.20337999999999998 0.39909333281250003 0.20224000000000003 0.3906933328125 0.20054 0.3846133328125 0.19538 0.37928 0.19482 0.37850666718750003 0.18624000000000002 0.3762133328125 0.18166 0.37850666718750003 0.17938 0.3800266671875 0.17938 0.40136000000000005 0.1708 0.40824 0.16738 0.4128 0.16452 0.41738666718750006 0.15994 0.4410133328125 0.15994 0.4570133328125 0.1588 0.46005333281249994 0.15766 0.4653866671875 0.1548 0.48749333281249996 0.15594 0.4958666671875 0.15824 0.49816000000000005 0.16452 0.5141600000000001 0.16966 0.5537866671875 0.16052 0.5842933328125001 0.15824 0.5896266671875 0.15824 0.59496
9 0.88116 0.97808 0.88116 0.9362133328125 0.8793200000000001 0.8968 0.8626799999999999 0.85 0.8478999999999999 0.8105866671875 0.80542 0.7736533328124999 0.76478 0.7834933328125 0.74816 0.7958133328125 0.73152 0.8302933328125001 0.7167399999999999 0.8795466671875 0.71306 0.9657600000000001 0.7186 0.9879200000000001 0.88116 0.9879200000000001 0.88116 0.97808
9 0.72572 1 0.7148 0.9657333328125001 0.68204 0.9260266671874999 0.65724 0.91544 0.65526 0.91544 0.66022 0.9445600000000001 0.63442 0.98424 0.62648 0.9948266671875 0.6244799999999999 1 0.72572 1
9 0.25118 0.8077866671875 0.24942000000000003 0.7794933328125 0.1928 0.7276 0.14504 0.70872 0.06898 0.70872 0.047760000000000004 0.7558933328124999 0.02122 0.8172266671875 0.03184 0.92336 0.012379999999999999 0.9469333328125 0.01416 0.98232 0.19634000000000001 0.98704 0.20166 0.9068266671874999 0.25118 0.8077866671875
9 0.5962 0.8966933328125 0.59736 0.9308533328124999 0.61366 1 0.6462600000000001 0.9618933328124999 0.6555799999999999 0.9215466671874999 0.66256 0.9044800000000001 0.67536 0.87496 0.67072 0.8159733328125001 0.65674 0.7880533328125 0.61832 0.7445866671875 0.5868800000000001 0.7352533328125 0.5309999999999999 0.77408 0.53798 0.7896 0.5624399999999999 0.8113333328125 0.5962 0.8966933328125
9 0.71112 0.7991466671875 0.702 0.79264 0.6948000000000001 0.78696 0.6878 0.78696 0.67698 0.7875466671875 0.67168 0.79488 0.6702 0.8002666671875 0.67486 0.8161066671875 0.67698 0.8251466671875001 0.6791 0.8322133328125 0.68504 0.8129866671875 0.69056 0.8045066671875001 0.70158 0.80224 0.71112 0.7991466671875
8 0.82764 0.34858666718750003 0.8263199999999999 0.34575999999999996 0.82474 0.3436533328125 0.81866 0.35072000000000003 0.8207599999999999 0.3531733328125 0.82474 0.3493066671875 0.82764 0.34858666718750003
8 0.73014 0.3146933328125 0.72776 0.3108 0.72502 0.3096 0.72028 0.3083733328125 0.7191799999999999 0.31349333281249997 0.72028 0.3178666671875 0.72156 0.32272 0.72448 0.3198133328125 0.72594 0.3193333328125 0.73014 0.3146933328125
8 0.14878 0.34504 0.14745999999999998 0.34152 0.14244 0.3401333328125 0.14138 0.3436533328125 0.1406 0.34928 0.13874 0.35173333281249997 0.13874 0.3594933328125 0.14562 0.35912 0.14772000000000002 0.35384000000000004 0.14958 0.3524533328125 0.14878 0.34504
9 0.7189 0.3703466671875 0.71958 0.3635466671875 0.71992 0.3590133328125 0.72468 0.35312 0.7287600000000001 0.35674666718750003 0.7301 0.36128 0.73044 0.3703466671875 0.7345200000000001 0.36944 0.7345200000000001 0.34090666718749996 0.7352000000000001 0.3273066671875 0.7355400000000001 0.32144 0.7399600000000001 0.31464 0.73962 0.30829333281250004 0.73928 0.3046666671875 0.7369 0.30061333281249997 0.73316 0.2983466671875 0.72672 0.2897333328125 0.7222999999999999 0.2915466671875 0.71822 0.2978933328125 0.7165199999999999 0.30104000000000003 0.71414 0.3055733328125 0.7117600000000001 0.316 0.71244 0.3218933328125 0.71618 0.3273066671875 0.7168599999999999 0.3377333328125 0.71414 0.3617333328125 0.71346 0.3689866671875 0.7165199999999999 0.3730666671875 0.7189 0.3703466671875
9 0.99712 0.7746666671875 0.9842599999999999 0.7626666671875 0.91486 0.7609333328125001 0.91486 0.7832266671875 0.8981600000000001 0.8157866671875 0.8930199999999999 0.85176 0.8930199999999999 0.9151733328124999 0.8943 0.9545866671875001 0.9071400000000001 0.9991466671874999 0.94442 0.9991466671874999 0.99712 1 0.99712 0.7746666671875
9 0.66996 0.91912 0.68078 0.9266933328125001 0.69416 0.93904 0.7127 0.9644266671875 0.71218 0.9506933328124999 0.7230000000000001 0.92256 0.7219599999999999 0.90816 0.72454 0.8820533328125 0.72454 0.8594133328125 0.7373999999999999 0.8319733328125001 0.75078 0.8051999999999999 0.73482 0.79832 0.71526 0.7962666671874999 0.69262 0.8072533328124999 0.6859200000000001 0.8209866671875 0.68026 0.84432 0.6813 0.86216 0.68696 0.8848 0.66174 0.88344 0.6607000000000001 0.9074666671875 0.66996 0.91912
9 0.01 0.2506666671875 0.068 0.256 0.074 0.2533333328125 0.094 0.25866666718750003 0.13799999999999998 0.25866666718750003 0.148 0.2506666671875 0.16 0.2506666671875 0.16599999999999998 0.24266666718750002 0.178 0.24266666718750002 0.188 0.2506666671875 0.196 0.24533333281249997 0.22000000000000003 0.248 0.22799999999999998 0.25866666718750003 0.236 0.25866666718750003 0.236 0.368 0.22999999999999998 0.376 0.22799999999999998 0.4026666671875 0.22000000000000003 0.4106666671875 0.21800000000000003 0.42400000000000004 0.21800000000000003 0.45866666718750004 0.22200000000000003 0.46399999999999997 0.22599999999999998 0.48266666718750006 0.21400000000000002 0.48266666718750006 0.20800000000000002 0.49066666718749996 0.20800000000000002 0.5066666671875 0.22755555625 0.5250370375 0.21200000000000002 0.5573333328125 0.21200000000000002 0.5813333328125 0.21600000000000003 0.592 0.22799999999999998 0.6026666671875 0.25 0.5866666671874999 0.264 0.608 0.27999999999999997 0.608 0.291066665625 0.672177778125 0.057999999999999996 0.7253333328125 0.05 0.7146666671874999 0.034 0.7146666671874999 0.028000000000000004 0.72 0.02 0.7493333328125 0.002 0.7866666671875 0.002 0.9119999999999999 0.022 0.9359999999999999 0.016 0.944 0.012 0.9426666671874999 0.002 0.9493333328125001 0.006 0.9546666671875 0.012 0.9546666671875 0.014000000000000002 0.9466666671875 0.03 0.9279999999999999 0.022 0.8160000000000001 0.057999999999999996 0.7333333328125 0.22400000000000003 0.752 0.22599999999999998 0.76 0.248 0.7786666671875 0.25 0.7893333328125001 0.258 0.7813333328125001 0.268 0.7786666671875 0.27999999999999997 0.7946666671875 0.288 0.7946666671875 0.324 0.7626666671875 0.3271147546875 0.7663825140625 0.32799999999999996 0.76 0.33399999999999996 0.76 0.33708196875 0.7676065578125 0.6560327859374999 0.8067759578125001 0.662 0.8 0.67 0.8160000000000001 0.674 0.8133333328125 0.6759999999999999 0.8213333328125 0.6719999999999999 0.8346666671875 0.6839999999999999 0.8293333328125 0.674 0.8586666671875 0.6759999999999999 0.8746666671875 0.85 0.8186666671875 0.8779999999999999 0.8933333328125 0.8800000000000001 0.9119999999999999 0.8865000000000001 0.9136666671875 0.8869999999999999 0.9293333328125 0.882 0.9546666671875 0.8939999999999999 0.952 0.8880000000000001 0.9 0.898 0.8186666671875 0.906 0.8026666671875 0.906 0.7946666671875 0.9 0.7866666671875 0.8800000000000001 0.7866666671875 0.8619999999999999 0.8106666671875 0.85 0.8106666671875 0.8675813953124999 0.2506666671875 0.8619999999999999 0.24533333281249997 0.866 0.24 0.8779999999999999 0.24533333281249997 0.8939999999999999 0.24533333281249997 0.9039999999999999 0.23199999999999998 0.908 0.23199999999999998 0.914 0.2213333328125 0.914 0.2106666671875 0.908 0.2 0.8960000000000001 0.1946666671875 0.8619999999999999 0.192 0.834 0.184 0.8140000000000001 0.184 0.806 0.1946666671875 0.796 0.192 0.79 0.1973333328125 0.762 0.1973333328125 0.752 0.2106666671875 0.71 0.2106666671875 0.6980000000000001 0.192 0.6719999999999999 0.192 0.6519999999999999 0.1653333328125 0.646 0.1653333328125 0.64 0.1546666671875 0.626 0.1493333328125 0.61 0.1493333328125 0.604 0.1573333328125 0.604 0.17333333281250002 0.608 0.1786666671875 0.606 0.1866666671875 0.5940000000000001 0.1893333328125 0.584 0.16799999999999998 0.572 0.16799999999999998 0.5559999999999999 0.17333333281250002 0.542 0.1893333328125 0.534 0.192 0.532 0.1973333328125 0.526 0.1973333328125 0.522 0.1866666671875 0.528 0.176 0.528 0.1626666671875 0.522 0.136 0.516 0.1253333328125 0.508 0.12 0.458 0.128 0.426 0.128 0.422 0.1226666671875 0.4 0.1173333328125 0.388 0.096 0.372 0.096 0.364 0.1066666671875 0.346 0.10400000000000001 0.33799999999999997 0.10933333281249999 0.3 0.0933333328125 0.27999999999999997 0.0933333328125 0.274 0.0853333328125 0.22200000000000003 0.0853333328125 0.21600000000000003 0.0933333328125 0.08399999999999999 0.0933333328125 0.057999999999999996 0.0986666671875 0.03 0.0986666671875 0.014000000000000002 0.128 0.006 0.128 0.002 0.13333333281249998 0 0.2026666671875 0.01181818125 0.2346666671875 0.002 0.24 0.01 0.2506666671875