8 0.66604 0.4408266671875 0.67484 0.45061333281250004 0.68438 0.45842666718749997 0.69612 0.46821333281250005 0.70272 0.42712000000000006 0.69318 0.3801866671875 0.69758 0.3694133328125 0.69758 0.35768 0.7174 0.3283466671875 0.72032 0.3214933328125 0.71666 0.31856 0.69686 0.3430133328125 0.67924 0.3469333328125 0.65944 0.32637333281249997 0.6543 0.33714666718749997 0.6682400000000001 0.3518133328125 0.68144 0.37333333281250003 0.67778 0.3792 0.66604 0.4408266671875
8 0.21294 0.2439466671875 0.22139999999999999 0.2489666671875 0.21456 0.25592000000000004 0.21742 0.2618933328125 0.22492 0.2616833328125 0.22844000000000003 0.27440000000000003 0.23170000000000002 0.2765866671875 0.23252 0.2646133328125 0.22557999999999997 0.24666666718750002 0.23292000000000002 0.2428533328125 0.22762 0.23170666718750002 0.23006000000000001 0.21783999999999998 0.21436000000000002 0.22353333281249999 0.20732 0.1981 0.21212 0.1732266671875 0.2015 0.17266666718749998 0.20743 0.15772 0.197013334375 0.1567111125 0.20274 0.14221333281249998 0.20232 0.13133333281249998 0.18968000000000002 0.1210133328125 0.19498 0.11338666718749998 0.18764 0.10632 0.19212 0.10303999999999999 0.18682 0.09215999999999999 0.17826 0.09109333281250001 0.17702 0.09759999999999999 0.1807 0.0992533328125 0.20379999999999998 0.1853833328125 0.21294 0.2439466671875
9 0.1402 0.2702666671875 0.1419 0.18919999999999998 0.11656 0.1554133328125 0.08614000000000001 0.13738666718749998 0.03886 0.12837333281250002 0.0016799999999999999 0.14864 0.0016799999999999999 0.8761333328124999 0.09122 0.8851466671875 0.028720000000000002 0.95496 0.0304 0.98424 0.18412 0.9819733328125 0.19594 0.97072 0.25676 0.8535999999999999 0.25844 0.7770400000000001 0.21622 0.7409866671875001 0.21114000000000002 0.6418933328125 0.19256 0.42568 0.1723 0.35586666718750004 0.11486 0.3355733328125 0.11994 0.32882666718750003 0.12838 0.2837866671875 0.1402 0.2702666671875
9 0.34038 1 0.32984 0.94736 0.318 0.91928 0.318 0.8877066671874999 0.31538 0.8718933328125 0.32064 0.8525866671875001 0.32326 0.8438133328124999 0.33643999999999996 0.8034666671874999 0.34038 0.78768 0.34432 0.7630933328125 0.34432 0.75432 0.35222000000000003 0.70168 0.33774000000000004 0.6929066671874999 0.32195999999999997 0.6876533328125001 0.31142 0.6630666671875 0.29958 0.6472800000000001 0.30748000000000003 0.5998933328125 0.31538 0.5770933328125001 0.32326 0.5595466671875 0.33774000000000004 0.5384800000000001 0.34696 0.5209333328125 0.36276 0.4928533328125 0.37854 0.48407999999999995 0.38908 0.4788 0.40488 0.4665333328125 0.40881999999999996 0.45776000000000006 0.40488 0.44722666718750004 0.3996 0.43493333281249996 0.39698 0.43493333281249996 0.38908 0.4209066671875 0.38512 0.39632 0.38117999999999996 0.37704 0.38117999999999996 0.3542133328125 0.37724 0.3261333328125 0.38382 0.30333333281249997 0.3996 0.2857866671875 0.40092 0.2577066671875 0.39434 0.21032 0.38512 0.19626666718750002 0.37592 0.17872 0.36669999999999997 0.1699466671875 0.3509 0.1629333328125 0.33512 0.16645333281250002 0.31932 0.1699466671875 0.31142 0.17346666718749998 0.3009 0.18224 0.29562 0.1980266671875 0.28774 0.20856 0.2851 0.23312 0.2851 0.2524266671875 0.28246000000000004 0.2717333328125 0.27588 0.30333333281249997 0.2693 0.3314133328125 0.26798 0.35773333281249997 0.26536 0.37351999999999996 0.26404 0.38754666718749997 0.24430000000000002 0.3840533328125 0.24036 0.3822933328125 0.2193 0.3893066671875 0.2206 0.39632 0.22324000000000002 0.41389333281249996 0.23246000000000003 0.41914666718750004 0.21666 0.43845333281250004 0.21272000000000002 0.45248 0.20085999999999998 0.48583999999999994 0.19824 0.5665600000000001 0.20743999999999999 0.6104266671875 0.21402000000000002 0.6542933328125 0.22191999999999998 0.7402933328125 0.22324000000000002 0.7473066671875 0.22982 0.7508266671875 0.2364 0.7596 0.25614 0.78768 0.26272 0.81576 0.25482 0.8508533328125001 0.24430000000000002 0.8894399999999999 0.25614 0.9105066671875001 0.26668 0.9140266671875 0.27588 0.9122666671875 0.28774 0.89648 0.29432 0.89648 0.29036 0.9245599999999999 0.28642 0.95264 0.28115999999999997 0.9772000000000001 0.2851 1 0.29432 1 0.34038 1
9 0.41782 1 0.40574000000000005 0.9535733328125 0.40488 0.90296 0.40574000000000005 0.8581066671875 0.41178 0.8983733328125 0.43076 0.97312 0.43852 1 0.52218 0.9995733328125 0.52564 0.9846133328125 0.5230400000000001 0.9455199999999999 0.52046 0.8811199999999999 0.52736 0.8512266671875001 0.52218 0.8339733328125 0.51614 0.8247733328125 0.5196 0.8029066671875 0.517 0.7327733328125 0.5196 0.7051733328124999 0.5230400000000001 0.6890666671875 0.5515 0.6718133328125 0.5748 0.6373066671875 0.5748 0.5947733328125 0.5584 0.5418666671875 0.53254 0.4901066671875 0.50408 0.4636533328125 0.4894 0.4510133328125 0.4963 0.41306666718749996 0.50494 0.3831733328125 0.49976000000000004 0.37512 0.50408 0.3440533328125 0.50666 0.3084 0.49458 0.28770666718750004 0.47734 0.26586666718749996 0.46698000000000006 0.2612533328125 0.4368 0.2612533328125 0.4204 0.2693066671875 0.40603999999999996 0.2776266671875 0.3792 0.31117333281250004 0.38422 0.3827733328125 0.38073999999999997 0.39352 0.39108 0.41879999999999995 0.39884 0.4257066671875 0.40056 0.4257066671875 0.4135 0.4590666671875 0.36262 0.49471999999999994 0.31174 0.59936 0.30138 0.6292533328125 0.30310000000000004 0.6476533328125 0.31864 0.6741066671875 0.33416 0.6890666671875 0.35658 0.69712 0.34278 0.7856799999999999 0.31604 0.8730666671874999 0.32122 0.9259733328124999 0.32466 0.9466666671875 0.34106000000000003 1 0.41782 1
9 0.49044 0.4561866671875 0.52248 0.4831466671875 0.5511199999999999 0.5348266671874999 0.56966 0.6045066671875 0.56292 0.6449333328125 0.5309 0.67416 0.51574 0.72136 0.51574 0.8134933328124999 0.52078 0.8449333328125 0.52752 0.9056266671875 0.52416 0.9797866671875 0.63202 0.9887733328125 0.6606799999999999 0.95056 0.6977599999999999 0.8921333328125 0.6977599999999999 0.8314666671875001 0.7146 0.7662933328125 0.71292 0.6943733328125 0.72304 0.6292266671875 0.7264 0.5887733328125 0.7146 0.5168533328125 0.69102 0.47416 0.67752 0.42922666718749997 0.67752 0.3595466671875 0.66404 0.31234666718750004 0.65224 0.2674133328125 0.63708 0.20898666718749997 0.58484 0.1707733328125 0.53596 0.17304 0.49888000000000005 0.2157333328125 0.4955 0.2898933328125 0.49720000000000003 0.34608 0.49214 0.4112266671875 0.49044 0.4561866671875
9 0.67248 0.3146133328125 0.67248 0.39325333281249997 0.68258 0.44943999999999995 0.73314 0.5595466671875 0.70618 0.7280800000000001 0.71124 0.77752 0.69606 0.8449333328125 0.69944 0.89664 0.68932 0.9595466671875 0.71966 0.9797866671875 0.74158 0.97752 0.7264 0.9550666671875 0.74158 0.9236000000000001 0.7550600000000001 0.8426933328124999 0.7921400000000001 0.7573066671875 0.81404 0.67416 0.8073 0.6089866671874999 0.8427 0.41573333281249997 0.8612399999999999 0.3595466671875 0.8443799999999999 0.3303466671875 0.81236 0.3078666671875 0.7972 0.2831466671875 0.79888 0.2202133328125 0.75 0.1954933328125 0.75 0.1550666671875 0.7837 0.14832 0.74832 0.1348266671875 0.75338 0.0943733328125 0.7449399999999999 0.051680000000000004 0.71292 0.04944 0.6573 0.031466667187500005 0.62022 0.11010666718749999 0.59494 0.1123466671875 0.62528 0.12808 0.61516 0.1865066671875 0.61686 0.1954933328125 0.6354 0.20898666718749997 0.67248 0.3146133328125
9 1 0.34696 0.95806 0.3313066671875 0.9496600000000001 0.29328 0.95806 0.2507733328125 0.9396000000000001 0.1478666671875 0.90604 0.11208 0.8456400000000001 0.10536000000000001 0.82046 0.11432 0.8171200000000001 0.16576 0.81376 0.1881333328125 0.8020200000000001 0.2105066671875 0.79698 0.2619733328125 0.80536 0.29552 0.84396 0.32682666718750003 0.85738 0.3425066671875 0.86242 0.3805333328125 0.8372400000000001 0.43197333281250005 0.8037000000000001 0.6132 0.83558 0.7026666671874999 0.8372400000000001 0.734 0.8305400000000001 0.7429333328125 0.8171200000000001 0.7451733328125 0.8120799999999999 0.7563733328125 0.81376 0.7653066671875 0.80704 0.7630666671874999 0.8037000000000001 0.7653066671875 0.8020200000000001 0.7742666671875 0.8020200000000001 0.79664 0.79866 0.80112 0.8003399999999999 0.8100533328124999 0.79698 0.8257066671875 0.77516 0.8391466671875 0.76006 0.85928 0.741053334375 0.9219111124999999 0.4852058546875 0.43709170625000004 0.3730204875 0.2127209765625 0.39611999999999997 0.20338666718749998 0.39771999999999996 0.1451733328125 0.38342 0.1218933328125 0.37628 0.0933333328125 0.35328 0.09015999999999999 0.34216 0.0795733328125 0.33502 0.06898666718749999 0.33978 0.058399999999999994 0.34296000000000004 0.04464 0.3493 0.0372533328125 0.35168 0.0224266671875 0.33342 0.006560000000000001 0.29691999999999996 0.0054933328125 0.28342 0.012906667187500002 0.28422000000000003 0.0234933328125 0.29612 0.0361866671875 0.3001 0.06688 0.20443294218750002 0.03014274375 0.20651999999999998 0.0182666671875 0.1946282359375 0.02646901875 0.19462 0.007679999999999999 0.1835 0 0.1848235296875 0.02279529375 0.1358 0.0044266671874999995 0.1366 0.020319999999999998 0.13184 0.033013332812500004 0.14692 0.0753333328125 0.14532 0.0869866671875 0.13740000000000002 0.09650666718749999 0.12310000000000001 0.0986133328125 0.11040000000000001 0.1155466671875 0.10406 0.1345866671875 0.10644 0.1451733328125 0.11277999999999999 0.1578666671875 0.12628 0.17376 0.13898 0.20232 0.13978 0.2224266671875 0.14216 0.23408 0.13906000000000002 0.27224 0.12874000000000002 0.286 0.12 0.3293866671875 0.12794 0.3389066671875 0.15492 0.3516 0.17238 0.3621866671875 0.1835 0.3822933328125 0.19144 0.4203733328125 0.19037333437499998 0.4806933328125 0.2 0.4815466671875 0.190106665625 0.4944533328125 0.19492 0.49488000000000004 0.18984 0.5082133328125 0.22357999999999997 0.43095999999999995 0.23192 0.4203733328125 0.22476 0.40343999999999997 0.22635999999999998 0.38650666718750004 0.24224 0.38333333281250004 0.24382 0.3738133328125 0.245933334375 0.23977777812499998 0.2858 0.24359999999999998 0.28104 0.2382933328125 0.28858 0.22508 0.29136 0.20656 0.29612 0.18856 0.31120000000000003 0.17376 0.343945 0.16662 0.490815121875 0.44831024218750004 0.7320136578125 0.9307073171875 0.73658 0.9353333328125 0.7376229265625 0.941925853125 0.7432321953125001 0.9531443890625001 0.7349 0.9577066671875001 0.7449600000000001 0.9711466671875 0.7488414640625 0.964362928125 0.7544507312500001 0.9755814640624999 0.75336 0.9845599999999999 0.76006 0.9868 0.88088 0.9890399999999999 0.89932 0.9689066671875001 0.90604 0.9442933328124999 0.9244999999999999 0.92416 0.95638 0.92416 0.9815400000000001 0.9420533328125 0.98994 0.9666666671874999 0.98826 0.9868 1 0.98232 1 0.34696
8 0.87734 0.9967733328125 0.99132 1 0.9897600000000001 0.9717866671875001 0.99444 0.9468 0.9835200000000001 0.9364000000000001 0.9554 0.9259733328124999 0.9273 0.9259733328124999 0.89764 0.93848 0.88514 0.9780266671875 0.87734 0.9967733328125
8 0.20864 0.22761333281249999 0.20872000000000002 0.24453333281249998 0.22679999999999997 0.24695999999999999 0.22924000000000003 0.2459466671875 0.22970000000000002 0.22285333281250003 0.22755999999999998 0.2186133328125 0.22877999999999998 0.21800000000000003 0.22593000000000002 0.20194 0.22786 0.18031999999999998 0.22088000000000002 0.17829333281249998 0.2262 0.1549866671875 0.21738 0.15376 0.22023 0.16982 0.21404 0.17464 0.22308 0.18588 0.20856 0.21069333281249997 0.2113 0.2113066671875 0.20864 0.22761333281249999
8 0.29766 0.8393333328124999 0.30268 0.8363466671875001 0.31107999999999997 0.8341066671874999 0.31724 0.8318666671875 0.32842 0.8303733328125 0.33346 0.8206666671875 0.33346 0.8109866671875 0.3357 0.8020266671874999 0.33514 0.7841333328125 0.33178 0.7751733328125 0.32562 0.7654666671875 0.32226 0.7565333328125 0.31556 0.7498133328125001 0.30716 0.74384 0.30213999999999996 0.74608 0.29653999999999997 0.7453333328125 0.29206 0.7520533328125001 0.29766 0.7736799999999999 0.29766 0.7818933328125001 0.28702 0.7736799999999999 0.28702 0.7878666671875 0.29206 0.7968 0.29037999999999997 0.8094933328125 0.2887 0.8117333328124999 0.2887 0.8206666671875 0.29037999999999997 0.8288800000000001 0.29037999999999997 0.8318666671875 0.29766 0.8393333328124999
8 0.1966 0.7377066671875 0.1966 0.7606133328125 0.1834 0.7641333328125001 0.16886 0.7562133328125 0.16754 0.7702933328125 0.17414000000000002 0.7764800000000001 0.19197999999999998 0.8020266671874999 0.18934 0.8257866671875 0.18073999999999998 0.8416533328125 0.16424 0.8398933328125 0.16621999999999998 0.8522399999999999 0.19 0.8469333328124999 0.1966 0.8310933328125 0.20586000000000002 0.7562133328125 0.20916 0.7606133328125 0.20783999999999997 0.7447466671875 0.1966 0.7377066671875