8 0.45228 0.42294294218750006 0.44960000000000006 0.28324324375 0.31256 0.2841141140625 0.31256 0.284984984375 0.31256 0.4235735734375 0.45228 0.42294294218750006
8 0.38384 0.80429429375 0.38098 0.8537537531250001 0.40246000000000004 0.8838738734374999 0.4483 0.8731231234375001 0.54426 0.8838738734374999 0.63306 0.8860360359375001 0.64452 0.849459459375 0.64738 0.7978378375 0.6617 0.748378378125 0.62732 0.7419219218750001 0.613 0.7333333328125 0.5901 0.7096696703125 0.5815 0.746246246875 0.5772 0.754834834375 0.56288 0.7698798796874999 0.5242 0.763453453125 0.48124 0.7505405406250001 0.42394 0.7505405406250001 0.41966000000000003 0.756996996875 0.3996 0.7784984984375 0.38384 0.80429429375
8 0.0086 0.9870870875 0.42538 0.9849549546875 0.6903400000000001 0.9870870875 0.82928 0.9870870875 0.8006399999999999 0.9397897890625 0.8006399999999999 0.905375375 0.80922 0.8150450453125 0.78774 0.7419219218750001 0.76052 0.731171171875 0.70468 0.7247447453125 0.66744 0.737627628125 0.60442 0.705375375 0.57864 0.7268768765625 0.5643 0.7440840843750001 0.5199 0.748378378125 0.52564 0.7397897890625 0.42538 0.7333333328125 0.38814000000000004 0.7720420421874999 0.3466 0.7763363359375 0.21484 0.7397897890625 0.1203 0.7268768765625 0.11601999999999998 0.6709609609375 0.08308 0.655915915625 0.06732 0.662372371875 0.06158 0.6774174171875 0.025779999999999997 0.6215015015625001 0.0043 0.6193693687499999 0.00572 0.6236636640625 0.00716 0.7849549546875 0.0086 0.9870870875
8 0.7418 0.6065765765625 0.75166 0.603603603125 0.75462 0.5902702703125 0.75858 0.563603603125 0.79708 0.5591591593749999 0.79806 0.554684684375 0.79806 0.5384084078125 0.80102 0.49096096093749997 0.8029999999999999 0.4272372375 0.7862199999999999 0.421291290625 0.7487 0.4064864859375 0.6993400000000001 0.40498498437499997 0.67466 0.4079579578125 0.66776 0.41240240312500004 0.65888 0.47168168125000004 0.61544 0.49393393437500005 0.61346 0.49984985000000004 0.61444 0.5117117109375 0.61544 0.52801801875 0.6124799999999999 0.5354354359375 0.60556 0.550240240625 0.60358 0.565075075 0.60358 0.5784084078125 0.60162 0.6673573578124999 0.61346 0.6732732734375 0.61544 0.6243543546875 0.72502 0.652522521875 0.72798 0.652522521875 0.7339 0.6139939937500001 0.7418 0.6065765765625
8 0.43666 0.62954955 0.45274000000000003 0.603903903125 0.45342000000000005 0.5983783781249999 0.42092 0.596846846875 0.40418000000000004 0.617477478125 0.37572 0.6159759765625 0.37304 0.61444444375 0.36902 0.62048048125 0.37204000000000004 0.6245045046875 0.43666 0.62954955
8 0.43945999999999996 0.6430630625 0.4516 0.6240240234375001 0.4527 0.6041441437499999 0.43672000000000005 0.6273273265625 0.36996 0.6240240234375001 0.36832 0.6372672671874999 0.38542 0.639759759375 0.43945999999999996 0.6430630625
8 0.9799200000000001 0.5429729734375 0.90188 0.4908708703125 0.86198 0.5612012015625 0.77006 0.5638138140625 0.75618 0.6080780781249999 0.7388399999999999 0.6132732734374999 0.7319 0.6367267265625001 0.73018 0.7382882890625 0.76832 0.735675675 0.9244199999999999 0.79816816875 0.94696 0.8736936937499999 0.9608399999999999 0.8632732734375 0.9105399999999999 0.7044144140624999 0.9799200000000001 0.5429729734375
8 0.43894 0.6421621625 0.3902 0.6408108109375 0.39322 0.65570570625 0.43983999999999995 0.6624924921875001 0.45128 0.6439639640625 0.45068 0.62861861875 0.43894 0.6421621625
8 0.38980000000000004 0.5840240234375 0.3746 0.6118918921875001 0.40274 0.6169669671875 0.42244000000000004 0.593303303125 0.38980000000000004 0.5840240234375
8 0.57008 0.29303303281250004 0.56618 0.2978978984375 0.56294 0.31966967031250004 0.5625 0.3323123125 0.56272 0.3397897890625 0.56294 0.34045044999999996 0.56532 0.34045044999999996 0.57138 0.34108108125 0.57484 0.34045044999999996 0.58284 0.3397897890625 0.58024 0.3063363359375 0.57612 0.2940240234375 0.5741799999999999 0.292072071875 0.5741799999999999 0.29045044999999997 0.57504 0.289459459375 0.5806600000000001 0.286216215625 0.58284 0.28330330312499996 0.5813200000000001 0.2722522515625 0.5785 0.271291290625 0.5616399999999999 0.2703003 0.5625 0.2823123125 0.56662 0.2872072078125 0.56834 0.2884984984375 0.57008 0.29303303281250004
8 0.46177999999999997 0.41594594531249995 0.46296 0.42555555624999997 0.46609999999999996 0.43165165156249996 0.46806000000000003 0.43558558593749996 0.47278000000000003 0.43558558593749996 0.47816000000000003 0.43342342343749996 0.48075999999999997 0.427927928125 0.48234000000000005 0.42243243281250004 0.48274 0.4171171171875 0.48168 0.41141141093750005 0.47986000000000006 0.40687687656250004 0.47698 0.40255255312499993 0.47592 0.3964864859375 0.47632 0.3921321328125 0.46978 0.3917417421875 0.46806000000000003 0.392552553125 0.4686 0.3933333328125 0.46806000000000003 0.401771771875 0.46688 0.40414414374999996 0.46322 0.41063063125 0.46177999999999997 0.41594594531249995
8 0.35609999999999997 0.686996996875 0.36263999999999996 0.6796396390624999 0.38392 0.6796396390624999 0.38717999999999997 0.7852852859375 0.39782 0.780390390625 0.39456 0.6821021015625 0.51566 0.691921921875 0.5132 0.7521321328125 0.5238400000000001 0.7496696703125 0.5238400000000001 0.690690690625 0.5312 0.6747147140624999 0.5320199999999999 0.7557957953125001 0.54102 0.7557957953125001 0.54102 0.6206606609375 0.45183999999999996 0.6194294296875 0.44038000000000005 0.64399399375 0.37082000000000004 0.6403303296875 0.37082000000000004 0.6341741734374999 0.3471 0.6636636640625 0.35118 0.780390390625 0.36018 0.780390390625 0.35609999999999997 0.686996996875