1 0.336484375 0.42833333281249997 0.346640625 0.45091666718749995 0.340296875 0.6766388890624999 0.352984375 0.6653611109375 0.46092187500000004 0.6698611109375 0.49012500000000003 0.6698611109375 0.499015625 0.6698611109375 0.52440625 0.6563333328125001 0.5586875 0.6315000000000001 0.570125 0.6089166671874999 0.5663125 0.42380555624999994 0.47996875 0.3651111109375 0.354265625 0.3718888890625 0.356796875 0.3741666671875 0.350453125 0.398972221875 0.328859375 0.412527778125 0.32759375 0.42833333281249997 0.336484375 0.42833333281249997
9 0.6511875 0.5659444437500001 0.65109375 0.56094444375 0.651828125 0.5503888890625 0.652453125 0.5426111109375 0.653703125 0.538527778125 0.65390625 0.5268611109375 0.652140625 0.51925 0.652546875 0.5166666671875 0.65109375 0.5153611109375 0.64890625 0.5151666671874999 0.647546875 0.5177777781249999 0.647234375 0.5203611109375 0.644625 0.5255555562499999 0.645046875 0.5290833328125 0.64515625 0.5431666671875 0.64671875 0.5448333328125 0.647234375 0.5646666671875 0.64765625 0.5661388890625 0.6486875000000001 0.5648333328125 0.6511875 0.5659444437500001
9 0.21667187499999999 0.6289166671875 0.21921875000000002 0.6093333328125 0.22228124999999999 0.59755555625 0.22364062499999998 0.58369444375 0.22567187500000002 0.57855555625 0.226859375 0.5743333328125 0.22567187500000002 0.5658888890625 0.22346875000000002 0.554722221875 0.22159374999999998 0.550222221875 0.22109375 0.542972221875 0.21973437499999998 0.541472221875 0.21753125 0.54025 0.21515625 0.5408611109375 0.2148125 0.54205555625 0.212953125 0.544472221875 0.21379687500000003 0.5496111109374999 0.21209375000000003 0.5511111109375 0.21090625 0.5613611109375001 0.207515625 0.5800833328125 0.20803124999999997 0.5909166671875 0.21090625 0.59575 0.21209375000000003 0.61594444375 0.21006249999999999 0.62380555625 0.209375 0.62680555625 0.217015625 0.63405555625 0.21667187499999999 0.6289166671875
9 0.583109375 0.503 0.58059375 0.5058888890625 0.58034375 0.5126666671875 0.580671875 0.5181666671875 0.58140625 0.52580555625 0.58221875 0.53230555625 0.583109375 0.53244444375 0.585140625 0.5309999999999999 0.584890625 0.52594444375 0.5848125 0.5217777781249999 0.5852968749999999 0.517 0.5864375 0.5146944437500001 0.5877343749999999 0.5148333328125 0.5896874999999999 0.514972221875 0.59146875 0.51325 0.591234375 0.50905555625 0.5900937500000001 0.50819444375 0.589921875 0.5066111109375 0.5882968749999999 0.504 0.58846875 0.5028611109375001 0.588703125 0.49924999999999997 0.5861875000000001 0.49924999999999997 0.585375 0.49952777812500004 0.58440625 0.50169444375 0.583109375 0.503
9 0.65309375 0.518222221875 0.65309375 0.5206666671875 0.65309375 0.5209722218749999 0.65309375 0.52525 0.65378125 0.5356666671875 0.6534375 0.5463611109375 0.653265625 0.5491111109375 0.65378125 0.55830555625 0.65378125 0.5625833328125001 0.65378125 0.5641111109375 0.653265625 0.5711666671875 0.6575624999999999 0.56655555625 0.657046875 0.554027778125 0.656703125 0.5396388890625 0.6575624999999999 0.53719444375 0.65859375 0.5261666671875 0.6580781250000001 0.5209722218749999 0.65653125 0.5191388890625 0.655328125 0.517 0.65378125 0.5133333328125 0.6527499999999999 0.51455555625 0.65309375 0.518222221875
2 0.62696875 0.5069444437499999 0.6192031250000001 0.5069444437499999 0.616203125 0.5165277781250001 0.6132187499999999 0.5345833328125 0.6168125 0.5399166671875 0.62278125 0.5313888890625 0.6305625 0.5313888890625 0.6359375 0.5356388890625 0.637734375 0.508027778125 0.634140625 0.5069444437499999 0.62696875 0.5069444437499999
2 0.8900937499999999 0.626027778125 0.9064062500000001 0.6283611109375 0.9108124999999999 0.6291666671875 0.9125781249999999 0.6291666671875 0.929546875 0.62994444375 0.930875 0.6315000000000001 0.93571875 0.6338611109375 0.93925 0.6275833328125 0.94034375 0.6213055562500001 0.939015625 0.6048611109375 0.9335156250000001 0.6044722218749999 0.93284375 0.5954722218749999 0.9064062500000001 0.5923333328125 0.896484375 0.6048611109375 0.887234375 0.60644444375 0.8832656249999999 0.61230555625 0.8850312499999999 0.6209166671874999 0.8852499999999999 0.621722221875 0.8900937499999999 0.626027778125
8 0.21953125 0.5679166671875 0.2184375 0.5608333328125 0.21989062499999998 0.553722221875 0.2184375 0.5505 0.213 0.5479166671875 0.211171875 0.5530833328125 0.21154687499999997 0.556972221875 0.210453125 0.5582499999999999 0.21009375000000002 0.5634166671874999 0.20754687500000002 0.5808333328125 0.21009375000000002 0.5853611109375 0.21335937500000002 0.587277778125 0.21662499999999998 0.587277778125 0.21807812499999998 0.57630555625 0.21953125 0.5679166671875
13 0.337625 0.61855555625 0.3394375 0.6293055562500001 0.341265625 0.628222221875 0.341265625 0.611027778125 0.34065625 0.5293333328125 0.332796875 0.51430555625 0.331578125 0.49494444375 0.301359375 0.49494444375 0.30015625 0.4895833328125 0.269921875 0.4885 0.2620625 0.4938888890625 0.253 0.595972221875 0.25782812499999996 0.6271388890625 0.262671875 0.6346666671875 0.271125 0.6336111109375 0.27234375 0.61855555625 0.292296875 0.6196388890625 0.2935 0.6325277781249999 0.29893749999999997 0.6368333328125 0.30015625 0.6228611109375 0.30860937499999996 0.621777778125 0.312234375 0.6336111109375 0.31828124999999996 0.6325277781249999 0.3213125 0.628222221875 0.32371875 0.6153333328125 0.337625 0.61855555625
9 0.6445624999999999 0.56205555625 0.645125 0.5555833328124999 0.645125 0.549722221875 0.645125 0.544527778125 0.645671875 0.5406388890625 0.645671875 0.5386944437500001 0.6458437499999999 0.53675 0.645671875 0.53219444375 0.645671875 0.5263611109374999 0.645296875 0.52180555625 0.644390625 0.5175833328125 0.6447499999999999 0.5156388890625 0.64365625 0.5110833328125 0.642375 0.5091388890624999 0.6403749999999999 0.510777778125 0.64 0.5123888890625 0.64 0.5136944437500001 0.639828125 0.5175833328125 0.63890625 0.52019444375 0.637625 0.5240833328125001 0.637625 0.531222221875 0.63871875 0.5335 0.6385468750000001 0.5396666671875 0.639453125 0.5455 0.640734375 0.5588333328124999 0.6401875 0.5656388890625 0.642015625 0.5679166671875 0.64384375 0.57019444375 0.645296875 0.5688888890625 0.6449374999999999 0.56825 0.6445624999999999 0.56530555625 0.6445624999999999 0.56205555625
9 0.3936875 0.5101111109375001 0.39134375 0.49994444375 0.389828125 0.49277777812499995 0.386625 0.49277777812499995 0.384953125 0.491277778125 0.384953125 0.48591666718750004 0.38378125 0.47874999999999995 0.381421875 0.4763611109375 0.376546875 0.4763611109375 0.37403125 0.47933333281249996 0.37284375000000003 0.48352777812500003 0.37284375000000003 0.49188888906250006 0.371671875 0.494277778125 0.36915624999999996 0.49786111093749996 0.365796875 0.5068333328125 0.36428125 0.5175833328125 0.39587500000000003 0.5205555562499999 0.396203125 0.5175833328125 0.3936875 0.5101111109375001