8 0.6309218750000001 0.9886915890625 0.8215625 0.986425234375 0.608234375 0.9140186921875 0.46449999999999997 0.900443925 0.45542187500000003 0.8393691593750001 0.535609375 0.8054205609375 0.6460625 0.7918457937500001 0.67178125 0.6945794390625 0.6036875 0.47738317812500003 0.59159375 0.43212616875 0.540140625 0.368785046875 0.459953125 0.3416355140625 0.394890625 0.4298598125 0.358578125 0.5045327109375 0.33740625 0.524883178125 0.27234375 0.8529439249999999 0.205765625 0.9615420562500001 0.2905 0.9751168218749999 0.6309218750000001 0.9886915890625
9 0.201375 0.983574765625 0.199875 0.9498831781250001 0.189359375 0.91168224375 0.18784375 0.866728971875 0.190859375 0.8195327109375 0.190859375 0.7700934578124999 0.18784375 0.7094158875 0.175828125 0.6307710281250001 0.190859375 0.6082943921874999 0.18784375 0.5858411218749999 0.1698125 0.558855140625 0.1668125 0.5274065421875 0.13674999999999998 0.48469626093749996 0.10218750000000001 0.45773364531249994 0.0045156250000000005 0.50492990625 0.0015 0.513925234375 0 0.9813317749999999 0.201375 0.983574765625
9 0.18978124999999998 0.599088784375 0.179234375 0.63287383125 0.19128125 0.7049532703125 0.192796875 0.905397196875 0.207859375 0.9482009343750001 0.262078125 0.7545093453125 0.28317187499999996 0.73198598125 0.329859375 0.6734345796875 0.3479375 0.62838785 0.3479375 0.5855841125000001 0.34943749999999996 0.5630607484375 0.36148437499999997 0.5270327109374999 0.353953125 0.49098130781249993 0.353953125 0.47747663593749995 0.3509375 0.4527102796875 0.314796875 0.398644859375 0.284671875 0.3896495328125 0.272625 0.3896495328125 0.244 0.4414485984375 0.18828125 0.4932476640625 0.17621875 0.5135046734375 0.171703125 0.53154205625 0.17321875 0.549556075 0.18978124999999998 0.599088784375
9 0.332125 0.2988785046875 0.335125 0.314602803125 0.34114062500000003 0.32808411249999997 0.333625 0.3348364484375 0.31257812500000004 0.35955607500000003 0.31257812500000004 0.3932476640625 0.323109375 0.4 0.333625 0.41796728906249997 0.34564062500000003 0.43371495312499997 0.35465625 0.4606775703125 0.3711875 0.485397196875 0.396734375 0.478644859375 0.40275 0.4471962609375 0.41778125 0.4089953265625 0.42979687499999997 0.3887616828125 0.44632812499999996 0.3685280375 0.443328125 0.3528037390625 0.4328125 0.32135514062500004 0.42229687499999996 0.32584112187500003 0.405765625 0.33932242968750004 0.408765625 0.3550467296875 0.408765625 0.3707943921875 0.39825 0.3842757015625 0.392234375 0.3730373828125 0.38321875 0.3505607484375 0.38321875 0.3325934578125 0.38471875 0.30787383125 0.37870312500000003 0.28088785 0.3696875 0.2584345796875 0.35315625 0.24719626093749997 0.338125 0.256168225 0.333625 0.269672896875 0.332125 0.2988785046875
9 0.655 0.5944158875000001 0.63490625 0.616355140625 0.624859375 0.6359813078125 0.63490625 0.660257009375 0.639546875 0.729556075 0.653453125 0.771144859375 0.658859375 0.7665186921875 0.67353125 0.7561214953125 0.688984375 0.7526635515625 0.713703125 0.7561214953125 0.73765625 0.7411214953124999 0.75078125 0.7330373828125001 0.760828125 0.6845093453125 0.77628125 0.6452336453124999 0.77628125 0.6290654203125 0.760828125 0.5990186921875 0.75696875 0.5297196265624999 0.753109375 0.4985280375 0.774734375 0.4592523359375 0.797140625 0.4419158875 0.7894062500000001 0.43499999999999994 0.76778125 0.41189252343750005 0.753109375 0.393411215625 0.7461562500000001 0.3575934578125 0.714484375 0.325257009375 0.680484375 0.33911215 0.658859375 0.3679906546875 0.65421875 0.4026401875 0.655765625 0.4372897203125 0.66503125 0.4661915890625 0.678171875 0.49390186875 0.691296875 0.5042990656249999 0.675859375 0.5493457937499999 0.664265625 0.5782242984375 0.655 0.5944158875000001
9 0.9596406249999999 0.5739953265625 0.971640625 0.5874532703125 0.9731406249999999 0.5807242984375 0.91765625 0.502242990625 0.895171875 0.46413551406250003 0.8756718749999999 0.4260046734375 0.8456875 0.41254672968749995 0.8306875 0.4170327109375 0.796203125 0.4506775703125 0.76621875 0.47084112187500005 0.76021875 0.488785046875 0.76021875 0.50448598125 0.75721875 0.5336214953125 0.75571875 0.5784813078125 0.76321875 0.598644859375 0.7692187500000001 0.612102803125 0.782703125 0.6278037390625 0.8276875 0.5739953265625 0.8846718750000001 0.5605373828125 0.9086562499999999 0.5605373828125 0.9596406249999999 0.5739953265625
9 1 0.8067523359375001 0.999375 0.746074765625 0.9963593749999999 0.710116821875 1 0.67640186875 0.9963593749999999 0.6584345796875 0.9903437500000001 0.642686915625 0.978328125 0.6202336453124999 0.960296875 0.59551401875 0.9242343749999999 0.5775233640625 0.895671875 0.5730373828124999 0.859609375 0.5775233640625 0.8400624999999999 0.5820327109375001 0.8205312499999999 0.6 0.7995 0.6247196265625 0.78896875 0.638200934375 0.7754531250000001 0.6719158875 0.7709374999999999 0.6943925234375 0.7694375 0.710116821875 0.7694375 0.721355140625 0.776953125 0.7325934578125 0.779953125 0.7438317750000001 0.78446875 0.759556075 0.78746875 0.7730373828125 0.78596875 0.7797663546875 0.78446875 0.7842757015624999 0.778453125 0.7887616828125 0.7514062499999999 0.7910046734375 0.7213437500000001 0.7932476640624999 0.6988125000000001 0.7932476640624999 0.65521875 0.8 0.623671875 0.8112383171875001 0.58459375 0.8179672890624999 0.54853125 0.8337149531250001 0.510953125 0.8449532703125 0.48840625 0.853925234375 0.474890625 0.8584345796875 0.48690625 0.853925234375 0.464375 0.853925234375 0.462859375 0.88088785 0.46135937499999996 0.9191121499999999 0.464375 0.9348364484375 0.468875 0.9370794390625001 0.489921875 0.9393224296874999 0.539515625 0.921355140625 0.6386875 0.8966355140625 0.65071875 0.89212616875 0.6897968750000001 0.89212616875 0.7093281250000001 0.8966355140625 0.7288593750000001 0.9011214953125 0.75590625 0.9056074765625001 0.773953125 0.9056074765625001 0.797984375 0.8988785046875 0.8085156250000001 0.9056074765625001 0.8205312499999999 0.9191121499999999 0.831046875 0.9191121499999999 0.8385624999999999 0.921355140625 0.8535937499999999 0.930327103125 0.8581093750000001 0.9370794390625001 0.8716250000000001 0.9505607484375 0.879140625 0.9685280374999999 0.8926718749999999 0.9865186921875001 0.909203125 0.9865186921875001 0.91821875 0.9865186921875001 0.948265625 0.9752803734375 0.964796875 0.9752803734375 0.979828125 0.9820327109375 0.991859375 0.9685280374999999 0.997859375 0.9528037390625 0.999375 0.925841121875 0.999375 0.9033644859375001 1 0.842686915625 1 0.8067523359375001
9 0.6673281249999999 0.2755841125 0.6624218749999999 0.2755841125 0.64278125 0.2792523359375 0.6309843749999999 0.28731308437499997 0.6128125 0.296144859375 0.607421875 0.3071495328125 0.604953125 0.32918224375 0.603984375 0.34387850468750003 0.608390625 0.365911215625 0.612328125 0.3805841125 0.6133124999999999 0.3842757015625 0.620671875 0.3952803734375 0.623625 0.39894859843749997 0.626078125 0.402616821875 0.623125 0.4048364484375 0.617234375 0.4180373828125 0.613796875 0.43787383125 0.610359375 0.4356775703125 0.608390625 0.4297897203125 0.601515625 0.3952803734375 0.591703125 0.38647196250000004 0.58384375 0.385 0.57696875 0.38647196250000004 0.57303125 0.3901401875 0.56959375 0.3930841125 0.571078125 0.406285046875 0.5755 0.421728971875 0.575984375 0.426869159375 0.579421875 0.4371495328125 0.590234375 0.45035046718749994 0.58875 0.45404205624999994 0.5877656250000001 0.45918224375000005 0.582859375 0.473855140625 0.586296875 0.49883177500000003 0.588265625 0.49883177500000003 0.593671875 0.49663551406249995 0.5941562499999999 0.499556075 0.601515625 0.536285046875 0.605453125 0.533341121875 0.608890625 0.529672896875 0.61478125 0.5260046734375 0.624609375 0.525257009375 0.639828125 0.532616821875 0.648171875 0.542897196875 0.657515625 0.5480373828125 0.6653749999999999 0.5472897203125 0.66978125 0.545841121875 0.67225 0.542897196875 0.677640625 0.536285046875 0.683546875 0.5245327109375 0.686984375 0.5098364484375 0.686 0.5025000000000001 0.6820625 0.49663551406249995 0.6751875 0.4870794390625 0.66978125 0.474602803125 0.6653749999999999 0.46137850468749997 0.6624218749999999 0.45109813125000003 0.658984375 0.44007009375 0.65309375 0.4224532703125 0.6540781250000001 0.4033644859375 0.658984375 0.3769158875 0.65996875 0.357102803125 0.67715625 0.33507009375 0.680109375 0.3313785046875 0.679609375 0.3042056078125 0.6673281249999999 0.2755841125
9 0.243453125 0.4535514015625 0.25396874999999997 0.42210280312500004 0.29304687500000004 0.38838785 0.323109375 0.35918224374999996 0.28703124999999996 0.347943925 0.255484375 0.269299065625 0.201375 0.30074766406250003 0.193859375 0.3726635515625 0.190859375 0.37714953281249997 0.18034375 0.397383178125 0.18034375 0.4557943921875 0.21490625 0.40637850468750003 0.177328125 0.4940186921875 0.18334375 0.4940186921875 0.18484375 0.4917523359375 0.243453125 0.4535514015625
8 0.541703125 0.7078504671875 0.5288906250000001 0.7164953265625 0.5288906250000001 0.7270327109375 0.53115625 0.7330373828125001 0.534671875 0.7717523359375 0.536421875 0.8123364484375 0.540203125 0.8202336453125 0.54296875 0.8206074765625001 0.5509999999999999 0.8164719625 0.5613125 0.8006775703125 0.56734375 0.7954205609375 0.570109375 0.770630840625 0.578140625 0.7259112156249999 0.573125 0.7157476640625 0.5580468749999999 0.7078504671875 0.541703125 0.7078504671875
8 0.5061093750000001 0.70668224375 0.514515625 0.713785046875 0.5236562499999999 0.7225233640625001 0.5295 0.729088784375 0.5291406249999999 0.717056075 0.530234375 0.7143224296875 0.5415625000000001 0.7094158875 0.543015625 0.701214953125 0.5459375 0.6706074765625 0.5411875 0.664602803125 0.5346093749999999 0.661869159375 0.5236562499999999 0.661869159375 0.520734375 0.659672896875 0.5148906249999999 0.659672896875 0.5148906249999999 0.6629672890625 0.50428125 0.6667757015625 0.502828125 0.6667757015625 0.505015625 0.7055841125 0.5061093750000001 0.70668224375
8 0.282578125 0.8974532703125 0.2840625 0.8824065421875 0.290578125 0.8655607484375001 0.298578125 0.8624766359375 0.30479687499999997 0.8319158874999999 0.297984375 0.8323598125 0.29265625 0.8301401875 0.28495312500000003 0.8522897203124999 0.28525 0.8615887843750001 0.2704375 0.8952336453124999 0.275484375 0.8961214953125 0.282578125 0.8974532703125
8 0.9985937500000001 0.48605140156250004 1 0.4404906546875 0.957078125 0.43934579375 0.957078125 0.425116821875 0.960125 0.41371495312500006 0.973828125 0.41200934531250005 0.9715468749999999 0.40516355156249995 0.9555468749999999 0.402897196875 0.953265625 0.40516355156249995 0.867546875 0.43537383125 0.8724999999999999 0.44675233593749997 0.8835468750000001 0.45985981249999996 0.9985937500000001 0.48605140156250004
8 0.41762499999999997 0.321799065625 0.397359375 0.32432242968749997 0.397015625 0.349088784375 0.40006250000000004 0.34301401875000004 0.40242187500000004 0.3384813078125 0.40579687499999995 0.347056075 0.40951562499999994 0.34401869218750003 0.418640625 0.34656542031250004 0.421 0.33595794375 0.42943749999999997 0.3213084109375 0.43484375000000003 0.3253504671875 0.437203125 0.33088785 0.43890624999999994 0.3414953265625 0.48484375 0.3319158875 0.466265625 0.326355140625 0.437890625 0.317757009375 0.41762499999999997 0.321799065625
9 0.00021875000000000003 0.4202803734375 0.008203125 0.4224065421875 0.010187499999999999 0.42581775625 0.011609375 0.4321962609375 0.012750000000000001 0.477757009375 0.01303125 0.489672896875 0.0224375 0.48371495312499996 0.02840625 0.46925233593750004 0.043796875 0.427943925 0.044359375 0.41390186875 0.043796875 0.398574765625 0.0460625 0.396869159375 0.048343750000000005 0.39175233593750003 0.048343750000000005 0.3887616828125 0.032109375 0.34831775625 0.023578125 0.3202336453125 0.011328125 0.30404205625 0.005640625 0.3019158875 0.0007968750000000001 0.3019158875 0.000515625 0.3023364484375 0.00021875000000000003 0.3870794390625 0.00021875000000000003 0.4202803734375
9 0.735203125 0.33623831718749997 0.746140625 0.3567056078125 0.755265625 0.382616821875 0.76621875 0.4044626171875 0.7780781250000001 0.42219626093749996 0.79540625 0.4426635515625 0.8063593750000001 0.44675233593749997 0.8045312499999999 0.42764018750000005 0.7899375 0.4099065421875 0.782640625 0.37581775624999997 0.7789843750000001 0.3444392515625 0.7716875 0.3075934578125 0.755265625 0.2843925234375 0.735203125 0.2707476640625 0.72059375 0.276214953125 0.707828125 0.291214953125 0.6932343750000001 0.31714953281249997 0.6676875 0.3512383171875 0.69140625 0.33623831718749997 0.722421875 0.32668224375 0.735203125 0.33623831718749997
9 0.6073593749999999 0.363831775 0.608109375 0.3553037390625 0.608109375 0.3501635515625 0.608109375 0.34619158906249997 0.609265625 0.338200934375 0.609265625 0.3353504671875 0.61040625 0.33308411250000003 0.6107812499999999 0.32852803750000004 0.6100156250000001 0.3256775703125 0.6085 0.31827102812499997 0.6073593749999999 0.3120093453125 0.6073593749999999 0.30345794375 0.6085 0.298341121875 0.615734375 0.2909345796875 0.6248750000000001 0.28123831718750003 0.61878125 0.2806775703125 0.6073593749999999 0.2852336453125 0.593265625 0.298341121875 0.583359375 0.3148598125 0.581828125 0.3296495328125 0.57878125 0.33934579375 0.568875 0.3524532703125 0.571546875 0.3592757015625 0.581453125 0.367827103125 0.589828125 0.363271028125 0.5955468749999999 0.3604205609375 0.597453125 0.3706775703125 0.5997343749999999 0.3775 0.60621875 0.3775 0.60659375 0.38149532656249996 0.60659375 0.37808411249999996 0.6073593749999999 0.3706775703125 0.6073593749999999 0.363831775
8 0.63740625 1 0.647375 0.9617056078124999 0.6502343749999999 0.9350700937499999 0.6502343749999999 0.919088784375 0.647375 0.9127102796875001 0.64525 0.9105841124999999 0.62315625 0.902056075 0.61675 0.9116355140625 0.6074843750000001 0.919088784375 0.596796875 0.9180373828124999 0.58753125 0.9137616828124999 0.5868125 0.9265654203125001 0.590375 0.9670327109375 0.5989375 1 0.63740625 1
8 0.314703125 0.8757476640625 0.318734375 0.8848130843750001 0.32378125 0.8868224296875 0.329828125 0.9220093453124999 0.33185937499999996 0.9275467296875 0.33890625 0.929556075 0.34564062500000003 0.93007009375 0.34584375 0.81051401875 0.322984375 0.8180373828124999 0.31490625 0.8306074765625 0.317265625 0.8557476640624999 0.3136875 0.8601635515625 0.3136875 0.8646962609375001 0.314703125 0.8757476640625
8 0.416140625 0.6810514015625 0.43115625 0.6887383171875 0.439078125 0.696425234375 0.44460937500000003 0.6485280375 0.4414375 0.642616821875 0.41851562500000006 0.6390654203125 0.403484375 0.641425234375 0.40190625 0.658574765625 0.403484375 0.669228971875 0.416140625 0.6810514015625
8 0.45909374999999997 0.543644859375 0.46293749999999995 0.5411214953125 0.463890625 0.5249766359375 0.4600625 0.522827103125 0.455015625 0.5213785046875 0.446375 0.522102803125 0.44470312500000003 0.5687616828125 0.45765625 0.5684112156250001 0.45909374999999997 0.543644859375
8 0.51459375 0.50551401875 0.509375 0.5142757015625 0.508734375 0.5191355140625 0.52696875 0.5240186921875 0.53021875 0.5347196265624999 0.52696875 0.5483644859375 0.536734375 0.5425233640625 0.541296875 0.5230373828125 0.541296875 0.5064953265625001 0.525015625 0.50551401875 0.51459375 0.50551401875
8 0.38487499999999997 0.5884813078125 0.388765625 0.603341121875 0.3900625 0.6207476640625 0.391359375 0.642056075 0.39178125 0.6652803734375 0.40128125 0.6652803734375 0.40257812499999995 0.6530373828125 0.404734375 0.640771028125 0.4125 0.640116821875 0.4125 0.6291588781249999 0.41293749999999996 0.6181775703125 0.4168125 0.6097897203125 0.4168125 0.5981775703125 0.42026562500000003 0.5839719624999999 0.42328124999999994 0.5717056078125 0.41421875 0.56654205625 0.40515625 0.565911215625 0.393515625 0.565911215625 0.3853125 0.5704205609375 0.38487499999999997 0.5723598125 0.38487499999999997 0.5794626171874999 0.38487499999999997 0.5884813078125
8 0.4815625 0.6069626171875 0.475375 0.6127336453125001 0.47229687499999995 0.6173598124999999 0.46765625 0.62198598125 0.466890625 0.6370093453125001 0.46920312500000005 0.6578037390625 0.47384375 0.6716588781249999 0.483109375 0.68088785 0.5031875 0.676285046875 0.50628125 0.6658878500000001 0.510921875 0.6566355140625 0.5116875000000001 0.627757009375 0.493921875 0.6069626171875 0.490828125 0.6023364484375 0.4815625 0.6069626171875
8 0.5346875 0.50492990625 0.5407031250000001 0.5072897203125 0.542546875 0.519813084375 0.539921875 0.5307943921875 0.53834375 0.540186915625 0.54515625 0.5405841125 0.54778125 0.53315420625 0.5501406249999999 0.52609813125 0.550921875 0.519813084375 0.55459375 0.4920093453125 0.5527656249999999 0.487686915625 0.542015625 0.48299065468749997 0.52578125 0.487686915625 0.5255156249999999 0.4924065421875 0.526828125 0.504556075 0.5346875 0.50492990625
8 0.47376562499999997 0.3675934578125 0.47818750000000004 0.353644859375 0.485546875 0.3360046734375 0.487015625 0.32866822500000004 0.495375 0.3227803734375 0.49684375000000003 0.293411215625 0.49340624999999994 0.2919392515625 0.490953125 0.30443925156249996 0.48653124999999997 0.2970794390625 0.47474999999999995 0.29560747656249997 0.46885937499999997 0.30443925156249996 0.466390625 0.29855140156250004 0.46196875000000004 0.29560747656249997 0.459515625 0.30296728906250003 0.461 0.339672896875 0.46001562500000004 0.3947663546875 0.461 0.3962383171875 0.4644375 0.37640186875000003 0.47376562499999997 0.3675934578125
8 0.9089218750000001 0.3515654203125 0.8972031250000001 0.343831775 0.8821875 0.3564719625 0.87140625 0.3529672890625 0.8728125 0.4293925234375 0.920171875 0.416074765625 0.917828125 0.34803738281249996 0.915953125 0.34663551406250004 0.9089218750000001 0.3515654203125
8 0.7730625 0.35126168281250003 0.771625 0.3614719625 0.771625 0.36871495312499997 0.771625 0.37595794374999997 0.77078125 0.38532710312499996 0.7753281249999999 0.39595794375 0.7781875 0.3981074765625 0.78415625 0.40278037343750006 0.793265625 0.41640186874999996 0.8046562500000001 0.43044392499999995 0.806078125 0.34359813125 0.800390625 0.34359813125 0.8001093750000001 0.3286915890625 0.79953125 0.3257242984375 0.7966875 0.3210280375 0.794125 0.3227336453125 0.79384375 0.329556075 0.787 0.3244392515625 0.7793125 0.3240186921875 0.77134375 0.3286915890625 0.771625 0.33294392500000003 0.7730625 0.3444626171875 0.7730625 0.35126168281250003
8 0.558734375 0.3095327109375 0.557546875 0.308644859375 0.5560625 0.3126401875 0.5542812500000001 0.3166355140625 0.54834375 0.31352803749999997 0.543296875 0.3113084109375 0.5364687499999999 0.3113084109375 0.533203125 0.31175233593749996 0.5335 0.37168224375 0.562296875 0.367242990625 0.558734375 0.3095327109375
8 0.83290625 0.4261915890625 0.850625 0.4249766359375 0.873984375 0.43462616875000004 0.869140625 0.35032710312500004 0.8659218750000001 0.35032710312500004 0.8643124999999999 0.356355140625 0.855453125 0.356355140625 0.844171875 0.3515186921875 0.835328125 0.3599532703125 0.83290625 0.356355140625 0.83290625 0.40572429843749996 0.83290625 0.4261915890625
8 0.046421875 0.408411215625 0.047515625 0.4377803734375 0.041703125 0.436168225 0.033687499999999995 0.4600934578125 0.045328125000000004 0.4589953265625 0.04425 0.47859813124999995 0.057343750000000006 0.4709813078125 0.054796875 0.34095794375 0.030421874999999998 0.34369158906249997 0.046421875 0.3910046734375 0.046421875 0.408411215625
8 0.411140625 0.3439953265625 0.41457812499999996 0.3491355140625 0.42145312500000004 0.3308644859375 0.43023437500000006 0.31544392499999996 0.435953125 0.333714953125 0.43671875 0.358271028125 0.424890625 0.3879672890625 0.4245 0.42221962656249995 0.42756249999999996 0.42962616875000004 0.43367187500000004 0.4416355140625 0.440546875 0.44334112187499997 0.442828125 0.45189252343749997 0.4485625 0.45647196250000005 0.448171875 0.437056075 0.44665625000000003 0.4113785046875 0.45314062499999996 0.409088784375 0.454671875 0.3862383171875 0.458109375 0.2994626171875 0.44740624999999995 0.3068925234375 0.44321875000000005 0.3063084109375 0.43367187500000004 0.30231308437500004 0.42298437499999997 0.30918224375 0.4210625 0.3068925234375 0.414953125 0.305186915625 0.41076562499999997 0.305186915625 0.40960937499999994 0.32745327031250004 0.411140625 0.3439953265625
8 0.466765625 0.5831775703125001 0.471015625 0.5974766359375 0.475265625 0.5974766359375 0.47596875 0.5895327109374999 0.48234374999999996 0.587943925 0.48268750000000005 0.5868691593750001 0.48340625 0.5831775703125001 0.48693749999999997 0.58 0.49012500000000003 0.5773598125 0.49225 0.5678271031250001 0.49437499999999995 0.5519392515625 0.492953125 0.5487616828124999 0.48587499999999995 0.5439953265625 0.478453125 0.5434813078125 0.46746875 0.5434813078125 0.46215624999999994 0.5466588781249999 0.46145312499999996 0.5672897203125 0.46110937500000004 0.5704672890625 0.46215624999999994 0.5741822437499999 0.466765625 0.5831775703125001
8 0.436171875 0.50331775625 0.44309374999999995 0.5062616828125 0.446734375 0.5097196265624999 0.44706250000000003 0.49640186875000003 0.44706250000000003 0.4870327109375 0.44706250000000003 0.480116821875 0.44507812500000005 0.476168225 0.43451562499999996 0.4746962609375 0.42495312500000004 0.4791355140625 0.42362500000000003 0.4850467296875 0.4259375 0.5072663546875 0.436171875 0.50331775625
8 0.305140625 0.9703738312500001 0.308984375 0.980327103125 0.317265625 0.9834112156250001 0.333109375 0.9774532703125001 0.3236822921875 0.9632866046874999 0.332953125 0.9597429906249999 0.34465625 0.9674766359375001 0.344796875 0.9573130843750001 0.3025 0.9599532703125 0.2985260421875 0.9632749234375 0.292734375 0.9608411218749999 0.2901145828125 0.965708721875 0.281703125 0.9681425234375001 0.281484375 0.9632827109375001 0.23707812499999997 0.9705841124999999 0.23543750000000002 0.9770093453124999 0.25646874999999997 0.9754439250000001 0.2732916671875 0.970576325 0.305140625 0.9703738312500001
8 0.061312500000000006 0.3978504671875 0.062296874999999995 0.3855373828125 0.06328125 0.3761915890625 0.063625 0.3688084109375 0.061640625000000004 0.30679906562500003 0.060328124999999996 0.2935280375 0.059671875 0.28712616875 0.059343749999999994 0.281214953125 0.059343749999999994 0.2600467296875 0.059671875 0.2487383171875 0.056374999999999995 0.24775700937499998 0.053421874999999994 0.2787616828125 0.05242187499999999 0.281214953125 0.050453125 0.2851635515625 0.050124999999999996 0.2895794390625 0.046828125 0.2959813078125 0.04815625 0.30385514062499996 0.05078125 0.3127102796875 0.05209375000000001 0.3156775703125 0.053421874999999994 0.32992990624999996 0.053421874999999994 0.33289719687499997 0.05375 0.33584112187500004 0.05440625 0.3378037390625 0.054734375 0.342242990625 0.058359375000000005 0.396869159375 0.059671875 0.4042523359375 0.060328124999999996 0.4022897203125 0.061312500000000006 0.3978504671875
8 0.5296875 0.48338785 0.5390312500000001 0.48242990625 0.5414218749999999 0.4801401875 0.54228125 0.47787383125 0.54315625 0.46455607499999996 0.541640625 0.4561214953125 0.53446875 0.4567757015625 0.52275 0.4580607484375 0.521015625 0.46228972031250004 0.52275 0.4749532703125 0.52253125 0.48859813125 0.523390625 0.48728972031250006 0.524046875 0.4869626171875 0.5296875 0.48338785
8 0.37203125 0.5804906546875 0.367640625 0.590630840625 0.360296875 0.5953037390625 0.353328125 0.6040654203125 0.35607812499999997 0.606799065625 0.364328125 0.598574765625 0.36910937499999996 0.5969392515624999 0.37625000000000003 0.5914485984375 0.38028125 0.5802102796875 0.37496874999999996 0.57801401875 0.37203125 0.5804906546875
8 0.58315625 0.5049766359375 0.5796718750000001 0.5130841125 0.569984375 0.5194626171875 0.5726875 0.526425234375 0.5796718750000001 0.5240887843750001 0.585484375 0.5125 0.593234375 0.5061214953125 0.593234375 0.5038084109375001 0.591296875 0.5038084109375001 0.58315625 0.5049766359375
8 0.23346874999999997 0.9702336453125 0.23196875 0.974672896875 0.213125 0.9776401874999999 0.210640625 0.9850700937499999 0.23693749999999997 0.9895093453125 0.310875 0.9694859812500001 0.34164062500000003 0.9509345796875 0.339171875 0.9442523359375 0.32775 0.9472196265624999 0.31039062500000003 0.9620560749999999 0.301453125 0.9598364484375 0.263234375 0.9620560749999999 0.23346874999999997 0.9702336453125
8 0.5959375 0.6927102796875 0.614328125 0.6749532703125001 0.6153125 0.6722897203125 0.612046875 0.6686214953125 0.61090625 0.6669392515625 0.593671875 0.68492990625 0.5910624999999999 0.6912616828125 0.58309375 0.695397196875 0.5808125000000001 0.700257009375 0.5835781250000001 0.702943925 0.588953125 0.704158878125 0.593171875 0.7043925234375 0.595625 0.699299065625 0.5959375 0.6927102796875
8 0.396875 0.5654205609375 0.415625 0.567757009375 0.4203125 0.5537383171875 0.421875 0.5 0.52015625 0.46542056093750006 0.52578125 0.5140186921875001 0.5296875 0.6542056078125 0.53125 0.6635514015624999 0.5375 0.6635514015624999 0.5453125 0.6705607484375 0.54375 0.69859813125 0.5515625 0.69859813125 0.5578125 0.682242990625 0.5546875 0.640186915625 0.5625 0.609813084375 0.5625 0.5864485984375001 0.5578125 0.5771028031250001 0.534375 0.5747663546874999 0.534375 0.5630841125 0.5314062500000001 0.5626168218750001 0.53 0.5504672890625 0.534375 0.55140186875 0.534375 0.5397196265625 0.52859375 0.53831775625 0.5271874999999999 0.5261682249999999 0.534375 0.5280373828125 0.534375 0.45794392500000003 0.5453125 0.45560747656249995 0.553125 0.443925234375 0.5546875 0.4299065421875 0.5453125 0.411214953125 0.5359375 0.411214953125 0.53125 0.4182242984375 0.5296875 0.42757009375 0.523784721875 0.4222481828125 0.4192708328125 0.47858255312500003 0.4171875 0.49065420625 0.41180555625000004 0.48260643906249995 0.40703125 0.49065420625 0.404340278125 0.486630321875 0.396875 0.49065420625 0.3921875 0.49766355156250003 0.3921875 0.5116822437499999 0.3953125 0.516355140625 0.396875 0.5654205609375