8 0.6764788734375 0.30281250000000004 0.6628755875000001 0.310109375 0.6734507046875 0.31639062500000004 0.664389671875 0.32092187499999997 0.6779812203125 0.325953125 0.684037559375 0.32042187499999997 0.671173709375 0.282203125 0.671173709375 0.27164062499999997 0.6598591546875 0.205265625 0.65230046875 0.17259375 0.6447417843750001 0.170578125 0.6349295781250001 0.17409375 0.6402112671875 0.23845312500000002 0.661361503125 0.299296875 0.6764788734375 0.30281250000000004
9 0.5163849765624999 0.74159375 0.5520187796875 0.6808125 0.5653755874999999 0.6229843749999999 0.5698356812500001 0.5636875 0.6299765265625 0.562203125 0.670070421875 0.575546875 0.6834272296874999 0.54440625 0.6455633796875 0.5206875 0.5921126765625 0.542921875 0.61661971875 0.4880625 0.6210563375 0.41987500000000005 0.6723004687499999 0.34573437500000004 0.6834272296874999 0.32053125 0.6767605640625 0.301265625 0.65448356875 0.29978125 0.5898826296874999 0.40504687500000003 0.57875586875 0.40207812499999995 0.5587089203125 0.41245312500000003 0.53197183125 0.431734375 0.536431925 0.45099999999999996 0.5275117375 0.458421875 0.460704225 0.51475 0.42950704218749997 0.5592343750000001 0.43619718281250003 0.62446875 0.43842722968750003 0.6659843750000001 0.420610328125 0.686734375 0.420610328125 0.759375 0.40946009375000003 0.787546875 0.460704225 0.8053437499999999 0.538661971875 0.817203125 0.538661971875 0.806828125 0.5096948359375 0.774203125 0.5163849765624999 0.74159375
9 0.8589906109375001 0.40198437499999995 0.8398826296875 0.39514062499999997 0.8398826296875 0.381453125 0.822253521875 0.371671875 0.814906103125 0.371671875 0.7972769953125 0.382421875 0.803145540625 0.398078125 0.7972769953125 0.3990625 0.7796244125 0.40590624999999997 0.78551643125 0.437203125 0.8487089203125 0.43915625 0.8560563374999999 0.433296875 0.8648591546875 0.423515625 0.8589906109375001 0.40198437499999995
9 0.7163849765625 0.379140625 0.7235446015625 0.366015625 0.73161971875 0.364234375 0.7441549296875001 0.364234375 0.7495305171875 0.37378125 0.7495305171875 0.38928124999999997 0.7495305171875 0.391671875 0.7674413140625 0.394046875 0.77640845 0.400609375 0.7835915499999999 0.39703125 0.7835915499999999 0.394046875 0.7835915499999999 0.379140625 0.7781924874999999 0.365421875 0.7513145546875 0.36184375 0.7495305171875 0.355875 0.7459389671875 0.343359375 0.7441549296875001 0.336203125 0.7325117375 0.33381249999999996 0.7181690140625 0.33978125000000003 0.7163849765625 0.35528125 0.7136854453125 0.363640625 0.6912910796875 0.36840625 0.68859155 0.37675000000000003 0.6912910796875 0.40598437499999995 0.6975586859375 0.39703125 0.7127934265625 0.391078125 0.7145774640625 0.391078125 0.7181690140625 0.384515625 0.7163849765625 0.379140625
9 0.8477230046875001 0.290703125 0.8404694828125001 0.29290625000000003 0.838497653125 0.29596875 0.8381690140625 0.300359375 0.8381690140625 0.301890625 0.838497653125 0.30276562500000004 0.838497653125 0.3051875 0.840798121875 0.3078125 0.84375586875 0.310453125 0.8440845078124999 0.311328125 0.8328873234374999 0.3155 0.829929578125 0.31703125 0.8391549296875 0.323171875 0.840798121875 0.32646875 0.845093896875 0.32996875000000003 0.845093896875 0.332828125 0.8424413140624999 0.3374375 0.8398122062500001 0.3400625 0.8325586859375 0.3409375 0.8312441312500001 0.34159375000000003 0.8427699531249999 0.344890625 0.8533333328125 0.3481875 0.8546478875 0.35125 0.8595774640625 0.35365625 0.86981220625 0.35343749999999996 0.8724413140625 0.347296875 0.8780516437499999 0.342703125 0.879366196875 0.347953125 0.883309859375 0.35168750000000004 0.8922065734375 0.35234375 0.896502346875 0.345984375 0.898145540625 0.341375 0.8988028171875 0.33523437500000003 0.8958450703124999 0.323390625 0.8955164312499999 0.320765625 0.8869483562499999 0.31571875 0.883309859375 0.313734375 0.87769953125 0.312859375 0.8753990609375 0.311984375 0.8734272296875 0.311984375 0.8711267609375 0.310453125 0.8734272296875 0.30584375 0.8701408453124999 0.29465625 0.8688028171875001 0.29312499999999997 0.866173709375 0.29312499999999997 0.8635446015625 0.29114062500000004 0.857934271875 0.289609375 0.8539906109375 0.289390625 0.8510093890625001 0.289609375 0.8477230046875001 0.290703125
9 0.8365727703125 0.30175 0.8365727703125 0.29303124999999997 0.8446478875000001 0.2916875 0.8567370890625 0.288328125 0.8597652578125 0.28700000000000003 0.8597652578125 0.28296875 0.8597652578125 0.27559374999999997 0.8537089203124999 0.26887500000000003 0.8406103281249999 0.266859375 0.8315258218749999 0.272234375 0.8254929578124999 0.281625 0.8325352109375 0.29235937500000003 0.8244835687500001 0.29504687500000004 0.814389671875 0.297734375 0.8043192484375 0.306453125 0.80230046875 0.319875 0.8053286390625001 0.32321875 0.8083568078125 0.32121875 0.8153990609375 0.31651562499999997 0.8295070421874999 0.31651562499999997 0.8426291078125001 0.311140625 0.8426291078125001 0.3098125 0.84161971875 0.30846874999999996 0.8365727703125 0.30175
9 0.918849765625 0.25425 0.9066901406250001 0.252546875 0.89838028125 0.256796875 0.890704225 0.26615625 0.8926291078125 0.27340624999999996 0.8817370890625 0.27935937499999997 0.8811032859375001 0.2946875 0.884295775 0.303625 0.8900704218750001 0.31640625 0.9194835687499999 0.309171875 0.922042253125 0.30703125 0.9207511734375 0.2925625 0.9316431921874999 0.283625 0.9361032859374999 0.28234375 0.9258685453125001 0.272125 0.92140845 0.271265625 0.9207511734375 0.2631875 0.918849765625 0.25425
9 0.8646009390625 0.14750000000000002 0.85194835625 0.1509375 0.8488967140625 0.156796875 0.8498591546875 0.166734375 0.84946009375 0.1710625 0.8439201875 0.173234375 0.8419953046875 0.17706249999999998 0.84410798125 0.17871874999999998 0.8496478875 0.184828125 0.850798121875 0.18878124999999998 0.8504225359375001 0.1968125 0.86018779375 0.197578125 0.8674647890625 0.1966875 0.872253521875 0.19375 0.8684272296875 0.18559375 0.8699530515625 0.17565625 0.8730046953124999 0.173109375 0.8770422531250001 0.16915625 0.8781924875 0.16317187500000002 0.8777934265624999 0.15603125 0.875704225 0.151953125 0.8735915500000001 0.14953125 0.8646009390625 0.14750000000000002
9 0.6956807515625 0.16815625 0.6989436625 0.171046875 0.7011032859374999 0.175375 0.7021830984374999 0.181140625 0.706525821875 0.184015625 0.706525821875 0.187625 0.704366196875 0.192671875 0.7086854453125 0.19339062499999998 0.7195305171874999 0.19771875 0.7271126765625 0.19771875 0.736854459375 0.1984375 0.737934271875 0.203484375 0.7357746484375001 0.20565625 0.7357746484375001 0.212859375 0.74767605625 0.212859375 0.7487793421875 0.18257812499999998 0.7530985921875 0.17609375 0.7617605640625 0.17681249999999998 0.7563615031250001 0.169609375 0.754178403125 0.161671875 0.7509389671875 0.15518749999999998 0.74659624375 0.150859375 0.740093896875 0.14653125 0.7292723 0.141484375 0.7325117375 0.137875 0.7325117375 0.131390625 0.7325117375 0.122015625 0.7292723 0.11696875 0.71302816875 0.119125 0.7097652578125 0.124171875 0.706525821875 0.129953125 0.707605634375 0.134265625 0.7086854453125 0.140046875 0.6956807515625 0.14725 0.690281690625 0.151578125 0.6870187796875 0.163828125 0.689201878125 0.1645625 0.691361503125 0.16599999999999998 0.6956807515625 0.16815625
9 0.47030516406249995 0.1418125 0.460446009375 0.13929687500000001 0.44798122031250004 0.142390625 0.44215962500000006 0.14528125 0.436361503125 0.157640625 0.4299765265625 0.16015625 0.4227230046875 0.164015625 0.4195305171875 0.166328125 0.4192488265625 0.16884375000000001 0.4250469484375 0.169234375 0.44767605625 0.179859375 0.459295775 0.1850625 0.468286384375 0.19434374999999998 0.471173709375 0.19878125 0.4851173703125 0.198015625 0.48424882656249996 0.19471875 0.485704225 0.1804375 0.4874413140625 0.173484375 0.4769953046875 0.164796875 0.470610328125 0.161890625 0.4694366203125 0.15821875000000002 0.47030516406249995 0.1418125
8 0.6635680749999999 0.20610937499999998 0.6701173703125 0.20793750000000003 0.6794131453125 0.20634375 0.6845774640625 0.20175 0.6825117374999999 0.195796875 0.6807746484375 0.193046875 0.674929578125 0.190984375 0.6673474171875 0.19121875 0.6673474171875 0.19190625 0.6632159625 0.19396875 0.6601173703125001 0.196484375 0.65840375625 0.20084375 0.6635680749999999 0.20610937499999998
8 0.8002112671875 0.47765625 0.8043427234375 0.48392187499999995 0.800798121875 0.48667187500000003 0.8043427234375 0.48981250000000004 0.810647215625 0.4832075890625 0.8193427234374999 0.4833359375 0.8131631453124999 0.47726562499999997 0.8261150234375 0.476875 0.8319953046874999 0.485890625 0.8390669015625001 0.47648437499999996 0.8520187796875 0.47609375 0.8461267609374999 0.46003125 0.8431690140624999 0.45767187500000006 0.84553990625 0.45218749999999996 0.8421696859375001 0.4501830359375 0.8484741781249999 0.443578125 0.8378873234374999 0.440828125 0.799037559375 0.440828125 0.78197183125 0.44396874999999997 0.777253521875 0.44749999999999995 0.7760798125 0.45298437500000005 0.78197183125 0.46003125 0.7796009390624999 0.462765625 0.8002112671875 0.47765625
8 0.807065728125 0.39615234374999997 0.838474178125 0.395734375 0.8484272296875 0.3980625 0.8509154921875 0.3960625 0.8489436625 0.3894375 0.8389671359375 0.39075000000000004 0.8399530515625001 0.385453125 0.8180281687500001 0.3925859375 0.7980985921875 0.387765625 0.7841314546875 0.389765625 0.781150234375 0.40203125 0.7961032859375 0.39971875 0.8080751171875 0.399390625 0.807065728125 0.39615234374999997
9 0.7887323937499999 0.37790625 0.7995774640625 0.379421875 0.8144131453125001 0.3706875 0.8184037562500001 0.3706875 0.8258215968749999 0.3714375 0.8349530515625 0.379046875 0.8589436625 0.379046875 0.8492253515625 0.377140625 0.857230046875 0.370296875 0.8555164312500001 0.3524375 0.8538028171875001 0.34940625000000003 0.830962440625 0.3421875 0.8275352109374999 0.341796875 0.837253521875 0.33990624999999997 0.8452347421875 0.33078124999999997 0.8395305171875 0.32356250000000003 0.8315258218749999 0.31710937499999997 0.8281220656249999 0.31596875 0.8229812203125 0.315578125 0.8104225359375 0.31825000000000003 0.8018544593750001 0.334203125 0.8092722999999999 0.336859375 0.8115492953125001 0.3421875 0.80983568125 0.343328125 0.8035680749999999 0.34446875 0.8007042249999999 0.345984375 0.789295775 0.34978125000000004 0.786431925 0.3524375 0.787582159375 0.35548437499999996 0.7887323937499999 0.37790625
9 0.569201878125 0.21310156249999998 0.5733568078125 0.21179687500000002 0.5816431921875 0.22640625 0.5857120499999999 0.2125572921875 0.593838028125 0.21667187499999999 0.5965140843750001 0.225921875 0.6113849765625 0.2254375 0.6104225359375001 0.21407812499999998 0.59806729375 0.2133177078125 0.6113849765625 0.203359375 0.5987089203125 0.193953125 0.6021126765625 0.183875 0.6016431921875001 0.17284375000000002 0.59626760625 0.169921875 0.5816431921875 0.1705625 0.5753051640625 0.174140625 0.5723708921874999 0.17803125 0.5713849765625 0.183234375 0.5713849765625 0.18778125 0.573826290625 0.19134374999999998 0.5704225359375 0.194265625 0.55481220625 0.20010937499999998 0.5523708921875 0.20856249999999998 0.5616431921875 0.2069375 0.568474178125 0.20856249999999998 0.569201878125 0.21310156249999998
9 0.41408450781250006 0.1674375 0.422582159375 0.162859375 0.422042253125 0.16003125 0.41514084531249995 0.1494375 0.40401408437499997 0.148734375 0.406150234375 0.142734375 0.4072065734375 0.135328125 0.40561032812500003 0.13215625 0.4019014078125 0.12828124999999999 0.39713615 0.126515625 0.38971830937499996 0.12615625 0.38387323906250004 0.129328125 0.380704225 0.13921875 0.38176056406250003 0.1476875 0.37326291093749997 0.148734375 0.37485915468750003 0.15509375 0.370093896875 0.16214062499999998 0.3854694828125 0.1685 0.4008450703125 0.168140625 0.4077230046875 0.167796875 0.41408450781250006 0.1674375
8 0.6997652578125 0.582359375 0.682746478125 0.5719375 0.666431925 0.5760156249999999 0.6582629109375 0.585078125 0.6902347421874999 0.587796875 0.7011267609375 0.584171875 0.6997652578125 0.582359375
9 0.6924413140625 0.447765625 0.6817840375 0.45634375 0.6830985921875 0.46018749999999997 0.6953169015625 0.4630703125 0.6848826296875 0.47053124999999996 0.6848826296875 0.478515625 0.697769953125 0.47615625 0.7017605640625 0.482953125 0.7022065734375 0.487390625 0.7149413140624999 0.4828046875 0.711366196875 0.47768750000000004 0.7236244125 0.477453125 0.728122065625 0.48265624999999995 0.717769953125 0.49270312499999996 0.7595070421875 0.49270312499999996 0.7603990609375 0.488578125 0.7648591546875 0.4876875 0.7644131453125 0.482953125 0.76766431875 0.4822109375 0.768849765625 0.475265625 0.772840375 0.47260937500000005 0.7808450703125 0.48206249999999995 0.7821830984375 0.49182812499999995 0.7981690140625 0.49182812499999995 0.794178403125 0.474078125 0.7795070421875 0.46195312499999996 0.7675117375 0.447765625 0.755070421875 0.44303125000000004 0.7377464781249999 0.44214062500000006 0.734201878125 0.438890625 0.734201878125 0.43328125 0.7430751171875001 0.41996874999999995 0.7421830984375 0.412578125 0.7324178406249999 0.40784374999999995 0.7208685453125 0.40725 0.7111032859375 0.413171875 0.7084272296874999 0.422921875 0.71286385 0.431796875 0.712417840625 0.4415625 0.6924413140625 0.447765625
9 0.009389671875 0 0.0046948359375 0.003125 0.0023474171875 0.0109375 0.0096218328125 0.017135989062500002 0.0023474171875 0.021875 0.0023474171875 0.2359375 0.007042253125 0.2390625 0.103286384375 0.2375 0.1150234734375 0.234375 0.1572769953125 0.234375 0.20892018750000002 0.2265625 0.26525821562499996 0.225 0.264226384375 0.2340831046875 0.48973327187500004 0.4262362640625 0.492957746875 0.425 0.4970076875 0.432434753125 0.476525821875 0.4625 0.476525821875 0.4765625 0.4812206578125 0.48125 0.4882629109375 0.484375 0.4976525828125 0.484375 0.5281690140624999 0.459375 0.5988495078125 0.5192135984374999 0.603286384375 0.5203125 0.606123921875 0.5254120875 0.603286384375 0.534375 0.6079812203125 0.5375 0.6197183093749999 0.5328125 0.620672753125 0.5378090656250001 0.642496003125 0.5564045328125 0.6384976531250001 0.565625 0.62910798125 0.5625 0.605633803125 0.5640625 0.605633803125 0.578125 0.62910798125 0.60625 0.636150234375 0.609375 0.654929578125 0.609375 0.6666666671875 0.6 0.6666666671875 0.5765625 0.6807511734375 0.5734375 0.6995305171874999 0.5828125 0.7112676062500001 0.596875 0.7183098593749999 0.6 0.7417840375 0.6015625 0.7464788734375001 0.5984375 0.7488262906250001 0.5671875 0.7441314546875 0.5625 0.7441314546875 0.528125 0.7300469484375001 0.503125 0.7358215968749999 0.50228125 0.7761032859375 0.46346875 0.8122065734374999 0.48125 0.8098591546874999 0.50625 0.8286384968749999 0.5171875 0.8615023468749999 0.5171875 0.8732394359375 0.5109375 0.877934271875 0.4984375 0.90375586875 0.5 0.9084507046875 0.5125 0.9154929578125 0.5171875 0.9460093890625 0.5171875 0.95305164375 0.521875 0.96713615 0.521875 0.976525821875 0.5171875 0.9788732390625 0.5046875 0.974178403125 0.490625 0.9882629109375 0.490625 0.9976525828125 0.484375 0.8615023468749999 0.48125 0.8568075125 0.475 0.8497652578125001 0.471875 0.8594020265625 0.46702302656250005 0.85446009375 0.4640625 0.866691375 0.460608553125 0.9906103281249999 0.3515625 0.9976525828125 0.3515625 0.9882629109375 0.34375 0.9906103281249999 0.3140625 0.9976525828125 0.29375 0.9976525828125 0.2625 0.9909389671875 0.25646874999999997 0.9976525828125 0.2546875 0.9976525828125 0.25 0.9553990609375 0.259375 0.92018779375 0.259375 0.9178403749999999 0.2546875 0.910798121875 0.253125 0.9061032859375 0.253125 0.896713615625 0.259375 0.8732394359375 0.259375 0.83802816875 0.253125 0.8521126765625 0.1984375 0.8638497656249999 0.1984375 0.87089201875 0.1953125 0.87089201875 0.175 0.877934271875 0.165625 0.8732394359375 0.15 0.9976525828125 0 0.669014084375 0 0.6643192484375 0.0109375 0.6643192484375 0.0390625 0.6760563375 0.0625 0.671361503125 0.065625 0.62910798125 0.0390625 0.62910798125 0.0296875 0.622065728125 0.015625 0.6150234734375 0.009375 0.5281690140624999 0.0078125 0.5211267609375 0 0.009389671875 0