8 0.498921875 0.8040845078125001 0.498921875 0.8092488265625001 0.498484375 0.8208685453125 0.49806249999999996 0.82859155 0.5023593749999999 0.8273004687500001 0.5354375 0.8260093890625001 0.5564843749999999 0.8324647890625 0.561640625 0.822159625 0.5689375 0.8079577468749999 0.5740937500000001 0.8034272296875 0.5822499999999999 0.8002112671875 0.590421875 0.8060093890625 0.596859375 0.811173709375 0.6058749999999999 0.831173709375 0.642390625 0.8163380281249999 0.6703125 0.799553990625 0.682765625 0.7730985921875 0.6905 0.74730046875 0.6905 0.7246948359375 0.675890625 0.691150234375 0.638953125 0.6704929578125001 0.595140625 0.6724413140625 0.5625 0.6879107984374999 0.537578125 0.7118075125 0.510953125 0.7563145546875 0.490328125 0.78730046875 0.490328125 0.7950469484375 0.49548437500000003 0.7982629109375 0.498921875 0.8040845078125001
9 0.6013124999999999 0.89213615 0.5998125 0.8314553984374999 0.5743750000000001 0.80448356875 0.539984375 0.8516901406249999 0.5085625 0.8988732390624999 0.49659375 0.8876291078125 0.514546875 0.8719014078124999 0.5100625 0.8359624406249999 0.504078125 0.8067370890625 0.481640625 0.7842723 0.4636875 0.759553990625 0.44125 0.7146009390625 0.439765625 0.6584272296875 0.451734375 0.564037559375 0.451734375 0.48539906093749996 0.429296875 0.440446009375 0.427796875 0.4067370890625 0.44275000000000003 0.343826290625 0.457703125 0.28314554062499997 0.459203125 0.22920187812499998 0.44275000000000003 0.1775352109375 0.40235937499999996 0.17302816875 0.353 0.1820187796875 0.3350625 0.2224647890625 0.3350625 0.2876291078125 0.34553124999999996 0.3303286390625 0.356 0.3528169015625 0.3350625 0.370798121875 0.29915625 0.42246478906249996 0.27671875 0.49661971875 0.273734375 0.5842723000000001 0.269234375 0.7370892015625 0.25728125 0.7797652578125 0.25578124999999996 0.8516901406249999 0.282703125 0.921338028125 0.33206250000000004 0.9618075125000001 0.34253125 0.986525821875 0.471171875 0.98875586875 0.581859375 0.986525821875 0.6013124999999999 0.89213615
9 0.9958281250000001 1 0.991875 0.8519248828125001 0.98003125 0.761502346875 0.9741093749999999 0.648826290625 0.99484375 0.6206572765625 0.98990625 0.5939671359375 0.977078125 0.5687558687500001 0.96425 0.47387323906249995 0.962265625 0.4664553984375 0.98003125 0.28706572812500003 0.965234375 0.2559389671875 0.925765625 0.2218309859375 0.9119375 0.1996009390625 0.9119375 0.1773474171875 0.9149062499999999 0.153638496875 0.9149062499999999 0.1239906109375 0.912921875 0.08840375624999999 0.88628125 0.070610328125 0.866546875 0.070610328125 0.85175 0.080985915625 0.8468125000000001 0.095821596875 0.8418749999999999 0.13732394375 0.8468125000000001 0.198122065625 0.8369375 0.21293427187499997 0.8280625 0.2366666671875 0.822140625 0.2440610328125 0.80240625 0.26335680781250004 0.7994375 0.2885446015625 0.7994375 0.330070421875 0.817203125 0.429389671875 0.8290468750000001 0.4694366203125 0.80240625 0.60286385 0.8063437499999999 0.644366196875 0.81425 0.6680985921875 0.81425 0.74518779375 0.796484375 0.8119014078125 0.77871875 0.9853755874999999 0.80734375 0.9972300468749999 0.8290468750000001 0.880093896875 0.852734375 0.7955868546875 0.86359375 0.727394365625 0.88628125 0.65624413125 0.912921875 0.6680985921875 0.927734375 0.7629812203124999 0.9455 0.82375586875 0.9524062499999999 0.8875117375 0.9681875 1 0.9958281250000001 1
9 0.804734375 0.21347417812499997 0.804734375 0.17079812187500001 0.804734375 0.11685445937500001 0.8032343750000001 0.07640845 0.7912656250000001 0.0381924875 0.773328125 0.00448356875 0.7538750000000001 0 0.7284531249999999 0.0089906109375 0.712 0.06967136093750001 0.709 0.10786385000000001 0.704515625 0.13708920156249998 0.691046875 0.21572770000000002 0.76434375 0.2224647890625 0.8002499999999999 0.2224647890625 0.804734375 0.21347417812499997
9 0.6793750000000001 0.20957746406250002 0.6835 0.1630985921875 0.671125 0.1212910796875 0.64225 0.11354460156249999 0.6267968749999999 0.096502346875 0.618546875 0.031431925 0.594828125 0.012840375000000001 0.574203125 0.0174882625 0.559765625 0.0500234734375 0.54534375 0.10424882656250001 0.5319375 0.1398826296875 0.513375 0.23281690156249998 0.559765625 0.2374647890625 0.603078125 0.229718309375 0.67215625 0.22816901406249998 0.6793750000000001 0.20957746406250002
9 0.279484375 0.3038028171875 0.313046875 0.2993427234375 0.33671875 0.2934272296875 0.33278125 0.27563380312499997 0.3308125 0.24300469531250002 0.340671875 0.2103990609375 0.342640625 0.201502346875 0.342640625 0.1881690140625 0.340671875 0.1540610328125 0.32882812499999997 0.140704225 0.31896874999999997 0.13478873281249998 0.307125 0.1199530515625 0.301203125 0.1080985921875 0.29921875 0.0917840375 0.29626562500000003 0.0636150234375 0.29626562500000003 0.044342723437499995 0.29034375 0.02802816875 0.2745625 0.013215962500000001 0.258765625 0.016173709375 0.251859375 0.016173709375 0.241984375 0.02359155 0.232125 0.0339671359375 0.232125 0.06213615 0.23409375 0.084366196875 0.23704687500000002 0.09624413125 0.24495312500000002 0.1006807515625 0.260734375 0.10514084531250001 0.269625 0.1169953046875 0.270609375 0.128849765625 0.27554687499999997 0.1422065734375 0.279484375 0.15553990625 0.282453125 0.17333333281250002 0.28046875 0.18518779375 0.27554687499999997 0.20298122031250002 0.25284375 0.2059389671875 0.24889062499999998 0.1940845078125 0.24100000000000002 0.177769953125 0.226203125 0.1807511734375 0.22126562500000002 0.1644366203125 0.219296875 0.128849765625 0.212390625 0.13774647812500002 0.2084375 0.152582159375 0.20546875 0.16591549218749999 0.19954687499999998 0.1881690140625 0.18475 0.26525821562499996 0.192640625 0.2963849765625 0.230140625 0.3038028171875 0.279484375 0.3038028171875
9 0.169328125 0.0475117375 0.156671875 0.0368075125 0.14125000000000001 0.046314554687499995 0.13079687499999998 0.079201878125 0.130296875 0.1127230046875 0.135875 0.13788732343750001 0.14703125 0.156173709375 0.150578125 0.150070421875 0.15615625 0.1607511734375 0.152109375 0.1668309859375 0.15971875 0.1935211265625 0.17645312500000002 0.23314554062499998 0.18659375 0.252957746875 0.19975 0.1811032859375 0.192640625 0.1389436625 0.1886875 0.0914553984375 0.182765625 0.07302816875 0.169328125 0.0475117375
9 0.36178125 0.0635211265625 0.350828125 0.192934271875 0.50275 0.2305868546875 0.498046875 0.1105868546875 0.4495 0.07765258281250001 0.41190625000000003 0.007065728124999999 0.36178125 0.0635211265625
9 0.8461874999999999 0.0073708921875 0.8453593749999999 0.0111267609375 0.8495312500000001 0.031220657812500004 0.86540625 0.0425117375 0.8695937499999999 0.0651173703125 0.88796875 0.07516431875 0.9122031249999999 0.0889671359375 0.914703125 0.11532863906249999 0.914703125 0.1592723 0.913046875 0.1869014078125 0.9213906250000001 0.2107511734375 0.9665156250000001 0.2596948359375 0.97153125 0.24715962500000002 0.967359375 0.1869014078125 0.9757031250000001 0.1303990609375 0.9606718750000001 0.100258215625 0.934765625 0.062605634375 0.948140625 0.014906103125 0.93978125 0.0111267609375 0.898 0.0036150234375 0.8461874999999999 0.0073708921875
9 0.062468749999999997 0.0470187796875 0.0546875 0.057253521875000005 0.047390625 0.08356807499999999 0.044953125 0.10624413125000001 0.044953125 0.1237793421875 0.05225 0.15009389687500002 0.051765625 0.17058685468749998 0.047390625 0.18518779375 0.04009375 0.2056572765625 0.038625 0.2319953046875 0.048843750000000005 0.27438967187499996 0.084375 0.2787793421875 0.092640625 0.29046948281249996 0.08778125 0.305093896875 0.17585937499999998 0.297042253125 0.179265625 0.2765727703125 0.184140625 0.2524647890625 0.164671875 0.1990845078125 0.1641875 0.1969014078125 0.15153125 0.1669248828125 0.157375 0.1610798125 0.151046875 0.155962440625 0.142765625 0.155962440625 0.14520312500000002 0.1464553984375 0.1369375 0.1274413140625 0.127203125 0.11281690156249999 0.120875 0.0930751171875 0.10578125000000001 0.082840375 0.102375 0.09600938906249999 0.110171875 0.1091549296875 0.10918749999999999 0.11354460156249999 0.12184375 0.1288967140625 0.1233125 0.1442488265625 0.109671875 0.1464553984375 0.098484375 0.149366196875 0.08778125 0.1515727703125 0.083890625 0.1464553984375 0.075609375 0.134014084375 0.077078125 0.1142723 0.083890625 0.0938028171875 0.096046875 0.0806572765625 0.083890625 0.0499530515625 0.08 0.041173709375 0.06296874999999999 0.0462910796875 0.062468749999999997 0.0470187796875
8 0.45865625000000004 0.5598591546875 0.442890625 0.5959624406249999 0.442890625 0.6117605640625 0.436875 0.6467370890625 0.438375 0.667042253125 0.43462500000000004 0.688474178125 0.451140625 0.725704225 0.4894375 0.72910798125 0.514234375 0.706525821875 0.5239843750000001 0.6489906109375 0.514234375 0.60159624375 0.494703125 0.560985915625 0.4841875 0.5305164312499999 0.4819375 0.5000704218750001 0.4811875 0.41431924843749995 0.475171875 0.40640845 0.467671875 0.41431924843749995 0.46917187499999996 0.41995305156249996 0.472171875 0.5079577468750001 0.45865625000000004 0.5598591546875
8 0.5081875 0.5742253515625 0.506234375 0.5791314546875 0.51409375 0.60769953125 0.51934375 0.65694835625 0.517375 0.6756572765625 0.5095 0.700258215625 0.5108125 0.7150469484374999 0.52065625 0.7229107984375001 0.521953125 0.7229107984375001 0.527859375 0.7238967140625 0.530484375 0.7219248828125 0.551453125 0.70124413125 0.565875 0.69338028125 0.5802968749999999 0.6854929578125 0.581609375 0.6510328640624999 0.578984375 0.6244366203125 0.578984375 0.6224647890624999 0.577015625 0.6057277 0.577015625 0.60375586875 0.5704687500000001 0.5840610328125 0.5665312499999999 0.5791314546875 0.5567031250000001 0.56338028125 0.5567031250000001 0.562394365625 0.549484375 0.54269953125 0.54425 0.5190610328124999 0.54228125 0.501338028125 0.54228125 0.47967136093749996 0.54228125 0.47769953125000003 0.541625 0.42551643125 0.53965625 0.40384976562499997 0.5389999999999999 0.39793427187499997 0.53440625 0.39694835624999997 0.529828125 0.39694835624999997 0.5291718750000001 0.39694835624999997 0.527203125 0.40582159687499997 0.526546875 0.49446009375 0.51671875 0.5436854453125 0.51015625 0.568309859375 0.5081875 0.5742253515625
8 0.5677187499999999 0.5730985921875 0.5714375 0.587605634375 0.57440625 0.6065727703125 0.5788593750000001 0.627769953125 0.58034375 0.65230046875 0.581828125 0.6790845078125 0.6078281249999999 0.669037559375 0.627140625 0.665704225 0.627875 0.665704225 0.6390156250000001 0.665704225 0.639765625 0.6668075124999999 0.6442187500000001 0.667934271875 0.645703125 0.667934271875 0.645703125 0.6645774640625 0.645703125 0.6511971828124999 0.6338125 0.5998826296875001 0.616734375 0.5664084500000001 0.6070781249999999 0.5585915499999999 0.601890625 0.5496713609375 0.601140625 0.5463145546875 0.5900000000000001 0.5217840375 0.585546875 0.501690140625 0.575890625 0.46823943593750006 0.5625312499999999 0.3946009390625 0.558078125 0.3923708921875 0.551390625 0.393474178125 0.550640625 0.393474178125 0.5469375000000001 0.40910798125000003 0.5469375000000001 0.4102112671875 0.547671875 0.4124413140625 0.54915625 0.4079812203125 0.56846875 0.506150234375 0.570703125 0.5351643187499999 0.5677187499999999 0.556361503125 0.5677187499999999 0.5730985921875
9 0.342328125 0.2 0.3526875 0.1844131453125 0.364796875 0.0675352109375 0.37171875 0.0441549296875 0.3630625 0.00518779375 0.321578125 0.00518779375 0.30775 0.0026056343749999997 0.290453125 0.023380281250000003 0.30256249999999996 0.1038967140625 0.333671875 0.14805164375 0.342328125 0.2
9 0.07959374999999999 0.1034272296875 0.07648437500000001 0.11680751250000002 0.079203125 0.13654929531249999 0.08499999999999999 0.14528169062500002 0.089640625 0.15225352187500002 0.1055 0.14992957812500002 0.126390625 0.14410798125 0.12446874999999999 0.1307511734375 0.127171875 0.1214553984375 0.1275625 0.11215962500000001 0.124078125 0.1034272296875 0.122140625 0.1011032859375 0.11285937500000001 0.088309859375 0.10046875 0.0825117375 0.08925 0.08715962499999999 0.07959374999999999 0.1034272296875