8 0.9622031249999999 0.675125 0.9591875 0.6775 0.95615625 0.6827083328125 0.956515625 0.6915 0.95740625 0.698375 0.9595312500000001 0.7047916671875 0.9625625 0.7085833328125 0.974671875 0.7097708328125 0.9823281250000001 0.7069166671875 0.9865937499999999 0.6990833328125 0.9865937499999999 0.6869791671875001 0.98303125 0.6796249999999999 0.976625 0.6744166671875 0.9695 0.6746458328125 0.97075 0.6744166671875 0.96540625 0.6744166671875 0.9622031249999999 0.675125
9 0.1190625 0.59175 0.120171875 0.5620208328125 0.120171875 0.5233958328125 0.12351562499999999 0.499625 0.130203125 0.4654375 0.132421875 0.4386875 0.1313125 0.41193749999999996 0.136890625 0.40006250000000004 0.1446875 0.37629166718749996 0.15137499999999998 0.3495416671875 0.163640625 0.3361666671875 0.145796875 0.2945625 0.13799999999999998 0.27970833281249996 0.126859375 0.2663333328125 0.12575 0.2574166671875 0.12796875000000002 0.2544375 0.132421875 0.2514583328125 0.13465625 0.24254166718749998 0.130203125 0.22916666718749998 0.126859375 0.21581250000000002 0.11571875000000001 0.20539583281249998 0.1045625 0.20539583281249998 0.09453125 0.2128333328125 0.090078125 0.23660416718750002 0.093421875 0.2559166671875 0.099 0.2663333328125 0.08896875 0.27672916718749996 0.081171875 0.27970833281249996 0.074484375 0.28712499999999996 0.070015625 0.2990208328125 0.058875 0.34358333281250003 0.064453125 0.3480416671875 0.06890625 0.3718333328125 0.064453125 0.3777708328125 0.064453125 0.3956041671875 0.070015625 0.39708333281249997 0.07559375 0.40452083281249995 0.07559375 0.4253125 0.081171875 0.4565208328125 0.08896875 0.5204166671875 0.09453125 0.5932291671875001 0.09453125 0.6155208328125 0.1313125 0.6199791671875 0.1313125 0.6125416671874999 0.1190625 0.59175
9 0.3581875 1 0.35145312500000003 0.9648749999999999 0.34978125000000004 0.9558958328125 0.33464062499999997 0.9514166671875 0.34304687500000003 0.9245208328125001 0.380046875 0.8168958328124999 0.361546875 0.7810208328125 0.405265625 0.7698125 0.42545312500000004 0.7765416671875001 0.43553125000000004 0.7586041671875 0.405265625 0.7316874999999999 0.41704687500000004 0.7182291671875001 0.42712500000000003 0.6890833328125 0.40862499999999996 0.7002916671875 0.395171875 0.6958125 0.32792187500000003 0.6621875 0.3211875 0.6464791671875 0.316140625 0.5680208328125 0.306046875 0.5254166671875 0.25728125 0.5097083328124999 0.228703125 0.5276458328125 0.21692187500000001 0.5680208328125 0.20010937499999998 0.5971666671875 0.220296875 0.6128541671875001 0.230375 0.6352708328125 0.20010937499999998 0.680125 0.20346875 0.7316874999999999 0.19675 0.7765416671875001 0.183296875 0.8056875 0.20346875 0.8684583328125 0.20515625 0.8976041671875 0.1984375 0.9514166671875 0.20684375 0.9536666671875 0.24720312500000002 0.967125 0.255609375 0.9334791671874999 0.274109375 0.9379583328125 0.274109375 0.9626250000000001 0.26568749999999997 0.9962708328125001 0.301015625 1 0.3581875 1
9 0.816046875 0.3161041671875 0.8236718749999999 0.3567916671875 0.82653125 0.37925 0.8325781250000001 0.3741666671875 0.83384375 0.3622916671875 0.834171875 0.3143958328125 0.8370312500000001 0.307625 0.8395625000000001 0.297875 0.836078125 0.2792291671875 0.835125 0.2643958328125 0.829078125 0.25845833281249997 0.819546875 0.25845833281249997 0.81478125 0.2682083328125 0.8112812500000001 0.2851666671875 0.808421875 0.2889791671875 0.8122343750000001 0.3012708328125 0.816046875 0.3161041671875
9 0.16778125 0.3693333328125 0.171140625 0.385 0.197984375 0.37829166718749996 0.214765625 0.3559166671875 0.20804687500000002 0.3290833328125 0.203015625 0.3178958328125 0.199671875 0.277625 0.197984375 0.25747916718749997 0.186234375 0.25525000000000003 0.177859375 0.2731458328125 0.187921875 0.29552083281249997 0.171140625 0.2910416671875 0.164421875 0.3335416671875 0.16778125 0.3693333328125
9 0.532390625 0.7549375 0.5145 0.8861458328125 0.51896875 0.9060208328125 0.5651875000000001 0.9159583328125 0.5651875000000001 0.8801875000000001 0.5935312500000001 0.7529375 0.6084375 0.6157708328125 0.63378125 0.681375 0.6486875000000001 0.7092083328125 0.6755312499999999 0.78675 0.684484375 0.8881249999999999 0.757546875 0.9000625 0.765 0.8881249999999999 0.750078125 0.8702500000000001 0.7366718750000001 0.8404166671875 0.700875 0.6833541671875001 0.660625 0.5263125 0.672546875 0.4999375 0.677015625 0.46018749999999997 0.708328125 0.4581875 0.6904375 0.3727083328125 0.709828125 0.35281250000000003 0.70684375 0.3388958328125 0.7128125 0.3309583328125 0.72175 0.32497916718750003 0.708328125 0.303125 0.705359375 0.2514375 0.702375 0.2514375 0.678515625 0.2255833328125 0.6442187500000001 0.2275833328125 0.618875 0.261375 0.618875 0.2892083328125 0.626328125 0.3210208328125 0.59203125 0.3289583328125 0.6069375 0.3746875 0.5980000000000001 0.3727083328125 0.5860624999999999 0.3468541671875 0.5860624999999999 0.3369166671875 0.574140625 0.3329375 0.50853125 0.40054166718750006 0.515984375 0.42837500000000006 0.55625 0.4223958328125 0.563703125 0.4462708328125 0.55178125 0.49397916718749996 0.55625 0.5382291671874999 0.5547500000000001 0.6038333328125 0.55178125 0.6773958328125 0.542828125 0.7092083328125 0.532390625 0.7549375
9 0.9415625000000001 0.45822916718749995 0.9530312500000001 0.418875 0.95015625 0.45493750000000005 0.9513906249999999 0.4789791671875 0.9681875 0.49045833281249995 0.976390625 0.4795416671875 0.9628593750000001 0.4680625 0.9604062499999999 0.45877083281250003 0.9628593750000001 0.43581250000000005 0.9661406250000001 0.4134166671875 0.9813124999999999 0.41177083281250004 0.98171875 0.3811666671875 0.9780312500000001 0.34620833281249996 0.9813124999999999 0.3194375 0.9911406250000001 0.318875 0.9907343750000001 0.3003125 0.979265625 0.2735208328125 0.972703125 0.2615 0.9780312500000001 0.24620833281249999 0.977625 0.23254166718749997 0.9813124999999999 0.23035416718750001 0.9731093749999999 0.2243541671875 0.9636875 0.2199791671875 0.95015625 0.2243541671875 0.95015625 0.2391041671875 0.9497500000000001 0.2560416671875 0.9362343750000001 0.2555 0.9317187499999999 0.27189583281249996 0.930484375 0.3270833328125 0.9366406250000001 0.3418333328125 0.937859375 0.395375 0.9284375 0.45112500000000005 0.9276249999999999 0.48227083281249994 0.9440156249999999 0.4811666671875 0.942375 0.4729791671875 0.9415625000000001 0.45822916718749995
8 0.61934375 0.4396458328125 0.621234375 0.4270833328125 0.602275390625 0.41060677031250004 0.59109375 0.3580416671875 0.601453125 0.3555416671875 0.59109375 0.3266666671875 0.59675 0.3241458328125 0.579796875 0.24254166718749998 0.56190625 0.1659791671875 0.547796875 0.1609583328125 0.54025 0.17099999999999999 0.588175 0.3474958328125 0.608984375 0.44214583281250003 0.61934375 0.4396458328125
8 0.463390625 0.7287083328125 0.466703125 0.7125625 0.47220312499999995 0.6956666671875 0.47717187499999997 0.6868541671874999 0.48046875 0.6817083328125 0.47992187499999994 0.6728958328125 0.47000000000000003 0.661875 0.45843749999999994 0.6596666671875 0.449625 0.6626041671875 0.43090624999999994 0.6692291671875 0.40390625 0.7074166671875 0.40390625 0.7279791671875 0.4055625 0.7367916671875 0.41328125 0.7360625 0.42979687499999997 0.7456041671875 0.455140625 0.7419374999999999 0.456234375 0.7419374999999999 0.463390625 0.7287083328125
9 0.5455 0.2478125 0.550765625 0.2568541671875 0.533828125 0.266375 0.520671875 0.2909583328125 0.5217968749999999 0.3060208328125 0.5285624999999999 0.31404166718750004 0.534203125 0.32858333281249996 0.534203125 0.340125 0.5251875 0.36370833281250003 0.542109375 0.3647083328125 0.559046875 0.3486666671875 0.5744687500000001 0.33360416718749997 0.579359375 0.3351041671875 0.5846250000000001 0.337125 0.550765625 0.2242291671875 0.549265625 0.22322916718750002 0.544 0.2377916671875 0.5455 0.2478125
9 0.9879843749999999 0.3871666671875 0.981828125 0.44343750000000004 0.9859375 0.4674791671875 0.9789687499999999 0.4680416671875 0.96953125 0.4718541671875 0.970765625 0.4827916671875 0.9801875000000001 0.4844166671875 0.9875624999999999 0.483875 0.9920781249999999 0.4767708328125 0.9965781249999999 0.45054166718750005 0.999046875 0.44397916718749997 0.999859375 0.44016666718749997 0.999859375 0.2784166671875 0.9920781249999999 0.283875 0.9883906250000001 0.2860625 0.9851093750000001 0.2893541671875 0.99371875 0.2986458328125 0.99371875 0.3079166671875 0.9933125 0.3177708328125 0.9883906250000001 0.3232291671875 0.9851093750000001 0.3199583328125 0.9851093750000001 0.322125 0.9851093750000001 0.33141666718749996 0.995765625 0.344 0.99084375 0.35383333281249996 0.9879843749999999 0.3871666671875
8 0.067484375 0.41967708281249994 0.06909313125 0.42359796875000005 0.08025 0.3917083328125 0.07478125 0.3860416671875 0.08377812500000001 0.3816583328125 0.0777 0.3753416671875 0.08061874999999999 0.3646416671875 0.08730625 0.3716083328125 0.097890625 0.3414583328125 0.08937500000000001 0.3325416671875 0.069921875 0.3981875 0.075390625 0.4046666671875 0.0699166671875 0.4084652765625 0.06603125 0.40791666718749997 0.062140625000000005 0.4176458328125 0.067484375 0.41967708281249994
8 0.06840736562500001 0.42555809218749996 0.0650520828125 0.4308888890625 0.05825 0.42737499999999995 0.05046874999999999 0.44683333281250004 0.060187500000000005 0.4533125 0.063228125 0.44358333281249995 0.0626197921875 0.44210069374999994 0.06840736562500001 0.42555809218749996
9 0.09082812500000001 0.23497916718749998 0.0860625 0.2325 0.08025 0.2342708328125 0.075484375 0.24133333281249997 0.074953125 0.2600208328125 0.08156250000000001 0.272375 0.073625 0.2931875 0.078125 0.28260416718750003 0.09929687499999999 0.2667291671875 0.09082812500000001 0.23497916718749998
9 0.8243281250000001 0.3878541671875 0.82284375 0.3621458328125 0.8065312499999999 0.2810625 0.8057812500000001 0.475875 0.816171875 0.47983333281249996 0.8213593749999999 0.44027083281249996 0.8213593749999999 0.41160416718750004 0.8243281250000001 0.3878541671875