8 0.333609375 0.6482708328125 0.338953125 0.6564375 0.34354687500000003 0.6492916671875 0.351953125 0.6278958328125 0.35807812499999997 0.6452291671875 0.36571875 0.634 0.373359375 0.6126041671875 0.38101562499999997 0.601375 0.392484375 0.5871041671875 0.40700000000000003 0.5799791671875 0.41235937500000003 0.5850625 0.41389062499999996 0.5973124999999999 0.43070312499999996 0.5932291671875001 0.41159375000000004 0.5687708328125 0.436828125 0.5310416671875 0.44370312500000003 0.5106458328125 0.4490625 0.4647708328125 0.459765625 0.4545833328125 0.46510937500000005 0.44845833281249997 0.45670312500000004 0.4505 0.44829687500000004 0.44439583281250006 0.43453125000000004 0.44743750000000004 0.42535937500000004 0.46579166718750004 0.410828125 0.4923125 0.369546875 0.5432708328125 0.364953125 0.5555 0.34354687500000003 0.5860833328124999 0.32825000000000004 0.6156666671875 0.325953125 0.6207499999999999 0.32978125 0.6289166671875 0.333609375 0.6482708328125
2 0.611796875 0.33445833281250004 0.6 0.3367083328125 0.5949375 0.34568750000000004 0.6050625000000001 0.3524375 0.5882031249999999 0.3569375 0.586515625 0.392875 0.586515625 0.40412499999999996 0.5882031249999999 0.42435416718749996 0.5949375 0.4265833328125 0.6050625000000001 0.42435416718749996 0.6 0.42435416718749996 0.608421875 0.4108541671875 0.6151718749999999 0.4086041671875 0.6286562499999999 0.4176041671875 0.6286562499999999 0.41985416718749996 0.658984375 0.4310833328125 0.664046875 0.41535416718749996 0.66909375 0.41535416718749996 0.67921875 0.41985416718749996 0.6809062499999999 0.4265833328125 0.687640625 0.43558333281249995 0.69775 0.4265833328125 0.701125 0.4131041671875 0.7061875 0.4131041671875 0.731453125 0.41535416718749996 0.743265625 0.42435416718749996 0.7449375 0.4378333328125 0.7516875 0.43558333281249995 0.7550625 0.42883333281249997 0.756734375 0.4176041671875 0.761796875 0.4086041671875 0.766859375 0.40412499999999996 0.768546875 0.399625 0.765171875 0.3569375 0.7483125 0.3389583328125 0.72303125 0.3075 0.640453125 0.31197916718749996 0.62696875 0.3209791671875 0.62021875 0.32995833281250003 0.611796875 0.33445833281250004
2 0.1975 0.4328958328125 0.198046875 0.4263125 0.19421875 0.4197291671875 0.188734375 0.4211875 0.161859375 0.37952083281250004 0.130609375 0.3824375 0.13389062499999999 0.4599375 0.20792187499999998 0.45629166718749997 0.1975 0.4328958328125
13 0.11965624999999999 0.6404583328125 0.12809375 0.6853958328124999 0.22753125000000002 0.6584166671875 0.21573437499999998 0.45841666718749996 0.166859375 0.3820208328125 0.12978125000000001 0.3752708328125 0.10112499999999999 0.00225 0.0050625 0.0179791671875 0.0033750000000000004 0.5415833328125 0.0050625 0.5393333328125001 0.040453125 0.7415833328125 0.11965624999999999 0.6404583328125
8 0.224578125 0.1802916671875 0.228234375 0.1811875 0.22960937499999998 0.179375 0.231203125 0.1693125 0.231890625 0.15347916718750002 0.232578125 0.1321666671875 0.231203125 0.1245416671875 0.23029687499999998 0.12422916718749999 0.221390625 0.12422916718749999 0.217046875 0.12545833281250002 0.21749999999999997 0.1330625 0.2168125 0.1473958328125 0.2168125 0.17906249999999999 0.21659375 0.1808958328125 0.22046875 0.1802916671875 0.224578125 0.1802916671875
8 0.58253125 0.0288125 0.5816250000000001 0.0392708328125 0.583140625 0.048354167187500005 0.583890625 0.0491458328125 0.607 0.0455208328125 0.606546875 0.0310208328125 0.605640625 0.0237708328125 0.58253125 0.0288125
8 0.666390625 0.0270833328125 0.667984375 0.021854167187500002 0.6690625 0.009 0.651046875 0.0099583328125 0.6431875 0.016604167187499998 0.641765625 0.0223125 0.647296875 0.0318333328125 0.666390625 0.0270833328125
8 0.466859375 0.7838958328125 0.46517187499999996 0.6602916671875 0.45 0.6400833328125 0.44157812500000004 0.6018749999999999 0.4061875 0.592875 0.40449999999999997 0.6333333328124999 0.38090625 0.6580625 0.387640625 0.7838958328125 0.382578125 0.8198541671875 0.387640625 0.8670416671875 0.391015625 0.90525 0.41460937500000006 0.9524374999999999 0.456734375 0.9389583328125 0.47528125 0.9119791671874999 0.47696875 0.8153541671875001 0.466859375 0.7838958328125
2 0.4851875 0.1812708328125 0.47992187499999994 0.1818333328125 0.475078125 0.1866041671875 0.47487500000000005 0.188 0.475078125 0.1998125 0.494046875 0.198125 0.491515625 0.1815416671875 0.4851875 0.1812708328125
8 0.760640625 0.20125 0.764265625 0.1982916671875 0.764671875 0.175125 0.7591249999999999 0.1728958328125 0.75884375 0.1691875 0.748421875 0.16975 0.74703125 0.202 0.74896875 0.2090416671875 0.759671875 0.2079166671875 0.760640625 0.20125
8 0.8001875 0.3013125 0.8067968750000001 0.30035416718749997 0.8064375 0.2884583328125 0.80696875 0.2860833328125 0.80696875 0.28370833281249996 0.805 0.2813333328125 0.802859375 0.2768125 0.801609375 0.2768125 0.799296875 0.28370833281249996 0.8001875 0.2887083328125 0.800546875 0.2932291671875 0.8001875 0.3013125
8 0.810671875 0.3107083328125 0.8137968750000001 0.3093958328125 0.815609375 0.303 0.8142968749999999 0.29904166718749997 0.8099999999999999 0.29552083281249997 0.81034375 0.2904791671875 0.809015625 0.282125 0.802921875 0.2744166671875 0.798296875 0.2803541671875 0.796640625 0.2891458328125 0.7955 0.2946458328125 0.790046875 0.2992708328125 0.793015625 0.3071875 0.797796875 0.3109166671875 0.797796875 0.3142291671875 0.7968124999999999 0.3219166671875 0.7963125 0.3276458328125 0.8014374999999999 0.3305 0.8105 0.3278541671875 0.8105 0.32477083281249997 0.8105 0.318625 0.810671875 0.3107083328125
2 1 0.3313958328125 0.9899531250000001 0.3219375 0.97525 0.3161875 0.8819687500000001 0.3124583328125 0.8710625000000001 0.3232916671875 0.862953125 0.3313958328125 0.85459375 0.3435625 0.8497656250000001 0.3513333328125 0.84621875 0.35675 0.844453125 0.3584375 0.844453125 0.3503333328125 0.8350625 0.3489791671875 0.8307656250000001 0.354375 0.831515625 0.3604583328125 0.8391249999999999 0.36485416718749997 0.84115625 0.3662083328125 0.8373593749999999 0.3729583328125 0.824171875 0.38075000000000003 0.819359375 0.3885208328125 0.8178281249999999 0.396625 0.813015625 0.4108333328125 0.813015625 0.4219791671875 0.8163125000000001 0.4402291671875 0.8152968749999999 0.4507083328125 0.8188437499999999 0.46185416718749994 0.8264531249999999 0.46525 0.8368437500000001 0.46558333281250003 0.8393750000000001 0.45983333281250005 0.84090625 0.4476666671875 0.87765625 0.4517291671875 0.8781718749999999 0.468625 0.88425 0.47368750000000004 0.8926093749999999 0.4747083328125 0.8987031249999999 0.475375 0.9037656249999999 0.47064583281249994 0.9075625 0.45983333281250005 0.90884375 0.4496875 0.93140625 0.4520625 0.9385 0.47504166718749996 0.9453437499999999 0.4730208328125 0.9521875 0.4709791671875 0.9570000000000001 0.45543750000000005 0.9800625000000001 0.45679166718750003 0.9785468749999999 0.44733333281250004 0.9755 0.43550000000000005 0.976515625 0.42604166718750003 0.9795624999999999 0.4128541671875 0.982609375 0.399 0.9917343750000001 0.3875 1 0.38075000000000003 1 0.36485416718749997 1 0.3313958328125
2 0.5318125 0.7454583328125 0.516234375 0.729875 0.4850625 0.7454583328125 0.471421875 0.7922083328125 0.475328125 0.8207708328125 0.473375 0.8493541671875 0.46753125000000006 0.9012916671875001 0.46168750000000003 0.9246666671874999 0.448046875 0.9428541671874999 0.451953125 0.9922083328125 0.483109375 0.9973958328125001 0.9993437500000001 0.9870208328125001 1 0.4675416671875 0.9915625 0.4623333328125 0.8629843749999999 0.4961041671875 0.712984375 0.5428541671875 0.6155781250000001 0.6155833328125 0.5396093750000001 0.7350625 0.5396093750000001 0.7324583328125 0.5376562500000001 0.7662291671875 0.5318125 0.7454583328125
2 1 0.3806666671875 0.9825625 0.4031458328125 0.9783593749999999 0.41312499999999996 0.9750781249999999 0.4287291671875 0.975546875 0.4505833328125 0.980234375 0.46058333281249997 0.9844375 0.46618750000000003 1 0.4649375 1 0.4331041671875 1 0.41624999999999995 1 0.3806666671875