2 0.55771875 0.41231249999999997 0.60771875 0.38093750000000004 0.606984375 0.3721041671875 0.61065625 0.359375 0.613609375 0.3495625 0.6334531250000001 0.3495625 0.6540468749999999 0.3260416671875 0.604046875 0.3328958328125 0.55625 0.3701458328125 0.4724375 0.3956458328125 0.4599375 0.4181875 0.46067187499999995 0.43583333281250003 0.46728125 0.4573958328125 0.50846875 0.4593541671875 0.512875 0.4730833328125 0.520953125 0.44662499999999994 0.53125 0.4319166671875 0.55771875 0.41231249999999997
2 0.423921875 0.3767291671875 0.42514062499999994 0.4025 0.481921875 0.3928333328125 0.5411406249999999 0.3767291671875 0.570140625 0.3541666671875 0.5447656249999999 0.32677083281249997 0.52421875 0.30583333281249997 0.518171875 0.29939583281250004 0.44204687500000006 0.3090625 0.431171875 0.3122708328125 0.417875 0.3557708328125 0.423921875 0.3767291671875
2 0.284578125 0.3716875 0.28878125 0.3764375 0.298015625 0.3842708328125 0.3061875 0.3926458328125 0.310796875 0.3957291671875 0.313734375 0.3968541671875 0.31709375 0.3957291671875 0.320453125 0.3898541671875 0.344984375 0.3881875 0.34981249999999997 0.3935 0.352953125 0.3988125 0.35546875 0.4004791671875 0.35945312500000004 0.4010416671875 0.3628125 0.4010416671875 0.36848437500000003 0.4002083328125 0.370578125 0.3974166671875 0.371828125 0.39489583281249996 0.37140625 0.3878958328125 0.37246875 0.3856666671875 0.373515625 0.38314583281250003 0.37078125 0.3727916671875 0.371625 0.359375 0.371 0.3484791671875 0.36134374999999996 0.3353333328125 0.3556875 0.3163125 0.310796875 0.3165833328125 0.301578125 0.31966666718750003 0.2938125 0.338125 0.291296875 0.3479166671875 0.284578125 0.3716875
2 0.2265625 0.3400625 0.230453125 0.33747916718750004 0.230453125 0.3303541671875 0.229 0.32325 0.22559374999999998 0.32325 0.22171875000000002 0.32325 0.20715625000000001 0.3245416671875 0.1940625 0.3245416671875 0.182421875 0.3245416671875 0.17806249999999998 0.3258333328125 0.172234375 0.3297083328125 0.17175 0.3322916671875 0.169328125 0.3368333328125 0.16690624999999998 0.34329166718750004 0.16884375000000001 0.34329166718750004 0.177578125 0.34199999999999997 0.18921875 0.3407083328125 0.196484375 0.3387708328125 0.20521875 0.3361875 0.21589062499999997 0.3361875 0.21782812499999998 0.3387708328125 0.221234375 0.3400625 0.2265625 0.3400625
2 0.66625 0.3020208328125 0.669109375 0.2943958328125 0.684546875 0.292875 0.68740625 0.2822083328125 0.669109375 0.26925 0.643390625 0.26925 0.627375 0.2822083328125 0.628515625 0.2989791671875 0.6308125 0.2989791671875 0.66625 0.3020208328125
8 0.46278125000000003 0.7744791671875 0.45004687499999996 0.7606875 0.44925 0.6493125 0.47868750000000004 0.62175 0.48743749999999997 0.591 0.48267187500000003 0.5612916671875 0.46039062499999994 0.5644791671875 0.448453125 0.5549375000000001 0.41823437500000005 0.553875 0.40073437500000003 0.5793333328125 0.380046875 0.5878125 0.368125 0.5973541671875 0.3736875 0.623875 0.37925 0.6376666671875 0.38959375 0.6556875 0.41028125 0.6641666671875 0.41425 0.7670416671875 0.40153125 0.7734166671875 0.397546875 0.7840208328125 0.403125 0.8009791671875 0.41823437500000005 0.8084166671874999 0.42220312499999996 0.8126458328125 0.45562500000000006 0.8031041671875 0.46278125000000003 0.7744791671875
2 0.9104531250000001 0.2755208328125 0.912359375 0.27479166718750003 0.9131562499999999 0.2744375 0.918296875 0.2733541671875 0.9231718750000001 0.2737083328125 0.933984375 0.275875 0.941828125 0.2766041671875 0.9531875 0.275875 0.958859375 0.273 0.96615625 0.2686666671875 0.96778125 0.26433333281250004 0.965625 0.26110416718749996 0.9631875000000001 0.2578541671875 0.9610156249999999 0.2575 0.952375 0.2560416671875 0.943171875 0.2560416671875 0.93453125 0.25568749999999996 0.9293906249999999 0.2564166671875 0.9231718750000001 0.2575 0.921 0.2607291671875 0.91640625 0.26579166718749997 0.911546875 0.2701041671875 0.9047812499999999 0.2751666671875 0.9061406249999999 0.275875 0.9104531250000001 0.2755208328125
2 0.5829375 0.29512499999999997 0.56703125 0.2955 0.566890625 0.3017708328125 0.57546875 0.30252083281250003 0.5894375000000001 0.3015833328125 0.59775 0.3017708328125 0.604671875 0.2999375 0.6035625 0.292 0.603703125 0.2896041671875 0.598015625 0.288125 0.594703125 0.2849791671875 0.592078125 0.2857291671875 0.592765625 0.2864583328125 0.593171875 0.2947708328125 0.5829375 0.29512499999999997
2 0.97346875 0.3449791671875 0.9750624999999999 0.35008333281250004 0.9776093749999999 0.36285416718749997 0.978578125 0.3862708328125 0.9817656250000001 0.3883958328125 0.9836874999999999 0.3815833328125 0.9852812500000001 0.3700833328125 0.9852812500000001 0.3645625 0.984953125 0.3513541671875 0.984 0.3428333328125 0.9817656250000001 0.33645833281250004 0.9817656250000001 0.332625 0.9836874999999999 0.328375 0.981453125 0.3258125 0.978578125 0.3253958328125 0.97409375 0.3253958328125 0.969 0.31475 0.964515625 0.30920833281250004 0.9590937500000001 0.30281250000000004 0.9533437499999999 0.3006875 0.936421875 0.3006875 0.9345000000000001 0.2977083328125 0.917578125 0.2977083328125 0.927484375 0.336875 0.961640625 0.3411458328125 0.97346875 0.3449791671875
2 0.10940625 0.7576458328125 0.13059375 0.8023541671875 0.135875 0.7976458328125 0.15353125 0.7905833328125 0.15885975624999998 0.7900711375 0.1614713546875 0.7929375000000001 0.1665213421875 0.7875462390625 0.1694114578125 0.7952916671875 0.201171875 0.8047083328125 0.20038715312500002 0.7822222234375 0.1971676828125 0.7774466453125 0.1999947921875 0.7709791671875 0.20482926875000002 0.7749217484375001 0.22489756875000003 0.7696712953125 0.22764062499999999 0.7905833328125 0.275296875 0.7811666671874999 0.34940625000000003 0.76 0.41117187499999996 0.7247083328125 0.41167633906249995 0.7018511890625 0.4193536578125 0.70422459375 0.45 0.694125 0.458828125 0.694125 0.46336830312500005 0.6255535703125 0.4570625 0.6219652765625 0.464125 0.614125 0.41293749999999996 0.6219652765625 0.41293749999999996 0.5764791671875 0.44117187500000005 0.5623541671875001 0.44117187500000005 0.5411666671875001 0.395296875 0.4964791671875 0.37940625 0.47058333281250003 0.38646875 0.45177083281249997 0.36353125 0.44000000000000006 0.324703125 0.4070625 0.24353125000000003 0.3482291671875 0.197640625 0.34587500000000004 0.07764062499999999 0.3576458328125 0.0229375 0.3882291671875 0.0035312499999999997 0.44000000000000006 0.0018833328125 0.5871361109375 0.0017656249999999998 0.5976458328125 0.06 0.6447083328125001 0.0970625 0.6988333328125 0.10940625 0.7576458328125
2 0.401625 0.3666458328125 0.40846875000000005 0.3689166671875 0.40009375 0.379875 0.40179687499999994 0.3906041671875 0.40403124999999995 0.39425 0.41070312500000006 0.3931041671875 0.411546875 0.3855833328125 0.4095 0.3757708328125 0.412390625 0.357125 0.40982031250000006 0.3432369796875 0.4211171875 0.3258671875 0.42171875 0.3205 0.426765625 0.3171822921875 0.427359375 0.3128958328125 0.44109375 0.300875 0.4380625 0.2998125 0.433 0.3052916671875 0.43071875000000004 0.299125 0.4101875 0.3005 0.410875 0.3050625 0.4095 0.3151041671875 0.40504687500000003 0.3333541671875 0.3961875 0.3366458328125 0.394265625 0.3482291671875 0.392125 0.36825 0.392875 0.3692916671875 0.3985234375 0.3606067703125 0.401625 0.3666458328125
13 0.52471875 0.44279166718749996 0.523453125 0.4445 0.506890625 0.4886458328125 0.5017968749999999 0.58375 0.538734375 0.612625 0.542546875 0.6465833328125 0.732328125 0.6839375000000001 0.8100156249999999 0.6499791671875 0.9539375 0.5497916671875 0.9692187499999999 0.4326041671875 0.9806874999999999 0.4071458328125 0.9743281250000001 0.3392083328125 0.9322968749999999 0.334125 0.9042656250000001 0.27977083281250004 0.7972812499999999 0.2661875 0.694125 0.2831666671875 0.678828125 0.2831666671875 0.601140625 0.3680833328125 0.52471875 0.44279166718749996
13 0.035078125 0.3848541671875 0.0528125 0.3655 0.07860937500000001 0.3568958328125 0.12132812500000001 0.3515208328125 0.1229375 0.3450833328125 0.1229375 0.3063958328125 0.079421875 0.2902708328125 0.019765625000000002 0.29670833281250003 0.00203125 0.3031666671875 0.00284375 0.3117708328125 0.00284375 0.4052708328125 0.021374999999999998 0.4052708328125 0.021374999999999998 0.3998958328125 0.035078125 0.3848541671875
2 0.228578125 0.31456249999999997 0.234109375 0.3066875 0.25640625 0.3098416671875 0.259578125 0.31456249999999997 0.26364062499999996 0.31456249999999997 0.265484375 0.3121041671875 0.2761875 0.3121041671875 0.279890625 0.3076666671875 0.277671875 0.3037291671875 0.26954687499999996 0.2978333328125 0.25921875 0.2929166671875 0.256625 0.30225 0.24851562500000002 0.2894583328125 0.244078125 0.2875 0.246296875 0.2929166671875 0.24112499999999998 0.2978333328125 0.23825 0.3053166671875 0.23670312500000001 0.3037291671875 0.23190624999999998 0.2884791671875 0.22784374999999998 0.2943958328125 0.22917187499999997 0.3030541671875 0.22746875000000003 0.3037291671875 0.22082812500000001 0.295375 0.213078125 0.2993125 0.215296875 0.3116041671875 0.22009375000000003 0.3126041671875 0.22746875000000003 0.31062500000000004 0.228578125 0.31456249999999997
13 0.57665625 0.356 0.571265625 0.3418541671875 0.55778125 0.3346666671875 0.5574375 0.3270208328125 0.555921875 0.3231875 0.551875 0.3225208328125 0.54834375 0.3222916671875 0.5432812499999999 0.3166875 0.5296406250000001 0.3031666671875 0.5140625 0.3001041671875 0.478546875 0.2983958328125 0.438953125 0.3031666671875 0.43257812500000004 0.3069166671875 0.41851562500000006 0.33075 0.40599999999999997 0.3321041671875 0.404734375 0.3355208328125 0.40396875000000004 0.3396041671875 0.400890625 0.3515208328125 0.40064062500000003 0.3569791671875 0.399625 0.3695833328125 0.40115625 0.3808125 0.40192187500000004 0.39068749999999997 0.404984375 0.3947916671875 0.41085937499999997 0.3947916671875 0.422359375 0.3971666671875 0.42567187500000003 0.4070416671875 0.42976562500000004 0.40875000000000006 0.4379375 0.40875000000000006 0.443046875 0.4070416671875 0.44840625 0.3968333328125 0.462453125 0.3978541671875 0.485453125 0.3886458328125 0.5081875 0.3855833328125 0.52990625 0.3736666671875 0.550875 0.3751041671875 0.562 0.3679166671875 0.57665625 0.356