8 0.5679531250000001 0.9369375 0.5868125 0.9606041671875 0.5979062500000001 0.9813124999999999 0.607890625 0.9946249999999999 0.621203125 0.98575 0.6489375 0.976875 0.667796875 0.9783541671875 0.667796875 0.959125 0.62009375 0.9354583328125001 0.58459375 0.9117916671874999 0.570171875 0.905875 0.5679531250000001 0.9369375
3 0.743546875 0.6559166671875001 0.77096875 0.6494583328125 0.8032187499999999 0.6430208328125 0.814515625 0.6064583328125 0.822578125 0.5698958328125 0.8209687499999999 0.5462291671874999 0.8354843750000001 0.5720416671875 0.85484375 0.6086041671875 0.856453125 0.58925 0.866125 0.5483958328125 0.8758125 0.483875 0.8806406250000001 0.4128958328125 0.8854843750000001 0.32043750000000004 0.8580625 0.24945833281250002 0.832265625 0.2516041671875 0.7741875 0.2537708328125 0.75 0.2559166671875 0.7419374999999999 0.2602083328125 0.706453125 0.29031250000000003 0.693546875 0.3182708328125 0.6951562499999999 0.4 0.69678125 0.4387083328125 0.706453125 0.4795625 0.717734375 0.5548333328124999 0.719359375 0.5849375 0.727421875 0.6387083328125 0.717734375 0.6301041671875 0.727421875 0.6559166671875001 0.743546875 0.6559166671875001
3 0.137578125 0.5953958328125 0.10906249999999999 0.5976250000000001 0.088921875 0.6021041671875 0.07046875 0.6065833328125 0.046984375 0.6244791671875001 0.040265625 0.6714583328125 0.040265625 0.6916041671875 0.03690625 0.7229166671875 0.043625000000000004 0.752 0.063765625 0.7609375 0.083890625 0.7676666671875 0.10403124999999999 0.7788333328125 0.12584375 0.7810833328125 0.16275 0.7609375 0.21309375 0.7698958328125001 0.2281875 0.7631875 0.2281875 0.7408125 0.2399375 0.7363333328125 0.25671875 0.752 0.28859375 0.7698958328125001 0.27684375 0.7341041671874999 0.22315625 0.7050208328124999 0.176171875 0.6938333328125 0.16107812500000002 0.6826458328125 0.15435937500000002 0.6714583328125 0.17450000000000002 0.6692291671875 0.194625 0.6736875 0.20973437499999997 0.687125 0.214765625 0.6916041671875 0.23321874999999997 0.6893541671875 0.23490625 0.687125 0.23490625 0.6826458328125 0.23154687499999999 0.6580416671875 0.23154687499999999 0.6513333328125 0.23154687499999999 0.6289583328125 0.22985937500000003 0.6088125 0.214765625 0.6065833328125 0.214765625 0.5976250000000001 0.20134375000000002 0.5819791671875 0.16778125 0.5864583328124999 0.137578125 0.5953958328125
9 0.34640624999999997 0.3174791671875 0.359859375 0.3735416671875 0.380046875 0.3892291671875 0.41200000000000003 0.3825208328125 0.3918125 0.351125 0.3935 0.32197916718749997 0.41871875000000003 0.2591875 0.42040625 0.1896875 0.38509375 0.1291458328125 0.38509375 0.0798125 0.33968750000000003 0.0887916671875 0.33799999999999997 0.1201875 0.341375 0.1493333328125 0.34304687500000003 0.1650208328125 0.3026875 0.2950625 0.272421875 0.3085208328125 0.270734375 0.4385625 0.264015625 0.45875000000000005 0.274109375 0.45202083281250005 0.309421875 0.4340833328125 0.304375 0.3780208328125 0.301015625 0.3623333328125 0.34640624999999997 0.3174791671875
3 0.6390156250000001 0.6995416671875 0.6188281250000001 0.7152499999999999 0.613796875 0.7264583328125 0.59865625 0.7443958328125 0.5952968750000001 0.7668125 0.59696875 0.7825208328125 0.6003437500000001 0.7825208328125 0.605375 0.7825208328125 0.6255625 0.7780208328125 0.6524687499999999 0.7690625 0.6625625 0.7735416671875 0.66759375 0.7735416671875 0.67096875 0.7735416671875 0.682734375 0.7735416671875 0.68778125 0.7780208328125 0.68946875 0.7892291671875 0.697875 0.8071666671875001 0.70628125 0.820625 0.7146874999999999 0.820625 0.72478125 0.820625 0.73990625 0.820625 0.75671875 0.8161458328125001 0.7853125000000001 0.8138958328125 0.8038125 0.8138958328125 0.827359375 0.8138958328125 0.8408125 0.8138958328125 0.86603125 0.8116666671875 0.881171875 0.8094166671874999 0.906390625 0.7982083328125 0.9299375 0.8004583328124999 0.968609375 0.8026875 0.9803750000000001 0.8004583328124999 0.9854218749999999 0.7982083328125 0.987109375 0.7847500000000001 0.988796875 0.7780208328125 0.9854218749999999 0.7735416671875 0.9820625 0.7578541671875 0.978703125 0.7421458328125 0.9702968750000001 0.7331875 0.9551562499999999 0.7085208328125 0.951796875 0.6861041671875 0.961890625 0.677125 0.9719687499999999 0.6681666671875 0.988796875 0.6345208328124999 0.99046875 0.6121041671875 0.988796875 0.5941666671875 0.978703125 0.5874375 0.961890625 0.5784791671875 0.950109375 0.5672708328125 0.9417031250000001 0.5605416671875 0.9198437500000001 0.5605416671875 0.8979843750000001 0.57175 0.887890625 0.5807083328125 0.881171875 0.5919375 0.8677187500000001 0.605375 0.857625 0.6143541671875 0.8340781249999999 0.6300416671875 0.815578125 0.6390208328125 0.783625 0.64125 0.76009375 0.64125 0.7298281249999999 0.6502291671875 0.7146874999999999 0.6502291671875 0.6945 0.6591875 0.66759375 0.677125 0.655828125 0.6861041671875 0.665921875 0.6816041671875 0.665921875 0.6838541671875 0.6390156250000001 0.6995416671875
8 0.257296875 0.4848125 0.294546875 0.4838541671875 0.29528125 0.464375 0.290171875 0.4585208328125 0.255109375 0.4585208328125 0.25803125 0.45658333281249996 0.251453125 0.45560416718749996 0.257296875 0.4848125
8 0.21637499999999998 0.45499999999999996 0.21564062499999997 0.45499999999999996 0.19509375 0.4540208328125 0.178953125 0.4559791671875 0.181890625 0.47750000000000004 0.18996875 0.47847916718750005 0.2105 0.47847916718750005 0.212703125 0.47847916718750005 0.21637499999999998 0.46966666718749994 0.21637499999999998 0.45499999999999996
8 0.218484375 0.4693958328125 0.2190625 0.4724791671875 0.21926562500000002 0.476875 0.22021875 0.4799583328125 0.22312500000000002 0.4799583328125 0.25601562499999997 0.4799583328125 0.252140625 0.45933333281250005 0.25078125 0.45933333281250005 0.23879687500000002 0.45933333281250005 0.217328125 0.46010416718749997 0.2169375 0.4619166671875 0.21770312500000003 0.46654166718749995 0.218484375 0.4693958328125
8 0.182109375 0.47527083281250004 0.18046875 0.4572291671875 0.192765625 0.45558333281249996 0.193171875 0.4452083328125 0.17350000000000002 0.44356249999999997 0.155875 0.4452083328125 0.155875 0.4479375 0.1550625 0.4479375 0.1595625 0.4747083328125 0.16899999999999998 0.47854166718749996 0.1800625 0.4768958328125 0.182109375 0.47527083281250004
8 0.267875 0.4454791671875 0.22117187500000002 0.4469583328125 0.215125 0.4469583328125 0.218421875 0.45502083281249994 0.217328125 0.45208333281249996 0.23381249999999998 0.4528125 0.26678125 0.4535416671875 0.271171875 0.4491458328125 0.267875 0.4454791671875
8 0.214703125 0.4531875 0.2171875 0.44241666718749995 0.21967187500000002 0.42835416718749997 0.208484375 0.42752083281250003 0.18426562500000002 0.42835416718749997 0.18178125 0.4266875 0.18115625 0.44241666718749995 0.194828125 0.44656250000000003 0.194828125 0.4531875 0.214703125 0.4531875
8 0.217390625 0.4354583328125 0.21798437499999998 0.4381875 0.21915625 0.4413125 0.23089062500000002 0.4425 0.25140625 0.4421041671875 0.265765625 0.4405416671875 0.26753125 0.43897916718749996 0.271046875 0.4358541671875 0.269 0.43233333281249997 0.25903125 0.4292083328125 0.241734375 0.42802083281250003 0.22707812500000002 0.4288125 0.21974999999999997 0.4292083328125 0.21768749999999998 0.4331041671875 0.2168125 0.4307708328125 0.21621875 0.4331041671875 0.217390625 0.4354583328125
8 0.228875 0.3914166671875 0.2344375 0.38868749999999996 0.23707812499999997 0.3808958328125 0.234734375 0.3766041671875 0.23034374999999999 0.3742708328125 0.22128125 0.373875 0.203140625 0.377375 0.207234375 0.3855833328125 0.215140625 0.3914166671875 0.228875 0.3914166671875
8 0.23534375000000002 0.4051875 0.23740624999999999 0.40031249999999996 0.23581249999999998 0.3984791671875 0.226421875 0.4 0.21954687499999997 0.40275 0.22046875 0.40458333281250003 0.22115625 0.4134375 0.23123437500000002 0.4140416671875 0.23374999999999999 0.41160416718750004 0.23534375000000002 0.4051875
8 0.438578125 0.8526875 0.4390625 0.8391458328124999 0.43615624999999997 0.8339791671875 0.43375 0.8262291671875 0.43326562500000004 0.819125 0.43326562500000004 0.806875 0.432296875 0.7984791671875 0.431328125 0.79525 0.429390625 0.7907291671875 0.426 0.786875 0.42260937500000006 0.7881458328125001 0.42018750000000005 0.799125 0.41921875000000003 0.8062291671875 0.419703125 0.8120416671875 0.41921875000000003 0.8184791671875 0.414375 0.8313958328125001 0.40809375000000003 0.8378541671875 0.404703125 0.8449375 0.40276562499999996 0.8533333328125 0.40179687499999994 0.8630208328125001 0.40131249999999996 0.8701041671875 0.40034375000000005 0.8772083328125 0.40034375000000005 0.8849583328125 0.399859375 0.8914166671875 0.3974375 0.8952708328125001 0.396953125 0.8985 0.40179687499999994 0.9056041671875 0.407609375 0.9023749999999999 0.408578125 0.8952708328125001 0.40809375000000003 0.8868958328125001 0.405671875 0.8862500000000001 0.40179687499999994 0.8862500000000001 0.40131249999999996 0.8772083328125 0.40276562499999996 0.8726875 0.405671875 0.8694583328125001 0.407609375 0.8681666671875 0.411484375 0.8688125 0.414859375 0.8733333328124999 0.416796875 0.8778541671875001 0.42164062500000005 0.8849583328125 0.424546875 0.8881875000000001 0.43181250000000004 0.8759166671875 0.43375 0.8707499999999999 0.43760937499999997 0.8636666671875 0.438578125 0.8526875
8 0.41851562500000006 0.7255625 0.41126562499999997 0.7320208328125 0.41609375000000004 0.7365208328125 0.42334375 0.7410208328125 0.42623437500000005 0.74875 0.43059375 0.7635625 0.433 0.7809375000000001 0.44265625000000003 0.7925416671875001 0.4489375 0.8054166671875 0.44507812500000005 0.820875 0.44990625 0.8234375 0.44990625 0.8144375 0.45425000000000004 0.8079791671875001 0.45714062499999997 0.8234375 0.46101562500000004 0.820875 0.45714062499999997 0.8028333328124999 0.46293749999999995 0.8015416671875 0.4735625 0.8079791671875001 0.48515625 0.8060625 0.48321875 0.8002708328124999 0.46921875 0.782875 0.455703125 0.7609791671874999 0.44507812500000005 0.7506875 0.435421875 0.7307291671875 0.42623437500000005 0.7230000000000001 0.42623437500000005 0.7204166671875 0.422859375 0.7204166671875 0.41851562500000006 0.7255625
8 0.6244375 0.227 0.62984375 0.23060416718750001 0.6365937500000001 0.2396041671875 0.641984375 0.2513125 0.63996875 0.2648125 0.64671875 0.2603125 0.64671875 0.2576041671875 0.6480625 0.2567083328125 0.6581875 0.2594166671875 0.66553125 0.27897916718750004 0.667 0.2760416671875 0.6640625 0.2476666671875 0.6545156249999999 0.24570833281249999 0.649390625 0.238875 0.65965625 0.238875 0.66259375 0.238875 0.667734375 0.23789583281249999 0.66846875 0.2300625 0.67359375 0.22225 0.677265625 0.21637499999999998 0.6809375 0.2085416671875 0.689734375 0.2026875 0.697078125 0.19877083281250002 0.695609375 0.19583333281249998 0.7029375 0.1919166671875 0.699265625 0.18702083281249998 0.7051406250000001 0.183125 0.7 0.17822916718749998 0.7051406250000001 0.17235416718750002 0.699265625 0.16941666718749998 0.7029375 0.1635625 0.6978125000000001 0.1635625 0.697078125 0.1596458328125 0.65671875 0.18604166718749998 0.636921875 0.2153958328125 0.617109375 0.21833333281249998 0.6143125 0.21620833281250001 0.61634375 0.22160416718749998 0.6244375 0.227
8 0.62190625 0.3213541671875 0.63034375 0.3168541671875 0.63034375 0.296625 0.63034375 0.2696666671875 0.62190625 0.2831458328125 0.611796875 0.2876458328125 0.6101093750000001 0.296625 0.6101093750000001 0.3123541671875 0.6101093750000001 0.3213541671875 0.606734375 0.3213541671875 0.606734375 0.3258333328125 0.62190625 0.3213541671875
8 0.36131250000000004 0.6654791671875 0.368015625 0.6701666671875001 0.37312500000000004 0.6705833328125 0.37728125 0.6684583328125 0.37887499999999996 0.6629166671875 0.378234375 0.6599375000000001 0.37728125 0.65525 0.37728125 0.648875 0.37887499999999996 0.6441874999999999 0.38079687500000003 0.6390833328125 0.38046875 0.6356666671875 0.37728125 0.6335416671874999 0.3728125 0.6280208328125 0.369625 0.6207708328125 0.36898437500000003 0.6126875 0.36706249999999996 0.6088541671875001 0.363875 0.6088541671875001 0.36290625 0.6092708328125 0.36067187500000003 0.61225 0.36067187500000003 0.6148125 0.361953125 0.6224791671875 0.36228125 0.6284375 0.361640625 0.6348333328125 0.35748437499999997 0.6407916671875 0.35684375 0.6441874999999999 0.357171875 0.648875 0.35748437499999997 0.6522708328125 0.36290625 0.6599375000000001 0.361953125 0.6586666671875 0.35876562500000003 0.6625 0.36131250000000004 0.6654791671875
8 0.465 0.7590208328125 0.46604687499999997 0.7553333328125 0.46778125 0.7530208328125 0.467421875 0.7377916671875 0.463265625 0.727625 0.45946875 0.7267083328124999 0.45531249999999995 0.7294791671875 0.453921875 0.7280833328125 0.45704687499999996 0.7239375 0.45634375 0.7220833328125 0.458078125 0.7174791671875 0.45149999999999996 0.6990000000000001 0.44699999999999995 0.6888541671875 0.44215625000000003 0.6851458328125 0.4386875 0.6851458328125 0.434875 0.6879166671875 0.43384375000000003 0.6902291671875 0.42934374999999997 0.6939166671875 0.431421875 0.697625 0.43903125000000004 0.6980833328125 0.441109375 0.6999375 0.443890625 0.7114791671875 0.44145312499999995 0.7285416671875 0.44768749999999996 0.7387083328124999 0.458765625 0.7553333328125 0.46362500000000006 0.7553333328125 0.46154687499999997 0.7590208328125 0.465 0.7590208328125
8 0.63271875 0.6479166671875001 0.6160625 0.6388125 0.604953125 0.6285624999999999 0.5925625 0.618875 0.589578125 0.6234375 0.5882968749999999 0.6251458328124999 0.5955468749999999 0.643375 0.6058125000000001 0.6576041671875 0.6267343750000001 0.6633125 0.63271875 0.6479166671875001
8 0.6538125 0.6020208328125001 0.6585156249999999 0.6020208328125001 0.66534375 0.5986041671875 0.666625 0.5957708328125 0.671765625 0.5849375 0.66534375 0.580375 0.6568125 0.5832291671875 0.64740625 0.5906458328124999 0.6465468750000001 0.5900624999999999 0.6465468750000001 0.5929166671874999 0.6538125 0.6020208328125001
8 0.874109375 0.16129166718750002 0.86565625 0.1659791671875 0.866359375 0.1763125 0.87340625 0.181 0.8804375 0.18943749999999998 0.891703125 0.197875 0.8980312500000001 0.19977083281250002 0.90859375 0.20070833281249997 0.917734375 0.20633333281250002 0.917734375 0.2110208328125 0.917734375 0.22227083281249999 0.9304062500000001 0.2232083328125 0.9311093749999999 0.2128958328125 0.933921875 0.2091458328125 0.93884375 0.2110208328125 0.942375 0.23072916718749997 0.9480000000000001 0.2495 0.94940625 0.24666666718750002 0.9480000000000001 0.22697916718750002 0.9451875 0.20070833281249997 0.9346249999999999 0.1856875 0.9261874999999999 0.175375 0.9254843749999999 0.17441666718749999 0.9261874999999999 0.1763125 0.917734375 0.1641041671875 0.9071875 0.1603541671875 0.8895937500000001 0.1603541671875 0.874109375 0.16129166718750002
8 0.923390625 0.3958125 0.9205 0.40006250000000004 0.91890625 0.40391666718749997 0.92325 0.4054583328125 0.9228125 0.41281249999999997 0.9220937499999999 0.4234375 0.9246874999999999 0.4294166671875 0.9315 0.43695833281249996 0.9375937499999999 0.4413958328125 0.9336718749999999 0.44679166718749996 0.9357031250000001 0.4493125 0.941359375 0.4489166671875 0.942359375 0.44622916718749994 0.9429531250000001 0.4411875 0.9443906249999999 0.4385 0.9594531249999999 0.43714583281249997 0.973078125 0.4441041671875 0.974375 0.44389583281249995 0.9706093750000001 0.4373333328125 0.971484375 0.4334791671875 0.967859375 0.4290208328125 0.9574374999999999 0.4228541671875 0.947140625 0.4174375 0.9352656250000001 0.4116458328125 0.9336718749999999 0.4027708328125 0.928890625 0.3969791671875 0.923390625 0.3958125
8 0.334125 0.6613958328125 0.3488125 0.64725 0.358609375 0.6532291671875 0.35696875 0.64725 0.34187500000000004 0.6390833328125 0.307609375 0.6341875 0.294546875 0.6363749999999999 0.306390625 0.6597708328125 0.32759375 0.6935 0.33290625 0.6929375 0.338609375 0.6826041671875 0.334125 0.6613958328125
8 0.25520312500000003 0.4527916671875 0.24275000000000002 0.45237499999999997 0.217203125 0.4527916671875 0.216890625 0.45960416718749997 0.222953125 0.45960416718749997 0.23317187499999997 0.45875000000000005 0.25201562499999997 0.45960416718749997 0.25296875 0.45918749999999997 0.267015625 0.4545 0.25520312500000003 0.4527916671875
9 0.130578125 0.2737083328125 0.117015625 0.2937083328125 0.09343749999999999 0.2937083328125 0.090578125 0.33845833281250004 0.0684375 0.3413125 0.059859375000000006 0.4184583328125 0.080578125 0.41560416718750004 0.10985937500000001 0.3937083328125 0.104859375 0.3832291671875 0.112015625 0.3698958328125 0.11985937499999999 0.3794166671875 0.129859375 0.3765625 0.11985937499999999 0.36131250000000004 0.111296875 0.35275 0.09271875 0.3479791671875 0.09701562500000001 0.3337083328125 0.130578125 0.3179583328125 0.1434375 0.2912916671875 0.140578125 0.2532083328125 0.177015625 0.2703333328125 0.192 0.2703333328125 0.199859375 0.23033333281249999 0.19771875 0.16558333281249998 0.17915625 0.1236666671875 0.150578125 0.10939583281250001 0.131296875 0.11699999999999999 0.126296875 0.1427291671875 0.12415625 0.18462499999999998 0.1084375 0.2312916671875 0.12271875000000002 0.23752083281249997 0.130578125 0.2460833328125 0.130578125 0.2737083328125
8 0.398921875 0.6538541671875 0.397765625 0.6579375 0.397765625 0.6645833328124999 0.4104375 0.6707291671875 0.416578125 0.6707291671875 0.420796875 0.6640833328125 0.425015625 0.6543541671875001 0.42846875000000006 0.6466875 0.438453125 0.6338958328125 0.435765625 0.6338958328125 0.425015625 0.6451458328124999 0.42117187500000003 0.6482083328125 0.41581250000000003 0.64925 0.40774999999999995 0.64925 0.404296875 0.6441250000000001 0.39853125 0.6420833328125 0.3943125 0.6441250000000001 0.39815625 0.6487291671875 0.398921875 0.6538541671875
8 0.33125 0.3375 0.3359375 0.3416666671875 0.3453125 0.3416666671875 0.3484375 0.3541666671875 0.3609375 0.3729166671875 0.39375 0.375 0.3984375 0.36875 0.4 0.35625 0.5720535718749999 0.3960119046875 0.603125 0.40625 0.5984375 0.4125 0.6015625 0.45 0.6171875 0.47083333281249995 0.6328125 0.47083333281249995 0.6375 0.4604166671875 0.6359375 0.45 0.8619031203124999 0.62450349375 0.8884375 0.2975 0.8890625 0.3083333328125 0.896875 0.32083333281250004 0.8645485374999999 0.6038484046875 0.8714786890624999 0.6083146703125 0.8734541218749999 0.5872340421875 0.867193953125 0.5831933140625 0.8744418390625001 0.5766937296875 0.8685166609375001 0.5728657703125 0.87542955625 0.566153415625 0.8698393687499999 0.5625382250000001 0.8764172734375 0.5556131015625 0.871162078125 0.5522106796874999 0.8774049906249999 0.5450727890625 0.8724847859375 0.5418831359375 0.8783927078125 0.534532475 0.87380749375 0.531555590625 0.8793804234374999 0.5239921609375 0.8751302015625001 0.5212280453125 0.880368140625 0.5134518484374999 0.876452909375 0.5109005 0.8813558578125 0.502911534375 0.8777756171875 0.50057295625 0.8823435749999999 0.49237122031249997 0.8790983265625 0.4902454109375 0.8833312921875001 0.4818309078125 0.8804210343750001 0.47991786562499994 0.884319009375 0.47129059375000004 0.8817437421875001 0.469590321875 0.8853067265625001 0.4607502796875 0.88306645 0.45926277656250003 0.8862944421875 0.45020996562500004 0.8843891578124999 0.44893523125 0.887282159375 0.439669653125 0.885711865625 0.4386076859375 0.8882698765624999 0.42912933906250006 0.8856249999999999 0.4266666671875 0.88925759375 0.418589025 0.88690625 0.4162916671875 0.8902453109374999 0.4080487125 0.8881875000000001 0.4059166671875 0.891233028125 0.39750839843749997 0.88946875 0.3955416671875 0.8922207453125001 0.38696808437499997 0.8905267859375 0.384869046875 0.891584821875 0.374196428125 0.8926000000000001 0.3731333328125 0.8926428578125 0.363523809375 0.89445 0.36110000000000003 0.8937008921875 0.352851190625 0.8962999999999999 0.3490666671875 0.894758928125 0.342178571875 0.89815 0.33703333281250003 0.8958169640625 0.33150595312500003 0.9 0.325 0.9125 0.325 0.915625 0.32083333281250004 0.91875 0.30416666718749996 0.9375 0.3 0.9515625 0.2854166671875 0.9546875 0.2854166671875 0.9609375 0.275 0.9625 0.2625 0.9578125 0.2541666671875 0.9328125 0.25833333281250004 0.921875 0.2791666671875 0.91875 0.2791666671875 0.9140625 0.2854166671875 0.9078125 0.275 0.9046875 0.25625 0.9 0.2479166671875 0.890625 0.2479166671875 0.8859375 0.2541666671875 0.6176282046875 0.39845085468749997 0.6125 0.40625 0.610376603125 0.402350428125 0.5642857140624999 0.39345238125000004 0.385625 0.33458333281249997 0.390625 0.325 0.39375 0.3125 0.396875 0.3125 0.4140625 0.2854166671875 0.415625 0.27291666718749996 0.409375 0.2625 0.3984375 0.2625 0.3921875 0.26875 0.375 0.27291666718749996 0.3625 0.2854166671875 0.34375 0.2958333328125 0.3375 0.3125 0.3390178578125 0.319226190625 0.33125 0.3166666671875 0.33125 0.3375