8 0.4471666671875 0.96953125 0.4453125 0.965046875 0.4448541671875 0.960921875 0.4448541671875 0.95746875 0.44622916718749994 0.9533437499999999 0.44945833281249997 0.947828125 0.45083333281250004 0.9437031250000001 0.45404166718749994 0.9412968749999999 0.4545 0.93578125 0.4535833328125 0.9326874999999999 0.4535833328125 0.93028125 0.45679166718750003 0.927171875 0.4466875 0.924421875 0.4439375 0.926140625 0.4375208328125 0.923046875 0.4347708328125 0.921671875 0.4343125 0.918921875 0.4310833328125 0.9134062500000001 0.42925 0.91375 0.4269583328125 0.917546875 0.4265 0.924765625 0.4287916671875 0.927875 0.4370625 0.93303125 0.43614583281249997 0.939578125 0.44027083281249996 0.9423281250000001 0.43843750000000004 0.94921875 0.4366041671875 0.9585000000000001 0.44164583281249997 0.9643593750000001 0.4448541671875 0.9726250000000001 0.44622916718749994 0.97503125 0.4471666671875 0.9726250000000001 0.4471666671875 0.96953125
8 0.1357727265625 0.5631292609375 0.12304166718750001 0.5527968750000001 0.0085833328125 0.584984375 0.01609375 0.64505859375 0.0245795453125 0.6479836640625 0.0171666671875 0.653640625 0.0486458328125 0.687984375 0.21458333281250003 0.6150156250000001 0.27468750000000003 0.587125 0.2489166671875 0.50128125 0.2374791671875 0.497 0.18025 0.5291875 0.14318560625 0.5574723015624999 0.13968560624999998 0.5641093749999999 0.1357727265625 0.5631292609375
8 0.303375 0.45618749999999997 0.30083184531249996 0.4549029015625 0.2948083328125 0.46100312499999996 0.2927738109375 0.45997544687499997 0.2862416671875 0.46581875000000006 0.2847157734375 0.465047990625 0.277675 0.47063437500000005 0.2766577375 0.4701205359375 0.2605416671875 0.48026562500000003 0.261375 0.485828125 0.2918333328125 0.56796875 0.3008958328125 0.56178125 0.3363125 0.553765625 0.3560625 0.551296875 0.3494791671875 0.511765625 0.3536041671875 0.5018906249999999 0.34642857031249996 0.4953616078125 0.4038333328125 0.46792187500000004 0.3991279765625 0.460069196875 0.4009505203125 0.459505859375 0.39442261875 0.4522165171875 0.3980677078125 0.45108984375 0.3897172625 0.4443638390625 0.3951848953125 0.44267382812499995 0.3923020828125 0.4342578125 0.3850119046875 0.4365111609375 0.3803065484375 0.4286584828125 0.3894192703125 0.425841796875 0.3807708328125 0.40059374999999997 0.3708958328125 0.41295312500000003 0.36529613125 0.4143225453125 0.30888988125 0.4498303578125 0.303375 0.45618749999999997
8 0.9960625000000001 0.9875937499999999 1 0.5502343749999999 0.9330208328125 0.52659375 0.9330208328125 0.49585937500000005 0.9109583328124999 0.476953125 0.7691041671875001 0.46040625 0.7060625 0.46040625 0.551625 0.43676562499999994 0.4538958328125 0.47459375000000004 0.4412916671875 0.5076875000000001 0.5011875 0.571515625 0.4665 0.583328125 0.43497916718749996 0.571515625 0.42554166718750003 0.583328125 0.3971666671875 0.592796875 0.3719375 0.5384218749999999 0.34358333281250003 0.5384218749999999 0.2931458328125 0.578609375 0.21433333281250003 0.6093437500000001 0 0.708625 0.0031458328125 0.79609375 0.0031458328125 0.9804999999999999 0.173375 0.9875937499999999 0.10716666718750001 0.9804999999999999 0.5547708328125001 0.982859375 0.9960625000000001 0.9875937499999999
9 0.2546875 0.6045 0.25768749999999996 0.584265625 0.25768749999999996 0.559546875 0.2307083328125 0.541578125 0.1767708328125 0.5101093750000001 0.19175 0.503375 0.2127291671875 0.496625 0.2367083328125 0.47190624999999997 0.2606666671875 0.43820312499999997 0.2816458328125 0.41798437499999996 0.305625 0.44718749999999996 0.3475625 0.5123593750000001 0.35954166718749997 0.566296875 0.41947916718749995 0.588765625 0.4524375 0.582015625 0.5093541671875 0.57078125 0.4644166671875 0.52584375 0.40750000000000003 0.46965625 0.3176041671875 0.24943749999999998 0.3565625 0.20224999999999999 0.4224791671875 0.137078125 0.37752083281250004 0.092140625 0.35954166718749997 0.053937500000000006 0.2756458328125 0.017984375 0.20074999999999998 0.022468750000000003 0.0838958328125 0.087640625 0.0838958328125 0.182015625 0.003 0.211234375 0.003 0.5235937500000001 0.092875 0.557296875 0.1827708328125 0.6 0.20074999999999998 0.611234375 0.20972916718749998 0.611234375 0.2546875 0.6045
8 0.9960625000000001 0.22548437500000001 0.9780625000000001 0.22548437500000001 0.9144583328125 0.217390625 0.86525 0.21018750000000003 0.8580416671875 0.1876875 0.8664375 0.162484375 0.8616458328125001 0.143578125 0.8532500000000001 0.143578125 0.8340416671875 0.149890625 0.7944375 0.157984375 0.7644375 0.157984375 0.7428333328125001 0.16607812500000002 0.7464375000000001 0.1831875 0.7464375000000001 0.1921875 0.7548333328125 0.24709374999999997 0.8148333328125 0.26509375 0.8196458328125 0.320890625 0.8640416671875 0.35150000000000003 0.9780625000000001 0.30109375 0.9816458328125 0.30470312499999996 0.9960625000000001 0.2506875 0.9960625000000001 0.22548437500000001
8 0.8685625 0.77859375 0.8649374999999999 0.801734375 0.8613125 0.92696875 0.8939791671874999 0.947390625 0.9266458328124999 0.9487500000000001 0.946625 0.943296875 0.9556875 0.92696875 0.99925 0.8275937499999999 1 0.788125 0.9756458328125 0.7717968749999999 0.9556875 0.7690625 0.9212083328125 0.7649843749999999 0.9230208328125 0.76634375 0.8885416671874999 0.7690625 0.8685625 0.77859375
8 0.2976666671875 0.589171875 0.3107291671875 0.584890625 0.3600833328125 0.5781562499999999 0.36131250000000004 0.57784375 0.35275 0.572953125 0.3127708328125 0.576921875 0.3103125 0.578453125 0.3042083328125 0.575703125 0.25564583281250003 0.581828125 0.26014583281250003 0.58365625 0.261375 0.593140625 0.2976666671875 0.589171875
8 0.7336041671875 0.5700000000000001 0.7378958328125 0.5622812500000001 0.7361666671875 0.559703125 0.7301666671875 0.5551875 0.6872291671874999 0.562921875 0.6812291671875 0.570640625 0.6820833328125 0.580953125 0.7164375 0.595109375 0.7284583328124999 0.5925312500000001 0.7293125 0.5899687499999999 0.7318749999999999 0.5783750000000001 0.7336041671875 0.5700000000000001
8 1 0.7043437499999999 0.9875 0.6832499999999999 0.9552916671875 0.67559375 0.9184791671875001 0.6686875 0.8698958328125 0.682875 0.8734791671875 0.72428125 0.8744999999999999 0.7403906250000001 0.8734791671875 0.779890625 0.8939375 0.7676093749999999 0.9256249999999999 0.764546875 0.9511875 0.768375 0.9731875000000001 0.772984375 1 0.714703125 1 0.7043437499999999
8 0.5915208328125 0.6724218750000001 0.6305625 0.6331249999999999 0.6326041671875 0.607703125 0.614125 0.59459375 0.586375 0.603078125 0.5370625 0.6246562499999999 0.5195833328125 0.670890625 0.54425 0.6932343750000001 0.5699375 0.6963125 0.5915208328125 0.6724218750000001