9 0.8358782203124999 0.508578125 0.8165573765625 0.46668750000000003 0.8141451984374999 0.40546875 0.7803278687499999 0.371625 0.7223653390625 0.33134375 0.6740749421875 0.31684375 0.6740749421875 0.255625 0.62093676875 0.21373437499999998 0.5485011703125 0.228234375 0.5581498828125 0.2620625 0.5605854796874999 0.3071875 0.5485011703125 0.326515625 0.41325526874999996 0.371625 0.335995315625 0.436078125 0.29011709531249996 0.47474999999999995 0.3070023421875 0.54403125 0.3142622953125 0.5536875 0.36737704843749996 0.5843125 0.364964871875 0.618140625 0.4084309140625 0.63103125 0.435011709375 0.63425 0.43983606562500005 0.618140625 0.435011709375 0.59075 0.36737704843749996 0.50053125 0.45915690937500003 0.439296875 0.4639812640625 0.46185937499999996 0.48088992968750005 0.49729687499999997 0.4712177984375 0.5536875 0.4663934421875 0.58753125 0.5533255265625 0.611703125 0.5774707265625 0.61653125 0.5581498828125 0.643921875 0.608875878125 0.6487499999999999 0.69098360625 0.6680937499999999 0.7296252921875 0.6858125 0.7489461359375 0.698703125 0.8213817328124999 0.676140625 0.8141451984374999 0.63746875 0.787564403125 0.5826875 0.79482435625 0.5504687500000001 0.8358782203124999 0.508578125
9 0.7984777515625 0.37415625 0.8086182671875 0.46218750000000003 0.842459015625 0.502828125 0.7917096015625 0.563765625 0.8255503515625 0.6721250000000001 0.8323185015625001 0.6721250000000001 0.8965807968749999 0.667609375 0.9473302109375 0.6721250000000001 1 0.726296875 0.9981030437499999 0.30643750000000003 0.8627634656250001 0.286125 0.855995315625 0.274828125 0.8086182671875 0.24096875 0.7477283375 0.218390625 0.6732786890625 0.24096875 0.6699063234375 0.29289062499999996 0.6969789234375 0.329 0.7071194375000001 0.329 0.7307962531250001 0.342546875 0.7984777515625 0.37415625
9 0.051170960937499996 0.580703125 0.11531615937499999 0.587125 0.2211943796875 0.644921875 0.2692740046875 0.694140625 0.3591100703125 0.6898593749999999 0.349484778125 0.6791406249999999 0.2500468390625 0.591421875 0.14098360625 0.5057968749999999 0.1217330203125 0.355984375 0.0992974234375 0.315328125 0.12496487187500001 0.30246875 0.19871194375 0.212578125 0.20192037499999999 0.144109375 0.1281498828125 0.12056249999999999 0.02229508125 0.135546875 0.0126697890625 0.893171875 0.064004684375 0.75190625 0.051170960937499996 0.580703125
8 0.4669789234375 0.655390625 0.49044496562499995 0.6697031250000001 0.49529274062499995 0.6694375 0.49651053906250003 0.66240625 0.498548009375 0.661609375 0.5037939109375 0.661609375 0.5114988296874999 0.66484375 0.49651053906250003 0.6540468749999999 0.45238875937499995 0.6321718749999999 0.4390398125 0.624328125 0.4313583140625 0.63378125 0.43053864218750004 0.635671875 0.43255269375000005 0.6389218750000001 0.4443091328125 0.643234375 0.45238875937499995 0.64890625 0.4669789234375 0.655390625
8 0.741451990625 1 0.729180328125 0.98171875 0.7353161593750001 0.94178125 0.7368618265625 0.933578125 0.7184309140625 0.9284687500000001 0.6984777515625 0.9284687500000001 0.6892740046875 0.9356406249999999 0.6892740046875 0.94178125 0.69386416875 0.9858125 0.678524590625 1 0.6831381734375 1 0.741451990625 1
8 0.8986651046875 1 0.8931615921875 0.9823906250000001 0.9030679156250001 0.9530312500000001 0.8975644031250001 0.934671875 0.8832552687499999 0.9273281250000001 0.8513348953125 0.9251250000000001 0.821615925 0.924390625 0.809508196875 0.931 0.8073067921874999 0.9464218750000001 0.8073067921874999 0.9743124999999999 0.7974238875 0.99634375 0.7886182671874999 1 0.8986651046875 1
8 0.8898360656250001 0.792890625 0.9384543328125 0.8004843749999999 0.989836065625 0.80140625 0.995948478125 0.7943749999999999 0.9806557375 0.79621875 0.9067681500000001 0.79121875 0.873723653125 0.7875156249999999 0.835948478125 0.7891874999999999 0.8073302109375 0.781953125 0.7784543328125 0.7721250000000001 0.7845667453125 0.776015625 0.774004684375 0.77471875 0.7851053859375 0.781390625 0.7765105390625 0.7791718750000001 0.8070491796875 0.7943749999999999 0.8370491796874999 0.797703125 0.8348477750000001 0.798453125 0.863723653125 0.7923281249999999 0.8898360656250001 0.792890625
8 0.884355971875 0.7863125 0.9548946140625001 0.795390625 0.97128805625 0.794828125 0.970468384375 0.7913125 0.9557377046875001 0.79075 0.881007025 0.782234375 0.8340749421875 0.784265625 0.8029742390625 0.76740625 0.79906323125 0.771484375 0.8129508203125001 0.78278125 0.8340749421875 0.78815625 0.8640749421875 0.7868593749999999 0.884355971875 0.7863125
8 0.10105386406250001 0.86965625 0.10440281093749999 0.8516875 0.0673536296875 0.82696875 0.0404215453125 0.8516875 0 0.9887656249999999 0.7174238875000001 1 1 0.9752812499999999 0.9767681500000001 0.813484375 0.8622482437500001 0.8337031250000001 0.771311475 0.8022500000000001 0.6770023421875 0.793265625 0.5052224828125 0.786515625 0.4648009375 0.793265625 0.3570257609375 0.9483124999999999 0.202084309375 0.9797812499999999 0.1313583140625 0.959546875 0.10105386406250001 0.86965625
8 0.1161826703125 0 0.1103981265625 0.002359375 0.0939578453125 0.015265625 0.09297423906249999 0.0249375 0.09297423906249999 0.032046875 0.0997423890625 0.046890625000000005 0.10845433281250001 0.05334375 0.1500468390625 0.072046875 0.18002341875 0.06559374999999999 0.19840749375 0.059796875000000006 0.21002341875 0.042359375 0.21484777500000002 0.029453125000000004 0.21484777500000002 0.0210625 0.19744730625 0 0.1161826703125 0
8 0.892435596875 0.8039999999999999 0.9139344265625 0.80846875 0.93608899375 0.80803125 0.8823653390624999 0.7990625 0.8501170953124999 0.79771875 0.8373536296875 0.801296875 0.8212177984375 0.7986093750000001 0.7916627640625 0.7883125 0.7896487125 0.785171875 0.7788992968749999 0.790546875 0.7795784546875 0.79234375 0.82189695625 0.80803125 0.8501170953124999 0.80846875 0.8655503515625 0.8026406250000001 0.892435596875 0.8039999999999999
8 0.8933255265625 0.7935 0.872060890625 0.7929062499999999 0.8599531609375 0.7923125 0.8404449656249999 0.796453125 0.82805620625 0.796453125 0.81355971875 0.794484375 0.8112177984375 0.794484375 0.8215456671875 0.80059375 0.8321779859375 0.8011874999999999 0.8413348953125 0.8011874999999999 0.8502107734375001 0.79921875 0.8738407499999999 0.798234375 0.8847775171875 0.798234375 0.8956908671875 0.798234375 0.9252459015625 0.8043437499999999 0.9550819671875 0.8086718749999999 0.9725058546875 0.8118281250000001 0.983747071875 0.8137968750000001 0.9831381734375 0.805328125 0.9530210765625 0.8029531249999999 0.92997658125 0.799015625 0.8933255265625 0.7935
8 0.7442857140625 0.69278125 0.6981264640625 0.6725156250000001 0.6531850109375 0.6619843750000001 0.6045667453125 0.649828125 0.546252928125 0.649828125 0.48309133437499996 0.6741406249999999 0.47337236562499996 0.702515625 0.46484777499999996 0.74709375 0.548688525 0.7778906250000001 0.6555971890625 0.7795156249999999 0.7467213109374999 0.753578125 0.7442857140625 0.69278125