8 0.533875 0.5483958328125 0.530640625 0.7913958328125 0.640328125 0.8193541671875 0.64515625 0.7785 0.643546875 0.6408541671875 0.606453125 0.6258125 0.585484375 0.6 0.583875 0.5419375 0.57096875 0.45806250000000004 0.57903125 0.43441666718749994 0.5919375 0.43224999999999997 0.6290312499999999 0.46237500000000004 0.65321875 0.483875 0.6516093749999999 0.4301041671875 0.69678125 0.3612916671875 0.7 0.29031250000000003 0.690328125 0.29031250000000003 0.482265625 0.27527083281250003 0.482265625 0.3182708328125 0.514515625 0.41720833281249997 0.533875 0.5483958328125
8 0.51353125 0.8376458333333332 0.4900026046875 0.8278437499999999 0.497640625 0.8023541666666667 0.49327549375 0.8116425437499999 0.48975183749999995 0.8005551479166666 0.40297518437499996 0.78076593125 0.40373090312500004 0.7919027770833333 0.39588802031250003 0.7886354166666667 0.39508639687499997 0.7789669124999999 0.3871976109375 0.7771678916666667 0.38804513906250004 0.7853680562500001 0.38020225625 0.78210069375 0.3793088234375 0.7753688729166666 0.372359375 0.7788333333333333 0.37142003749999997 0.7735698520833333 0.36353125 0.7717708333333333 0.31040296093749997 0.8158541666666667 0.173946428125 0.7815059520833334 0.18 0.7482291666666666 0.0017656249999999998 0.6964791666666666 0.0035312499999999997 0.9647083333333333 0.111171875 0.9811666666666665 0.1129375 0.9682291666666666 0.11781291093749999 0.9756562499999999 0.303761925 0.8213645833333333 0.3758802078125 0.8007916666666667 0.377640625 0.8117708333333333 0.3970625 0.8094166666666667 0.41646875000000005 0.814125 0.41470312500000006 0.8447083333333332 0.398828125 0.9152916666666666 0.375875 0.9411666666666665 0.3490625 0.9750499999999999 0.35039756875 0.9829999999999999 0.41470312500000006 0.9788333333333332 0.4845452296875 0.8302192979166666 0.62329375 0.8719999999999999 0.63 0.8799999999999999 0.62646875 0.9364791666666665 0.6599999999999999 0.9647083333333333 0.67059375 0.9152916666666666 0.698828125 0.8917708333333334 0.714962053125 0.8554613104166666 0.712449490625 0.84476308125 0.8582395828125 0.8658888895833332 0.8699999999999999 0.8847083333333334 0.8699999999999999 0.9223541666666666 0.8611718749999999 0.9811666666666665 0.99353125 0.9811666666666665 1 0.8894166666666667 0.8629374999999999 0.854125 0.8550170781249999 0.8536322666666667 0.852359375 0.8564791666666667 0.84709665625 0.8531395354166665 0.7203699125 0.8452558145833333 0.7270625 0.8282291666666666 0.525875 0.7905833333333334 0.5166171875 0.8258802083333332 0.522359375 0.8329374999999999 0.51353125 0.8376458333333332
9 0.356453125 0.0408541671875 0.35321875 0.027958332812499997 0.348390625 0.012895832812499999 0.340328125 0.0021458328125 0.322578125 0.008604167187500001 0.29678125 0 0.167734375 0.0042916671875 0.15321875000000001 0.008604167187500001 0.151609375 0.0430208328125 0.15321875000000001 0.058062499999999996 0.15321875000000001 0.0602083328125 0.15321875000000001 0.094625 0.15 0.1118333328125 0.14678125 0.11397916718750001 0.12903125 0.11827083281249999 0.083875 0.12687500000000002 0.05321875 0.137625 0.037093749999999995 0.1505416671875 0.029031249999999998 0.16129166718750002 0.022578124999999998 0.1806458328125 0.01290625 0.2128958328125 0.006453125 0.2387083328125 0.006453125 0.26237499999999997 0.009671875 0.2967708328125 0.0032187500000000003 0.38493750000000004 0.014515624999999999 0.47095833281250005 0.011296875000000001 0.5419375 0.019359375 0.6408541671875 0.017734375 0.6860208328125 0.027421875000000002 0.705375 0.04678125 0.7182708328125 0.085484375 0.705375 0.11773437499999999 0.7075208328125 0.159671875 0.6967708328125 0.21773437499999998 0.6881666671875 0.256453125 0.6881666671875 0.316125 0.6989166671875 0.35 0.7247291671875 0.380640625 0.7505416671875 0.41773437500000005 0.7698958328125001 0.44839062500000004 0.7957083328125 0.477421875 0.8236458328125 0.5016093749999999 0.8645208328124999 0.509671875 0.8752708328125 0.52903125 0.8408541671875 0.538703125 0.7913958328125 0.54678125 0.7483958328125 0.54678125 0.6214999999999999 0.543546875 0.5698958328125 0.43870312499999997 0.1354791671875 0.4 0.0989166671875 0.367734375 0.083875 0.36290625 0.07956250000000001 0.35484375 0.0430208328125 0.36290625 0.073125 0.359671875 0.058062499999999996 0.356453125 0.0408541671875
9 1 0.1955 0.913484375 0.029208332812499998 0.839328125 0.0045 0.7550625 0.0426875 0.7398906249999999 0.05841666718750001 0.72809375 0.1168541671875 0.692703125 0.1887708328125 0.691015625 0.2269583328125 0.69775 0.25393750000000004 0.716296875 0.303375 0.72303125 0.3460625 0.711234375 0.37752083281250004 0.67246875 0.4292083328125 0.6859531249999999 0.5146041671875 0.6859531249999999 0.5168541671875 0.657296875 0.4853958328125 0.6471875 0.5191041671875001 0.6674218749999999 0.5595416671875 0.67246875 0.5797708328125 0.648875 0.5887708328125 0.62528125 0.5730416671875 0.6151718749999999 0.5415833328125 0.586515625 0.5123541671875 0.5882031249999999 0.5483125 0.6235937500000001 0.7123541671875 0.6623593750000001 0.7370833328125 0.67753125 0.7550625 0.6809062499999999 0.7820208328125 0.684265625 0.8247291671875001 0.7550625 0.8179791671875 0.839328125 0.8359583328125 0.87303125 0.7213541671875 0.891578125 0.701125 0.8494375 0.8539375 0.9067343749999999 0.8651666671875 1 0.898875 1 0.1955
8 0.667140625 0.5573750000000001 0.6416875 0.5297916671875 0.6393125000000001 0.5053958328125 0.6416875 0.49691666718749994 0.62578125 0.45766666718750004 0.619421875 0.45025000000000004 0.584421875 0.43539583281249994 0.574078125 0.4417708328125 0.5780624999999999 0.4555625 0.6218125 0.5764583328125 0.6480625 0.5891875 0.6743125 0.5732708328125 0.667140625 0.5573750000000001
8 0.8743124999999999 0.8919166671875001 0.8743124999999999 0.8844791671875001 0.865 0.8587916671875 0.832078125 0.8347708328125 0.783 0.817375 0.7525625 0.8148958328125 0.72834375 0.8190416671875 0.710953125 0.8289791671875 0.7028749999999999 0.8413958328125 0.701625 0.8430624999999999 0.7047343749999999 0.9987708328125 0.8544375000000001 0.9987708328125 0.857546875 0.9996041671875 0.8743124999999999 0.8919166671875001
8 0.470859375 0.9013541671875 0.47757812499999996 0.9259999999999999 0.47757812499999996 0.9551666671874999 0.48598437499999997 0.9798125000000001 0.502796875 0.9865416671875 0.54484375 0.9865416671875 0.5784687500000001 0.9887916671875001 0.6188281250000001 0.9820625 0.6255625 0.9641249999999999 0.6255625 0.9372291671875 0.63228125 0.9035833328124999 0.6255625 0.8654791671875 0.5952968750000001 0.8363125 0.558296875 0.8363125 0.5179375 0.8385624999999999 0.49607812500000004 0.8520208328125 0.48934375 0.8564999999999999 0.47253125 0.8721875000000001 0.470859375 0.9013541671875
8 0.271765625 0.8205416671875 0.296 0.828 0.31153125 0.8122708328125 0.32146875 0.8172291671874999 0.3264375 0.8130833328125 0.364953125 0.7832708328125 0.377375 0.7509791671875 0.374265625 0.7360625 0.369921875 0.7302708328125 0.35625 0.7302708328125 0.3450625 0.7302708328125 0.342578125 0.7344166671875 0.338234375 0.712875 0.3165 0.6979583328125 0.282953125 0.6888541671875 0.23821875 0.6938125 0.205296875 0.7087291671875 0.191640625 0.7244583328124999 0.18790625 0.7385416671875 0.186671875 0.7443541671875 0.1935 0.8015000000000001 0.21400000000000002 0.8379375 0.22145312499999997 0.8371041671875 0.271765625 0.8205416671875
8 0.32534375 1 0.32534375 0.9934583328125 0.32242187499999997 0.9837291671875 0.32023437499999996 0.969125 0.326796875 0.9516041671875 0.334828125 0.9350416671874999 0.33703125 0.9175208328125001 0.338484375 0.9048541671875 0.3311875 0.8941458328125 0.3216875 0.895125 0.320953125 0.895125 0.31657812500000004 0.895125 0.308546875 0.9019375000000001 0.30196875 0.9058333328125 0.294671875 0.903875 0.28809375 0.903875 0.2800625 0.9058333328125 0.269828125 0.9058333328125 0.258875 0.9107083328125001 0.24718749999999998 0.9145833328125 0.24428125 0.9204375 0.24500000000000002 0.9331041671875001 0.24718749999999998 0.9447708328125 0.24792187499999999 0.9603541671875 0.24792187499999999 0.9681458328125 0.24939062500000003 0.9934583328125 0.257421875 1 0.264 1 0.281515625 1 0.30196875 1 0.3195 1 0.32534375 1
8 0.17190624999999998 0.7393333328125 0.22753125000000002 0.7640416671875 0.232578125 0.7550625 0.17190624999999998 0.7213541671875 0.17190624999999998 0.7393333328125
8 0.2355 0.9495208328125001 0.23021875 0.9324166671875 0.21135937500000002 0.9163333328125001 0.17515624999999999 0.9062708328125 0.138953125 0.9102916671875001 0.112171875 0.922875 0.1035 0.9470000000000001 0.10765625000000001 0.969125 0.117078125 0.9997916671875 0.22795312499999998 1 0.23323437500000002 0.9721458328124999 0.2355 0.9495208328125001