8 0.7610416671875 0.305625 0.7550625 0.312359375 0.8149791671875001 0.310109375 0.8838958328125001 0.298875 0.9288333328125 0.28090625 1 0.28314062500000003 0.9977499999999999 0.188765625 0.9258333328124999 0.1955 0.8449375 0.22471875 0.7820208328125 0.27865625 0.7610416671875 0.305625
8 0.5019791671875 0.032203125 0.565625 0.054031249999999996 0.5729166671875 0.0595 0.6183958328125 0.048578125 0.6802291671875 0.048578125 0.7329791671875 0.048578125 0.756625 0.0499375 0.7548125 0.216390625 0.773 0.2095625 0.7675416671875 0.048578125 0.8403124999999999 0.06085937500000001 0.8475833328125001 0.06085937500000001 0.8530416671875001 0.055406250000000004 0.8712291671875001 0.04721875 0.8839583328125 0.04721875 0.9021458328125 0.04584375 0.9076041671875 0.043125000000000004 0.9530833328125 0.034937499999999996 0.9767291671875 0.034937499999999996 0.9967499999999999 0.032203125 1 0.032203125 0.9967499999999999 0.0008281250000000001 0.40374999999999994 0 0.38737499999999997 0.026750000000000003 0.42374999999999996 0.025390625 0.5019791671875 0.032203125
8 0 0.060625 0.0089583328125 0.23064062500000002 0.0596666671875 0.197078125 0.173 0.1568125 0.1879166671875 0.150109375 0.22072916718750002 0.085234375 0 0.060625
8 0.24306250000000001 0.1497291671875 0.24306250000000001 0.15914062499999998 0.255390625 0.16303515625 0.2560416671875 0.17179687500000002 0.24306250000000001 0.17179687500000002 0.2170833328125 0.17862499999999998 0.2002083328125 0.17862499999999998 0.2002083328125 0.18251562500000001 0.1924166671875 0.18056250000000001 0.20415200625000002 0.189980903125 0.20800000000000002 0.1898203125 0.20809567968749998 0.19744618125 0.21189583281250002 0.197125 0.2120393515625 0.20491145781250003 0.20800000000000002 0.20881249999999998 0.21598302500000002 0.2123767359375 0.20800000000000002 0.21659375 0.21992669843749998 0.2198420140625 0.2238703703125 0.22730729218749998 0.20800000000000002 0.22925 0.2002083328125 0.23315625 0.20670833281249998 0.244828125 0.2015 0.2575 0.24564583281250002 0.2575 0.24358873593750002 0.26463368125 0.259363425 0.29449479218749997 0.26810118906249997 0.2894955359375 0.2742208328125 0.289628125 0.2755208328125 0.298390625 0.2694910703125 0.2974944203125 0.2633070984375 0.30196006875000003 0.2708809515625 0.305493303125 0.2672507703125 0.309425346875 0.2722708328125 0.31349218749999996 0.27119444375 0.316890625 0.2751381171875 0.32435590312499996 0.2750505953125 0.3294899546875 0.2812893515625 0.329550346875 0.27644047656250004 0.3374888390625 0.28273148125 0.337340278125 0.2830254625 0.3392864578125 0.27783035625 0.3454877234375 0.28417361093750004 0.3451302078125 0.2869691359375 0.34675173593749997 0.2792202375 0.35348660781249996 0.28561574218749997 0.35292013906249997 0.28061011874999997 0.361485490625 0.2870578703125 0.36071006875 0.29485648124999997 0.3616822921875 0.2988001546875 0.36914756875 0.2885 0.3685 0.282 0.369484375 0.2833020828125 0.37921875 0.2911041671875 0.3801875 0.28460416718750003 0.388953125 0.3027438265625 0.37661284687499996 0.3066875 0.384078125 0.3092708328125 0.38603125 0.3092708328125 0.395765625 0.3066875 0.40257812499999995 0.3014791671875 0.40745312499999997 0.31966666718750003 0.40940624999999997 0.32095833281249997 0.394796875 0.2909128078125 0.3542170140625 0.2798472234375 0.32176041718750004 0.2729208328125 0.280865625 0.2667113109375 0.28149665156250003 0.2653214296875 0.27349776718749996 0.2716208328125 0.272103125 0.2703208328125 0.263340625 0.2639315484375 0.265498884375 0.2625416671875 0.2575 0.2690208328125 0.254578125 0.3014791671875 0.249703125 0.3417291671875 0.248734375 0.3845833328125 0.244828125 0.41572916718749997 0.243859375 0.44299999999999995 0.23704687500000002 0.48714583281249996 0.23315625 0.46118750000000003 0.20782812499999997 0.385875 0.181546875 0.2768125 0.170828125 0.2534375 0.13674999999999998 0.24306250000000001 0.13090625 0.24306250000000001 0.1403177078125 0.2540885421875 0.14551171875 0.2547395828125 0.1542734375 0.24306250000000001 0.1497291671875
8 0.1016875 0.23359375 0.09625 0.221484375 0.0653333328125 0.201390625 0.01175 0.23384375 0.0035208328125000002 0.23539062500000002 0.0029791671875 0.28721874999999997 0.0149791671875 0.294 0.0696875 0.283484375 0.0816875 0.286140625 0.11045833281249999 0.2664375 0.1016875 0.23359375
8 0.4409375 0.336765625 0.5283125 0.33775 0.5309166671875001 0.39251562500000003 0.5387500000000001 0.3935 0.5361458328125 0.33775 0.5713541671875 0.342640625 0.5752708328125 0.33382812500000003 0.5791666671875 0.281015625 0.617 0.241890625 0.6326458328125 0.23700000000000002 0.6091666671875 0.212546875 0.517875 0.20570312500000001 0.4813541671875 0.21156250000000001 0.4813541671875 0.23504687500000002 0.4187708328125 0.24775 0.3665833328125 0.253625 0.3496458328125 0.271234375 0.3378958328125 0.30448437500000003 0.33529166718750003 0.30448437500000003 0.40049999999999997 0.31915625 0.4409375 0.336765625
9 0.9863333328125 0.7906718749999999 0.9863333328125 0.755234375 0.9884791671875 0.692390625 1 0.6795 0.9884791671875 0.616671875 0.9455208328125 0.58928125 0.9583958328125 0.547390625 0.9691458328125 0.510328125 0.9476666671875 0.499046875 0.89825 0.48293749999999996 0.8595833328125 0.48776562500000004 0.8445416671875 0.507109375 0.8101666671875 0.53771875 0.8015833328124999 0.600546875 0.7650625 0.6214999999999999 0.7177916671875 0.655328125 0.6340208328125 0.71978125 0.6232708328125 0.761671875 0.6383125 0.801953125 0.6834374999999999 0.830953125 0.7156458328124999 0.8744531249999999 0.7221041671874999 0.917953125 0.6920208328124999 0.995296875 0.9927708328125 0.995296875 0.990625 0.819671875 0.9863333328125 0.7906718749999999
9 0.4853958328125 0.92809375 0.5153541671874999 0.92359375 0.497375 0.912359375 0.4853958328125 0.840453125 0.5483125 0.788765625 0.806 0.606734375 0.7670416671875 0.514609375 0.7640416671875 0.4494375 0.7700416671875 0.3550625 0.7760208328125 0.32359375 0.7430625 0.307859375 0.7580625000000001 0.287640625 0.794 0.24718749999999998 0.8089791671875 0.21573437499999998 0.7700416671875 0.21798437499999998 0.7969999999999999 0.182015625 0.7910208328125 0.1438125 0.695125 0.10785937500000001 0.6202291671875 0.166296875 0.6531875 0.22696875 0.59325 0.25393750000000004 0.5782708328124999 0.32809374999999996 0.5333333328125 0.46517187499999996 0.497375 0.53034375 0.5363333328125 0.5550625 0.5782708328124999 0.51909375 0.5782708328124999 0.5640468750000001 0.59925 0.631453125 0.5872708328125 0.6809062499999999 0.40449999999999997 0.831453125 0.4104791671875 0.8337031250000001 0.4314583328125 0.892140625 0.4853958328125 0.92809375
9 0.3319166671875 0.67784375 0.3447083328125 0.673734375 0.3794375 0.665515625 0.40318750000000003 0.661390625 0.42877083281250006 0.6504375 0.43425 0.66825 0.42877083281250006 0.669625 0.42329166718750005 0.7066250000000001 0.4214583328125 0.71346875 0.4178125 0.73128125 0.4616458328125 0.7422500000000001 0.49089583281250004 0.7340312499999999 0.5018541671875 0.73128125 0.5073333328125 0.73128125 0.48541666718750004 0.720328125 0.48175 0.720328125 0.47810416718750004 0.71484375 0.472625 0.703875 0.46714583281250005 0.692921875 0.4707916671875 0.665515625 0.48541666718750004 0.6408437499999999 0.4945416671875 0.62028125 0.496375 0.605203125 0.496375 0.5915 0.49089583281250004 0.5709531250000001 0.48541666718750004 0.54628125 0.4835833328125 0.518875 0.47810416718750004 0.48735937500000004 0.47810416718750004 0.47090624999999997 0.47810416718750004 0.4640625 0.4835833328125 0.45309375 0.49089583281250004 0.44623437499999996 0.5182916671875 0.43253125 0.543875 0.41471875 0.5493541671875 0.392796875 0.5493541671875 0.391421875 0.5383958328125 0.38868749999999996 0.5256041671875 0.391421875 0.5182916671875 0.401015625 0.48541666718750004 0.42979687499999997 0.46714583281250005 0.43253125 0.45435416718750005 0.43253125 0.4525208328125 0.41060937500000005 0.45983333281250005 0.40512499999999996 0.4762708328125 0.39690625 0.48175 0.3873125 0.48541666718750004 0.373609375 0.48541666718750004 0.355796875 0.48541666718750004 0.35031249999999997 0.46714583281250005 0.337984375 0.45435416718750005 0.3325 0.4251041671875 0.324265625 0.41231249999999997 0.324265625 0.3739583328125 0.343453125 0.3739583328125 0.37909375 0.3995208328125 0.38868749999999996 0.3501875 0.4640625 0.3629791671875 0.47776562499999997 0.3629791671875 0.516125 0.35750000000000004 0.550390625 0.3611666671875 0.56409375 0.3702916671875 0.577796875 0.3757708328125 0.586015625 0.3794375 0.5915 0.3794375 0.616171875 0.3501875 0.627140625 0.3026875 0.642203125 0.2771041671875 0.65865625 0.2771041671875 0.6600312500000001 0.2771041671875 0.673734375 0.2771041671875 0.6888124999999999 0.2771041671875 0.703875 0.2789375 0.718953125 0.30452083281250003 0.727171875 0.31364583281249997 0.7244375 0.31364583281249997 0.717578125 0.3154791671875 0.7066250000000001 0.32095833281249997 0.692921875 0.3319166671875 0.67784375
9 0.2012083328125 0.733109375 0.2042083328125 0.789421875 0.2042083328125 0.823203125 0.1951875 0.8614843750000001 0.2012083328125 0.88175 0.21620833281250001 0.884015625 0.2612708328125 0.884015625 0.2792708328125 0.88175 0.3453541671875 0.8637343749999999 0.3123125 0.8524843750000001 0.2852916671875 0.83896875 0.2792708328125 0.8164374999999999 0.2792708328125 0.77590625 0.2762708328125 0.744375 0.2702708328125 0.665546875 0.26427083281249997 0.63175 0.26427083281249997 0.58896875 0.2612708328125 0.5574375 0.24925000000000003 0.53715625 0.23722916718749998 0.507890625 0.22522916718750002 0.47634375 0.2222291671875 0.4335625 0.2222291671875 0.397515625 0.2222291671875 0.37275 0.22522916718750002 0.33896875 0.21320833281249998 0.3186875 0.2012083328125 0.3051875 0.1951875 0.29167187499999997 0.2012083328125 0.269140625 0.21320833281249998 0.253375 0.2222291671875 0.230859375 0.21922916718750002 0.201578125 0.1982083328125 0.1858125 0.1561458328125 0.18356250000000002 0.126125 0.18356250000000002 0.1051041671875 0.1948125 0.1081041671875 0.21734375 0.11410416718750001 0.242109375 0.1081041671875 0.264640625 0.0870833328125 0.28265625 0.0570625 0.29617187500000003 0.0420416671875 0.3074375 0.0240208328125 0.33220312500000004 0.0120208328125 0.365984375 0 0.38851562500000003 0.003 0.483109375 0.018020832812500002 0.49210937499999996 0.0360416671875 0.501125 0.039041667187500004 0.5641875 0.0330416671875 0.615984375 0.0330416671875 0.64978125 0.0120208328125 0.697078125 0 0.733109375 0.003 0.875 0.0120208328125 0.8772500000000001 0.0540625 0.8727499999999999 0.0480416671875 0.84121875 0.0480416671875 0.802921875 0.0600625 0.744375 0.0961041671875 0.71284375 0.129125 0.674546875 0.135125 0.6385156249999999 0.1531458328125 0.59346875 0.1741666671875 0.65428125 0.1801875 0.672296875 0.2012083328125 0.733109375
9 0.2227083328125 0.35164062500000004 0.2256458328125 0.369234375 0.2256458328125 0.38460937500000003 0.2256458328125 0.40659375000000003 0.2227083328125 0.43735937500000005 0.2227083328125 0.46373437500000003 0.2227083328125 0.49890625 0.2608125 0.49670312499999997 0.2637291671875 0.490109375 0.2754583328125 0.48571875000000003 0.3047708328125 0.46153125 0.31062500000000004 0.44615625000000003 0.3164791671875 0.426375 0.3164791671875 0.40220312500000005 0.3076875 0.382421875 0.2901041671875 0.375828125 0.2725208328125 0.375828125 0.2637291671875 0.362640625 0.25787499999999997 0.336265625 0.2549375 0.320875 0.2227083328125 0.31209375 0.2109791671875 0.3186875 0.2197708328125 0.336265625 0.2227083328125 0.35164062500000004
9 0.33125 0.5060156250000001 0.339625 0.5036562499999999 0.339625 0.49934375 0.34249999999999997 0.4851875 0.3421875 0.484 0.3425833328125 0.48096875 0.3439375 0.478953125 0.3439375 0.468375 0.3546875 0.458796875 0.3459583328125 0.438640625 0.3546875 0.40840624999999997 0.3452708328125 0.405375 0.3338541671875 0.40034375000000005 0.3352083328125 0.387921875 0.33175 0.38175 0.3231041671875 0.3801875 0.31716666718750003 0.384765625 0.3163958328125 0.391265625 0.3183958328125 0.39832812500000003 0.3157083328125 0.40335937499999996 0.31033333281250003 0.40890624999999997 0.2995833328125 0.4134375 0.2968958328125 0.41848437499999996 0.2908541671875 0.4290625 0.2942083328125 0.438640625 0.2863333328125 0.45565625 0.2856458328125 0.4636875 0.29139583281250003 0.46596875000000004 0.294875 0.45678124999999997 0.2989166671875 0.44167187500000005 0.3049583328125 0.435109375 0.305625 0.44167187500000005 0.303625 0.4451875 0.30293749999999997 0.45376562500000006 0.3022708328125 0.466859375 0.30093749999999997 0.47190624999999997 0.3016041671875 0.490046875 0.3042916671875 0.49659375 0.31302083281250004 0.5071875 0.3096666671875 0.514734375 0.3213125 0.5060156250000001 0.32864583281250004 0.5060156250000001 0.33125 0.5060156250000001
9 0.8909375 0.34554687500000003 0.906 0.35935937500000004 0.92275 0.37317187500000004 0.9026666671875001 0.39325 0.8892708328125 0.41584374999999996 0.8875833328124999 0.44095312499999995 0.8926041671875 0.4648125 0.9110208328124999 0.481125 0.9428333328124999 0.49117187500000004 0.9595625 0.49368749999999995 0.9729583328125001 0.503734375 0.974625 0.520046875 0.9880208328125001 0.548921875 0.9963958328125001 0.51753125 0.9997291671875 0.48364062499999994 0.9980625 0.45728125000000003 0.9997291671875 0.438453125 0.9997291671875 0.41459375 0.9763125 0.418359375 0.9679375 0.418359375 0.9595625 0.41459375 0.9562291671875001 0.4070625 0.9511875 0.38696875 0.952875 0.36940625 0.9629166671875 0.365640625 0.9679375 0.360609375 0.9645833328125001 0.350578125 0.9729583328125001 0.34554687500000003 0.96125 0.34053125 0.9578958328124999 0.329234375 0.9545416671875 0.316671875 0.936125 0.3179375 0.9210625 0.3191875 0.92275 0.3191875 0.9026666671875001 0.32796875000000003 0.8909375 0.34554687500000003
9 0.9017083328125001 0.389546875 0.9194166671874999 0.376265625 0.9028124999999999 0.366296875 0.8895208328124999 0.37128125 0.8873125 0.39203125 0.8740208328125 0.408640625 0.8563124999999999 0.44765625 0.8452500000000001 0.469234375 0.8220000000000001 0.4725625 0.7854791671875 0.480859375 0.8065208328125 0.48584375 0.8153750000000001 0.48584375 0.8098333328124999 0.50078125 0.8330833328124999 0.48417187500000003 0.8773541671875 0.48334374999999996 0.8862083328124999 0.470890625 0.898375 0.48667187500000003 0.9105624999999999 0.48334374999999996 0.9017083328125001 0.454296875 0.8917291671875001 0.431046875 0.8895208328124999 0.41693749999999996 0.9017083328125001 0.389546875
9 0.8088749999999999 0.389140625 0.8002291671874999 0.38509375 0.7915833328125 0.38509375 0.7894375 0.39968750000000003 0.7721458328125 0.41265625000000006 0.7894375 0.471015625 0.8283333328125 0.46859375 0.8305 0.454 0.8186041671875 0.41428125 0.8088749999999999 0.40698437500000006 0.8088749999999999 0.389140625