8 1 0.31587606875 0.9968281250000001 0.3125854703125 0.9814999999999999 0.374358975 0.9403593750000001 0.4350213671875 0.921 0.48576923125000004 0.921 0.5188675218750001 0.9129375 0.5784401703125 0.90003125 0.6435042734375 1 0.6269658125 1 0.31587606875
8 0.3986875 0.535277778125 0.40225 0.564508546875 0.40865625000000005 0.575213675 0.42076562500000003 0.583974359375 0.43499999999999994 0.5849572656250001 0.450671875 0.5761752140625 0.45992187500000004 0.5567094015625 0.46278125000000003 0.5372435890625 0.460640625 0.5177564109375 0.45382812499999997 0.5070299140625 0.44457812499999994 0.497286325 0.43034375 0.49241452968750005 0.417203125 0.49730769218750004 0.40509375 0.5119230765625 0.3986875 0.535277778125
8 0.520578125 0.5948076921875 0.524265625 0.5890384609375 0.52690625 0.572457265625 0.527703125 0.5375 0.526375 0.5082905984375 0.5226875 0.502884615625 0.5153125000000001 0.49350427343750003 0.507921875 0.5003632484375 0.5055468750000001 0.5129700859375 0.5060781249999999 0.5327991453124999 0.5058125 0.55912393125 0.51003125 0.57858974375 0.509765625 0.572457265625 0.512671875 0.592649571875 0.520578125 0.5948076921875
2 0.264359375 0.9805769234374999 0.26890625 0.9636752140624999 0.28517187499999996 0.9512179484375001 0.322578125 0.9498931625000001 0.32584375 0.9160683765625001 0.3473125 0.9165170937499999 0.351859375 0.9214102562500001 0.34762499999999996 0.943653846875 0.34828125 0.9534401703125001 0.36421875 0.94944444375 0.366828125 0.9445512828125 0.37625000000000003 0.932542734375 0.3759375 0.93119658125 0.37560937499999997 0.92542735 0.3743125 0.913846153125 0.3759375 0.9107478625000001 0.377890625 0.9058547015625 0.372671875 0.9013888890624999 0.36 0.885384615625 0.260453125 0.880042734375 0.253625 0.9062820515625001 0.251671875 0.937884615625 0.25134375000000003 0.9552350421875 0.25753125 0.9748076921875001 0.264359375 0.9805769234374999
2 0.075625 0.9752564109374999 0.08865625 0.9738888890625 0.085640625 0.9583547015624999 0.083640625 0.9377991453125001 0.09265625 0.8953205125 0.073625 0.892564103125 0.06059375 0.8953205125 0.065609375 0.9053632484374999 0.066609375 0.9341452984374999 0.075625 0.9752564109374999
2 0.13340625 0.9781837609374999 0.132453125 0.9910683765625 0.1489375 0.9865598296875 0.15459375 0.9897649578125 0.1630625 0.98912393125 0.16493750000000001 0.9872008546875 0.165421875 0.9826923078125 0.165890625 0.9762606843749999 0.188015625 0.976901709375 0.19084375 0.9872008546875 0.201203125 0.98848290625 0.20354687500000002 0.9713247859375 0.20826562499999998 0.967457265625 0.20684375 0.9339743593750001 0.20496875 0.9211111109375001 0.19225 0.8921367515625 0.173421875 0.8876282046874999 0.129625 0.8856837609375001 0.0943125 0.8921367515625 0.08490625 0.9466239312500001 0.09384375 0.9749572656250001 0.13340625 0.9781837609374999
2 0.41853125 0.90837606875 0.4373125 0.90837606875 0.43792187499999996 0.902564103125 0.4373125 0.876901709375 0.41671874999999997 0.876901709375 0.384015625 0.8818589749999999 0.374328125 0.9091880343750001 0.397953125 0.9091880343750001 0.41853125 0.90837606875
2 0.058890624999999995 0.9114316234375 0.060609375 0.9310256406249999 0.065484375 0.9607905984375 0.058609375 0.9670726500000001 0.0583125 0.9768589750000001 0.0735 0.977649571875 0.073796875 0.959615384375 0.068921875 0.94042735 0.065203125 0.9165170937499999 0.062625 0.897713675 0.0563125 0.8875213671875001 0.046 0.8871367515624999 0.048296875 0.8898717953125 0.0543125 0.897713675 0.058890624999999995 0.9114316234375
2 0.25359375 0.9274145296875 0.25451562499999997 0.9052564109375 0.256703125 0.8925000000000001 0.25390625 0.8929273500000001 0.24518749999999997 0.894615384375 0.24362499999999998 0.9056837609375 0.238640625 0.924850428125 0.23895312500000002 0.9435897437499999 0.24300000000000002 0.9542307687499999 0.246109375 0.9610470078125 0.255453125 0.961901709375 0.25359375 0.9529487171875 0.25359375 0.9274145296875
9 0.21984374999999998 0.9451495718749999 0.22115625 0.9334401703124999 0.21853125 0.92444444375 0.217203125 0.9172435890624999 0.217203125 0.9127350421875 0.2191875 0.913632478125 0.216546875 0.9073290593750001 0.20601562499999998 0.9064316234375 0.1994375 0.918141025 0.20074999999999998 0.9226282046875 0.206671875 0.932542734375 0.205359375 0.942435896875 0.202734375 0.955042734375 0.20207812500000003 0.9685470078125 0.20009375000000001 0.9766452984375 0.20009375000000001 0.9802350421874999 0.205359375 0.985641025 0.226421875 0.9865384609375001 0.2205 0.964935896875 0.21984374999999998 0.9451495718749999
2 0 0.9802564109375 0.0079375 0.9820299140625 0.03021875 0.9808547015625001 0.04115625 0.9922008546875001 0.044656249999999995 0.9975854703125 0.054703125 0.9981837609375 0.058640625 0.9886111109375 0.059953124999999996 0.9784615390625 0.05689062499999999 0.9670940171875 0.068265625 0.9688888890625 0.068703125 0.9599145296874999 0.057328124999999994 0.9132905984375 0.053828125000000004 0.8977350421875 0.038093749999999996 0.8822008546875001 0.004 0.8762179484375 0 0.8744230765625 0 0.9802564109375
9 0.21971875000000002 0.9335042734375 0.21985937500000002 0.9374572656250001 0.2194375 0.9455341875000001 0.219 0.9496794875000001 0.219140625 0.9599145296874999 0.21928125 0.9677991453124999 0.22131249999999997 0.9751068374999999 0.222171875 0.9792307687499999 0.224765625 0.9839743593750001 0.22779687499999998 0.9861324781249999 0.22967187500000003 0.9827777781249999 0.22981250000000003 0.975491453125 0.22909375 0.9676068375 0.22967187500000003 0.9548076921875 0.23125 0.950064103125 0.23154687499999999 0.94848290625 0.23240625 0.9392307687500001 0.23139062500000002 0.9287820515625 0.23009374999999999 0.921688034375 0.23053125 0.9102564109375001 0.22578125 0.9070940171874999 0.22159374999999998 0.910641025 0.220296875 0.9136111109374999 0.21971875000000002 0.91694444375 0.218859375 0.9201068375 0.21828124999999998 0.9240384609375001 0.218421875 0.927991453125 0.218859375 0.9305555562500001 0.21971875000000002 0.9335042734375