2 0.578625 0.5285208328125 0.577125 0.5329375 0.577125 0.5397916671874999 0.57590625 0.5522708328125 0.57590625 0.5659791671875001 0.57590625 0.5730208328125 0.5768125000000001 0.5826875 0.578484375 0.5877291671875 0.57984375 0.5889375 0.58165625 0.587125 0.582109375 0.5832916671875 0.5833125 0.5756458328125 0.58859375 0.5768541671875 0.597203125 0.5750416671874999 0.5970625 0.5814791671874999 0.597515625 0.5869166671875 0.600234375 0.5899375 0.60234375 0.5897291671875 0.6058125000000001 0.5893333328125 0.607328125 0.5853125 0.607328125 0.5776458328125 0.61140625 0.5770416671875 0.614421875 0.5875208328125 0.61971875 0.5911458328125 0.62303125 0.59275 0.6281718749999999 0.589125 0.63603125 0.5780624999999999 0.6529375 0.5788541671874999 0.6529375 0.5851041671874999 0.655359375 0.5919583328125 0.66215625 0.5919583328125 0.66759375 0.5875208328125 0.6704687500000001 0.573625 0.6768125 0.5696041671875001 0.6759062499999999 0.552875 0.6757500000000001 0.5343541671875001 0.6630625 0.49810416718750006 0.65234375 0.49749999999999994 0.6115625 0.4966875 0.59584375 0.5005208328124999 0.58859375 0.5079791671875 0.581203125 0.5224791671875 0.581203125 0.521875 0.5802968749999999 0.5265 0.578625 0.5285208328125
2 0.12665625 0.5098958328125 0.12459374999999999 0.5052083328125 0.12342187499999999 0.49343750000000003 0.12578125 0.49343750000000003 0.124015625 0.48364583281250006 0.10609375000000001 0.4754166671875 0.059953124999999996 0.47424999999999995 0.057906250000000006 0.48091666718750004 0.062890625 0.4879583328125 0.06231250000000001 0.4969791671875 0.07553125000000001 0.5098958328125 0.071421875 0.5157708328124999 0.05878124999999999 0.5181250000000001 0.049375 0.5275208328125001 0.048796875 0.5392916671875 0.064359375 0.541625 0.065546875 0.5533958328125 0.0916875 0.553 0.090515625 0.5377083328125 0.118140625 0.5424166671874999 0.121953125 0.5545625000000001 0.12254687500000001 0.5580833328125 0.127546875 0.5537708328125001 0.12715625 0.529875 0.1243125 0.5228333328125 0.12284375 0.515 0.12665625 0.5098958328125
9 0.5085 0.5825833328125001 0.5118750000000001 0.5789375 0.51271875 0.5696666671874999 0.51334375 0.5584374999999999 0.51396875 0.5460625 0.5158750000000001 0.5443749999999999 0.5175625 0.5525208328125 0.5198750000000001 0.5511250000000001 0.51953125 0.5387083328125 0.5171718750000001 0.5238333328125 0.5115937500000001 0.5152083328125 0.510125 0.5085416671874999 0.5071875 0.5026666671875 0.5042500000000001 0.5089375 0.5042500000000001 0.5156041671875 0.500140625 0.5179583328125 0.49778124999999995 0.5269583328125 0.5013124999999999 0.5285208328125 0.500140625 0.5371458328125 0.500140625 0.545375 0.5013124999999999 0.5516458328125 0.5021875 0.5731875 0.500140625 0.5790625 0.500484375 0.5786458328124999 0.502390625 0.5814583328125 0.5085 0.5825833328125001
9 0.496765625 0.5784583328124999 0.49740624999999994 0.5750833328125 0.49740624999999994 0.5694791671874999 0.496984375 0.5669375 0.495296875 0.5596458328125 0.495296875 0.5515 0.49929687500000003 0.5534583328125 0.5014062499999999 0.5520625 0.49971875 0.5419375 0.49971875 0.5366041671875 0.500140625 0.5312708328125 0.4999375 0.5278958328125001 0.49971875 0.5228333328125 0.499515625 0.5222708328125 0.496765625 0.5180625 0.4965625 0.5113333328125 0.49465624999999996 0.5071041671875001 0.48981250000000004 0.5076666671875001 0.488125 0.5110416671875 0.487296875 0.5161041671875 0.48539062499999996 0.5166666671875 0.48539062499999996 0.5231250000000001 0.48687500000000006 0.5309791671874999 0.486234375 0.5366041671875 0.48454687500000004 0.541375 0.48434375 0.548125 0.485609375 0.552625 0.487296875 0.5576666671875 0.4875 0.5661041671875 0.4875 0.5733958328125001 0.487296875 0.5784583328124999 0.48939062499999997 0.5793125 0.49065624999999996 0.5793125 0.496765625 0.5784583328124999
9 0.900828125 0.5606875 0.900203125 0.5660208328125 0.9018750000000001 0.5721875 0.9060937499999999 0.5741666671875 0.91115625 0.5803333328125 0.9109375 0.6014166671875001 0.918109375 0.6045 0.919359375 0.59775 0.9231562500000001 0.6025416671875 0.926109375 0.6016874999999999 0.929265625 0.5825833328125001 0.93559375 0.5688333328125 0.9313750000000001 0.5615208328125 0.9282187499999999 0.557875 0.9214687500000001 0.5553333328125001 0.9119999999999999 0.555625 0.9075625 0.5587083328125 0.903359375 0.557875 0.900828125 0.5606875
13 0.67490625 0.5725625 0.675453125 0.5779791671875001 0.686 0.5761666671875 0.687078125 0.586625 0.694640625 0.5956458328124999 0.704375 0.5952708328125 0.707890625 0.5891458328125 0.7132968749999999 0.577625 0.7308749999999999 0.5797708328125 0.7333125 0.5880625 0.73709375 0.5949166671875 0.746296875 0.596 0.7549375 0.5909583328125 0.762515625 0.57725 0.776296875 0.5761666671875 0.776296875 0.5163333328124999 0.776578125 0.4957708328125 0.77278125 0.4918125 0.7116875 0.48929166718749995 0.667609375 0.49254166718750003 0.666796875 0.5040625000000001 0.67246875 0.5235416671875 0.6757187499999999 0.5357916671875 0.67490625 0.5667916671875 0.67490625 0.5725625
13 0.78496875 0.600875 0.79715625 0.6022083328125001 0.8053593749999999 0.5985625 0.8068593749999999 0.5929166671874999 0.8073593750000001 0.5886041671875 0.83746875 0.5919166671875 0.8441875 0.6028749999999999 0.853390625 0.6035416671875 0.8598593749999999 0.6002083328125 0.8601093750000001 0.59425 0.859359375 0.5915833328125 0.8615937499999999 0.5852916671874999 0.866828125 0.5822916671875 0.8700625000000001 0.5786458328124999 0.8653281249999999 0.5574166671875 0.8424375 0.5464791671875 0.8260156249999999 0.5209374999999999 0.7777499999999999 0.5189375 0.77725 0.5763333328125 0.778 0.5856250000000001 0.78371875 0.5876041671875 0.78496875 0.600875
13 0.024984375 0.5452916671875 0.025437500000000002 0.5334166671875 0.025437500000000002 0.51025 0.0223125 0.48175 0.014296875 0.4645416671875 0 0.460375 0.0009375 0.5547916671875 0.014296875 0.5565833328124999 0.019203124999999998 0.5530208328125 0.022765625 0.5530208328125 0.024984375 0.5452916671875
13 0.585515625 0.5552708328125 0.586046875 0.5643958328124999 0.5765781249999999 0.5657916671875001 0.5834140624999999 0.5756145828125 0.577625 0.5798125 0.58078125 0.5868333328124999 0.5928828125 0.5766666671875 0.5965625 0.5868333328124999 0.60078125 0.5924375000000001 0.6094609375 0.5906875 0.614453125 0.5798125 0.618140625 0.5889375 0.6246267359375001 0.5823148140625001 0.626015625 0.59175 0.633390625 0.5854375 0.631112846875 0.5756921296875 0.64408506875 0.5624467578125001 0.64653125 0.5833333328125 0.652328125 0.5938541671875 0.6596875 0.5973541671875 0.668625 0.59175 0.673359375 0.5770208328125 0.677046875 0.5749166671875 0.6766484375 0.5407291671875 0.6700295140625 0.53595601875 0.6765156250000001 0.5293333328125 0.664421875 0.4970625 0.598671875 0.4956666671875 0.579203125 0.5237083328125001 0.5837656250000001 0.5316597234375 0.5773671874999999 0.5377395828125 0.5755312499999999 0.5517708328125 0.585515625 0.5552708328125
8 0.40456250000000005 0.3536458328125 0.38990625 0.3615625 0.37 0.3662083328125 0.339984375 0.36575 0.337890625 0.3857708328125 0.342765625 0.4523333328125 0.307515625 0.4523333328125 0.28271875 0.45931249999999996 0.26875 0.46629166718750004 0.2561875 0.48258333281250004 0.254796875 0.4886458328125 0.259328125 0.4900416671875 0.291453125 0.4951666671875 0.307859375 0.48724999999999996 0.323921875 0.4728125 0.36790625 0.46025 0.3878125 0.4616458328125 0.41190625000000003 0.4644375 0.48940625000000004 0.4765416671875 0.571453125 0.4811875 0.62696875 0.48491666718750004 0.629765625 0.4802708328125 0.633609375 0.43137499999999995 0.637796875 0.3848333328125 0.60253125 0.3778541671875 0.5445781249999999 0.3634166671875 0.489765625 0.3513125 0.44890625 0.3536458328125 0.41714062500000004 0.3587708328125 0.4181875 0.357375 0.40735937499999997 0.3489791671875 0.40456250000000005 0.3536458328125
2 0.992046875 0.5558333328125 0.985953125 0.5355624999999999 0.9677187500000001 0.5234166671875 0.9215937500000001 0.5200208328125 0.9099375000000001 0.5484166671875 0.9226093750000001 0.5558333328125 0.9327500000000001 0.5619166671875 0.9302187500000001 0.5869166671875 0.933765625 0.596375 0.950984375 0.6058541671875 0.960625 0.601125 0.96975 0.6004375 0.98240625 0.6058541671875 0.99103125 0.6105833328125 0.996609375 0.6051666671875 1 0.5693541671875 0.9981249999999999 0.5619166671875 0.992046875 0.5558333328125
9 0.533765625 0.5792291671875 0.5181875 0.5870208328125 0.5065000000000001 0.6077916671875 0.5181875 0.6181875 0.533765625 0.6026041671875 0.53571875 0.6 0.5396093750000001 0.623375 0.5415625000000001 0.6571458328124999 0.5376562500000001 0.6909166671875 0.529875 0.7065 0.52596875 0.7350625 0.53571875 0.74025 0.55325 0.7324583328125 0.5435 0.7220833328125 0.53571875 0.7220833328125 0.5435 0.7012916671875 0.5551875 0.6779166671875 0.57078125 0.6935 0.584421875 0.7065 0.5922031249999999 0.7324583328125 0.5961093749999999 0.74025 0.5961093749999999 0.7480416671875 0.586359375 0.7558541671875 0.6 0.7662291671875 0.6116875 0.7610416671875 0.6116875 0.7506458328125001 0.6116875 0.7324583328125 0.5961093749999999 0.6961041671875 0.58246875 0.6519583328125 0.572734375 0.5818125000000001 0.572734375 0.5688333328125 0.572734375 0.5480416671875 0.572734375 0.5142916671875 0.572734375 0.48570833281250003 0.572734375 0.47791666718750003 0.568828125 0.47533333281249995 0.562984375 0.48312499999999997 0.5435 0.49349999999999994 0.545453125 0.49349999999999994 0.5396093750000001 0.5116875000000001 0.5376562500000001 0.5350625 0.5415625000000001 0.5662291671874999 0.533765625 0.5792291671875
9 0.4180625 0.49887499999999996 0.40534375 0.5 0.397703125 0.4921041671875 0.38668749999999996 0.4627083328125 0.37990625 0.4604375 0.377359375 0.4627083328125 0.37820312500000003 0.46947916718749994 0.390078125 0.4954791671875 0.397703125 0.5056666671875 0.4061875 0.5169583328125 0.415515625 0.5192291671875 0.42400000000000004 0.5237499999999999 0.42229687499999996 0.5735 0.41635937500000003 0.6368125 0.42145312500000004 0.6786458328125 0.40279687500000005 0.6831666671875001 0.41042187500000005 0.6876875 0.42993750000000003 0.6876875 0.43162500000000004 0.67525 0.43078125 0.6582916671875 0.42993750000000003 0.6402083328125 0.43246874999999996 0.6322916671875001 0.4375625 0.6277708328125 0.44434375 0.6379374999999999 0.455375 0.64925 0.46554687499999997 0.6594166671874999 0.470640625 0.6718541671875 0.470640625 0.6876875 0.47232812500000004 0.6933333328125 0.477421875 0.6831666671875001 0.48165625 0.6718541671875 0.48165625 0.6616875 0.471484375 0.6469791671875 0.4570625 0.6288958328125 0.45028125 0.6096666671875 0.4494375 0.5915833328125 0.4494375 0.5689791671875 0.4494375 0.5475 0.45028125 0.5260208328125 0.458765625 0.5147083328125001 0.4613125 0.49887499999999996 0.45621875 0.4841875 0.45112500000000005 0.4706041671875 0.44265625000000003 0.46722916718749996 0.44434375 0.47514583281249995 0.45028125 0.4898333328125 0.4494375 0.49775 0.44349999999999995 0.49887499999999996 0.44095312499999995 0.496625 0.441796875 0.48643749999999997 0.44265625000000003 0.47400000000000003 0.439265625 0.4683541671875 0.4256875 0.46608333281250003 0.42484374999999996 0.46947916718749994 0.42315625 0.4785208328125 0.42315625 0.4875625 0.42229687499999996 0.496625 0.4180625 0.49887499999999996