9 0.8770666671875 0.71644 0.8535999999999999 0.66844 0.8301333328125 0.60922 0.80664 0.5724199999999999 0.7725066671875 0.5132 0.7639733328125 0.45558 0.7959733328125 0.48278 0.8173333328125001 0.5388 0.8450666671875 0.5804199999999999 0.8813333328124999 0.6236200000000001 0.9133333328125 0.67644 0.9368266671875001 0.69564 0.9666933328124999 0.67164 0.97096 0.63482 0.9624266671875 0.60442 0.9154666671875 0.5516 0.8813333328124999 0.5132 0.8664 0.45718 0.8770666671875 0.44792 0.8984 0.44471999999999995 0.8130666671875 0.22705999999999998 0.8237333328125 0.19505999999999998 0.8194666671874999 0.17618 0.8728 0.15538000000000002 0.9090666671875001 0.12978 0.9112 0.09136 0.8685333328124999 0.08176 0.892 0 0.3158666671875 0.00334 0.30946666718750004 0.048159999999999994 0.3116 0.08656 0.32226666718749997 0.12018 0.3436 0.12818000000000002 0.3542666671875 0.16978 0.3564 0.20179999999999998 0.36920000000000003 0.23220000000000002 0.41829333281250003 0.253 0.4460266671875 0.33092 0.45029333281249995 0.35972 0.50152 0.45734 0.5164533328124999 0.47656 0.5569866671875 0.48456 0.6082133328125 0.48456 0.6551466671874999 0.50856 0.7593066671875001 0.62336 0.7917066671875 0.77886 0.8301333328125 0.8012600000000001 0.8621333328125 0.7724599999999999 0.8770666671875 0.71644
8 0.1910133328125 0.39104 0.3076 0.43777999999999995 0.4137066671875 0.36744 0.41186666718750004 0.34848 0.40136000000000005 0.34615999999999997 0.3705333328125 0.37162 0.30450666718749997 0.41509999999999997 0.3038933328125 0.42203999999999997 0.1286933328125 0.34432 0.1206666671875 0.34478 0.1330133328125 0.3531 0.1910133328125 0.39104
8 0.20312000000000002 0.54606 0.22352 0.53526 0.25472 0.51906 0.2763466671875 0.50466 0.2907466671875 0.48846 0.16472 0.38494 0.15272 0.38404 0.08431999999999999 0.45336 0.07472 0.46146000000000004 0.18872 0.54426 0.20312000000000002 0.54606
8 0.09888 0.43146000000000007 0.1018666671875 0.41574 0 0.47192 0.1078666671875 0.58202 0.19776 0.55056 0.0749066671875 0.46966 0.09888 0.43146000000000007
8 0.1438133328125 0.6426999999999999 0.22471999999999998 0.60224 0.3176 0.57528 0.42546666718750004 0.54158 0.48840000000000006 0.43596 0.45842666718749997 0.35056 0.17677333281250002 0.2472 0.0119733328125 0.16854 0.0119733328125 0.58202 0.0119733328125 0.58876 0.1438133328125 0.6426999999999999
8 0.28159999999999996 0.42939999999999995 0.1916 0.39712000000000003 0.1863733328125 0.40298 0.21376 0.4245 0.2959466671875 0.4646 0.34941333281250003 0.43722000000000005 0.40941333281250003 0.39614 0.40941333281250003 0.3795 0.3963466671875 0.38636 0.36896 0.40494 0.3063733328125 0.44016 0.28159999999999996 0.42939999999999995
8 0.3693333328125 0.3724 0.38437333281249997 0.3588 0.31138666718749997 0.40027999999999997 0.1645066671875 0.3451 0.1681066671875 0.3442 0.1626666671875 0.34414 0.1324266671875 0.34365999999999997 0.1264 0.34104 0.2973866671875 0.41879999999999995 0.3038666671875 0.42216 0.3047466671875 0.41651999999999995 0.3693333328125 0.3724
8 0.013439999999999999 0.46037999999999996 0.1537866671875 0.39514 0.0628533328125 0.31063999999999997 0.0035466671875 0.34178000000000003 0.013439999999999999 0.46037999999999996
8 0.0172 0.49914 0 0.50318 0.0024266671875 0.5398799999999999 0.0004266671875 0.5398799999999999 0.0004266671875 0.5579799999999999 0.014506667187499999 0.5605 0.05608 0.5353600000000001 0.0172 0.49914
8 0.3897066671875 0.32898 0.3897066671875 0.3214 0.3953333328125 0.30874 0.2009066671875 0.24806 0.1098933328125 0.31212 0.1121333328125 0.33404 0.30656 0.40146 0.39309333281250003 0.33404 0.3897066671875 0.32898
8 0.6585866671875 0.17904 0.6766933328125 0.19148 0.70984 0.1779 0.8319466671875 0.12476000000000001 0.7505333328125 0.13382 0.59528 0.10328 0.59528 0.10102 0.59376 0.10216 0.55608 0.13946 0.6510666671875 0.1666 0.6661333328125 0.17226 0.6585866671875 0.17904
8 0.41514666718750004 0.40644 0.40314666718750003 0.40194 0.31304 0.462 0.22896 0.43348000000000003 0.23696 0.44398 0.30504 0.49354 0.41514666718750004 0.40644