9 0.30402 0.7233118968750001 0.30402 0.7114791 0.30402 0.684790996875 0.30402 0.67588424375 0.30586 0.653633440625 0.30402 0.6477170421875 0.3114 0.6195498390624999 0.31878 0.6032475890625 0.32799999999999996 0.5869131828125 0.3317 0.5795176843750001 0.33721999999999996 0.5720900328125 0.33998 0.5720900328125 0.34184000000000003 0.57356913125 0.34643999999999997 0.585434084375 0.35014 0.601736334375 0.35752 0.629935690625 0.3612 0.669935690625 0.3612 0.67884244375 0.3612 0.6892282953125 0.36582 0.6907073953125 0.36582 0.6951446953125 0.3695 0.701093246875 0.37134 0.6996141484375 0.37317999999999996 0.687749196875 0.37412 0.68032154375 0.37595999999999996 0.65810289375 0.37595999999999996 0.6225080390625 0.37042 0.582475884375 0.36858 0.563215434375 0.36858 0.55430868125 0.37226 0.5365273312500001 0.37412 0.5290996781249999 0.37595999999999996 0.493536978125 0.37595999999999996 0.49202572343749995 0.3695 0.47276527343749997 0.36858 0.47276527343749997 0.35198 0.46832797499999995 0.34276 0.47572347343750004 0.33721999999999996 0.493536978125 0.33721999999999996 0.4964951765625 0.32616 0.505369775 0.30586 0.5202250796875 0.30034 0.5231832796875 0.29203999999999997 0.532057878125 0.28742 0.53800643125 0.2653 0.5661736328125 0.24962 0.601736334375 0.2487 0.6106430875 0.24316 0.629935690625 0.25054 0.6388102890625 0.25516 0.6447588421875 0.25884 0.6477170421875 0.26252 0.65810289375 0.26438 0.6669774921875 0.2699 0.686270096875 0.2699 0.6907073953125 0.25884 0.702572346875 0.24224 0.702572346875 0.22010000000000002 0.7233118968750001 0.21734 0.7336977484375 0.22010000000000002 0.75 0.22932000000000002 0.75 0.23393999999999998 0.7514791 0.24592 0.7648231515624999 0.25054 0.7618649515625 0.25792000000000004 0.752990353125 0.25884 0.7470418 0.25792000000000004 0.7455627015624999 0.25329999999999997 0.7411254015625001 0.27268 0.7233118968750001 0.2736 0.7233118968750001 0.27452 0.7233118968750001 0.27452 0.7366559484375 0.25329999999999997 0.7841157562500001 0.24962 0.8226688109375001 0.2487 0.8345337625000001 0.26714000000000004 0.8508360125 0.28281999999999996 0.8582315109374999 0.29388000000000003 0.844887459375 0.29388000000000003 0.8419292609375001 0.28928 0.8330225078125 0.28098 0.8241479093749999 0.2736 0.8226688109375001 0.2782 0.8004180062499999 0.29112 0.7603858515625 0.29572 0.7485209 0.30218 0.7336977484375 0.30402 0.7233118968750001
9 0.31178 0.3262057875 0.3035 0.3452411578125 0.29758 0.36045016093750004 0.2893 0.3813826359375 0.29403999999999997 0.3851768484375 0.29758 0.40041800624999996 0.30823999999999996 0.40803858593750003 0.32126 0.4023151125 0.31534 0.390900321875 0.30942 0.36996784531250004 0.32006 0.3490353703125 0.33664 0.32048231562499996 0.34256000000000003 0.2767202578125 0.3473 0.23295819999999998 0.34965999999999997 0.21585209062500002 0.35794000000000004 0.23295819999999998 0.36741999999999997 0.22536977500000002 0.35912 0.1891961421875 0.35676 0.164469453125 0.36150000000000004 0.15874598125 0.37452 0.1263987140625 0.38161999999999996 0.12070739531250001 0.38516 0.1073954984375 0.38634 0.088360128125 0.37452 0.071221865625 0.36622 0.07504823125 0.34609999999999996 0.10167202500000001 0.32126 0.1149839234375 0.29994 0.15874598125 0.29403999999999997 0.1987138265625 0.29284 0.23485530468750002 0.29166 0.25199356875 0.27627999999999997 0.30337620625 0.26208 0.33189710625 0.24906 0.3680707390625 0.24196 0.3832797421875 0.23958 0.392797428125 0.24078 0.40421221875 0.24314 0.40993569062499996 0.24906 0.417524115625 0.26682 0.417524115625 0.26326 0.40993569062499996 0.2609 0.389003215625 0.26918000000000003 0.3718649515625 0.27864 0.3547588421875 0.2822 0.341414790625 0.28812000000000004 0.32430868125 0.29758 0.3090675234375 0.30232000000000003 0.3014791 0.30942 0.2919614140625 0.31652 0.2824437296875 0.3177 0.2862379421875 0.31652 0.3052733125 0.31178 0.3262057875
9 0.49448 0.1169774921875 0.49189999999999995 0.1095498390625 0.49189999999999995 0.10048231562500001 0.49241999999999997 0.09057877812500001 0.48832000000000003 0.07819935624999999 0.47908 0.068327975 0.47036 0.0724437296875 0.46216 0.07819935624999999 0.46369999999999995 0.0885530546875 0.4596 0.0951446953125 0.45549999999999996 0.1000964625 0.46369999999999995 0.105852090625 0.46832 0.11244372968750001 0.46678 0.11411575624999999 0.45343999999999995 0.11411575624999999 0.4519 0.1281350484375 0.44934 0.136366559375 0.44626 0.1578135046875 0.44523999999999997 0.1644051453125 0.44421999999999995 0.1792282953125 0.43651999999999996 0.204790996875 0.43292 0.2221221859375 0.43600000000000005 0.241093246875 0.44062 0.22707395468749997 0.44573999999999997 0.20810289375000002 0.44832 0.204790996875 0.44421999999999995 0.22707395468749997 0.44318 0.23778134999999997 0.4396 0.26170417968750004 0.43396 0.279839228125 0.42934 0.29385852031250004 0.4196 0.3202250796875 0.41856 0.3391961421875 0.41242 0.349099678125 0.40728 0.3680707390625 0.40678000000000003 0.3862057875 0.41344000000000003 0.39115755625 0.42062 0.39196141406249996 0.42164 0.384565915625 0.42268 0.3738263671875 0.42779999999999996 0.35980707343749996 0.43445999999999996 0.3474598078125 0.44062 0.326848875 0.44523999999999997 0.31199356875 0.4519 0.28726688125 0.45858 0.2707717046875 0.46626 0.26334405156249996 0.46678 0.274051446875 0.46832 0.2880707390625 0.46934 0.309517684375 0.46882 0.3202250796875 0.46163999999999994 0.33672025781250003 0.45908 0.349935690625 0.45754 0.3614791 0.4596 0.377942121875 0.46268000000000004 0.38784565937500004 0.46832 0.39196141406249996 0.4755 0.38948553124999996 0.47908 0.3862057875 0.47446 0.3771382640625 0.47241999999999995 0.3672347265625 0.476 0.3449839234375 0.48524 0.318585209375 0.48934 0.30128617343749997 0.4873 0.279839228125 0.48934 0.2583922828125 0.49189999999999995 0.24189710625 0.49241999999999997 0.2303536984375 0.49294000000000004 0.20726688124999998 0.49652 0.1874919609375 0.50012 0.1602893890625 0.5037 0.16192926093749999 0.51344 0.1693569125 0.5196 0.1825401921875 0.5252399999999999 0.20151125468750003 0.5314 0.21389067499999997 0.5355000000000001 0.22295820000000002 0.5432 0.22787781406250002 0.54934 0.22787781406250002 0.54832 0.2212861734375 0.54216 0.2130546625 0.5334399999999999 0.1874919609375 0.52012 0.1586173640625 0.51036 0.126463021875 0.5073000000000001 0.12356913124999999 0.5037 0.120257234375 0.49448 0.1169774921875
9 0.9377000000000001 0.6987138265625 0.91136 0.7309646296875 0.90008 0.7299678453125 0.89756 0.7326688109374999 0.89444 0.75282958125 0.8988200000000001 0.76189710625 0.90352 0.7613826359375 0.9076000000000001 0.75282958125 0.91794 0.7523151125 0.92296 0.751318328125 0.9377000000000001 0.7397106109375 0.94428 0.7641157562500001 0.93424 0.8051125406249999 0.933 0.8298070734375 0.9449 0.8471382640625 0.9542999999999999 0.851672025 0.9709199999999999 0.8884565921875 0.9718600000000001 0.899742765625 0.9511799999999999 0.9178778140625001 0.9511799999999999 0.9314791 0.9612 0.93652733125 0.9705999999999999 0.940578778125 0.98566 0.9420900328125 0.9994400000000001 0.9380385859375 0.99976 0.878585209375 0.9897199999999999 0.8458199359374999 0.9869 0.8251446953125001 0.9790599999999999 0.788360128125 0.99474 0.766688103125 1 0.7591318328125001 0.99976 0.545209003125 0.9869 0.5320900328125 0.97718 0.5315755625 0.97248 0.5265594859375 0.9800000000000001 0.5114469453125 0.9843999999999999 0.49781350468749996 0.98094 0.47797427656249997 0.9715400000000001 0.46839228281249995 0.96182 0.458327975 0.9514799999999999 0.4532797421875 0.93362 0.45884244374999994 0.92986 0.4603536984375 0.92484 0.4830225078125 0.92452 0.49209003281249997 0.9286 0.506688103125 0.93394 0.5122508031249999 0.93706 0.526848875 0.9411400000000001 0.5354340843750001 0.9461600000000001 0.5389710609375 0.94772 0.5439871375 0.9458399999999999 0.554565915625 0.9464600000000001 0.5676848875 0.9496 0.57926045 0.94522 0.6155627015625 0.94302 0.6704823156249999 0.9377000000000001 0.6987138265625
8 0.22676 0.7648231515624999 0.25888 0.7816077171875 0.24681999999999998 0.8151768484374999 0.25526 0.8403536984375 0.25726 0.8545337625 0.26328 0.86810289375 0.27052 0.8745337624999999 0.28134000000000003 0.8797106109374999 0.28858 0.8771382640625 0.29300000000000004 0.8726045015624999 0.2934 0.866784565625 0.29258 0.8590675234375 0.28898 0.8532475890625 0.2677 0.857106109375 0.26088 0.7706430875 0.25686 0.7583922828125 0.25366 0.7609646296875 0.24362 0.7616077171875 0.22676 0.753215434375 0.22676 0.7648231515624999
8 0.6573599999999999 0.3891961421875 0.65562 0.39292604531249997 0.65506 0.3970739546875 0.65534 0.40263665625 0.65764 0.4082315109375 0.66342 0.4119292609375 0.66832 0.41379421250000004 0.6714800000000001 0.4151768484375 0.6723600000000001 0.41704179999999996 0.67178 0.4211897109375 0.67178 0.4276848875 0.67408 0.43511254062500004 0.67928 0.43511254062500004 0.68216 0.43048231562500006 0.6836 0.42443729843750005 0.68648 0.41842443749999997 0.73004 0.41704179999999996 0.7277199999999999 0.4263022515625 0.7303200000000001 0.4276848875 0.73552 0.4272347265625 0.73868 0.421672025 0.73926 0.41704179999999996 0.7499399999999999 0.4049839234375 0.75456 0.39430868124999996 0.75368 0.38736334375000003 0.7499399999999999 0.385948553125 0.74676 0.4021864953125 0.741 0.4082315109375 0.73754 0.4096141484375 0.7309 0.41006430937499994 0.7306199999999999 0.38967845625 0.73004 0.38411575625 0.69486 0.3868810296875 0.68648 0.40173633437499995 0.6836 0.406366559375 0.6789799999999999 0.4082315109375 0.67496 0.408681671875 0.67264 0.406366559375 0.67466 0.3868810296875 0.666 0.38736334375000003 0.66054 0.38736334375000003 0.6573599999999999 0.3891961421875
8 0.40872 0.4073954984375 0.42308 0.4085530546875 0.45182 0.4073954984375 0.4784 0.395852090625 0.48056 0.38199356875 0.46403999999999995 0.38199356875 0.44320000000000004 0.3762057875 0.42308 0.3808360125 0.39649999999999996 0.37504823125 0.39649999999999996 0.3808360125 0.39936 0.398167203125 0.40872 0.4073954984375
8 0.28081999999999996 0.42508038593749997 0.30579999999999996 0.418778134375 0.30268 0.3899035375 0.29566 0.3899035375 0.29331999999999997 0.3899035375 0.2777 0.3974598078125 0.26598 0.41 0.23398 0.39495176875000004 0.2332 0.41125401874999995 0.2488 0.4300964625 0.28081999999999996 0.42508038593749997
8 0.95586 0.9370096468750001 0.9625400000000001 0.9469774921875 0.9706400000000001 0.9523472671875 0.9954599999999999 0.9485530546875 0.99976 0.9424115750000001 0.99976 0.930160771875 1 0.8879742765625 0.9864 0.8450160765625 0.98544 0.8434726687499999 0.9992800000000001 0.9002572343749999 0.9954599999999999 0.9209646296875 0.9811400000000001 0.9271061093749999 0.9696999999999999 0.9255948546875 0.96492 0.918681671875 0.96588 0.9087138265625001 0.9696999999999999 0.90180064375 0.9715999999999999 0.8987138265624999 0.9715999999999999 0.8926045015625 0.9696999999999999 0.884147909375 0.9625400000000001 0.8680385859375 0.95824 0.8572990359375 0.9549 0.8511575562499999 0.9477399999999999 0.8450160765625 0.94488 0.8411897109375 0.94202 0.8358199359375 0.94058 0.8311897109374999 0.9391400000000001 0.826591640625 0.93772 0.821221865625 0.94202 0.8150803859375 0.9391400000000001 0.8058842437499999 0.9391400000000001 0.8028295812499999 0.93962 0.7959163984375001 0.9400999999999999 0.78967845625 0.9353400000000001 0.793536978125 0.9334199999999999 0.8111897109375 0.9529799999999999 0.917845659375 0.95586 0.9370096468750001
9 0.79894 0.26726688125 0.79792 0.264887459375 0.7977000000000001 0.2630868171875 0.7972400000000001 0.2623472671875 0.79622 0.2623472671875 0.79554 0.2634405140625 0.7952 0.265627009375 0.7952 0.26726688125 0.79554 0.2708681671875 0.79646 0.2730546625 0.79646 0.2737942125 0.79668 0.2768810296875 0.79938 0.275948553125 0.79938 0.273954984375 0.79994 0.26926045 0.7996000000000001 0.2698070734375 0.79916 0.269421221875 0.79894 0.26726688125
9 0.69886 0.3184244375 0.70866 0.286463021875 0.71264 0.2938263671875 0.7157 0.3356591640625 0.72028 0.3553376203125 0.7255 0.3636977484375 0.731 0.382411575 0.73192 0.40061093281250004 0.731 0.40948553125 0.73774 0.4119292609375 0.74324 0.4084887453125 0.74784 0.3996463015625 0.7524200000000001 0.3848553046875 0.75182 0.372572346875 0.74478 0.3666559484375 0.73712 0.340578778125 0.731 0.3356591640625 0.7362 0.26430868125 0.73344 0.24115755625 0.7362 0.21263665625 0.73468 0.202797428125 0.70436 0.16588424375 0.6958 0.156045015625 0.67836 0.1486495171875 0.6734600000000001 0.1412861734375 0.67284 0.1511254015625 0.65998 0.11913183281249999 0.64836 0.1230546625 0.63918 0.1264951765625 0.6355000000000001 0.136366559375 0.63304 0.156045015625 0.63918 0.1757234734375 0.6458999999999999 0.1747266875 0.6559999999999999 0.1767202578125 0.6658000000000001 0.178167203125 0.6704 0.189003215625 0.67804 0.2160771703125 0.67438 0.2273954984375 0.67438 0.2579099671875 0.67958 0.261832796875 0.6826399999999999 0.2593890671875 0.68202 0.244630225 0.6835600000000001 0.23723472656250003 0.68814 0.24707395468749999 0.68294 0.2948231515625 0.68202 0.3184244375 0.6811 0.3268167203125 0.6811 0.3750160765625 0.6753 0.392250803125 0.6753 0.407009646875 0.67744 0.4119292609375 0.67958 0.41096462968749997 0.69028 0.3961736328125 0.69948 0.3789710609375 0.69886 0.3469774921875 0.69886 0.3184244375