8 0.3736875 0.5406666671875 0.371484375 0.49468750000000006 0.370015625 0.4761041671875 0.35095312500000003 0.43110416718750005 0.346546875 0.4154583328125 0.34434375 0.40275 0.337015625 0.3655833328125 0.33334375 0.35970833281250003 0.332609375 0.34504166718749996 0.32160937500000003 0.33329166718750003 0.317203125 0.3508958328125 0.31646874999999997 0.35872916718750003 0.32234375000000004 0.3733958328125 0.3238125 0.3949166671875 0.365625 0.49762500000000004 0.3736875 0.5406666671875
9 0.166484375 0.7087916671875 0.147984375 0.9576666671874999 0.147984375 0.9845625 0.34809375 0.9800833328125 0.34809375 0.9442083328124999 0.38509375 0.93075 0.40359375000000003 0.8365833328125 0.40359375000000003 0.7042916671875 0.3935 0.6684166671875 0.49607812500000004 0.6415208328124999 0.5078437499999999 0.6213333328124999 0.51625 0.607875 0.548203125 0.6011666671875 0.5885625 0.6011666671875 0.59865625 0.5966666671875 0.610421875 0.5787291671875 0.610421875 0.5428541671875 0.610421875 0.5338958328125 0.5919218749999999 0.5182083328125 0.58015625 0.5159583328124999 0.4994375 0.5338958328125 0.378359375 0.5540833328125 0.375 0.4531666671875 0.341375 0.3500416671875 0.32792187500000003 0.31864583281250003 0.33968750000000003 0.2984583328125 0.353140625 0.2738125 0.371640625 0.21549999999999997 0.371640625 0.1930833328125 0.36828125 0.15272916718750001 0.3581875 0.1033958328125 0.3565 0.0720208328125 0.3195 0.0563125 0.285875 0.0518333328125 0.272421875 0.0518333328125 0.2505625 0.054083332812499996 0.228703125 0.07425000000000001 0.228703125 0.0899375 0.22365624999999997 0.1258125 0.228703125 0.2065416671875 0.24215625 0.2244791671875 0.24215625 0.2356875 0.237109375 0.25587499999999996 0.18665625 0.3208958328125 0.164796875 0.3679791671875 0.144625 0.5137083328125 0.166484375 0.7087916671875
9 0.41798437499999996 0.3101041671875 0.44662499999999994 0.32360416718749996 0.436515625 0.36854166718750003 0.387640625 0.36854166718750003 0.37753125 0.3842708328125 0.38932812499999997 0.4382083328125 0.391015625 0.5573125 0.4691548296875 0.5511761359375 0.47294270781250003 0.559675925 0.42865624999999996 0.6599236109375 0.4334875 0.6674083328125 0.4246302078125 0.6690370375 0.4257359375 0.6719020828125 0.41798437499999996 0.6763958328124999 0.4206041671875 0.6781504625 0.41461328125 0.6859479171875 0.416578125 0.6872638890625 0.41124218749999997 0.6955 0.41255208281250005 0.6963773140625 0.40449999999999997 0.7146041671875001 0.40954687500000003 0.9460625 0.593265625 0.9752708328124999 0.5882031249999999 0.9303333328125 0.616859375 0.9303333328125 0.67078125 0.896625 0.632015625 0.79325 0.638765625 0.7191041671875 0.6050625000000001 0.6426875 0.608421875 0.60675 0.611796875 0.5348333328125 0.62696875 0.5168541671875 0.67921875 0.5146041671875 0.7185416671875 0.52396180625 0.7242388390625 0.5155624999999999 0.711234375 0.4539375 0.611796875 0.39775 0.559546875 0.34158333281250003 0.5578593749999999 0.303375 0.567984375 0.26516666718750004 0.5545 0.1865208328125 0.537640625 0.1325833328125 0.48034375 0.094375 0.42809375000000005 0.094375 0.42134375 0.1415833328125 0.40449999999999997 0.1887708328125 0.40112500000000006 0.21347916718749999 0.40112500000000006 0.25393750000000004 0.41798437499999996 0.3101041671875
8 0.396140625 0.9713541671874999 0.391796875 0.9301458328125 0.39034375 0.9301458328125 0.35171874999999997 0.9327291671875001 0.34978125000000004 0.9996875 0.398078125 0.9990416671875 0.398078125 0.9964791671875 0.396140625 0.9713541671874999
8 0.8325781250000001 0.6292083328125 0.8190937500000001 0.6179791671875 0.82246875 0.5550625 0.805625 0.5146041671875 0.738203125 0.5191041671875001 0.72978125 0.5191041671875001 0.714609375 0.5303333328125001 0.7028125000000001 0.5191041671875001 0.664046875 0.5236041671875 0.62190625 0.5303333328125001 0.611796875 0.5280833328125001 0.608421875 0.5887708328125 0.6016874999999999 0.6112291671875 0.6 0.6382083328125 0.682578125 0.6449374999999999 0.8005625000000001 0.6292083328125 0.82584375 0.6292083328125 0.8325781250000001 0.6292083328125
8 0.777859375 0.9234583328125 0.76278125 0.9234583328125 0.7500312499999999 0.925 0.761625 0.9682708328125 0.791765625 0.9713541671874999 0.794078125 0.929625 0.777859375 0.9234583328125
8 0.7045 0.9793958328124999 0.7045 0.9704166671875001 0.7045 0.9501875 0.7045 0.9389583328125 0.701125 0.9277083328125 0.6893281250000001 0.9232291671875 0.6809062499999999 0.9232291671875 0.664046875 0.9209791671875 0.664046875 0.9277083328125 0.6623593750000001 0.9479374999999999 0.665734375 0.9793958328124999 0.67078125 0.9793958328124999 0.69775 0.9793958328124999 0.7045 0.9793958328124999
8 0.918546875 0.85775 0.87809375 0.851 0.867984375 0.8847083328125 0.862921875 0.9139166671875 0.8612343750000001 0.954375 0.8545 0.9835833328125 0.896625 0.9835833328125 0.9455 0.9858333328125 0.940453125 0.9835833328125 0.9303437499999999 0.8892083328125 0.918546875 0.85775
8 0.815203125 0.917375 0.806578125 0.9146041671875 0.792796875 0.9127708328124999 0.787625 0.9178333328124999 0.7869375 0.9265625 0.794171875 0.9297708328125 0.792453125 0.9679166671875 0.796734375 0.9668125 0.8197656249999999 0.9648125000000001 0.8214062500000001 0.9375833328125 0.8186406249999999 0.9293125 0.815203125 0.917375
8 0.751421875 0.9543125 0.75090625 0.9380208328125 0.75090625 0.9369791671875 0.750390625 0.9321249999999999 0.7454531249999999 0.9189583328125 0.7376406249999999 0.9141041671875 0.7347812499999999 0.9096041671874999 0.733234375 0.9068333328125 0.727515625 0.9030208328124999 0.722828125 0.9054375 0.7189375 0.9106458328124999 0.713734375 0.9172291671874999 0.712171875 0.9286666671875 0.7108749999999999 0.9387083328125 0.7108749999999999 0.9491041671874999 0.7108749999999999 0.9588125 0.7129531250000001 0.9723333328124999 0.7485625 0.9712916671875 0.7485625 0.9695625 0.751421875 0.9543125
9 0.6676753468750001 0.7524143515625 0.6931857640625 0.7502824078125 0.695046875 0.7446041671875 0.7016892359375 0.7495717578125001 0.71869618125 0.7481504625000001 0.7189514796875 0.7749945171875 0.6920647328125 0.8110267859375 0.640328125 0.8121875 0.668875 0.8981375 0.6753972046875 0.8982094296875 0.672046875 0.9076875 0.7006875 0.8995 0.7037656250000001 0.8613125 0.70299609375 0.8486927078125 0.6921488484375 0.8508190796875 0.6954991781250001 0.8413410078125001 0.7022265625 0.8360729171875001 0.69884950625 0.8318629390625001 0.7021998359375 0.82238486875 0.7006875 0.8108333328124999 0.7055501640624999 0.8129067984375 0.7256521375 0.7560383765625 0.727199653125 0.7474398140625 0.735703125 0.7467291671875 0.7323527953125 0.7370822375 0.734375 0.7352152765625 0.735703125 0.7276041671875 0.752453125 0.7233541671875 0.7580312499999999 0.7329166671875 0.765203125 0.7244166671875 0.77396875 0.7446041671875 0.786734375 0.7371666671875 0.771578125 0.7180416671875001 0.766 0.7021041671875 0.768390625 0.6978333328125 0.758828125 0.6893333328125 0.757234375 0.6510625 0.732515625 0.65425 0.73490625 0.6733958328125 0.727734375 0.6776458328125 0.7290625000000001 0.6891597234375 0.69903125 0.6935833328125 0.694515625 0.6826041671875 0.687078125 0.6882708328125 0.6799062499999999 0.6872083328125 0.6862812500000001 0.6744583328125 0.6900000000000001 0.6716249999999999 0.6854843749999999 0.6606458328125 0.6724635421875 0.6903958328125 0.657578125 0.6967708328125 0.6384375 0.7212291671875 0.6344531250000001 0.7403541671875 0.659171875 0.753125 0.6627578125 0.7435520828125 0.6676753468750001 0.7524143515625
8 0.58925 0.48854166718750003 0.5834374999999999 0.502625 0.58503125 0.5131875 0.586078125 0.5226875 0.5998125 0.5223333328125 0.611953125 0.529375 0.62225 0.5311250000000001 0.63228125 0.5371041671875 0.643359375 0.5364166671875 0.662890625 0.5311250000000001 0.640453125 0.5167083328125 0.6425625 0.5061458328125 0.636234375 0.4881875 0.629890625 0.48150000000000004 0.62778125 0.474125 0.628578125 0.46672916718749996 0.6267343750000001 0.4621458328125 0.621984375 0.4639166671875 0.6169687500000001 0.46672916718749996 0.61775 0.46708333281250003 0.610359375 0.4751666671875 0.601390625 0.4765833328125 0.594796875 0.48081250000000003 0.58925 0.48854166718750003
8 0.625046875 0.9287708328125 0.621578125 0.9206666671875 0.6094375000000001 0.9189375 0.609 0.8987083328125 0.605109375 0.8963958328125001 0.595125 0.8975416671875 0.589921875 0.9027499999999999 0.58603125 0.9125833328124999 0.58603125 0.9253125000000001 0.58515625 0.9253125000000001 0.582125 0.9310833328125 0.5803906249999999 0.9426458328124999 0.5855937499999999 0.9709791671874999 0.5925312500000001 0.9785 0.601203125 0.9785 0.61246875 0.97675 0.619421875 0.9646250000000001 0.6211562500000001 0.9455416671875 0.625046875 0.9287708328125
8 0.7744375 0.7943749999999999 0.7777499999999999 0.7776458328125 0.77959375 0.7697708328124999 0.7792343749999999 0.7594375 0.7740625 0.7486041671875 0.769265625 0.7441875 0.761140625 0.7382708328125 0.749703125 0.7392708328125 0.741953125 0.7491041671875001 0.738265625 0.7668125 0.738265625 0.7815833328124999 0.739734375 0.779625 0.74121875 0.8012708328124999 0.746390625 0.8057083328125 0.769640625 0.8042291671875 0.7744375 0.7943749999999999
8 0.8120468750000001 0.7765833328125 0.814625 0.7716666671875 0.8127812499999999 0.76625 0.811671875 0.7568958328125001 0.8098281249999999 0.7495208328125 0.807609375 0.742625 0.80096875 0.7332708328125 0.7969062499999999 0.73525 0.796546875 0.7386874999999999 0.796171875 0.7332708328125 0.792109375 0.7317916671875 0.7884218749999999 0.7332708328125 0.782515625 0.7381875 0.77734375 0.7436041671875 0.77625 0.7480416671875 0.7766093749999999 0.7534583328125 0.778828125 0.7578750000000001 0.779203125 0.7642708328125 0.778453125 0.7731458328125 0.77771875 0.7824791671875 0.7766093749999999 0.7903541671875 0.77625 0.7913541671875 0.7795625 0.8026666671875 0.807984375 0.8011874999999999 0.8102031249999999 0.7869166671875 0.8120468750000001 0.7765833328125
8 0.7368125 0.7764583328125 0.7399843749999999 0.7630625 0.738140625 0.7492916671875001 0.7325781250000001 0.7436458328125 0.722265625 0.7408333328125 0.710890625 0.7454166671875 0.70215625 0.7542291671875 0.6981875 0.7616458328125 0.69659375 0.771875 0.697921875 0.78 0.70003125 0.8050416671875 0.731265625 0.8050416671875 0.73284375 0.8043333328125 0.7368125 0.7764583328125
8 0.6939062500000001 0.7678541671875 0.6920625 0.751625 0.6846875 0.74425 0.675453125 0.7417708328125 0.662546875 0.751625 0.655890625 0.7747499999999999 0.657734375 0.77525 0.6606875 0.8082083328125 0.6854218750000001 0.8072291671875 0.6939062500000001 0.7762291671875 0.6939062500000001 0.7678541671875
8 0.6455625 0.7398541671875 0.632015625 0.7404375 0.620203125 0.7468541671875 0.61496875 0.7660833328125001 0.61409375 0.7765833328125 0.61453125 0.798125 0.6232656249999999 0.8127083328125 0.6577968750000001 0.8057083328125 0.654734375 0.7783125 0.659546875 0.7614166671875 0.659984375 0.7503541671875 0.6455625 0.7398541671875
8 0.822078125 0.7573958328125 0.8235312499999999 0.7557708328125 0.822328125 0.7505833328125 0.8194062499999999 0.7460416671875 0.8145312499999999 0.735 0.80746875 0.7330416671875 0.8030781250000001 0.7336875 0.80528125 0.7392083328125 0.8069843750000001 0.7414791671875001 0.80965625 0.748625 0.8133125 0.7671458328125 0.8135625 0.77525 0.8101406250000001 0.7901875 0.808921875 0.7992708328125 0.809421875 0.8005833328125 0.822328125 0.7992708328125 0.8235312499999999 0.7700625 0.821828125 0.7645416671875 0.822078125 0.7573958328125