8 0.144149184375 0.7955 0.2581351984375 0.8022500000000001 0.40899766875 0.8 0.6268997671875 0.768546875 0.6235664328125 0.72359375 0.6302564109375 0.701125 0.616853146875 0.7056250000000001 0.559860140625 0.6921406250000001 0.39223776250000003 0.6427031249999999 0.33524475468750004 0.62696875 0.006713285937500001 0.615734375 0.00335664375 0.606734375 0.00335664375 0.741578125 0.144149184375 0.7955
9 0.43370629374999997 0.652015625 0.46596736562499996 0.65921875 0.47491841562500003 0.6676249999999999 0.50358974375 0.6820468749999999 0.5233100234375 0.6820468749999999 0.532261071875 0.6676249999999999 0.5483916078125 0.6676249999999999 0.578857809375 0.673640625 0.6326340328125 0.68565625 0.645174825 0.68565625 0.645174825 0.6760312500000001 0.6398135203125 0.660421875 0.6308391609374999 0.6508125 0.61111888125 0.6508125 0.5681118875 0.658015625 0.578857809375 0.652015625 0.578857809375 0.633984375 0.577086246875 0.603953125 0.575291375 0.5763281250000001 0.578857809375 0.554703125 0.5609557109375001 0.549890625 0.5483916078125 0.549890625 0.5161305359374999 0.541484375 0.48745920781249996 0.525859375 0.48745920781249996 0.5006406250000001 0.4928438234375 0.482609375 0.4785081578125 0.465796875 0.46596736562499996 0.45739062500000005 0.41934731875000003 0.465796875 0.3835198140625 0.470609375 0.3709557109375 0.487421875 0.36918414843749997 0.531875 0.360209790625 0.5270625 0.313613053125 0.530671875 0.3082284375 0.535484375 0.3064335671875 0.5535 0.2706060609375 0.569109375 0.24370629375 0.59915625 0.20965034999999999 0.59915625 0.09137529062500001 0.6111718749999999 0.11109557187500001 0.6159687500000001 0.16664335624999999 0.624375 0.20249417187500002 0.624375 0.2616317015625 0.6231718749999999 0.313613053125 0.617171875 0.3279487171875 0.627984375 0.387086246875 0.644796875 0.43370629374999997 0.652015625
8 0.83324009375 0.185921875 0.8173659671875001 0.186671875 0.7969463875 0.20720312500000002 0.798088578125 0.24142187499999998 0.8139627046875001 0.256640625 0.8570629375 0.268796875 0.9137995343749999 0.272609375 0.9410256406249999 0.265765625 0.9727738921875 0.261953125 0.99547785625 0.247515625 1 0.22545312499999998 0.9931934734375 0.19732812500000002 0.9671095578125 0.18059375 0.953496503125 0.16539062499999999 0.9376223781249999 0.1555 0.9274125874999999 0.147890625 0.8979020984374999 0.094671875 0.8865734265625 0.10987499999999999 0.8548018640624999 0.16082812500000002 0.8434498828124999 0.166140625 0.8343822843750001 0.182109375 0.83324009375 0.185921875
8 0.80829836875 0.006171875 0.7228205125 0 0.6983916078125 0.06073437499999999 0.6780419578125 0.062109375 0.669906759375 0.081203125 0.663799534375 0.169875 0.7065268062500001 0.19034374999999998 0.8164335671874999 0.19034374999999998 0.8347552453124999 0.18351562500000002 0.8428904421875 0.07846875 0.8327272734375001 0.07165625 0.806270396875 0.055281250000000004 0.80829836875 0.006171875
8 0.674918415625 0.42756249999999996 0.6874592078124999 0.43246874999999996 0.7115384609375 0.434578125 0.7408158515625 0.434578125 0.75965035 0.43528124999999995 0.7659440562500001 0.428265625 0.7753613046875001 0.42195312500000004 0.782680653125 0.41354687500000004 0.7837296031250001 0.3988125 0.7774358968749999 0.38689062500000004 0.7743123546875 0.379171875 0.7690675984374999 0.372859375 0.7575757578125 0.363046875 0.753379953125 0.36515624999999996 0.7491841484374999 0.3700625 0.73664335625 0.37778125 0.7125874125 0.38268749999999996 0.698974359375 0.38268749999999996 0.680139859375 0.37778125 0.6707226109375 0.37215625 0.668624709375 0.423359375 0.674918415625 0.42756249999999996
8 0.3989510484375 0.34831249999999997 0.3251981359375 0.1528125 0.2614918421875 0.384265625 0.2581351984375 0.41798437499999996 0.37547785624999996 0.42696875 0.3989510484375 0.34831249999999997
8 0.7482284375 0.34446875 0.73324009375 0.31309375 0.71452214375 0.31309375 0.6976689984375 0.323140625 0.6733100234375 0.318109375 0.6733100234375 0.369578125 0.693916084375 0.37710937499999997 0.73699300625 0.37084375 0.7482284375 0.34446875
8 0.9583682984375 0.16696875 0.9718881125 0.187015625 0.9960139859374999 0.199953125 0.996969696875 0.2478125 0.9468065265625001 0.267875 0.8946853140625001 0.275625 0.8638228437500001 0.274984375 0.889860140625 0.2846875 0.9689976687499999 0.28532812500000004 0.996969696875 0.273046875 1 0.231640625 0.996969696875 0.185078125 0.9834731937500001 0.1773125 0.9631934734375 0.129453125 0.9448717953125 0.099703125 0.9323310015624999 0.108109375 0.9246153843749999 0.12364062499999999 0.927505828125 0.13075 0.9381118875000001 0.11070312499999999 0.9516317015625001 0.138515625 0.9583682984375 0.16696875
8 0.9052680656250001 0.613 0.9033100234375 0.614953125 0.9490675984375001 0.63909375 0.99675990625 0.654109375 1 0.6019062500000001 0.9052680656250001 0.613
8 0.7397435890625 0.473421875 0.7397435890625 0.458890625 0.72076923125 0.44299999999999995 0.70452214375 0.43528124999999995 0.674708625 0.43075 0.6740326343749999 0.46479687500000005 0.6963869468749999 0.490671875 0.72076923125 0.49021875000000004 0.7397435890625 0.473421875
8 0.6683449890625 0.22473437500000001 0.665524475 0.30453125000000003 0.6833333328125 0.31834375000000004 0.7105128203125 0.31457812500000004 0.7405128203125 0.30515625 0.7686247093749999 0.29446875 0.7836363640624999 0.28065625 0.7808158515625 0.260546875 0.76300699375 0.23729687500000002 0.7536363640625 0.23289062500000002 0.714265734375 0.22974999999999998 0.6683449890625 0.22473437500000001
8 0.9996736593750001 0.596625 0.9985780890625 0.525375 0.9974592078125 0.5001562500000001 0.93547785625 0.44523437499999996 0.9387878781250001 0.442265625 0.9221911421875 0.454890625 0.9520745921874999 0.567671875 0.9509790203125 0.596625 0.9996736593750001 0.596625