2 0.830828125 0.584660421875 0.8342656249999999 0.588875878125 0.830515625 0.596580796875 0.83940625 0.596580796875 0.8398749999999999 0.621147540625 0.8464218750000001 0.647775175 0.8450156249999999 0.673044496875 0.84315625 0.6842622953124999 0.865609375 0.6828571421875 0.8698281250000001 0.6569086656249999 0.873190625 0.6024824359375 0.8660781249999999 0.588875878125 0.87403125 0.588875878125 0.8735625 0.5671428578125 0.8454843750000001 0.5629274 0.8211562499999999 0.5657377046875001 0.8178906250000001 0.5755503515625 0.82209375 0.584660421875 0.8263125 0.588875878125 0.830828125 0.584660421875
2 0.36903125000000003 0.5729508203125 0.37059375 0.5706089000000001 0.38053125 0.5702107734374999 0.377390625 0.5596252921875 0.37215625 0.5537470718749999 0.32014062499999996 0.553372365625 0.31256249999999997 0.5557142859375 0.310734375 0.5611943796875 0.306296875 0.5741217796875 0.36903125000000003 0.5729508203125
9 0.416171875 0.58679156875 0.40981249999999997 0.6088056203125001 0.41029687499999995 0.638196721875 0.41470312500000006 0.6521545671875 0.41568750000000004 0.672716628125 0.41568750000000004 0.6866510531250001 0.41078125 0.7219203750000001 0.40784374999999995 0.741007025 0.40834374999999995 0.7439344265625001 0.41568750000000004 0.7402810296875 0.42009375000000004 0.7373302109375001 0.421078125 0.7182435593750001 0.42940625 0.6896018734375 0.43578124999999995 0.6763700234375001 0.44165625000000003 0.6859250578125 0.43970312500000003 0.6925292734374999 0.43578124999999995 0.7307259953125 0.43578124999999995 0.744683840625 0.43724999999999997 0.74836065625 0.44753125000000005 0.741007025 0.4495 0.7006089 0.450484375 0.6682903984374999 0.44803125 0.6565573765625 0.44803125 0.654355971875 0.44803125 0.6154332546875 0.4495 0.62351288125 0.455375 0.635995315625 0.46125 0.6448009375 0.46175 0.646276346875 0.466640625 0.6455269328125001 0.46615624999999994 0.641124121875 0.462234375 0.5977985953125 0.451453125 0.569156909375 0.44803125 0.5566744734375 0.44557812500000005 0.5434660421874999 0.43920312499999997 0.5383138171875 0.43479687499999997 0.5390398125 0.43039062499999997 0.5463934421875 0.42989062499999997 0.5544730671875 0.42989062499999997 0.5662295078125 0.42598437499999997 0.572084309375 0.421078125 0.57871194375 0.416171875 0.58679156875
9 0.16148437499999999 0.5397658078124999 0.159671875 0.5550585484375 0.160875 0.5667681499999999 0.15126562500000001 0.5811709609375 0.1470625 0.6000702578125 0.147671875 0.6108665109375 0.15006250000000002 0.6225761125 0.15126562500000001 0.63517564375 0.15126562500000001 0.6513817328125 0.15126562500000001 0.6621779859375 0.1470625 0.6819672125 0.144671875 0.689180328125 0.13565624999999998 0.7035831375 0.13265625 0.7071896953125 0.13025 0.7152693203125 0.13025 0.7269789234374999 0.142265625 0.7242857140625001 0.144671875 0.7098829046875 0.15546875 0.6882669796875 0.156671875 0.706276346875 0.156671875 0.7242857140625001 0.16507812500000002 0.718875878125 0.167484375 0.7107728343749999 0.17109375 0.6900702578125 0.1716875 0.6684777515625 0.1716875 0.6522716625 0.173484375 0.6432786890625 0.18009375 0.6468618265625 0.184296875 0.6387822015625 0.18009375 0.6171662765625 0.18070312500000002 0.5973770484375 0.1795 0.58836065625 0.178296875 0.5748711937500001 0.17409375 0.564964871875 0.17409375 0.5622716624999999 0.17709375 0.54517564375 0.16989062500000002 0.534355971875 0.16507812500000002 0.5361592500000001 0.16148437499999999 0.5397658078124999
9 0.6009218749999999 0.6786651046875 0.6009218749999999 0.6843091328125 0.598578125 0.6931850109375 0.594640625 0.7039344265625 0.596609375 0.70608899375 0.599125 0.7063700234375 0.59571875 0.7103981265625 0.592125 0.71255269375 0.591046875 0.7138875875 0.588359375 0.716299765625 0.58459375 0.7240983609375 0.5817187500000001 0.731100703125 0.5786718750000001 0.7378220140625 0.57346875 0.7466978921874999 0.57078125 0.748571428125 0.56953125 0.7507259953125 0.568984375 0.7547540984375 0.569890625 0.7571662765625 0.57203125 0.76255269375 0.573109375 0.7628103046875 0.57759375 0.7622716625 0.5811875 0.763091334375 0.5811875 0.7593208437500001 0.5811875 0.7531381734375 0.582078125 0.7496487125 0.5840625 0.745620609375 0.588359375 0.73836065625 0.590875 0.734051521875 0.597515625 0.724379390625 0.6052187499999999 0.7155035125 0.6070156250000001 0.7157611234375 0.60809375 0.7128103046875001 0.6088125 0.7090398125 0.61346875 0.7090398125 0.6152656249999999 0.7085011703124999 0.620109375 0.6964168625 0.6224375 0.6980327875000001 0.6251249999999999 0.7031381734375 0.62871875 0.7071662765625 0.635890625 0.70608899375 0.635890625 0.7111943796875 0.635359375 0.714964871875 0.6344531250000001 0.7203512875 0.6344531250000001 0.729484778125 0.63571875 0.7345901640625 0.635890625 0.7421077281249999 0.6351718749999999 0.7515222484375 0.6351718749999999 0.7547540984375 0.63428125 0.7569086656249999 0.63428125 0.7612177984375 0.635 0.763091334375 0.6446875000000001 0.7636299765625 0.65759375 0.76255269375 0.657421875 0.7596018734375 0.655265625 0.75744730625 0.6515 0.7563700234375 0.64953125 0.7563700234375 0.645765625 0.7547540984375 0.644140625 0.753419203125 0.64396875 0.7499063234375 0.64396875 0.740515221875 0.64396875 0.7345901640625 0.645046875 0.7267915687500001 0.6446875000000001 0.7171194375 0.64521875 0.7144262296874999 0.646296875 0.7101170953125 0.646484375 0.7055503515625 0.6462343749999999 0.7005854796875 0.644546875 0.6945667453125 0.641875 0.683044496875 0.638859375 0.6729976578125 0.639203125 0.669484778125 0.63953125 0.6634660421875 0.6361875 0.657939109375 0.634171875 0.6494145203125 0.632921875 0.6431381734375 0.632921875 0.6349648718750001 0.632921875 0.62615925 0.6343125 0.623067915625 0.6359375 0.622459015625 0.636953125 0.6248946140625 0.63959375 0.6239812640625 0.639796875 0.6194145203125 0.638171875 0.615456675 0.635125 0.61482435625 0.6345156249999999 0.6078220140624999 0.6349218750000001 0.6020374703125 0.634109375 0.596252928125 0.6312656249999999 0.589859484375 0.627609375 0.5877283375 0.62821875 0.584379390625 0.628828125 0.5810304453125 0.630046875 0.5755503515625 0.63065625 0.5703747078125 0.62984375 0.5615456671875 0.6278125 0.5554332546875 0.62578125 0.552084309375 0.6213124999999999 0.5508665109375 0.6166406249999999 0.551475409375 0.61440625 0.55451990625 0.6119687500000001 0.5651990625 0.6135937499999999 0.573723653125 0.616234375 0.5749414515625 0.61765625 0.57615925 0.61765625 0.5807259953125 0.617046875 0.584683840625 0.615828125 0.5855971890625 0.612984375 0.5883372359375 0.6097187500000001 0.5907728343749999 0.60646875 0.595948478125 0.6044375 0.60386416875 0.6028125 0.6139110062500001 0.602609375 0.6312880562500001 0.603015625 0.6437704921875 0.602359375 0.65098360625 0.602359375 0.663348946875 0.6009218749999999 0.6786651046875
9 0.741203125 0.7977283374999999 0.756296875 0.7949180328125001 0.75440625 0.7713348953125 0.755671875 0.7364637 0.76571875 0.7053629984375 0.763203125 0.7364637 0.763203125 0.76002341875 0.771390625 0.7817096015625 0.78584375 0.778875878125 0.782078125 0.7581498828125001 0.7789375 0.7345901640625 0.782078125 0.7062997656250001 0.7889999999999999 0.6733255265625 0.79025 0.642224825 0.7889999999999999 0.5969789234375 0.782703125 0.568688525 0.776421875 0.537587821875 0.768234375 0.527236534375 0.7594375 0.5357142859375 0.7537812500000001 0.5507962531249999 0.749375 0.562107728125 0.74371875 0.5715222484375 0.731765625 0.59320843125 0.731140625 0.6129976578125 0.7323906250000001 0.6271428578125 0.7323906250000001 0.6648477749999999 0.73365625 0.6931147546875 0.74434375 0.71290398125 0.74309375 0.7336533953125 0.7386874999999999 0.7628571421875 0.7380625000000001 0.7873770484375 0.7386874999999999 0.778875878125 0.7380625000000001 0.791147540625 0.741203125 0.7977283374999999
9 0.778859375 0.557915690625 0.7754531250000001 0.56709601875 0.7781875 0.56709601875 0.784984375 0.5762763468750001 0.790421875 0.5874707265625 0.795859375 0.607868853125 0.7972187500000001 0.6048009375000001 0.802671875 0.6160187359375 0.79790625 0.6231615921875 0.801984375 0.633348946875 0.804703125 0.6394613578125 0.8108281249999999 0.62416861875 0.8108281249999999 0.6129742390625 0.804703125 0.582388759375 0.793828125 0.56709601875 0.793828125 0.564028103125 0.793828125 0.56098360625 0.7951875 0.5558782203125 0.7972187500000001 0.5466978921875 0.7951875 0.5365105390625 0.788375 0.532435596875 0.7775000000000001 0.5395784546875 0.781578125 0.537540984375 0.7781875 0.551803278125 0.778859375 0.557915690625
9 0.7914375 0.1470726 0.7905 0.13805620624999998 0.7884375 0.13384075 0.7865624999999999 0.1318735359375 0.7861875 0.1268149890625 0.784484375 0.12285714218749999 0.780171875 0.123700234375 0.7796093749999999 0.128220140625 0.780171875 0.1329976578125 0.778859375 0.134964871875 0.776046875 0.139180328125 0.77471875 0.1425761125 0.7737812500000001 0.1465105390625 0.7735937500000001 0.1498829046875 0.77415625 0.1586182671875 0.77265625 0.16508196718749998 0.77453125 0.168196721875 0.777171875 0.1690398125 0.786 0.168196721875 0.7918125 0.16763466093749999 0.792 0.1662295078125 0.791625 0.154683840625 0.7914375 0.1470726
2 0.683421875 0.62 0.6897656249999999 0.6265339578125 0.69253125 0.6265339578125 0.684609375 0.6378220140625 0.684609375 0.6508899296874999 0.68303125 0.670468384375 0.686984375 0.6823653390625 0.6972968749999999 0.6835363 0.696109375 0.6752224828125 0.702046875 0.678196721875 0.7048125 0.6829508203125 0.70878125 0.6823653390625 0.706 0.647915690625 0.7048125 0.62416861875 0.710765625 0.599812646875 0.699265625 0.611100703125 0.696109375 0.6176346609375 0.68896875 0.614660421875 0.683421875 0.62
13 0.332828125 0.137540984375 0.313046875 0.1419906328125 0.29621875000000003 0.15088992968749998 0.2991875 0.16274004687500002 0.312046875 0.16571428593749998 0.3446875 0.16274004687500002 0.34865625 0.1612646375 0.351125 0.1486651046875 0.360515625 0.16274004687500002 0.36546875 0.1494145203125 0.36843750000000003 0.1568149890625 0.381296875 0.1419906328125 0.384265625 0.16571428593749998 0.390765625 0.1589360984375 0.3946484375 0.16571428593749998 0.59296875 0.16571428593749998 0.620671875 0.1671896953125 0.620671875 0.06637002343750001 0.50196875 0.06786885312499999 0.469328125 0.0812177984375 0.463390625 0.070819671875 0.46042187500000004 0.07824355937500001 0.454984375 0.07008196718750001 0.45363437500000003 0.080821234375 0.446578125 0.0693442625 0.445590625 0.10344730625000001 0.43767187500000004 0.09751756406249999 0.437478125 0.069939109375 0.43009375 0.0802263859375 0.42837812499999994 0.0705339578125 0.422246875 0.080028103125 0.41927812500000006 0.07112880625 0.4144 0.0798298203125 0.410178125 0.071723653125 0.406553125 0.0796315390625 0.401078125 0.0723185015625 0.39870625 0.0794332546875 0.390859375 0.079234971875 0.390203125 0.0723185015625 0.383265625 0.07676815000000001 0.3830125 0.07903669062499999 0.37140625 0.07824355937500001 0.37140625 0.07676815000000001 0.36731875 0.0786401234375 0.35162499999999997 0.07824355937500001 0.350625 0.1049180328125 0.35459375 0.11234192031250001 0.33776562499999996 0.1241920375 0.332828125 0.137540984375
8 0.583453125 0.2902576109375 0.580609375 0.29391100625 0.581015625 0.297587821875 0.58509375 0.3018501171875 0.593640625 0.3048946140625 0.605046875 0.3042857140625 0.6148281250000001 0.30124121718749997 0.6209374999999999 0.2994145203125 0.625 0.29634660468749996 0.6245937500000001 0.2902576109375 0.61971875 0.286580796875 0.6099375 0.2847540984375 0.603015625 0.28414519843749997 0.591203125 0.2847540984375 0.58834375 0.285971896875 0.583453125 0.2902576109375
9 1 0.6971896953125001 0.99784375 0.60323185 0.9987187499999999 0.6025761125 0.9843437500000001 0.6025761125 0.967375 0.618243559375 0.9678125 0.6130210765624999 0.963453125 0.6110772828125 0.964328125 0.601920375 0.9564843749999999 0.6025761125 0.9495156250000001 0.6097658078125 0.9512656249999999 0.6254098359375 0.944734375 0.6312880562500001 0.9412499999999999 0.6476112406250001 0.94778125 0.6717564406250001 0.95996875 0.6808899296875001 0.9664999999999999 0.6958782203125 0.969109375 0.7122014046875 0.97390625 0.7265573765625 0.9699843749999999 0.734379390625 0.9678125 0.74679156875 0.975203125 0.789203746875 0.9795624999999999 0.819859484375 0.97259375 0.831615925 0.9651875000000001 0.845316159375 0.96171875 0.8714051515625 0.95996875 0.8929273999999999 0.9512656249999999 0.9112177984375001 0.9564843749999999 0.9203512875 0.9721562499999999 0.9203512875 0.9699843749999999 0.89229508125 0.977390625 0.873372365625 0.9930625 0.83487119375 0.99784375 0.8544496484374999 1 0.8642388765625 1 0.844660421875 1 0.6971896953125001
2 0.089484375 0.6 0.084765625 0.5694145203125001 0.029828125 0.5788290390624999 0.02040625 0.611756440625 0.023546875000000002 0.6470491796875 0.025124999999999998 0.675292740625 0.025124999999999998 0.6729508203125001 0.0518125 0.6635363 0.081625 0.6494145203125 0.091046875 0.644707259375 0.089484375 0.6
2 0.967171875 0.172131146875 0.938578125 0.154988290625 0.9048281250000001 0.1489695546875 0.8916718749999999 0.1601170953125 0.8905312500000001 0.16098360625000002 0.8916718749999999 0.168688525 0.967171875 0.172131146875
2 0.72221875 0.6816861828125 0.7229062500000001 0.6755503515625 0.7351875 0.677587821875 0.7338281249999999 0.641803278125 0.729046875 0.6264637 0.737921875 0.5917096015625 0.744234375 0.5822248250000001 0.807984375 0.6377985953125 0.8102031249999999 0.632224825 0.8176249999999999 0.6405737703125001 0.8272656250000001 0.643348946875 0.831703125 0.6877985953125 0.831703125 0.6766744734375 0.840609375 0.6855737703125 0.8391249999999999 0.6744496484375 0.843578125 0.6711241218749999 0.8443125 0.6344496484375 0.83690625 0.6011241218750001 0.82503125 0.591124121875 0.8205937499999999 0.5822248250000001 0.8098359374999999 0.5977985953125 0.807984375 0.5822248250000001 0.8116875 0.571124121875 0.807984375 0.5700000000000001 0.8013125000000001 0.575011709375 0.794640625 0.5677985953125 0.762444196875 0.5684275671875 0.753125 0.5644496484375 0.7543950890625 0.5685848109375 0.7520156250000001 0.5744496484375 0.7463459828125 0.568742053125 0.738296875 0.568899296875 0.7375625 0.5766744734375 0.730140625 0.5755737703125 0.7317812499999999 0.5845433250000001 0.72421875 0.5855737703125 0.70790625 0.611124121875 0.704484375 0.6438407500000001 0.7085781250000001 0.6796252921875 0.713359375 0.683723653125 0.72221875 0.6816861828125
2 0.994265625 0.5797189703125001 0.98971875 0.5782435593749999 0.987765625 0.5733723656249999 0.9809531249999999 0.5577985953125 0.9731562500000001 0.5485480093749999 0.96990625 0.5485480093749999 0.9643750000000001 0.5431850109374999 0.96015625 0.5407494140625 0.9526718750000001 0.5402576109375 0.9458593750000001 0.5422014046875 0.93675 0.5431850109374999 0.9192031249999999 0.5402576109375 0.907828125 0.5417330203125 0.9023125000000001 0.5402576109375 0.89353125 0.5417330203125 0.8902812499999999 0.545620609375 0.8834687499999999 0.5470726 0.8828125 0.5855503515625 0.992328125 0.5840983609375 0.994265625 0.5797189703125001
2 0.6349218750000001 0.6321545671875 0.6349218750000001 0.6374707265625 0.66084375 0.638548009375 0.657640625 0.6156674468750001 0.64734375 0.5879859484375001 0.644859375 0.58320843125 0.64025 0.5810772828124999 0.641671875 0.5757611234375 0.630671875 0.5789461359375 0.6303124999999999 0.5773536296875 0.61646875 0.576299765625 0.615046875 0.5842622953125 0.6077734375 0.5760304453125 0.6063515625 0.584004684375 0.599078125 0.5757611234375 0.59978125 0.5789461359375 0.59765625 0.583747071875 0.6009635421875 0.590827478125 0.5972109375 0.5962470718749999 0.6021458328125 0.6027088218750001 0.596765625 0.608747071875 0.603328125 0.6145901640625 0.5963203125 0.621247071875 0.595875 0.633747071875 0.602625 0.6364168625 0.62684765625 0.637207259375 0.6349218750000001 0.6321545671875