8 0.867046875 0.9192740046875001 0.886140625 0.8906557375 0.917984375 0.7835363 0.9293125 0.6997423890625 0.8981718750000001 0.598992975 0.886859375 0.5968618265625001 0.8698750000000001 0.6541217796875001 0.8493437500000001 0.7442857140625 0.812546875 0.741100703125 0.74815625 0.7379156906250001 0.7347187500000001 0.8821545671875001 0.793453125 0.8991334890625 0.867046875 0.9192740046875001
9 0.188015625 0.4082669796875 0.188015625 0.3912646375 0.19368749999999998 0.3817096015625 0.19440625 0.3955269328125 0.20078125 0.400843090625 0.218515625 0.418899296875 0.22915625 0.4369789234375 0.2284375 0.4529274 0.238375 0.4369789234375 0.234125 0.4263466046875 0.21459375 0.4022716625 0.205234375 0.391756440625 0.20242187500000003 0.37 0.21084375 0.36159250625 0.20617187499999998 0.3188056203125 0.20617187499999998 0.291451990625 0.202890625 0.2577985953125 0.189328125 0.24939110000000003 0.186359375 0.26786885312500003 0.18378125 0.282060890625 0.190671875 0.288524590625 0.185078125 0.294964871875 0.183875 0.3116861828125 0.1769375 0.300140515625 0.17615625 0.300140515625 0.166140625 0.300140515625 0.170765625 0.3047540984375 0.18540625 0.33016393437499997 0.18540625 0.349812646875 0.175390625 0.3763700234375 0.17925 0.437611240625 0.17385937499999998 0.44915690937499997 0.173828125 0.4518501171875 0.188015625 0.447611240625 0.188015625 0.4082669796875
2 0.609828125 0.30922716562499997 0.621578125 0.306299765625 0.6248437499999999 0.2994613578125 0.6300625 0.302388759375 0.6300625 0.2994613578125 0.6300625 0.2906557375 0.6300625 0.2847775171875 0.631359375 0.272060890625 0.637234375 0.2564168625 0.6391875 0.25152224843750004 0.637890625 0.25152224843750004 0.634625 0.25152224843750004 0.62353125 0.2505386421875 0.6013437500000001 0.2534894609375 0.603953125 0.25740046875 0.603953125 0.2593442625 0.605265625 0.2710772828125 0.602 0.2984777515625 0.605265625 0.2984777515625 0.605265625 0.3004215453125 0.609828125 0.30922716562499997
13 0.461703125 0.28831381718750004 0.499703125 0.286604215625 0.5046406250000001 0.2484309140625 0.5080625000000001 0.24615925 0.5168125 0.267236534375 0.51034375 0.2763466046875 0.52403125 0.2763466046875 0.542265625 0.28772833750000004 0.541515625 0.23932084374999998 0.5373281249999999 0.23932084374999998 0.47462499999999996 0.24615925 0.46853125 0.2529976578125 0.462078125 0.2615222484375 0.462078125 0.2581264640625 0.45675 0.2677985953125 0.461703125 0.28831381718750004
8 0.213484375 0.3631147546875 0.207359375 0.3460421546875 0.20651562499999998 0.31946135781249996 0.20420312499999999 0.30173302031250004 0.205046875 0.2941451984375 0.20271875 0.2941451984375 0.203359375 0.3055269328125 0.20420312499999999 0.3121779859375 0.20609375000000002 0.3438173296875 0.191109375 0.3362295078125 0.186890625 0.3548946140625 0.190046875 0.3640749421875 0.202296875 0.37355971875 0.213484375 0.3631147546875
9 0.33185937499999996 0.3671896953125 0.33540625 0.3671896953125 0.33634375 0.375011709375 0.33578125000000003 0.37920374687499997 0.33484375 0.38451990625 0.33503125 0.3901170953125 0.33521875 0.3957142859375 0.338765625 0.39709601875 0.34603125 0.3985011703125 0.35145312500000003 0.398220140625 0.352015625 0.3957142859375 0.350140625 0.3909601875 0.35275 0.3912412171875 0.36003124999999997 0.39177985937500004 0.362453125 0.3901170953125 0.368046875 0.3859250578125 0.36134374999999996 0.38229508125 0.357796875 0.3797658078125 0.350515625 0.3766978921875 0.35275 0.373044496875 0.352375 0.3694145203125 0.351078125 0.3635363 0.34903125 0.35740046875 0.34753124999999996 0.35039812656249997 0.343609375 0.3417330203125 0.3415625 0.3389461359375 0.34118750000000003 0.335035128125 0.34435937499999997 0.32971897031249997 0.343796875 0.326627634375 0.34249999999999997 0.3210304453125 0.336890625 0.3221545671875 0.33465625 0.322716628125 0.33371875 0.3190866515625 0.329625 0.31461358281249996 0.32925 0.3070491796875 0.33018749999999997 0.297540984375 0.33018749999999997 0.287775175 0.32346875 0.28552693281249997 0.32048437500000004 0.287775175 0.319171875 0.29056206093750003 0.319546875 0.2967213109375 0.319921875 0.3031381734375 0.318609375 0.3053864171875 0.3145 0.3129274 0.31189062500000003 0.3232786890625 0.3145 0.3252459015625 0.31656249999999997 0.3316627640625 0.32048437500000004 0.3355737703125 0.325140625 0.34313817343749997 0.326453125 0.356276346875 0.325140625 0.364379390625 0.32682812499999997 0.3663466046875 0.33185937499999996 0.3671896953125
9 0.36265625 0.3030210765625 0.359640625 0.307540984375 0.357421875 0.321100703125 0.3586875 0.32323185 0.36139062499999997 0.3203747078125 0.36075 0.330140515625 0.36075 0.330843090625 0.3586875 0.33798594843749996 0.35567187499999997 0.346299765625 0.35567187499999997 0.3465339578125 0.35535937500000003 0.36936768125 0.355515625 0.3729508203125 0.35425 0.3841217796875 0.3545625 0.38864168593750004 0.359640625 0.3836533953125 0.359796875 0.3831850109375 0.3625 0.35676815 0.366625 0.3551053859375 0.3721875 0.358196721875 0.373609375 0.31824355937500004 0.373140625 0.28613583125000003 0.37296874999999996 0.2832786890625 0.367734375 0.2870726 0.367578125 0.2870726 0.36710937499999996 0.2870726 0.36329687499999996 0.2973067921875 0.36265625 0.3030210765625
9 0.349421875 0.29451990625 0.34890625000000003 0.298384075 0.348140625 0.3036065578125 0.347890625 0.3080327875 0.35354687500000004 0.3115222484375 0.358328125 0.3086182671875 0.35896875 0.30648711875 0.360765625 0.30224824375 0.360375 0.292388759375 0.359734375 0.2873770484375 0.358328125 0.2819672125 0.357421875 0.2794613578125 0.35226562499999997 0.2811943796875 0.35096875 0.2850585484375 0.34968750000000004 0.2900702578125 0.349421875 0.29451990625
9 0.813015625 0.6122716625 0.79103125 0.6302341921875 0.74509375 0.6152693203124999 0.73909375 0.648196721875 0.715125 0.648196721875 0.6611875 0.764964871875 0.6671875 0.8008899296875001 0.64121875 0.8098829046875 0.6432187500000001 0.8218501171874999 0.6911562499999999 0.8098829046875 0.69315625 0.83384075 0.657203125 0.8637704921875 0.6731874999999999 0.8847306796875 0.717125 0.851803278125 0.729109375 0.708079625 0.759078125 0.6571896953125 0.8150000000000001 0.6721545671875 0.8569531250000001 0.6122716625 0.8729374999999999 0.558384075 0.8769375 0.5014988296875 0.858953125 0.4625761125 0.825 0.48953161562499997 0.8309843750000001 0.5464168625 0.84096875 0.558384075 0.813015625 0.6122716625
9 0.7812187500000001 0.3700702578125 0.7970625 0.35822014062499996 0.800359375 0.328548009375 0.7970625 0.2929274 0.788484375 0.28997658125000003 0.783859375 0.297892271875 0.783203125 0.3087587828125 0.77925 0.31765807968750004 0.778578125 0.3344730671875 0.7812187500000001 0.33843091406250003 0.765390625 0.34929742343750003 0.76209375 0.3770023421875 0.7568125 0.3987587828125 0.765390625 0.40173302031249997 0.766703125 0.389859484375 0.770671875 0.38194379375 0.7812187500000001 0.3700702578125
9 0.425125 0.3054332546875 0.42848437500000003 0.30578454375 0.432296875 0.3007494140625 0.43587499999999996 0.30679156875 0.4385625 0.309812646875 0.43990625000000005 0.3084543328125 0.439671875 0.30208430937499997 0.439234375 0.30007025781249996 0.43990625000000005 0.29470725937500003 0.440125 0.2903512875 0.44034375 0.28096018749999996 0.44034375 0.2712412171875 0.44034375 0.26786885312500003 0.43878125 0.2662060890625 0.43721875 0.2665339578125 0.43565624999999997 0.2658548015625 0.43364062499999995 0.26519906249999997 0.432296875 0.264847775 0.4300625 0.2698829046875 0.430734375 0.2749180328125 0.42982812499999995 0.28128805625000003 0.42893749999999997 0.29002341875000004 0.42871875 0.29437939062499996 0.430953125 0.29470725937500003 0.425125 0.3054332546875
9 0.741515625 0.38751756406250004 0.7421562500000001 0.38362997656250003 0.7402031250000001 0.3597189703125 0.7558281250000001 0.3582669796875 0.7636406250000001 0.35728337187500003 0.7665625 0.351428571875 0.780234375 0.3402107734375 0.774703125 0.334355971875 0.773078125 0.328992975 0.77990625 0.3285011703125 0.77990625 0.3221779859375 0.782515625 0.30948477812499997 0.77534375 0.3065573765625 0.77534375 0.3021779859375 0.77503125 0.2841217796875 0.76884375 0.2773067921875 0.7600625 0.2836533953125 0.761359375 0.3021779859375 0.766890625 0.3080327875 0.7636406250000001 0.3109601875 0.75615625 0.31583138125 0.74509375 0.333395784375 0.729140625 0.334355971875 0.7249218749999999 0.3397189703125 0.725890625 0.374847775 0.71678125 0.3826463703125 0.721984375 0.3845901640625 0.7252500000000001 0.38751756406250004 0.741515625 0.38751756406250004
9 0.6755312499999999 0.3008899296875 0.677359375 0.30615925 0.683125 0.31248243593749997 0.680453125 0.31901639375 0.677640625 0.3262060890625 0.6794687500000001 0.3329508203125 0.6800312500000001 0.338220140625 0.6825625 0.3447306796875 0.679609375 0.347892271875 0.67778125 0.35189695625 0.678625 0.35421545625 0.679609375 0.35548009375 0.685375 0.3556908671875 0.6870625 0.3556908671875 0.687921875 0.3552693203125 0.6903125 0.350843090625 0.6896093750000001 0.3385948484375 0.69059375 0.32658079687499997 0.6948125 0.32046838437499997 0.69846875 0.316252928125 0.7004374999999999 0.31224824375 0.7011406250000001 0.310140515625 0.69903125 0.3044496484375 0.69453125 0.299180328125 0.691296875 0.2960187359375 0.67721875 0.280444965625 0.67496875 0.28571428593750003 0.674828125 0.292459015625 0.675109375 0.2973067921875 0.6755312499999999 0.3008899296875
9 0.5060625 0.330187353125 0.511625 0.328992975 0.518 0.330772834375 0.524359375 0.330772834375 0.5255625 0.3331615921875 0.530328125 0.34391100625000004 0.53471875 0.3456908671875 0.533921875 0.3433021078125 0.531921875 0.33674473125 0.52834375 0.3218266984375 0.527546875 0.314683840625 0.52078125 0.3116861828125 0.51640625 0.3081264640625 0.51640625 0.3039344265625 0.522375 0.298571428125 0.521984375 0.2920140515625 0.5187968749999999 0.290819671875 0.5140156250000001 0.2920140515625 0.512421875 0.294988290625 0.510828125 0.2997658078125 0.5060625 0.30751756406249997 0.50446875 0.32482435625 0.5040625000000001 0.31765807968750004 0.502484375 0.328384075 0.5060625 0.330187353125
9 0.64978125 0.285948478125 0.651328125 0.2757377046875 0.651328125 0.269227165625 0.646984375 0.2636533953125 0.64915625 0.258548009375 0.6454375 0.250163934375 0.642953125 0.2464637 0.6376875 0.2594613578125 0.63396875 0.2641217796875 0.6324062500000001 0.2748009375 0.6330312499999999 0.28037470781249996 0.6364375 0.27899297500000003 0.6370625000000001 0.285948478125 0.6370625000000001 0.290140515625 0.6370625000000001 0.3031615921875 0.635828125 0.3096487125 0.630859375 0.33103044531250003 0.638296875 0.33615925 0.6420312499999999 0.3305620609375 0.6386093749999999 0.3263934421875 0.64171875 0.3222014046875 0.642953125 0.32592505781250003 0.646046875 0.3217330203125 0.645125 0.3101170953125 0.646046875 0.2985011703125 0.646671875 0.2864168625 0.64978125 0.285948478125
9 0.721421875 0.3064168625 0.723578125 0.30416861875 0.73121875 0.301920375 0.7310625 0.29894613593749997 0.7264062499999999 0.2842388765625 0.7222500000000001 0.2792740046875 0.7184375000000001 0.2802576109375 0.71759375 0.2814988296875 0.7167656250000001 0.28697892343750003 0.717265625 0.28997658125000003 0.7185937499999999 0.29470725937500003 0.719921875 0.300444965625 0.719921875 0.301920375 0.72059375 0.3081498828125 0.721421875 0.3064168625
9 0.714 0.3015456671875 0.715453125 0.30407494218750003 0.7171406250000001 0.3120374703125 0.7193125 0.3118735359375 0.72040625 0.30662763437499996 0.718828125 0.2923185015625 0.71690625 0.2836533953125 0.7149687499999999 0.281100703125 0.7124375 0.27967213125 0.710015625 0.27983606562499996 0.707734375 0.2861826703125 0.708328125 0.290515221875 0.7085781250000001 0.293044496875 0.711234375 0.29740046875 0.711234375 0.297564403125 0.7125625 0.2993911 0.714 0.3015456671875
9 0.2609375 0.3840749421875 0.2671875 0.3840749421875 0.2703125 0.3887587828125 0.2828125 0.3887587828125 0.2875 0.39578454375 0.2890625 0.40983606562499997 0.2953125 0.4168618265625 0.296875 0.42622950781249996 0.3015625 0.43325526875 0.3109375 0.43325526875 0.31875 0.4121779859375 0.328125 0.4121779859375 0.3328125 0.40281030468749995 0.3328125 0.3817330203125 0.3296875 0.3676814984375 0.3265625 0.3676814984375 0.3234375 0.34426229531249997 0.3125 0.32318501093749996 0.3125 0.31850117031249997 0.3166015625 0.30766978906250003 0.3326171875 0.30708430937500003 0.3359375 0.3138173296875 0.3359375 0.32318501093749996 0.3421875 0.32318501093749996 0.34375 0.3348946140625 0.35 0.3348946140625 0.353125 0.3302107734375 0.356875 0.30679156875 0.37312500000000004 0.30679156875 0.417578125 0.3261124125 0.41875 0.3629976578125 0.4234375 0.37002341875 0.4328125 0.37002341875 0.4421875 0.3395784546875 0.44375 0.320843090625 0.4828125 0.28571428593750003 0.49375 0.30679156875 0.503125 0.30679156875 0.5203125 0.283372365625 0.5265625 0.2599531609375 0.530915178125 0.25811308125 0.5619419640625 0.2678153234375 0.701171875 0.3255269328125 0.7 0.3676814984375 0.7109375 0.3840749421875 0.7171875 0.3840749421875 0.7234375 0.3770491796875 0.725 0.341920375 0.7296875 0.3348946140625 0.7453125 0.3348946140625 0.7578125 0.31615925 0.7546875 0.30913348906250004 0.75 0.30679156875 0.75 0.2950819671875 0.7453125 0.28571428593750003 0.7359375 0.28571428593750003 0.73125 0.292740046875 0.7296875 0.3044496484375 0.7234375 0.3044496484375 0.7203125 0.30913348906250004 0.715625 0.30679156875 0.7109375 0.29742388750000004 0.7015625 0.31147540937499996 0.5696986609375 0.27024088281249997 0.525 0.238875878125 0.51875 0.2271662765625 0.5125 0.2224824359375 0.496875 0.2224824359375 0.4998883921875 0.248410840625 0.492131696875 0.24598527812499998 0.4859375 0.2365339578125 0.484375 0.24355971875 0.47743055625 0.2505854796875 0.48125 0.2599531609375 0.4704861109375 0.257611240625 0.42881944375 0.2997658078125 0.43125 0.30679156875 0.421875 0.30679156875 0.4171875 0.3138173296875 0.41375 0.30679156875 0.38125 0.30679156875 0.303125 0.292740046875 0.3078125 0.30210772812500003 0.30859375 0.30796252968750004 0.292578125 0.30854800937500004 0.290625 0.292740046875 0.28359375 0.30093676875 0.2845703125 0.30884075 0.2765625 0.30913348906250004 0.2640625 0.3536299765625 0.25625 0.3629976578125 0.25625 0.3770491796875 0.2609375 0.3840749421875