8 0.36265625 0.517042253125 0.377578125 0.561877934375 0.370125 0.6246713609375 0.37310937499999997 0.6560563375 0.3820625 0.6493192484375 0.426828125 0.6560563375 0.44475 0.67624413125 0.458171875 0.6717605640625 0.5327968750000001 0.6919248828125 0.56115625 0.71659624375 0.59696875 0.75694835625 0.63578125 0.7659154921875 0.6521874999999999 0.26816901406250004 0.355203125 0.2861032859375 0.35071875 0.36232394375 0.385046875 0.41389671406249995 0.36265625 0.517042253125
8 0.24893749999999998 0.5926291078125 0.23776562499999998 0.5964788734375001 0.2321875 0.60551643125 0.23390624999999998 0.6242488265625 0.234328125 0.6494131453125 0.23734375000000002 0.6545774640625 0.24506250000000002 0.656502346875 0.264390625 0.656502346875 0.268265625 0.6532863843750001 0.26696875000000003 0.6468309859375 0.26396875 0.6132629109375001 0.26353125 0.6003521125 0.263109375 0.5958450703125 0.257953125 0.5939201875 0.24893749999999998 0.5926291078125
8 0.21437499999999998 0.6317605640624999 0.199390625 0.6317605640624999 0.185890625 0.645281690625 0.184390625 0.66553990625 0.199390625 0.6903051640625 0.236859375 0.6723004687499999 0.22937500000000002 0.6497652578124999 0.21437499999999998 0.6317605640624999
8 0.2514375 0.8146948359374999 0.271484375 0.785798121875 0.281109375 0.761713615625 0.2843125 0.7448591546875 0.280296875 0.7267840375 0.26106250000000003 0.7255868546875 0.23781249999999998 0.7207746484374999 0.207359375 0.734014084375 0.18651562500000002 0.7436384968749999 0.1696875 0.7653286390625 0.176890625 0.78338028125 0.1873125 0.790610328125 0.18490625 0.790610328125 0.19934375 0.8110798125 0.21217187499999998 0.8219248828125 0.22659375 0.8219248828125 0.2514375 0.8146948359374999
8 0.411515625 0.692230046875 0.42926562500000004 0.6863145546875 0.441890625 0.682746478125 0.44582812499999996 0.6797887328125001 0.44109375 0.67089201875 0.41467187499999997 0.6554929578124999 0.385890625 0.6554929578124999 0.35867187500000003 0.6602347421875 0.33540625 0.6744600937499999 0.3259375 0.6957746484375 0.330671875 0.7159389671875 0.3385625 0.7230516437500001 0.340140625 0.7325117375 0.356703125 0.7111971828125 0.372078125 0.7011267609375 0.3921875 0.6963849765625 0.411515625 0.692230046875
8 0.691546875 0.7495774640625 0.7046875 0.7377230046875 0.7073125 0.640985915625 0.7073125 0.5896713609375 0.7023906249999999 0.5788145546875 0.707965625 0.575713615625 0.709271875 0.547798121875 0.7251375 0.4801924875 0.74484375 0.40938967187499997 0.729140625 0.4115492953125 0.7167656250000001 0.48377151874999996 0.721853125 0.4919929578125 0.714703125 0.4958085546875 0.71856875 0.5037934265625 0.7126406249999999 0.5078455921875 0.715284375 0.515593896875 0.710578125 0.5198826296875 0.712 0.527394365625 0.67053125 0.6449530515624999 0.6652734375 0.6730751171875 0.660015625 0.7011971828125 0.660015625 0.7327934265625 0.6711875 0.7554929578125 0.691546875 0.7495774640625
9 0.1901875 0.6317840375 0.20925 0.6290610328125 0.216515625 0.6399530515625 0.2246875 0.637230046875 0.23195312499999998 0.633145540625 0.23559375 0.6195070421875 0.222875 0.5717605640625 0.23376562500000003 0.5553755875 0.248296875 0.5430985921875 0.246484375 0.5199061031250001 0.231046875 0.511713615625 0.22378125 0.530821596875 0.20653125 0.43532863906249997 0.185640625 0.4244131453125 0.17565625 0.4066666671875 0.1901875 0.3998591546875 0.198359375 0.387582159375 0.1901875 0.319366196875 0.17746875 0.3084507046875 0.139328125 0.3029812203125 0.122078125 0.3521126765625 0.108453125 0.379389671875 0.11299999999999999 0.44213614999999995 0.11753125 0.455798121875 0.109359375 0.4844366203125 0.11571875000000001 0.5526525828125 0.1284375 0.5703755875 0.137515625 0.656338028125 0.185640625 0.675446009375 0.182015625 0.6617840375 0.181109375 0.6481455406250001 0.1901875 0.6317840375
9 0.308125 0.635962440625 0.32309375 0.66516431875 0.327578125 0.683145540625 0.353 0.683145540625 0.36796875 0.6314553984375 0.3754375 0.5685446015625 0.372453125 0.5101173703125 0.38890625 0.4449530515625 0.38890625 0.3842723 0.341046875 0.343826290625 0.33654687499999997 0.2471830984375 0.31710937499999997 0.2314553984375 0.29617187500000003 0.2337089203125 0.27671875 0.2629107984375 0.272234375 0.31910798125 0.27971875 0.3528169015625 0.27971875 0.375281690625 0.263265625 0.440446009375 0.25278125 0.45394366249999996 0.25428125 0.50786385 0.270734375 0.586525821875 0.284203125 0.6224647890624999 0.308125 0.635962440625
9 0.978953125 0.7601408453125 0.965453125 0.7105868546874999 0.9894375 0.5934741781249999 0.9819531250000001 0.528145540625 0.977453125 0.494366196875 0.9354687500000001 0.4425586859375 0.9234843749999999 0.42680751250000004 0.918984375 0.4020187796875 0.918984375 0.39302816875 0.93996875 0.3975117375 0.95196875 0.3975117375 0.9534687500000001 0.36823943593749997 0.94746875 0.3502347421875 0.9369687499999999 0.34572769999999997 0.918984375 0.3299530515625 0.903984375 0.2984272296875 0.8905 0.28715962500000003 0.874 0.2826525828125 0.84553125 0.296173709375 0.82753125 0.314178403125 0.82603125 0.34572769999999997 0.8215312499999999 0.3997652578125 0.82603125 0.42680751250000004 0.83203125 0.433568075 0.83803125 0.4425586859375 0.860515625 0.45607981249999996 0.868015625 0.48084507031249996 0.8665156250000001 0.5078873234375 0.8500156249999999 0.546173709375 0.83803125 0.5822065734375 0.83203125 0.6204929578125 0.82753125 0.6565258218750001 0.82753125 0.6948122062500001 0.82303125 0.737605634375 0.8200312500000001 0.7601408453125 0.8140468750000001 0.7803990609375 0.8155468750000001 0.80518779375 0.8215312499999999 0.8299530515625 0.83203125 0.83446009375 0.8215312499999999 0.8795070421875 0.82453125 0.906525821875 0.8290312500000001 0.9200469484375 0.8200312500000001 0.9493192484374999 0.8200312500000001 0.9628403750000001 0.81853125 0.9876056343749999 0.918984375 0.9830985921875 0.9309687500000001 0.924553990625 0.9579531250000001 0.8795070421875 0.977453125 0.8412206578125 0.978953125 0.7601408453125
8 1 0.4723474171875 0.985375 0.47133802812500003 0.971875 0.4540845078125 0.95703125 0.483497653125 0.9313750000000001 0.477417840625 0.88615625 0.4905868546875 0.878734375 0.52305164375 0.886515625 0.5291549296875 0.917578125 0.5107511734375 0.96559375 0.5220657281250001 0.975 0.5503521124999999 0.9599375 0.6776525828125 0.985359375 0.6790610328125 0.9914531249999999 0.6690610328125 1 0.6690610328125 1 0.4723474171875
8 0.21334375 0.697394365625 0.21217187499999998 0.730704225 0.236390625 0.7240375593749999 0.23403125 0.695633803125 0.234625 0.694295775 0.224875 0.6903051640625 0.21334375 0.697394365625
8 0.27749999999999997 0.6825117374999999 0.28146875 0.6927934265625 0.2808125 0.73159624375 0.282578125 0.7342723 0.289421875 0.72697183125 0.28765625 0.7103755875 0.285671875 0.6778638499999999 0.28500000000000003 0.6725586859375 0.282796875 0.6695774640625001 0.276171875 0.665258215625 0.269984375 0.6659154921875 0.265359375 0.6705633796875 0.263140625 0.6805164312499999 0.27153125 0.681525821875 0.27749999999999997 0.6825117374999999
8 0.10659375 0.6934507046875 0.10334375 0.6905164312500001 0.02065625 0.6914788734374999 0 0.6885446015625 0.0037343750000000003 0.70518779375 0.01740625 0.70518779375 0.01740625 0.7159389671875 0.0994375 0.70518779375 0.10659375 0.6934507046875
8 0.700484375 0.54194835625 0.7063906249999999 0.6342488265624999 0.78671875 0.6395774640624999 0.78671875 0.6338028171875 0.7678125 0.6249295781249999 0.748625 0.610281690625 0.7477343750000001 0.5947652578125 0.75009375 0.585 0.75925 0.5805633796875 0.764859375 0.5738967140625 0.7701718750000001 0.571690140625 0.7790468749999999 0.5814553984375 0.783765625 0.5907746484375 0.790265625 0.6018544593749999 0.7932187500000001 0.557934271875 0.794390625 0.5477230046875 0.78996875 0.54018779375 0.747140625 0.5348591546875 0.7173125 0.5304225359375 0.702546875 0.5299765265625 0.70225 0.5326291078125001 0.700484375 0.54194835625
9 1 0.33605633749999997 0.968 0.3534507046875 0.9542187500000001 0.3791314546875 0.953765625 0.38232394375 0.97284375 0.40884976562500003 0.9799374999999999 0.415704225 0.9809531249999999 0.47136150312499997 0.982984375 0.5048826296875 1 0.5254694828125 1 0.33605633749999997
9 0.7344375000000001 0.9550469484375 0.7359218750000001 0.9146009390625001 0.746390625 0.8359624406249999 0.752375 0.8157277000000001 0.76434375 0.856173709375 0.7538750000000001 0.9842723 0.7852812499999999 1 0.782296875 0.9842723 0.792765625 0.9123708921875 0.8167031250000001 0.78875586875 0.8167031250000001 0.651690140625 0.840625 0.6067370890625 0.8466093750000001 0.5393192484375 0.8675625 0.5056103281250001 0.85559375 0.45842722968749994 0.8032343750000001 0.4 0.81071875 0.3820187796875 0.8286718750000001 0.37302816875 0.836140625 0.35730046875 0.8256718749999999 0.321338028125 0.7912656250000001 0.2898826296875 0.750890625 0.2898826296875 0.74190625 0.3460563375 0.7329375 0.40225352187499996 0.714984375 0.42471830937500005 0.67909375 0.5370892015625001 0.706015625 0.6 0.69853125 0.7685446015624999 0.70003125 0.92359155 0.704515625 0.89213615 0.7105 0.9820187796875001 0.7344375000000001 0.9550469484375
9 0.903859375 0.2971126765625 0.914671875 0.31701877968750003 0.9140625 0.31948356875 0.9200781250000001 0.32697183124999996 0.91875 0.330258215625 0.930875 0.34185445937500003 0.9193749999999999 0.394389671875 0.926375 0.43157277031249996 0.9665156250000001 0.483474178125 0.9721249999999999 0.4568075125 0.9735156249999999 0.42455399062500004 0.9688437499999999 0.40352112656249994 0.9585781250000001 0.38948356875 0.952515625 0.38669014062499996 0.930890625 0.34687793437500003 0.934171875 0.334389671875 0.939140625 0.327769953125 0.9446562500000001 0.27640845 0.940796875 0.2598591546875 0.9198437500000001 0.23830985937500002 0.9044062500000001 0.243286384375 0.8911718750000001 0.24161971875 0.8757343750000001 0.2581924875 0.8768437499999999 0.2747652578125 0.8751875 0.28302816875 0.8845625 0.28551643125 0.903859375 0.2971126765625
8 0.311125 0.6406572765625 0.305328125 0.63194835625 0.29884374999999996 0.6324413140625 0.29234375 0.6365492953125 0.2875625 0.6427230046875 0.289625 0.645281690625 0.29098437499999996 0.6965727703125 0.299859375 0.6970892015625 0.3125 0.6904225359375 0.311125 0.6406572765625
8 0.2885625 0.666502346875 0.28584375 0.6409389671875 0.283109375 0.6347887328125 0.269828125 0.6373474171875 0.269828125 0.6619014078125 0.274265625 0.6649765265625 0.28584375 0.6711267609375 0.2885625 0.666502346875
8 0 0.6659154921875 0.0566875 0.6710798125 0.04534375 0.6225586859375001 0.04259375 0.587957746875 0.053593749999999996 0.5585446015625 0.0415625 0.5363380281250001 0.014421875 0.5136150234375 0.001015625 0.5043192484375 0 0.5115492953125 0 0.5337558687499999 0 0.5389201875 0 0.6659154921875
9 0.129671875 0.5844131453125 0.121015625 0.5610328640625 0.114109375 0.5376525828125 0.112375 0.516877934375 0.10892187499999999 0.48312206562500004 0.11584375 0.464929578125 0.11756249999999999 0.45194835624999996 0.10200000000000001 0.436361503125 0.10200000000000001 0.43375586874999994 0.098546875 0.42338028124999993 0.0864375 0.3870187796875 0.08471875 0.38441314531250004 0.091625 0.37922535156250003 0.11065624999999998 0.37661971875 0.114109375 0.3532394359375 0.114109375 0.33507042187499997 0.112375 0.3246713609375 0.112375 0.316877934375 0.10892187499999999 0.2909154921875 0.103734375 0.28051643125000003 0.091625 0.2727230046875 0.07953125 0.2701408453125 0.06742187499999999 0.2753286390625 0.062234374999999995 0.28312206562500003 0.057046875 0.2675352109375 0.04840625 0.264929578125 0.04321875 0.2727230046875 0.03803125 0.2909154921875 0.0363125 0.2961032859375 0.04321875 0.3220892015625 0.04840625 0.3376525828125 0.05014062500000001 0.34286384999999997 0.05014062500000001 0.3558450703125 0.04321875 0.37661971875 0.029390624999999997 0.4 0.024203125 0.4103990609375 0 0.47014084531250006 0.008640625 0.49349765312500005 0.022468750000000003 0.516877934375 0.05014062500000001 0.535070421875 0.057046875 0.54286385 0.05532812499999999 0.5584507046875 0.044953125 0.5792253515625 0.04321875 0.6077934265625 0.04840625 0.6389671359375 0.05532812499999999 0.6623474171875 0.057046875 0.6701408453125001 0.14350000000000002 0.6753286390625 0.140046875 0.6467605640625 0.133125 0.5896009390625 0.129671875 0.5844131453125
8 0.21731250000000002 1 0.265234375 0.90516431875 0.296484375 0.8621126765625 0.304296875 0.844906103125 0.320953125 0.7869953046875 0.33918750000000003 0.7236150234375 0.33137500000000003 0.6907511734375 0.318359375 0.6743192484375 0.315234375 0.6461502343750001 0.308984375 0.635985915625 0.287625 0.633638496875 0.274078125 0.63910798125 0.2673125 0.62659624375 0.2595 0.5874647890625 0.249609375 0.586690140625 0.24075000000000002 0.589037559375 0.228765625 0.596854459375 0.230859375 0.632840375 0.21521875000000001 0.6414553984375 0.20428125000000003 0.628145540625 0.192828125 0.62659624375 0.183453125 0.63518779375 0.1798125 0.666502346875 0.1891875 0.6703990609375 0.156375 0.666502346875 0.00584375 0.662582159375 0 0.6672769953125 0 0.675093896875 0 0.707957746875 0 0.7330046953125 0 0.815962440625 0 0.9834037562500001 0 1 0.20325000000000001 1 0.21731250000000002 1
8 0.280375 0.691877934375 0.2789375 0.682417840625 0.261453125 0.6837089203125 0.26003125 0.6854225359375 0.25859375 0.6901643187500001 0.26059375 0.694906103125 0.26432812499999997 0.72373239375 0.280375 0.7314788734375 0.281515625 0.6961971828125 0.280375 0.691877934375