8 0.65953125 0.685840909375 0.641859375 0.7329545453125 0.624203125 0.76293181875 0.6389218750000001 0.7800454546875 0.643328125 0.777909090625 0.655109375 0.7543636359375 0.6757187499999999 0.6965454546875 0.683078125 0.6387272734375 0.6992812500000001 0.621590909375 0.71253125 0.6258863640625 0.718421875 0.6301590906250001 0.7169375 0.66656818125 0.719890625 0.735090909375 0.719890625 0.7736363640625 0.7242968750000001 0.79718181875 0.7596406250000001 0.8014772734375001 0.761109375 0.79718181875 0.7552187499999999 0.7715 0.7434375 0.7457954546875001 0.7405 0.7115227265625 0.73903125 0.6601363640625 0.749328125 0.6066136359375001 0.7552187499999999 0.5616363640625 0.762578125 0.5295227265625 0.767 0.51668181875 0.777296875 0.48240909062500004 0.7935 0.4931136359375 0.8023281250000001 0.5059545453125 0.80821875 0.531659090625 0.8317656250000001 0.5337954546875 0.840609375 0.5123863640625 0.8347187500000001 0.4588636359375 0.8258906250000001 0.4160227265625 0.8096875000000001 0.38818181875 0.803796875 0.3625 0.79790625 0.3582045453125 0.79496875 0.37106818124999996 0.77878125 0.34750000000000003 0.774359375 0.35606818125 0.777296875 0.3732045453125 0.7596406250000001 0.3796363640625 0.7242968750000001 0.3924772734375 0.691921875 0.4224545453125 0.6580625 0.439590909375 0.58296875 0.4224545453125 0.55353125 0.4567045453125 0.5388124999999999 0.48027272656250003 0.531453125 0.50381818125 0.53734375 0.5252272734375001 0.5447031250000001 0.5466590906250001 0.5549999999999999 0.5766363640625001 0.562359375 0.595909090625 0.5564843749999999 0.636590909375 0.5608906250000001 0.6558636359375 0.5579531249999999 0.685840909375 0.5564843749999999 0.720090909375 0.559421875 0.7393636359375 0.56678125 0.7586363640625 0.5815 0.7522272734375 0.588859375 0.7736363640625 0.6183125 0.777909090625 0.60946875 0.743659090625 0.59621875 0.7093863640625 0.5815 0.66443181875 0.59475 0.6322954546874999 0.6050625000000001 0.59375 0.656578125 0.6130227265625 0.65953125 0.6387272734375 0.65953125 0.685840909375
8 0.841484375 0.6497727265625 0.8461562499999999 0.6506136359375 0.8534843750000001 0.63443181875 0.86196875 0.633590909375 0.8754375 0.6442272734375 0.868703125 0.6327272734375 0.93690625 0.6404090906250001 0.932796875 0.6629545453125 0.93865625 0.66425 0.9453906249999999 0.64593181875 0.9500781249999999 0.6455 0.9600312499999999 0.64125 0.963828125 0.6110227265625 0.967921875 0.59781818125 0.9690937500000001 0.5722727265625001 0.9690937500000001 0.5624772734375 0.97465625 0.5352272734375 0.8449843749999999 0.5297045453125 0.844109375 0.5492954546875 0.841484375 0.5722727265625001 0.827421875 0.5854772734375 0.823625 0.5918636359375 0.844109375 0.5973863640625 0.848796875 0.6148636359374999 0.841484375 0.6497727265625
9 0.362078125 0.6624772734375 0.366046875 0.6243409093750001 0.36921875000000004 0.600090909375 0.363671875 0.5827727265625 0.354140625 0.5735227265625 0.34778125000000004 0.5642727265625 0.344609375 0.55156818125 0.349375 0.542340909375 0.37240625 0.5400227265625 0.37875000000000003 0.5377045453125 0.38034375 0.5227045453125 0.37796875 0.49497727343750003 0.367640625 0.4799545453125 0.36524999999999996 0.4718636359375 0.3708125 0.4429772734375 0.36684375 0.434909090625 0.3549375 0.43027272656250004 0.33190624999999996 0.44068181875 0.331109375 0.458 0.32315625 0.475340909375 0.31124999999999997 0.5146136359375 0.30648437500000003 0.5538863640625 0.313625 0.57468181875 0.323953125 0.6012500000000001 0.33268749999999997 0.6070227265625 0.33587500000000003 0.6382045453125 0.340640625 0.66131818125 0.344609375 0.67056818125 0.350171875 0.6821136359375 0.35731250000000003 0.6867272734375 0.36524999999999996 0.6809545453125 0.362078125 0.6624772734375
9 0.5094375 0.4642954546875 0.5051249999999999 0.4925 0.493546875 0.5042727265625 0.496765625 0.50818181875 0.491109375 0.5101363640625001 0.49246875 0.5160227265625 0.494609375 0.513659090625 0.498921875 0.5138863640625 0.49973437499999995 0.508 0.50215625 0.502909090625 0.50646875 0.50018181875 0.506734375 0.5135 0.51265625 0.51718181875 0.5215468750000001 0.5305227265625 0.52828125 0.5234545453125 0.5484843749999999 0.49406818125 0.5433749999999999 0.4870227265625 0.541484375 0.47840909062500003 0.54121875 0.4603863640625 0.535828125 0.438840909375 0.5253229171875 0.4507272734375 0.5229352671874999 0.4472857140625 0.5249192703125 0.438125 0.5227433031250001 0.43435714374999995 0.527484375 0.425909090625 0.524515625 0.4255227265625 0.5225513390625001 0.42142857031250003 0.5202109375 0.4211079546875 0.522359375 0.4085 0.515890625 0.40693181875000006 0.5129374999999999 0.41630681875000003 0.5074062500000001 0.406340909375 0.5056640625 0.41150568125 0.5018906249999999 0.41531818125 0.498921875 0.40575 0.49731249999999994 0.4082727265625 0.50134375 0.4196363640625 0.501625 0.4290454546875 0.5094375 0.434909090625 0.5094375 0.4642954546875
9 0.141390625 0.44709090937499996 0.134546875 0.4482727265625 0.12890625 0.4529545453125 0.1283125 0.460840909375 0.12609375 0.46320454531250005 0.122875 0.4696363640625 0.12065624999999999 0.47520454531249995 0.122265625 0.5091590906250001 0.1200625 0.51618181875 0.12246874999999999 0.5261363640625001 0.122875 0.5337500000000001 0.12167187500000001 0.565659090625 0.12167187500000001 0.579409090625 0.1210625 0.5957954546875001 0.12609375 0.5978636359375 0.13978125 0.59493181875 0.13796875 0.5905454546875 0.13193749999999999 0.5882045453125 0.130125 0.581159090625 0.13253125 0.56331818125 0.13696875 0.5524772734375001 0.147828125 0.5767727265625 0.15426562500000002 0.5940454546875 0.15909374999999998 0.5940454546875 0.16695312499999998 0.5899545453124999 0.170375 0.5837954546875 0.170375 0.58 0.16795312499999998 0.5797045453125 0.164328125 0.579409090625 0.162515625 0.5785227265625 0.157484375 0.570340909375 0.148640625 0.539590909375 0.150046875 0.522909090625 0.14460937499999998 0.51325 0.14460937499999998 0.48954545468750005 0.140984375 0.46993181875 0.14460937499999998 0.46231818125 0.14460937499999998 0.44972727343749996 0.141390625 0.44709090937499996
9 0.19775 0.53381818125 0.19815624999999998 0.5189772734375 0.201421875 0.5029545453125001 0.198984375 0.4857272734375 0.199390625 0.46968181875 0.20346875 0.453659090625 0.199796875 0.45009090937499996 0.192453125 0.44475 0.187953125 0.4471363640625 0.187140625 0.453659090625 0.1891875 0.4619772734375 0.188765625 0.46493181874999995 0.18346875 0.482159090625 0.18509375 0.49165909062499996 0.186734375 0.4976136359375 0.187546875 0.5023636359375 0.1908125 0.5272954546874999 0.187953125 0.5492727265624999 0.18428125 0.5664772734375 0.186328125 0.5795454546875 0.1891875 0.5742045453125 0.194484375 0.5546136359375 0.19775 0.53381818125
9 0.20575000000000002 0.5785 0.20606249999999998 0.5845227265624999 0.21051562499999998 0.5831136359375 0.202890625 0.5678636359375 0.20734375 0.55581818125 0.2072395828125 0.5325303015625 0.210203125 0.49613636406249995 0.22356250000000003 0.49752272656249996 0.22579687499999998 0.49243181874999997 0.22325 0.48502272656249995 0.21966796875 0.48722727343749994 0.220703125 0.4799545453125 0.2157734375 0.47693181874999996 0.21846875 0.46468181875000003 0.22196875 0.4582045453125 0.21974999999999997 0.43181818125 0.214015625 0.4295 0.21084375 0.43320454531249997 0.208296875 0.440159090625 0.20798437500000003 0.456340909375 0.21187890625 0.4666363640625 0.20734375 0.468840909375 0.20065624999999998 0.46468181875000003 0.2097265625 0.48214204531249993 0.20703125 0.48595454531250004 0.1984375 0.48550000000000004 0.2070833328125 0.497598484375 0.20224999999999999 0.5016818187500001 0.2071354171875 0.5092424249999999 0.2071875 0.5208863640625 0.198109375 0.51881818125 0.19684375 0.5419545453125 0.18984375 0.570159090625 0.18953124999999998 0.583590909375 0.19524999999999998 0.5849772734375 0.20193750000000002 0.5738636359375 0.20575000000000002 0.5785
9 0.06331250000000001 0.5970227265625 0.07665625000000001 0.59475 0.077046875 0.5736136359375 0.0774375 0.5724772734375 0.08254687499999999 0.5690454546875 0.08371875 0.5547727265625 0.078625 0.5365227265625 0.078625 0.52225 0.079796875 0.5153863640624999 0.075484375 0.50225 0.073125 0.4862727265625 0.07509375 0.47427272656249997 0.076265625 0.46343181875 0.07234375 0.456590909375 0.060171875 0.4617272734375 0.059781249999999994 0.48113636406250004 0.059781249999999994 0.50681818125 0.062140625000000005 0.5313636359375 0.06331250000000001 0.5456363640624999 0.0660625 0.55593181875 0.063703125 0.5856136359375 0.06331250000000001 0.5970227265625
9 0.25896875 0.46061363593750004 0.25579687500000003 0.4499545453125 0.25165625 0.451340909375 0.24910937500000002 0.45413636406249996 0.24815625 0.45829545468750005 0.247515625 0.4642954546875 0.247515625 0.4675454546875 0.24625 0.47125000000000006 0.24401562499999999 0.4744772734375 0.24434375 0.478659090625 0.24879687499999997 0.478659090625 0.24975 0.48188636406249996 0.249421875 0.4911363640625 0.24879687499999997 0.498090909375 0.249421875 0.49947727343750004 0.2605625 0.498090909375 0.25896875 0.46061363593750004
8 0.66759375 0.37081818125 0.6881406250000001 0.3807954546875 0.72065625 0.363340909375 0.7360781249999999 0.37247727343750003 0.7457812500000001 0.34093181875 0.7349375 0.32931818125 0.6521874999999999 0.29527272656250003 0.634484375 0.2969545453125 0.5876875 0.3152045453125 0.54659375 0.3517272734375 0.54603125 0.3832727265625 0.556875 0.38825 0.5745625000000001 0.37911363593749997 0.5979687499999999 0.38411363593750003 0.61965625 0.3741363640625 0.636203125 0.37829545468750003 0.638484375 0.38825 0.635625 0.4397272734375 0.647046875 0.43556818125 0.6487499999999999 0.386590909375 0.66759375 0.37081818125
8 0.936296875 0.3974772734375 0.944140625 0.396340909375 0.9625937499999999 0.39404545468749996 0.98771875 0.39120454531250004 0.989671875 0.3866363640625 0.9884999999999999 0.3826363640625 0.9786875 0.3763636359375 0.9614218749999999 0.366659090625 0.953171875 0.3683636359375 0.939828125 0.37406818125 0.9245156250000001 0.3855 0.92490625 0.3917727265625 0.9288437500000001 0.39520454531250004 0.936296875 0.3974772734375
8 0.34953124999999996 0.50343181875 0.352609375 0.51831818125 0.35357812499999997 0.525340909375 0.35281250000000003 0.5424772734375 0.35415625 0.5492045453125 0.35743749999999996 0.5542727265625 0.3570625 0.5239318187500001 0.35743749999999996 0.5129772734375 0.354734375 0.50006818125 0.35281250000000003 0.4924772734375 0.35396875 0.4891136359375 0.3531875 0.48825 0.351078125 0.48740909062500004 0.3485625 0.491340909375 0.34971874999999997 0.495 0.34953124999999996 0.50343181875
9 0.122359375 0.5815 0.12590625 0.571840909375 0.12325 0.5569772734375 0.12059375000000001 0.5382727265625 0.119703125 0.53181818125 0.119703125 0.52406818125 0.12059375000000001 0.5176136359375 0.12103124999999999 0.50406818125 0.120140625 0.49181818125000004 0.119703125 0.48406818124999995 0.12059375000000001 0.4776136359375 0.12059375000000001 0.4724545453125 0.11482812499999999 0.4672954546875 0.10904687500000002 0.47115909062499994 0.10728125 0.4769545453125 0.10860937500000001 0.48340909062500004 0.108171875 0.48859090937499994 0.104171875 0.49438636406249997 0.1055 0.50343181875 0.10682812500000001 0.51375 0.10595312500000001 0.5215 0.10595312500000001 0.5324545453125 0.10771875 0.5453636359375 0.1095 0.5627954546875 0.11171875 0.5724772734375 0.11304687499999999 0.5834545453125 0.11126562499999999 0.591840909375 0.117921875 0.59118181875 0.11881250000000002 0.5886136359374999 0.122359375 0.5815
9 0.0224375 0.50618181875 0.018109375 0.5122727265625 0.017812500000000002 0.52025 0.013625000000000002 0.53306818125 0.016234375000000002 0.5410454546875 0.01521875 0.548590909375 0.017390625 0.562659090625 0.022140625 0.573159090625 0.01290625 0.58931818125 0.0196875 0.5983636359375 0.030953124999999998 0.5975227265624999 0.02475 0.59456818125 0.02475 0.5867954546874999 0.030078125 0.5714772734375 0.039468750000000004 0.59331818125 0.04321875 0.594159090625 0.047984375 0.58975 0.045671875 0.5815454546875001 0.045234375 0.5782045453125 0.043359375 0.574409090625 0.034421875000000005 0.5538409093750001 0.031093749999999996 0.5395681812500001 0.026625 0.5248636359375001 0.029218749999999998 0.519409090625 0.029218749999999998 0.5072272734375 0.027046874999999998 0.5055454546875 0.02690625 0.5055454546875 0.0224375 0.50618181875
9 0.42134375 0.4943636359375 0.42381250000000004 0.4983636359375 0.43639062500000003 0.4987727265625 0.438859375 0.49752272656249996 0.44232812499999996 0.4867727265625 0.44232812499999996 0.48088636406249996 0.434078125 0.463840909375 0.43509374999999995 0.4602727265625 0.4330625 0.45079545468750004 0.43046875 0.4459545453125 0.427578125 0.4447045453125 0.423515625 0.4503863640625 0.42251562500000006 0.46847727343749995 0.41817187499999997 0.47225 0.419765625 0.47520454531249995 0.4196171875 0.4822613640625 0.41498437499999996 0.47688636406249996 0.41325 0.4827727265625 0.41325 0.4920454546875 0.41671874999999997 0.4960454546875 0.42134375 0.4943636359375
9 0.8455625 0.421590909375 0.8393437499999999 0.40997727343749996 0.8415625 0.404159090625 0.83890625 0.38738636406250004 0.83003125 0.399 0.8331406250000001 0.40481818125 0.826046875 0.4235227265625 0.8309218749999999 0.4345 0.829140625 0.45515909062500004 0.8442343749999999 0.4538636359375 0.8446718750000001 0.4351363640625 0.8562031250000001 0.43902272656249997 0.8455625 0.421590909375
9 0.142984375 0.5792727265625001 0.14403125 0.5845 0.14571875 0.5829545453125 0.141078125 0.5685227265624999 0.142765625 0.5614545453125 0.14150000000000001 0.5577727265625 0.151640625 0.554409090625 0.159875 0.5583863640625 0.158390625 0.56206818125 0.16071875 0.5712954546875 0.162625 0.5752954546875 0.16473437500000002 0.57281818125 0.16493750000000001 0.5654545453125001 0.15818749999999998 0.543340909375 0.148890625 0.5390454546875 0.149953125 0.52706818125 0.154171875 0.5292045453124999 0.1565 0.5282954546874999 0.153109375 0.5255227265625 0.15332812499999998 0.517840909375 0.15459375 0.511090909375 0.15818749999999998 0.5107954546875 0.158390625 0.5058636359375 0.155859375 0.5027954546875 0.155859375 0.49143181875 0.153109375 0.47793181875 0.1548125 0.47515909062499995 0.1554375 0.461659090625 0.147203125 0.46134090937499994 0.144875 0.46411363593750005 0.14403125 0.4705454546875 0.14571875 0.4776136359375 0.142984375 0.4812954546875 0.14340625 0.489909090625 0.14216666718749998 0.494715909375 0.1444609375 0.5012727265625 0.14114583281249998 0.5065909093750001 0.14656249999999998 0.5163181812500001 0.140125 0.5184659093749999 0.13808333281250001 0.5422159093750001 0.13874999999999998 0.5540909093749999 0.1370625 0.5540909093749999 0.133265625 0.57375 0.13284374999999998 0.5814318187499999 0.13960937499999998 0.5832727265625001 0.140875 0.5783636359375001 0.142984375 0.5792727265625001
8 0.4538125 0.6837500000000001 0.4538125 0.710840909375 0.530015625 0.67143181875 0.5249375 0.37093181875000003 0.541875 0.356159090625 0.467359375 0.3413863640625 0.46228125000000003 0.3093636359375 0.347140625 0.3068863640625 0.2184375 0.343840909375 0.21675 0.366 0.186265625 0.3857045453125 0.198125 0.3980227265625 0.203203125 0.577840909375 0.20828125000000003 0.5975454546875001 0.193046875 0.6369545453125001 0.3234375 0.7256136359375 0.37084375 0.7157727265625 0.404703125 0.6886590906250001 0.4538125 0.6837500000000001
8 0.985328125 0.37615909062499997 0.989671875 0.3745 0.98909375 0.3483863640625 0.966234375 0.36597727343750003 0.965859375 0.3684545453125 0.977578125 0.3745 0.985328125 0.37615909062499997
9 0.029296875 0.45288636406249994 0.026500000000000003 0.449409090625 0.024515625 0.44304545468749995 0.01575 0.4424545453125 0.014953125000000001 0.45115909062500004 0.010171875 0.4557954546875 0.01096875 0.5763636359375 0.014953125000000001 0.559340909375 0.01415625 0.5512272734375 0.01534375 0.5262954546875 0.016140625 0.5117954546875 0.022515625 0.50368181875 0.024515625 0.4903636359375 0.025312499999999998 0.466 0.026109375 0.465659090625 0.02690625 0.45870454531249993 0.029296875 0.45288636406249994
9 0.0328125 0.5477272734375 0.0375 0.5477272734375 0.0390625 0.565909090625 0.046875 0.5863636359375 0.0453125 0.5954545453125 0.05625 0.5977272734375 0.0609375 0.5886363640625001 0.059659090625 0.48450413125 0.0734375 0.4863636359375 0.075 0.49318181875 0.0890625 0.49090909062500004 0.1546875 0.5113636359375 0.15625 0.5136363640625 0.153125 0.5272727265625 0.15625 0.5295454546875 0.159375 0.5545454546874999 0.1546875 0.5568181812499999 0.1546875 0.5613636359374999 0.1578125 0.5613636359374999 0.15625 0.5681818187500001 0.1625 0.5795454546875 0.1703125 0.58181818125 0.175 0.5727272734375 0.1765625 0.559090909375 0.1828125 0.559090909375 0.1859375 0.5545454546874999 0.190625 0.5295454546875 0.1864583328125 0.5022727265625 0.2234375 0.5 0.225 0.49090909062500004 0.234375 0.5022727265625 0.2390625 0.49318181875 0.24114583281250002 0.465909090625 0.2640625 0.46818181875000003 0.2640625 0.4954545453125 0.26875 0.5022727265625 0.278125 0.5022727265625 0.2828125 0.49318181875 0.3171875 0.4954545453125 0.3234375 0.475 0.4552827375 0.46103896093749996 0.7375 0.60681818125 0.7421875 0.6136363640625 0.746875 0.6136363640625 0.7484375 0.6613636359374999 0.753125 0.66818181875 0.7625 0.66818181875 0.7703125 0.6545454546875 0.778125 0.6545454546875 0.78125 0.65 0.790625 0.6590909093749999 0.815625 0.65681818125 0.8265625 0.64318181875 0.8390625 0.58181818125 0.846875 0.5704545453125001 0.85 0.5363636359374999 0.8407118062500001 0.51931818125 0.840625 0.5136363640625 0.8442708328125 0.509090909375 0.862065971875 0.4579545453125 0.857734375 0.452840909375 0.8609375 0.44090909062500006 0.865625 0.4477272734375 0.88125 0.4477272734375 0.871428571875 0.42792207656250003 0.8861607140625001 0.42012987031250004 0.89140625 0.42045454531250004 0.8921875 0.43181818125 0.9109375 0.425 0.921875 0.44090909062500006 0.934375 0.44090909062500006 0.946875 0.4295454546875 0.953125 0.44090909062500006 0.96875 0.44090909062500006 0.9828125 0.41590909062500003 0.9828125 0.4045454546875 0.978125 0.3954545453125 0.9609375 0.3954545453125 0.9515625 0.4022727265625 0.946875 0.39318181874999997 0.934375 0.39318181874999997 0.93125 0.39772727343750003 0.925 0.39772727343750003 0.9203125 0.4045454546875 0.915625 0.4045454546875 0.9109375 0.41136363593749997 0.908258928125 0.40844155937500004 0.8935267859374999 0.41623376562500003 0.890625 0.409090909375 0.8890625 0.3863636359375 0.878125 0.3772727265625 0.865625 0.3772727265625 0.859375 0.3863636359375 0.85625 0.4022727265625 0.8515625 0.409090909375 0.8515625 0.4227272734375 0.85625 0.4295454546875 0.859375 0.4295454546875 0.856696428125 0.4357142859375 0.7796875 0.47727272656249997 0.7756696421875 0.4785714296875 0.76875 0.47727272656249997 0.768303571875 0.48246753125 0.7609375 0.4863636359375 0.3298859125 0.45064935000000006 0.3234375 0.4477272734375 0.31875 0.43863636406250006 0.31421130937499997 0.44935064999999996 0.309375 0.43863636406250006 0.3063740078125 0.4487012984375 0.29853670625 0.44805194843749996 0.2984375 0.45 0.2906994046875 0.4474025984375 0.2875 0.45 0.282862103125 0.4467532484375 0.28125 0.43863636406250006 0.2750248015625 0.44610389531249994 0.271875 0.43863636406250006 0.2671875 0.4454545453125 0.2640625 0.45454545468749996 0.258125 0.4472727265625 0.2421875 0.4522727265625 0.24 0.450909090625 0.2375 0.44318181875 0.228125 0.44318181875 0.23093750000000002 0.45272727343749997 0.221875 0.45454545468749996 0.1927083328125 0.4737373734375 0.1859375 0.4727272734375 0.1875 0.45681818124999996 0.1859375 0.44090909062500006 0.18125 0.43181818125 0.171875 0.43181818125 0.1671875 0.43863636406250006 0.165625 0.45 0.1625 0.45454545468749996 0.1614583328125 0.483333334375 0.16354166718750002 0.49292929374999994 0.1609375 0.4977272734375 0.15625 0.4977272734375 0.10046875 0.47386363593749997 0.09375 0.48181818125 0.0921875 0.46818181875000003 0.0890625 0.46363636406250003 0.08453125 0.4670454546875 0.0765625 0.46363636406250003 0.075 0.475 0.0682291671875 0.4640151515625 0.05989583281250001 0.46439393906250004 0.05625 0.45681818124999996 0.0515625 0.4647727265625 0.046875 0.45681818124999996 0.0432291671875 0.465151515625 0.0359375 0.4704545453125 0.0348958328125 0.46553030156249997 0.0265625 0.465909090625 0.0203125 0.5113636359375 0.028125 0.5227272734375 0.028125 0.53181818125 0.0328125 0.5477272734375