9 0.30333333281249997 0.63095238125 0.3233333328125 0.63095238125 0.3166666671875 0.5972222203124999 0.3233333328125 0.5297619046875 0.3166666671875 0.5 0.3066666671875 0.5119047625 0.30333333281249997 0.547619046875 0.3133333328125 0.5952380953125 0.30333333281249997 0.5952380953125 0.30333333281249997 0.63095238125
9 0.8266666671875 0.5892857140625 0.825 0.6130952375 0.8400000000000001 0.6785714281249999 0.8366666671875 0.5892857140625 0.8533333328125 0.5892857140625 0.8533333328125 0.5535714281249999 0.8400000000000001 0.50595238125 0.8366666671875 0.4702380953125 0.8266666671875 0.4702380953125 0.8233333328124999 0.49404761875 0.8133333328125 0.50595238125 0.8099999999999999 0.5297619046875 0.8160000000000001 0.559523809375 0.8099999999999999 0.5833333328125 0.8266666671875 0.5892857140625
9 0.93 0.5535714281249999 0.9233333328125 0.5357142859375 0.9233333328125 0.49404761875 0.9166666671874999 0.48214285781250005 0.9099999999999999 0.48809523749999995 0.9033333328125 0.5178571421875 0.8933333328125 0.5238095234375 0.89 0.5892857140625 0.89555555625 0.6031746015625 0.8983333328124999 0.6339285718750001 0.9199999999999999 0.5714285718750001 0.93 0.565476190625 0.93 0.5535714281249999
9 0.9166666671874999 0.6607142859375 0.9 0.6488095234375 0.8983333328124999 0.6339285718750001 0.9011111093749999 0.6646825421875 0.8933333328125 0.7202380953125 0.9066666671875 0.7261904765625 0.903888890625 0.69543650625 0.9099999999999999 0.690476190625 0.9166666671874999 0.6607142859375
1 0.37 0.6130952375 0.38333333281250004 0.6071428578125 0.3933333328125 0.63095238125 0.44333333281250004 0.6488095234375 0.46666666718750005 0.6488095234375 0.48 0.6369047625 0.4933333328125 0.6488095234375 0.5 0.684523809375 0.5066666671875 0.690476190625 0.5266666671875 0.690476190625 0.54 0.6666666671875 0.5766666671875 0.6785714281249999 0.6266666671875 0.6785714281249999 0.6633333328125001 0.6607142859375 0.71 0.6547619046875 0.7033333328125 0.3452380953125 0.6966666671875 0.3333333328125 0.6 0.32142857187499996 0.58 0.3452380953125 0.54 0.3452380953125 0.5166666671875 0.3630952375 0.44666666718750003 0.36904761875 0.35 0.3928571421875 0.32999999999999996 0.4047619046875 0.3233333328125 0.42261904687499996 0.32 0.49404761875 0.3333333328125 0.5833333328125 0.3566666671875 0.5833333328125 0.37 0.6130952375
2 0 0.50595238125 0.01 0.5119047625 0 0.547619046875 0.0266666671875 0.5238095234375 0.0333333328125 0.5 0.04 0.5 0.0466666671875 0.5178571421875 0.07666666718750001 0.5178571421875 0.08333333281250001 0.565476190625 0.11333333281249999 0.565476190625 0.12 0.577380953125 0.13 0.577380953125 0.15 0.547619046875 0.1433333328125 0.5119047625 0.11333333281249999 0.50595238125 0.11000000000000001 0.49404761875 0.0933333328125 0.48214285781250005 0.0233333328125 0.48214285781250005 0.0166666671875 0.5 0 0.49404761875 0 0.50595238125
9 0.0513333328125 0.56904761875 0.05 0.5952380953125 0.05600000000000001 0.6023809531250001 0.0566666671875 0.690476190625 0.0666666671875 0.7202380953125 0.06999999999999999 0.702380953125 0.0606666671875 0.6357142859375 0.0733333328125 0.63095238125 0.07666666718750001 0.547619046875 0.0633333328125 0.5297619046875 0.0566666671875 0.50595238125 0.0516666671875 0.5357142859375 0.0466666671875 0.5357142859375 0.0466666671875 0.565476190625 0.0513333328125 0.56904761875
9 0.7466666671875 0.6547619046875 0.7566666671875 0.6488095234375 0.7566666671875 0.577380953125 0.7633333328125 0.5714285718750001 0.7666666671875 0.5416666671875 0.7666666671875 0.5119047625 0.75 0.48809523749999995 0.7366666671875 0.5357142859375 0.7416666671875001 0.5833333328125 0.748 0.5880952374999999 0.7466666671875 0.6547619046875
1 0.17333333281250002 0.547619046875 0.1966666671875 0.547619046875 0.2 0.5297619046875 0.19 0.434523809375 0.1433333328125 0.440476190625 0.1366666671875 0.45238095312500004 0.1366666671875 0.48809523749999995 0.1533333328125 0.5297619046875 0.17333333281250002 0.547619046875
1 0.25 0.5892857140625 0.25666666718750003 0.577380953125 0.3 0.577380953125 0.30333333281249997 0.5178571421875 0.3166666671875 0.4761904765625 0.32 0.41071428593750003 0.26 0.4047619046875 0.2033333328125 0.42261904687499996 0.1966666671875 0.434523809375 0.1933333328125 0.4702380953125 0.21000000000000002 0.565476190625 0.24 0.5714285718750001 0.25 0.5892857140625
9 0.0333333328125 0.6369047625 0.0333333328125 0.672619046875 0.0466666671875 0.6785714281249999 0.0466666671875 0.559523809375 0.03 0.5178571421875 0.0433333328125 0.50595238125 0.0333333328125 0.5 0.0233333328125 0.5297619046875 0.0233333328125 0.559523809375 0.038333332812499996 0.63095238125 0.0333333328125 0.6369047625