13 0.1229508203125 0.5 0.108196721875 0.49696969687500003 0.108196721875 0.5575757578125 0.13032786875 0.5287878781249999 0.13770491875 0.5575757578125 0.1344262296875 0.5696969703125 0.1540983609375 0.5636363640625001 0.1540983609375 0.59393939375 0.1606557375 0.6121212125 0.1770491796875 0.59393939375 0.190163934375 0.6121212125 0.2 0.59393939375 0.20327868906250002 0.5515151515625 0.1967213109375 0.44242424218750004 0.1540983609375 0.44242424218750004 0.14754098437500002 0.43878787812500003 0.13770491875 0.44242424218750004 0.131147540625 0.4375757578125 0.1147540984375 0.43636363593749994 0.108196721875 0.44242424218750004 0.1155737703125 0.471212121875 0.1229508203125 0.4696969703125 0.1229508203125 0.5
2 0.13551912500000002 0.8101010125 0.1540983609375 0.79393939375 0.1540983609375 0.8545454546875 0.17377049218750001 0.8666666671875 0.1868852453125 0.8363636359375001 0.1868852453125 0.7696969703125001 0.1672131140625 0.7454545453125 0.16393442656249999 0.7212121218750001 0.1573770484375 0.7212121218750001 0.1540983609375 0.7333333328125 0.13770491875 0.7333333328125 0.131147540625 0.709090909375 0.11803278749999999 0.7515151515625 0.10163934375000001 0.715151515625 0.091803278125 0.7424242421875 0.1 0.7606060609374999 0.0819672125 0.7696969703125001 0.078688525 0.8363636359375001 0.088524590625 0.8545454546875 0.1344262296875 0.8484848484375 0.13551912500000002 0.8101010125
2 0 0.9939393937500001 0.1049180328125 1 0.108196721875 0.9333333328125001 0.0852459015625 0.8484848484375 0.01967213125 0.8424242421875 0.0065573765625 0.8606060609374999 0 0.8848484843750001 0 0.9939393937500001
13 0.1540983609375 0.43636363593749994 0.19344262343750002 0.43636363593749994 0.2065573765625 0.49090909062500004 0.21967213124999999 0.478787878125 0.1967213109375 0.43636363593749994 0.21967213124999999 0.36969697031250004 0.2131147546875 0.3333333328125 0.1540983609375 0.3333333328125 0.165027321875 0.3575757578125 0.1540983609375 0.375757575 0.1540983609375 0.43636363593749994
11 0.590163934375 1 0.590163934375 0.8727272734374999 0.5639344265624999 0.8666666671875 0.5442622953125 0.8848484843750001 0.5344262296875 0.9212121218749999 0.54098360625 1 0.590163934375 1
2 0.570491803125 0.7393939390625001 0.5868852453125 0.7696969703125001 0.58032786875 0.77979798125 0.6131147546875 0.8363636359375001 0.6262295078125 0.8363636359375001 0.629508196875 0.8303030296875 0.61584699375 0.809090909375 0.5967213109375 0.8 0.611475409375 0.7666666671875 0.629508196875 0.7454545453125 0.61967213125 0.690909090625 0.6098360656249999 0.678787878125 0.5573770484375 0.678787878125 0.550819671875 0.690909090625 0.547540984375 0.7393939390625001 0.5639344265624999 0.7393939390625001 0.5639344265624999 0.7595959578125 0.570491803125 0.7393939390625001
2 0.24262295156250002 0.41818181875000004 0.229508196875 0.424242425 0.2262295078125 0.5151515156250001 0.25901639374999996 0.5151515156250001 0.25901639374999996 0.46060606093749995 0.24262295156250002 0.41818181875000004
11 0.5049180328125 0.715151515625 0.521311475 0.715151515625 0.527868853125 0.6 0.511475409375 0.58181818125 0.4819672125 0.58181818125 0.47540983593749997 0.59393939375 0.4819672125 0.703030303125 0.4950819671875 0.7272727265625 0.5049180328125 0.715151515625
11 0.291803278125 0.5454545453125 0.31147540937499996 0.5393939390625 0.31147540937499996 0.43636363593749994 0.30491803281249996 0.424242425 0.288524590625 0.424242425 0.28688524531250004 0.43333333281249997 0.268852459375 0.44242424218750004 0.2893442625 0.45454545468749996 0.290163934375 0.48484848437499994 0.2754098359375 0.47070707343749996 0.2677595640625 0.476767678125 0.2754098359375 0.505050503125 0.26666666562499997 0.511111109375 0.26557377031249996 0.5454545453125 0.2754098359375 0.5393939390625 0.29098360625 0.5151515156250001 0.291803278125 0.5454545453125
1 0.7573770484375 0.8666666671875 0.8065573765625 0.8666666671875 0.809836065625 0.8484848484375 0.809836065625 0.5878787875 0.8065573765625 0.575757575 0.7836065578125 0.5575757578125 0.708196721875 0.5575757578125 0.711475409375 0.8363636359375001 0.7442622953125 0.8363636359375001 0.7573770484375 0.8666666671875
11 0.9049180328125 0.5878787875 0.9114754093749999 0.5656565640625 0.9114754093749999 0.49696969687500003 0.8852459015624999 0.49696969687500003 0.872131146875 0.521212121875 0.872131146875 0.5878787875 0.90163934375 0.5878787875 0.9114754093749999 0.6 0.9049180328125 0.5878787875
7 0.672131146875 0.79393939375 0.672131146875 0.7575757578125 0.6655737703125 0.7393939390625001 0.649180328125 0.7454545453125 0.6459016390625 0.7878787875000001 0.6524590156250001 0.8303030296875 0.66229508125 0.8303030296875 0.672131146875 0.79393939375
13 0.1344262296875 0.703030303125 0.13770491875 0.6303030296875 0.12131147499999999 0.624242425 0.12131147499999999 0.5703703703125 0.1049180328125 0.5636363640625001 0.078688525 0.5636363640625001 0.068852459375 0.575757575 0.068852459375 0.624242425 0.062295081249999995 0.6363636359375 0.0655737703125 0.7454545453125 0.0852459015625 0.7393939390625001 0.1049180328125 0.703030303125 0.1344262296875 0.703030303125
2 0.1868852453125 0.7393939390625001 0.23934426250000002 0.7454545453125 0.25901639374999996 0.715151515625 0.26229508125 0.690909090625 0.2557377046875 0.6545454546875 0.2131147546875 0.624242425 0.19344262343750002 0.624242425 0.18032786875 0.6424242421875 0.170491803125 0.684848484375 0.170491803125 0.7272727265625 0.18032786875 0.7515151515625 0.1868852453125 0.7393939390625001
1 0.8622950812499999 0.424242425 0.8786885249999999 0.41818181875000004 0.8852459015624999 0.40606060624999996 0.8852459015624999 0.3272727265625 0.8524590156249999 0.278787878125 0.809836065625 0.284848484375 0.8032786890624999 0.309090909375 0.8 0.40606060624999996 0.8065573765625 0.48484848437499994 0.8557377046875001 0.48484848437499994 0.8622950812499999 0.424242425
1 0.229508196875 0.41212121249999994 0.23606557343749998 0.41212121249999994 0.252459015625 0.36969697031250004 0.2754098359375 0.36969697031250004 0.2754098359375 0.33131313281249997 0.2950819671875 0.3333333328125 0.30163934375 0.3272727265625 0.2934426234375 0.296969696875 0.30163934375 0.27272727343750003 0.29836065624999997 0.2606060609375 0.2819672125 0.26181818125 0.2754098359375 0.2545454546875 0.26557377031249996 0.263030303125 0.2557377046875 0.2545454546875 0.24918032812500002 0.264242425 0.23606557343749998 0.2545454546875 0.23278688593750002 0.2654545453125 0.2163934421875 0.2666666671875 0.209836065625 0.27272727343750003 0.209836065625 0.3272727265625 0.21967213124999999 0.3272727265625 0.229508196875 0.41212121249999994
14 0.45901639375 1 0.46229508125 0.9818181812500001 0.488524590625 0.9636363640625 0.488524590625 0.915151515625 0.4655737703125 0.8242424249999999 0.4065573765625 0.7878787875000001 0.3344262296875 0.78181818125 0.32786885312499997 0.7878787875000001 0.32786885312499997 0.8484848484375 0.34426229531249997 0.8666666671875 0.3540983609375 0.915151515625 0.3540983609375 1 0.45901639375 1
14 0.491803278125 0.9333333328125001 0.5147540984375001 0.9393939390625 0.5245901640625 0.9272727265625 0.521311475 0.8424242421875 0.50163934375 0.7696969703125001 0.491803278125 0.7515151515625 0.4655737703125 0.7333333328125 0.3934426234375 0.7333333328125 0.38360655781249997 0.78181818125 0.452459015625 0.8121212124999999 0.47868852500000003 0.8727272734374999 0.491803278125 0.9333333328125001
2 0.5147540984375001 0.7878787875000001 0.5311475406249999 0.890909090625 0.54098360625 0.890909090625 0.5672131140625 0.8666666671875 0.5934426234375 0.8666666671875 0.6032786890625 0.8363636359375001 0.6032786890625 0.8121212124999999 0.5737704921875 0.7454545453125 0.5147540984375001 0.7393939390625001 0.511475409375 0.7515151515625 0.50163934375 0.7515151515625 0.50163934375 0.7636363640625 0.5147540984375001 0.7878787875000001
2 0.35081967187499996 1 0.34754098437500003 0.896969696875 0.3344262296875 0.8545454546875 0.2754098359375 0.8484848484375 0.26557377031249996 0.8606060609374999 0.26229508125 0.890909090625 0.272131146875 0.9696969703124999 0.278688525 0.9878787875 0.35081967187499996 1
2 0.34426229531249997 0.48484848437499994 0.3639344265625 0.48484848437499994 0.3770491796875 0.4727272734375 0.38032786875 0.48484848437499994 0.3868852453125 0.48484848437499994 0.3934426234375 0.46060606093749995 0.39016393437499997 0.4272727265625 0.378688525 0.4303030296875 0.3672131140625 0.40606060624999996 0.3868852453125 0.39393939375000003 0.38032786875 0.3878787875 0.34754098437500003 0.39393939375000003 0.34426229531249997 0.4 0.35081967187499996 0.42828282968750003 0.34426229531249997 0.45454545468749996 0.34426229531249997 0.48484848437499994
2 0.062295081249999995 0.6303030296875 0.0655737703125 0.5636363640625001 0.078688525 0.5575757578125 0.0819672125 0.5515151515625 0.049180328125 0.5676767703125 0.0459016390625 0.5575757578125 0.032786885937499996 0.575757575 0.029508196874999996 0.6484848484375 0.0360655734375 0.6484848484375 0.0459016390625 0.6303030296875 0.062295081249999995 0.6303030296875