9 0.0466666671875 0.4702380953125 0.0266666671875 0.46428571406249997 0.0233333328125 0.5178571421875 0.0333333328125 0.565476190625 0.0466666671875 0.5178571421875 0.0466666671875 0.4702380953125
1 0.4 0.4761904765625 0.41333333281250006 0.428571428125 0.41 0.25595238125 0.3866666671875 0.22619047656250002 0.3133333328125 0.22619047656250002 0.3 0.25595238125 0.24 0.315476190625 0.22999999999999998 0.3452380953125 0.2266666671875 0.5297619046875 0.3366666671875 0.547619046875 0.39 0.4761904765625 0.4 0.4761904765625
13 0.3966666671875 0.9583333328125001 0.4166666671875 0.952380953125 0.4266666671875 0.934523809375 0.48333333281249996 0.934523809375 0.58 0.9464285718750001 0.58044444375 0.9567460296875 0.5866666671874999 0.9464285718750001 0.5966666671875 0.9642857140625001 0.6033333328125 0.9464285718750001 0.62 0.934523809375 0.6566666671875 0.934523809375 0.6900000000000001 0.9166666671874999 0.6900000000000001 0.7261904765625 0.6833333328125 0.6964285718750001 0.6566666671875 0.684523809375 0.65 0.6964285718750001 0.5833333328125 0.684523809375 0.44666666718750003 0.6785714281249999 0.44000000000000006 0.690476190625 0.43333333281249997 0.7619047625 0.3933333328125 0.815476190625 0.37 0.815476190625 0.36 0.827380953125 0.3533333328125 0.8511904765624999 0.35 0.9107142859374999 0.36 0.922619046875 0.37666666718749997 0.922619046875 0.3966666671875 0.9583333328125001
13 0.13999999999999999 0.74404761875 0.1633333328125 0.74404761875 0.2066666671875 0.75 0.2166666671875 0.7738095234375 0.2233333328125 0.7738095234375 0.2533333328125 0.684523809375 0.29 0.6428571421875 0.29 0.5892857140625 0.2833333328125 0.5535714281249999 0.2733333328125 0.5416666671875 0.21000000000000002 0.5357142859375 0.1566666671875 0.5714285718750001 0.1366666671875 0.61904761875 0.1233333328125 0.6666666671875 0.1233333328125 0.7619047625 0.13333333281249998 0.7678571421875 0.13999999999999999 0.74404761875
2 0.2066666671875 1 0.1966666671875 0.952380953125 0.1833333328125 0.940476190625 0.1366666671875 0.9285714281249999 0.13333333281249998 0.9166666671874999 0.08 0.875 0.0066666671875 0.86904761875 0 0.875 0.0033333328125 1 0.2066666671875 1
2 0.3466666671875 0.7797619046875 0.3466666671875 0.7083333328125 0.3333333328125 0.672619046875 0.32 0.6666666671875 0.27 0.6666666671875 0.25666666718750003 0.684523809375 0.23333333281250002 0.74404761875 0.23333333281250002 0.815476190625 0.3233333328125 0.815476190625 0.3333333328125 0.7857142859375 0.3466666671875 0.7797619046875
2 0.45 0.6666666671875 0.4566666671875 0.672619046875 0.47000000000000003 0.6666666671875 0.53 0.684523809375 0.5700000000000001 0.6785714281249999 0.5733333328125 0.6071428578125 0.5566666671875 0.559523809375 0.4933333328125 0.5535714281249999 0.46666666718750005 0.5892857140625 0.46666666718750005 0.6369047625 0.46333333281250005 0.6488095234375 0.45 0.6547619046875 0.45 0.6666666671875
2 0.5908333328125 0.4270833328125 0.6 0.42261904687499996 0.61 0.434523809375 0.6166666671875001 0.41071428593750003 0.6266666671875 0.4047619046875 0.63 0.3333333328125 0.6233333328125 0.28571428593750003 0.5666666671875 0.2797619046875 0.5433333328125001 0.32142857187499996 0.5366666671875 0.32142857187499996 0.5366666671875 0.428571428125 0.5566666671875 0.4166666671875 0.5866666671874999 0.4166666671875 0.5908333328125 0.4270833328125
2 0.5 0.22619047656250002 0.5166666671875 0.25 0.53 0.25 0.5366666671875 0.2321428578125 0.5533333328125 0.22619047656250002 0.5533333328125 0.184523809375 0.5366666671875 0.16071428593749998 0.5133333328125 0.1488095234375 0.4733333328125 0.1488095234375 0.45 0.17261904687500002 0.41 0.184523809375 0.4 0.20833333281250002 0.4266666671875 0.24404761874999997 0.44666666718750003 0.22619047656250002 0.5 0.22619047656250002
2 0.6366666671875 0.125 0.62 0.0952380953125 0.5900000000000001 0.10119047656249999 0.5833333328125 0.1428571421875 0.5833333328125 0.190476190625 0.6333333328124999 0.190476190625 0.6366666671875 0.178571428125 0.6366666671875 0.125
2 0.7266666671875 0.10119047656249999 0.6900000000000001 0.10119047656249999 0.6799999999999999 0.11904761875 0.6766666671875 0.1428571421875 0.6766666671875 0.184523809375 0.7366666671875 0.178571428125 0.7366666671875 0.125 0.7266666671875 0.10119047656249999
2 0.8366666671875 0.0952380953125 0.8266666671875 0.08333333281250001 0.7866666671875 0.08333333281250001 0.7766666671875 0.11904761875 0.78 0.190476190625 0.8366666671875 0.196428571875 0.8366666671875 0.0952380953125
2 0.9199999999999999 0.10119047656249999 0.8866666671875001 0.10119047656249999 0.8766666671875001 0.13095238125 0.8733333328124999 0.20833333281250002 0.93 0.2142857140625 0.9333333328125001 0.16071428593749998 0.9199999999999999 0.10119047656249999
2 0.7766666671875 0.8571428578125 0.7966666671875 0.86904761875 0.8 0.8392857140625001 0.7933333328125001 0.75595238125 0.8133333328125 0.7261904765625 0.8066666671875 0.672619046875 0.78 0.6607142859375 0.75 0.6607142859375 0.73 0.7321428578125 0.72 0.75 0.7233333328125 0.7678571421875 0.7166666671875 0.797619046875 0.7166666671875 0.8571428578125 0.7766666671875 0.8571428578125
2 0.7966666671875 1 0.7933333328125001 0.952380953125 0.76 0.922619046875 0.7133333328125 0.9166666671874999 0.6733333328125 0.9285714281249999 0.6333333328124999 0.9583333328125001 0.61 0.9583333328125001 0.6033333328125 0.9761904765624999 0.6066666671875 1 0.7966666671875 1
2 0.7833333328125 0.6607142859375 0.8 0.6607142859375 0.8033333328125 0.6666666671875 0.7933333328125001 0.697619046875 0.8066666671875 0.6666666671875 0.8166666671874999 0.690476190625 0.8066666671875 0.7238095234374999 0.8266666671875 0.7678571421875 0.8366666671875 0.7678571421875 0.8433333328125 0.7380952375 0.8433333328125 0.6488095234375 0.8300000000000001 0.5892857140625 0.8233333328124999 0.577380953125 0.78 0.5714285718750001 0.7566666671875 0.5952380953125 0.75 0.6547619046875 0.78 0.6607142859375 0.78 0.671428571875 0.7833333328125 0.6607142859375
2 0.8533333328125 0.6488095234375 0.86 0.6011904765625 0.85 0.5178571421875 0.8300000000000001 0.50595238125 0.8033333328125 0.50595238125 0.7966666671875 0.5178571421875 0.7933333328125001 0.5714285718750001 0.8300000000000001 0.577380953125 0.8466666671875 0.6488095234375 0.8533333328125 0.6488095234375
2 0.6566666671875 0.6488095234375 0.6799999999999999 0.6785714281249999 0.7033333328125 0.684523809375 0.71 0.672619046875 0.7133333328125 0.6071428578125 0.7066666671874999 0.5952380953125 0.7 0.5416666671875 0.6833333328125 0.5297619046875 0.64 0.5357142859375 0.631111109375 0.561507934375 0.6333333328124999 0.5833333328125 0.6222222234375 0.5873015890625 0.6233333328125 0.6071428578125 0.6133333328125 0.6130952375 0.61 0.625 0.6166666671875001 0.625 0.6433333328125 0.6488095234375 0.6566666671875 0.6488095234375
2 0.5700000000000001 0 0.5700000000000001 0.0297619046875 0.6133333328125 0.0357142859375 0.6233333328125 0.0238095234375 0.6233333328125 0 0.5700000000000001 0
2 0.3133333328125 0 0.29 0.0238095234375 0.2733333328125 0.0238095234375 0.2666666671875 0.0357142859375 0.27 0.10119047656249999 0.2766666671875 0.10119047656249999 0.29 0.0416666671875 0.3 0.059523809375 0.31 0.0357142859375 0.32 0.059523809375 0.3366666671875 0.065476190625 0.3366666671875 0 0.3133333328125 0