9 0 0.46666666718750005 0.016393442187500003 0.46060606093749995 0.026229507812500004 0.503030303125 0.049180328125 0.48484848437499994 0.05245901562500001 0.4727272734375 0.05901639374999999 0.375757575 0.05901639374999999 0.3272727265625 0.05245901562500001 0.296969696875 0.0393442625 0.290909090625 0.01967213125 0.3454545453125 0.009836065625 0.39393939375000003 0 0.41212121249999994 0 0.46666666718750005
9 0.46229508125 0.5878787875 0.481401921875 0.672100315625 0.47868852500000003 0.6545454546875 0.491803278125 0.6303030296875 0.488524590625 0.6 0.47540983593749997 0.5878787875 0.4568306 0.5252525265625 0.48524590156249997 0.49696969687500003 0.4819672125 0.48484848437499994 0.491803278125 0.46666666718750005 0.491803278125 0.424242425 0.47868852500000003 0.375757575 0.4655737703125 0.3636363640625 0.46229508125 0.315151515625 0.4426229515625 0.309090909375 0.4360655734375 0.32121212187500003 0.43278688593750003 0.3636363640625 0.4459016390625 0.45454545468749996 0.4360655734375 0.45454545468749996 0.43934426249999997 0.478787878125 0.45901639375 0.5454545453125 0.46229508125 0.5878787875
9 0.48524590156249997 0.3878787875 0.49836065625000003 0.48484848437499994 0.5193442625 0.5515151515625 0.511475409375 0.575757575 0.5245901640625 0.624242425 0.521311475 0.6303030296875 0.527868853125 0.6727272734375 0.53770491875 0.678787878125 0.53770491875 0.6666666671875 0.5311475406249999 0.6606060609375 0.5206557375 0.49090909062500004 0.521311475 0.44242424218750004 0.527868853125 0.43636363593749994 0.527868853125 0.375757575 0.5180327874999999 0.3636363640625 0.511475409375 0.284848484375 0.50163934375 0.284848484375 0.4950819671875 0.296969696875 0.488524590625 0.3454545453125 0.47540983593749997 0.3575757578125 0.47540983593749997 0.375757575 0.48524590156249997 0.3878787875
9 0.5639344265624999 0.41818181875000004 0.58032786875 0.5515151515625 0.59453551875 0.6 0.590163934375 0.60606060625 0.5934426234375 0.6303030296875 0.6098360656249999 0.6363636359375 0.6 0.6121212125 0.595628415625 0.5696969703125 0.5868852453125 0.3454545453125 0.5770491796874999 0.3333333328125 0.5672131140625 0.24848484843750002 0.5540983609375 0.2545454546875 0.5442622953125 0.290909090625 0.547540984375 0.309090909375 0.54098360625 0.36969697031250004 0.547540984375 0.4 0.5639344265624999 0.41818181875000004
9 0.6360655734375 0.40606060624999996 0.629508196875 0.3575757578125 0.6360655734375 0.3272727265625 0.6360655734375 0.290909090625 0.6262295078125 0.284848484375 0.6163934421875 0.309090909375 0.6163934421875 0.44242424218750004 0.6327868859375 0.4727272734375 0.6360655734375 0.40606060624999996
9 0.691803278125 0.40606060624999996 0.6885245906249999 0.43982684218749996 0.708196721875 0.5515151515625 0.7147540984375 0.5575757578125 0.708196721875 0.5281385265625 0.7180327875 0.5151515156250001 0.7016393437499999 0.49870129687500003 0.6950819671875 0.4692640671875 0.6957377046875 0.45575757499999997 0.721311475 0.424242425 0.721311475 0.3272727265625 0.7049180328125 0.278787878125 0.6950819671875 0.278787878125 0.691803278125 0.309090909375 0.672131146875 0.3393939390625 0.668852459375 0.3636363640625 0.6839344265625 0.3975757578125 0.6819672125 0.41038961250000006 0.691803278125 0.40606060624999996
9 0.8131147546875 0.315151515625 0.8 0.309090909375 0.7967213109375 0.290909090625 0.790163934375 0.284848484375 0.7836065578125 0.309090909375 0.7836065578125 0.3515151515625 0.8032786890624999 0.36969697031250004 0.8131147546875 0.315151515625
9 0.9049180328125 0.43636363593749994 0.9213114750000001 0.3393939390625 0.9213114750000001 0.296969696875 0.9114754093749999 0.278787878125 0.8983606562500001 0.290909090625 0.8950819671874999 0.3393939390625 0.90163934375 0.40404040625000004 0.8983606562500001 0.41212121249999994 0.9049180328125 0.43636363593749994
7 0.678688525 0.5272727265625 0.6819672125 0.4484848484375 0.678688525 0.424242425 0.6655737703125 0.39393939375000003 0.649180328125 0.4 0.6459016390625 0.49696969687500003 0.66229508125 0.5272727265625 0.6524590156250001 0.5515151515625 0.678688525 0.5272727265625
11 0.05245901562500001 0.49090909062500004 0.0557377046875 0.5272727265625 0.0819672125 0.5272727265625 0.1027322390625 0.5141414125 0.16976320625000002 0.5451178421875 0.1868852453125 0.59393939375 0.23606557343749998 0.59393939375 0.252459015625 0.61818181875 0.288524590625 0.6424242421875 0.2950819671875 0.696969696875 0.288524590625 0.7333333328125 0.29836065624999997 0.7454545453125 0.30491803281249996 0.775757575 0.321311475 0.80606060625 0.3672131140625 0.78181818125 0.3934426234375 0.78181818125 0.40983606562499997 0.8424242421875 0.41967213125 0.8424242421875 0.43278688593750003 0.8242424249999999 0.4459016390625 0.7515151515625 0.4426229515625 0.5575757578125 0.42295082031250003 0.296969696875 0.4065573765625 0.24242424218749997 0.331147540625 0.2303030296875 0.268852459375 0.24242424218749997 0.10163934375000001 0.2303030296875 0.091803278125 0.2363636359375 0.062295081249999995 0.290909090625 0.062295081249999995 0.38181818125 0.07978142031249999 0.43838383593749997 0.05901639374999999 0.46666666718750005 0.05245901562500001 0.49090909062500004
11 0.9540983609374999 0.40606060624999996 0.9836065578125 0.40606060624999996 0.9737704921875 0.4 0.9683060093750001 0.38181818125 0.9792349734375 0.3636363640625 0.9836065578125 0.290909090625 0.9803278687500001 0.278787878125 0.9639344265625001 0.27272727343750003 0.947540984375 0.284848484375 0.9442622953124999 0.32121212187500003 0.9377049187500001 0.3333333328125 0.9377049187500001 0.39393939375000003 0.9540983609374999 0.40606060624999996
11 0.8163934421875 0.315151515625 0.8131147546875 0.424242425 0.8360655734375 0.424242425 0.8393442625 0.375757575 0.8286885249999999 0.3484848484375 0.8163934421875 0.3393939390625 0.8180327875 0.32121212187500003 0.8393442625 0.296969696875 0.8393442625 0.2606060609375 0.8 0.2606060609375 0.7967213109375 0.284848484375 0.8065573765625 0.290909090625 0.8065573765625 0.3121212125 0.8163934421875 0.315151515625
7 0.31147540937499996 1 0.321311475 0.8727272734374999 0.3124121765625 0.8441558421875 0.321311475 0.81818181875 0.2950819671875 0.7515151515625 0.29836065624999997 0.684848484375 0.2819672125 0.6363636359375 0.272131146875 0.6363636359375 0.23606557343749998 0.59393939375 0.19344262343750002 0.6 0.1836065578125 0.7636363640625 0.2 0.78181818125 0.2 0.8727272734374999 0.14754098437500002 0.8727272734374999 0.14098360625 0.8848484843750001 0.12131147499999999 0.8848484843750001 0.0655737703125 0.8666666671875 0.01967213125 0.8848484843750001 0.009836065625 0.903030303125 0.078688525 0.9454545453125001 0.1573770484375 0.9575757578124999 0.19344262343750002 1 0.25901639374999996 1 0.2679156921875 0.974025975 0.2852459015625 0.9818181812500001 0.288524590625 1 0.31147540937499996 1
7 0.5606557375000001 0.58181818125 0.5639344265624999 0.5515151515625 0.570491803125 0.5515151515625 0.570491803125 0.5393939390625 0.5606557375000001 0.5515151515625 0.5573770484375 0.5454545453125 0.5573770484375 0.521212121875 0.5672131140625 0.509090909375 0.5573770484375 0.478787878125 0.5606557375000001 0.41212121249999994 0.550819671875 0.40606060624999996 0.54098360625 0.375757575 0.527868853125 0.4 0.5245901640625 0.5272727265625 0.53770491875 0.5474747453125001 0.527868853125 0.58181818125 0.5606557375000001 0.58181818125
7 0.61967213125 0.5696969703125 0.6229508203125 0.5454545453125 0.6180327875 0.5363636359374999 0.6262295078125 0.478787878125 0.6163934421875 0.4484848484375 0.6163934421875 0.4 0.6098360656249999 0.3878787875 0.5934426234375 0.3878787875 0.590163934375 0.46060606093749995 0.5967213109375 0.5393939390625 0.6131147546875 0.5515151515625 0.61967213125 0.5696969703125
7 0.049180328125 0.6303030296875 0.015300546875000001 0.5454545453125 0.0459016390625 0.521212121875 0.0393442625 0.509090909375 0.0032786890625000004 0.521212121875 0 0.7696969703125001 0.0426229515625 0.7696969703125001 0.05245901562500001 0.7272727265625 0.049180328125 0.6303030296875
7 0.8065573765625 0.39393939375000003 0.7967213109375 0.3636363640625 0.7868852453125 0.3636363640625 0.7803278687499999 0.3878787875 0.7770491796875 0.4727272734375 0.790163934375 0.478787878125 0.8032786890624999 0.46666666718750005 0.8065573765625 0.39393939375000003
9 0.2819672125 1 0.288524590625 0.9272727265625 0.25901639374999996 0.898989896875 0.25901639374999996 0.8727272734374999 0.288524590625 0.8303030296875 0.268852459375 0.8121212124999999 0.23934426250000002 0.8121212124999999 0.2163934421875 0.79393939375 0.2065573765625 0.8121212124999999 0.2 0.8121212124999999 0.1967213109375 0.78181818125 0.17377049218750001 0.7636363640625 0.17377049218750001 0.7393939390625001 0.1836065578125 0.7333333328125 0.190163934375 0.684848484375 0.1770491796875 0.5636363640625001 0.16393442656249999 0.5454545453125 0.150819671875 0.5454545453125 0.14098360625 0.5272727265625 0.150819671875 0.41818181875000004 0.1442622953125 0.39393939375000003 0.12786885312500001 0.38181818125 0.108196721875 0.38181818125 0.091803278125 0.40606060624999996 0.088524590625 0.44242424218750004 0.09836065625 0.5151515156250001 0.091803278125 0.5272727265625 0.0655737703125 0.5272727265625 0.05245901562500001 0.5515151515625 0.05901639374999999 0.7393939390625001 0.0754098359375 0.8606060609374999 0.12786885312500001 0.8848484843750001 0.13770491875 0.8848484843750001 0.1442622953125 0.8727272734374999 0.190163934375 0.878787878125 0.2065573765625 0.8666666671875 0.26557377031249996 1 0.2819672125 1
9 0.3672131140625 0.575757575 0.38032786875 0.478787878125 0.38032786875 0.43636363593749994 0.370491803125 0.40606060624999996 0.38032786875 0.38181818125 0.38032786875 0.3636363640625 0.3672131140625 0.3636363640625 0.370491803125 0.3878787875 0.3540983609375 0.4 0.34426229531249997 0.43636363593749994 0.34098360625 0.5454545453125 0.34754098437500003 0.60606060625 0.3540983609375 0.60606060625 0.3672131140625 0.575757575