11 0.744274809375 0.828125 0.732824428125 0.8385416671874999 0.7290076328125 0.8541666671874999 0.7290076328125 0.9010416671874999 0.7977099234375 0.9010416671874999 0.7900763359375 0.8333333328125001 0.744274809375 0.828125
11 0.2824427484375 0.546875 0.2824427484375 0.5104166671875 0.27480916093749996 0.4895833328125 0.23664122187499997 0.4947916671875 0.23282442812499998 0.546875 0.24045801562500002 0.5572916671875 0.27099236718749997 0.5572916671875 0.2824427484375 0.546875
11 0.7213740453125 0.6458333328125 0.7213740453125 0.6041666671875 0.7137404578125001 0.59375 0.6984732828125 0.5989583328125 0.6946564890625 0.6979166671875 0.7061068703125 0.6979166671875 0.7137404578125001 0.6875 0.7213740453125 0.6458333328125
11 0.751908396875 0.8177083328125001 0.7786259546875 0.7864583328125 0.7786259546875 0.6875 0.7709923671875 0.6770833328125 0.744274809375 0.671875 0.7251908390625 0.6927083328125 0.7137404578125001 0.7447916671875 0.7137404578125001 0.78125 0.7213740453125 0.796875 0.751908396875 0.8177083328125001
1 0.6603053437499999 0.4010416671875 0.6412213734375001 0.375 0.5954198468749999 0.375 0.603053434375 0.4270833328125 0.65648855 0.4270833328125 0.6603053437499999 0.4010416671875
1 0.8625954203124999 0.4739583328125 0.8931297703125001 0.5364583328125 0.916030534375 0.53125 0.9198473281249999 0.4583333328125 0.908396946875 0.4427083328125 0.896946565625 0.4427083328125 0.8778625953124999 0.421875 0.8244274812500001 0.4166666671875 0.8167938937500001 0.421875 0.8167938937500001 0.4479166671875 0.8244274812500001 0.4635416671875 0.8625954203124999 0.4739583328125
1 0.908396946875 0.65625 0.8931297703125001 0.6666666671875 0.828244275 0.859375 0.828244275 0.90625 0.9961832062499999 0.90625 0.9961832062499999 0.6614583328125 0.908396946875 0.65625
1 0.84732824375 0.796875 0.904580153125 0.65625 0.9961832062499999 0.65625 0.9961832062499999 0.5520833328125 0.984732825 0.5416666671875 0.9580152671875 0.5364583328125 0.908396946875 0.5416666671875 0.8816793890625 0.5729166671875 0.84732824375 0.640625 0.8435114499999999 0.765625 0.8587786265625 0.765625 0.8435114499999999 0.7916666671875 0.84732824375 0.796875
1 0.740458015625 0.5208333328125 0.7786259546875 0.5208333328125 0.7862595421874999 0.4635416671875 0.8053435109375 0.4635416671875 0.8091603046875001 0.421875 0.755725190625 0.3854166671875 0.740458015625 0.3854166671875 0.7175572515625 0.3645833328125 0.7022900765625 0.3645833328125 0.6908396953125 0.375 0.6870229 0.4583333328125 0.6984732828125 0.4739583328125 0.7175572515625 0.4791666671875 0.740458015625 0.5208333328125
1 0.8778625953124999 0.5677083328125 0.8854961828125001 0.5625 0.8893129765625 0.5416666671875 0.8740458015625 0.4947916671875 0.8587786265625 0.4739583328125 0.7862595421874999 0.4739583328125 0.7824427484375 0.6875 0.8358778625 0.6927083328125 0.8511450375 0.625 0.8778625953124999 0.5677083328125
1 0.580152671875 0.546875 0.6450381671875001 0.5520833328125 0.65267175625 0.5625 0.6603053437499999 0.5520833328125 0.6603053437499999 0.4322916671875 0.599236640625 0.4270833328125 0.568702290625 0.4739583328125 0.564885496875 0.5364583328125 0.572519084375 0.546875 0.564885496875 0.5625 0.580152671875 0.546875
1 0.6870229 0.5677083328125 0.6374045796875001 0.5572916671875 0.580152671875 0.5572916671875 0.5381679390625 0.6354166671875 0.5076335875 0.6770833328125 0.5 0.703125 0.4923664125 0.9010416671874999 0.6717557249999999 0.9010416671874999 0.6908396953125 0.59375 0.6870229 0.5677083328125
1 0.39312977031249996 0.796875 0.40458015312500006 0.796875 0.41221374062500005 0.7864583328125 0.44656488593750004 0.7864583328125 0.4618320609375 0.7916666671875 0.4732824421875 0.8072916671874999 0.4923664125 0.703125 0.50381679375 0.671875 0.5381679390625 0.6197916671875 0.5381679390625 0.5208333328125 0.5076335875 0.4947916671875 0.44656488593750004 0.5 0.34351145 0.5885416671875 0.3371501265625 0.65625 0.33587786249999996 0.7552083328125 0.34351145 0.765625 0.38931297656249997 0.7864583328125 0.39312977031249996 0.796875
2 0.3702290078125 0.8020833328125001 0.35496183281250004 0.7760416671875 0.33969465625 0.765625 0.31679389375 0.7552083328125 0.27099236718749997 0.7552083328125 0.23664122187499997 0.796875 0.2175572515625 0.8489583328125001 0.20992366406250001 0.9010416671874999 0.328244275 0.90625 0.3664122140625 0.8854166671874999 0.3702290078125 0.8020833328125001