2 0.7127272734375001 0.34426229531249997 0.7527272734375 0.34426229531249997 0.749090909375 0.316939890625 0.73818181875 0.2950819671875 0.6945454546875001 0.2950819671875 0.6836363640625 0.32786885312499997 0.6836363640625 0.3715847 0.690909090625 0.3825136609375 0.7127272734375001 0.34426229531249997
1 0.41454545468750004 0.6939890703125 0.410909090625 0.7868852453125 0.41818181875000004 0.7978142078125 0.429090909375 0.8743169406250001 0.49818181875 0.8852459015624999 0.6145454546875 0.8743169406250001 0.6254545453125 0.8032786890624999 0.6327272734375 0.7868852453125 0.6363636359375 0.73770491875 0.6363636359375 0.40983606562499997 0.6254545453125 0.35519125625000003 0.5563636359374999 0.3497267765625 0.5054545453125 0.36612021875 0.42181818125000003 0.5245901640625 0.410909090625 0.5519125687499999 0.42181818125000003 0.595628415625 0.42181818125000003 0.6830601093750001 0.41454545468750004 0.6939890703125
2 0.2654545453125 0.770491803125 0.269090909375 0.781420765625 0.3127272734375 0.770491803125 0.3272727265625 0.7868852453125 0.3345454546875 0.7595628421875 0.3454545453125 0.7595628421875 0.3454545453125 0.6393442625 0.33818181875 0.595628415625 0.32 0.5573770484375 0.309090909375 0.5573770484375 0.29818181875 0.54098360625 0.2763636359375 0.54098360625 0.26181818125 0.5573770484375 0.24727272656250002 0.5573770484375 0.24 0.5737704921875 0.22181818125000002 0.584699453125 0.2145454546875 0.595628415625 0.2036363640625 0.6557377046874999 0.2036363640625 0.72677595625 0.24727272656250002 0.73770491875 0.25818181875 0.770491803125 0.2654545453125 0.770491803125
2 0.3963636359375 0.595628415625 0.4036363640625 0.54098360625 0.39272727343749997 0.44808743125 0.3345454546875 0.4426229515625 0.32 0.4808743171875 0.3163636359375 0.5519125687499999 0.3345454546875 0.5683060109375 0.349090909375 0.595628415625 0.3963636359375 0.595628415625
2 0.4036363640625 0.5136612015625001 0.41454545468750004 0.5136612015625001 0.41454545468750004 0.4316939890625 0.4 0.40983606562499997 0.3563636359375 0.40983606562499997 0.349090909375 0.42076502656250003 0.349090909375 0.4426229515625 0.39272727343749997 0.4426229515625 0.4036363640625 0.5136612015625001
2 0.4472727265625 0.464480875 0.45454545468749996 0.45355191250000004 0.45454545468749996 0.40437158437500004 0.4436363640625 0.3606557375 0.43636363593749994 0.3497267765625 0.40727272656249996 0.3497267765625 0.3963636359375 0.36612021875 0.389090909375 0.40437158437500004 0.4036363640625 0.40983606562499997 0.43272727343749995 0.464480875 0.4472727265625 0.464480875
2 0.38181818125 0.3825136609375 0.3963636359375 0.3606557375 0.39272727343749997 0.3497267765625 0.43636363593749994 0.34426229531249997 0.44000000000000006 0.32786885312499997 0.44000000000000006 0.3060109296875 0.429090909375 0.3060109296875 0.43636363593749994 0.2677595625 0.429090909375 0.2513661203125 0.3854545453125 0.25683060156250004 0.38181818125 0.2896174859375 0.389090909375 0.3060109296875 0.38181818125 0.316939890625 0.38181818125 0.3825136609375
2 0.389090909375 0.24043715781250002 0.410909090625 0.24043715781250002 0.410909090625 0.224043715625 0.3963636359375 0.19125683124999998 0.3672727265625 0.19125683124999998 0.36 0.20218579218750002 0.3563636359375 0.2513661203125 0.3672727265625 0.26229508125 0.370909090625 0.2896174859375 0.389090909375 0.24043715781250002
2 0.090909090625 0.34426229531249997 0.090909090625 0.322404371875 0.0763636359375 0.2896174859375 0.0654545453125 0.278688525 0.032727273437499996 0.2841530046875 0.02181818125 0.316939890625 0.02181818125 0.35519125625000003 0.0836363640625 0.3606557375 0.090909090625 0.34426229531249997
2 0.1272727265625 0.25683060156250004 0.11636363593750002 0.224043715625 0.08 0.224043715625 0.07272727343749999 0.25683060156250004 0.0763636359375 0.2841530046875 0.1272727265625 0.2841530046875 0.1272727265625 0.25683060156250004
2 0.2363636359375 0.9890710374999999 0.24 0.9672131140625 0.26181818125 0.9398907109374999 0.2654545453125 0.8961748640625 0.2654545453125 0.8415300546875001 0.2545454546875 0.8306010921875 0.26181818125 0.8032786890624999 0.24727272656250002 0.7431693984375001 0.1963636359375 0.7322404375 0.149090909375 0.7431693984375001 0.1236363640625 0.781420765625 0.09818181875000001 0.8907103828125 0.0945454546875 0.99453551875 0.14181818125 0.99453551875 0.149090909375 0.9836065578125 0.2363636359375 0.9890710374999999
2 0.090909090625 0.10928961718750001 0.0872727265625 0.1748633875 0.1272727265625 0.1748633875 0.1236363640625 0.10928961718750001 0.090909090625 0.10928961718750001
2 0.2145454546875 0.1147540984375 0.17818181875 0.1147540984375 0.1745454546875 0.14754098437500002 0.1854545453125 0.21857923437500001 0.2254545453125 0.21857923437500001 0.2145454546875 0.1147540984375
2 0.7236363640625 0.9258391859374999 0.7236363640625 0.9071038250000001 0.74181818125 0.9071038250000001 0.74181818125 0.9242779078125001 0.7454545453125 0.9071038250000001 0.76 0.9071038250000001 0.76 0.922716628125 0.7636363640625 0.9071038250000001 0.77818181875 0.9071038250000001 0.77818181875 0.92115535 0.78181818125 0.9071038250000001 0.7963636359375 0.9071038250000001 0.7963636359375 0.9207650265625 0.8327272734375001 0.9344262296875 0.8363636359375001 0.8907103828125 0.8254545453125001 0.8524590156249999 0.8254545453125001 0.7759562843750001 0.8290909093750001 0.765027321875 0.8400000000000001 0.781420765625 0.8400000000000001 0.765027321875 0.82181818125 0.7595628421875 0.8145454546875 0.7049180328125 0.8036363640624999 0.6885245906249999 0.7163636359375001 0.6885245906249999 0.70181818125 0.7486338796875 0.690909090625 0.8360655734375 0.6872727265624999 0.8797814203125001 0.69818181875 0.9071038250000001 0.6872727265624999 0.9289617484375 0.7236363640625 0.9258391859374999
2 0.85818181875 0.7049180328125 0.8727272734374999 0.721311475 0.8690909093749999 0.6393442625 0.8472727265625 0.5683060109375 0.7854545453124999 0.5683060109375 0.77818181875 0.590163934375 0.7672727265625 0.601092896875 0.7636363640625 0.677595628125 0.8036363640624999 0.6830601093750001 0.8254545453125001 0.7049180328125 0.85818181875 0.7049180328125
2 0.7854545453124999 0.5683060109375 0.81818181875 0.5573770484375 0.8109090906249999 0.497267759375 0.7963636359375 0.47540983593749997 0.7527272734375 0.47540983593749997 0.73818181875 0.5191256828124999 0.730909090625 0.5683060109375 0.73818181875 0.601092896875 0.7672727265625 0.595628415625 0.7854545453124999 0.5683060109375
2 0.7527272734375 0.47540983593749997 0.8072727265624999 0.47540983593749997 0.8072727265624999 0.45355191250000004 0.789090909375 0.40437158437500004 0.74181818125 0.40437158437500004 0.730909090625 0.42622950781249996 0.7236363640625 0.45901639375 0.7236363640625 0.497267759375 0.730909090625 0.508196721875 0.7527272734375 0.47540983593749997
2 0.7636363640625 0.398907103125 0.76 0.3606557375 0.749090909375 0.3333333328125 0.74181818125 0.34426229531249997 0.709090909375 0.34426229531249997 0.69818181875 0.3606557375 0.69818181875 0.4316939890625 0.72 0.4316939890625 0.73818181875 0.40983606562499997 0.7636363640625 0.398907103125
2 0.6836363640625 0.25683060156250004 0.6436363640625 0.26229508125 0.6436363640625 0.32786885312499997 0.6799999999999999 0.32786885312499997 0.690909090625 0.2950819671875 0.6836363640625 0.25683060156250004