2 0.6640926640625 1 0.6447876453125 0.969072165625 0.610038609375 0.9587628859375 0.525096525 0.9587628859375 0.478764478125 0.9742268046874999 0.47104247031249996 0.9845360828124999 0.47490347499999996 1 0.6640926640625 1
2 0.44787644843749996 1 0.42471042499999995 0.8814432984374999 0.409266409375 0.8505154640624999 0.3552123546875 0.845360825 0.33204633281249996 0.855670103125 0.3127413125 0.9020618562499999 0.3127413125 0.9587628859375 0.258687259375 0.9587628859375 0.247104246875 0.9742268046874999 0.2509652515625 1 0.44787644843749996 1
2 0.5328185328124999 0.9381443296875001 0.5289575296875 0.835051546875 0.4980694984375 0.7319587624999999 0.42084942031250006 0.7319587624999999 0.409266409375 0.757731959375 0.40540540468749997 0.8144329890625001 0.4169884171875 0.835051546875 0.44401544375 0.9381443296875001 0.5328185328124999 0.9381443296875001
1 0.590733590625 0.36597938124999996 0.60617760625 0.376288659375 0.6023166015625 0.3917525765625 0.6216216218749999 0.40721649531250004 0.6332046328125001 0.44329896875 0.6795366796875 0.453608246875 0.6949806953125 0.43298969062500003 0.7142857140625 0.4226804125 0.71814671875 0.40206185625 0.7374517375 0.3711340203125 0.7374517375 0.2268041234375 0.6640926640625 0.21649484531250002 0.5984555984375 0.257731959375 0.590733590625 0.2680412375 0.601213459375 0.29086892343750004 0.590733590625 0.3144329890625 0.590733590625 0.36597938124999996
1 0.996138996875 1 0.996138996875 0.94329896875 0.9729729734375001 0.912371134375 0.9266409265625001 0.8711340203125 0.8262548265625 0.8659793812500001 0.752895753125 0.876288659375 0.7297297296874999 0.8917525765625 0.8290126875 0.9285714281249999 0.8266838265625 0.9610538343749999 0.7661947640625 0.97823596875 0.76833976875 0.9948453609374999 0.7992277999999999 1 0.996138996875 1
1 0.625482625 0.9278350515625 0.640926640625 0.94329896875 0.6679536671874999 0.9948453609374999 0.7258687265625 0.989690721875 0.7297297296874999 0.8917525765625 0.7434577453125 0.87657503125 0.7567567562499999 0.876288659375 0.7546117531250001 0.8991981656249999 0.7992277999999999 0.9948453609374999 0.95066495 0.9072164953125 0.9729729734375001 0.9020618562499999 0.96911196875 0.8969072171875 0.9768339765625 0.8814432984374999 0.9729729734375001 0.855670103125 0.9613899609375001 0.835051546875 0.965250965625 0.82474226875 0.9420849421874999 0.798969071875 0.9343629343750001 0.778350515625 0.7451737453125 0.5618556703124999 0.652509653125 0.5515463921875 0.610038609375 0.5618556703124999 0.5984555984375 0.5824742265625 0.609609609375 0.605097365625 0.5945945953125 0.6391752578125 0.5945945953125 0.82474226875 0.625482625 0.9278350515625
1 0.4826254828125 0.164948453125 0.478764478125 0.13402061875 0.43629343593750003 0.1288659796875 0.3976833984375 0.144329896875 0.3976833984375 0.2268041234375 0.4169884171875 0.21649484531250002 0.47490347499999996 0.21649484531250002 0.4826254828125 0.164948453125
2 0.135135134375 0.8865979375 0.06177606249999999 0.8865979375 0.050193049999999996 0.8969072171875 0.0424710421875 0.9226804124999999 0.034749034375 0.9948453609374999 0.1583011578125 1 0.1583011578125 0.9587628859375 0.135135134375 0.8865979375
1 0.135135134375 0.30927835 0.2046332046875 0.286082475 0.23166023125000001 0.30927835 0.24324324375 0.30927835 0.2509652515625 0.298969071875 0.25482625468750003 0.257731959375 0.22393822343749997 0.278350515625 0.21621621562499999 0.2319587625 0.2509652515625 0.1855670109375 0.24324324375 0.17525773125 0.18918918906249999 0.17525773125 0.135135134375 0.19587628906250001 0.13127413125 0.2061855671875 0.1544401546875 0.2319587625 0.13127413125 0.2525773203125 0.135135134375 0.30927835
13 0.06949806875 0.55670103125 0.07722007656249999 0.567010309375 0.13127413125 0.567010309375 0.146718146875 0.6082474234374999 0.16216216249999998 0.546391753125 0.1737451734375 0.4226804125 0.1698841703125 0.36597938124999996 0.15057915 0.34020618593749996 0.09652509687500001 0.34020618593749996 0.07722007656249999 0.3711340203125 0.074903475 0.40103092812499996 0.0679536671875 0.49072164999999995 0.0733590734375 0.4948453609375 0.065637065625 0.52061855625 0.06949806875 0.55670103125
2 0.3976833984375 0.34020618593749996 0.4169884171875 0.31958762812499997 0.42084942031250006 0.3298969078125 0.4324324328125 0.31958762812499997 0.4324324328125 0.2628865984375 0.42471042499999995 0.2525773203125 0.39382239375 0.24226804062500001 0.3667953671875 0.29381443281249997 0.3552123546875 0.335051546875 0.359073359375 0.36597938124999996 0.38223938281250003 0.34020618593749996 0.3976833984375 0.34020618593749996
2 0.625482625 0.5 0.6293436296875 0.43298969062500003 0.6177606171875001 0.40721649531250004 0.60617760625 0.3969072171875 0.5714285718750001 0.3969072171875 0.559845559375 0.40721649531250004 0.55598455625 0.43298969062500003 0.5868725875 0.4381443296875 0.60617760625 0.4948453609375 0.625482625 0.5
2 0.43629343593750003 0.44329896875 0.44015444062500003 0.44742267968749994 0.44787644843749996 0.4278350515625 0.459459459375 0.43298969062500003 0.459459459375 0.44432989687499996 0.46332046406250005 0.43298969062500003 0.478764478125 0.43298969062500003 0.478764478125 0.4412371140625 0.4826254828125 0.43298969062500003 0.50579150625 0.44329896875 0.5135135140625 0.4381443296875 0.4980694984375 0.4381443296875 0.49420849375 0.4226804125 0.49420849375 0.35567010312499997 0.5135135140625 0.3298969078125 0.50579150625 0.3144329890625 0.45559845625 0.3144329890625 0.428571428125 0.3298969078125 0.409266409375 0.35567010312499997 0.40540540468749997 0.40721649531250004 0.3976833984375 0.4226804125 0.40540540468749997 0.463917525 0.43629343593750003 0.44329896875
2 0.4131274125 0.3505154640625 0.40154440156250004 0.34020618593749996 0.38610038593749996 0.34020618593749996 0.3706563703125 0.3505154640625 0.3629343625 0.3711340203125 0.359073359375 0.4226804125 0.38223938281250003 0.463917525 0.39382239375 0.463917525 0.4131274125 0.3505154640625
2 0.29343629375 0.52061855625 0.3050193046875 0.510309278125 0.3127413125 0.536082475 0.32432432499999997 0.5515463921875 0.3359073359375 0.5515463921875 0.359073359375 0.47938144375 0.37451737500000004 0.4742268046875 0.37451737500000004 0.45876288593750003 0.3513513515625 0.4278350515625 0.3127413125 0.43298969062500003 0.3011583015625 0.44329896875 0.277992278125 0.5051546390625 0.277992278125 0.530927834375 0.28571428593750003 0.5412371140625 0.29343629375 0.52061855625
2 0.25482625468750003 0.4278350515625 0.2625482625 0.38659793750000004 0.28571428593750003 0.34020618593749996 0.2741312734375 0.32474226875 0.28185328125 0.30927835 0.29343629375 0.3041237109375 0.2664092671875 0.3041237109375 0.2664092671875 0.32474226875 0.25482625468750003 0.32474226875 0.2355212359375 0.345360825 0.22007722031250002 0.38659793750000004 0.23166023125000001 0.39561855625 0.22007722031250002 0.4226804125 0.25482625468750003 0.4278350515625
2 0.28957528906249996 0.47938144375 0.3011583015625 0.44329896875 0.3127413125 0.43298969062500003 0.34362934375 0.4278350515625 0.347490346875 0.40721649531250004 0.3359073359375 0.3917525765625 0.297297296875 0.3917525765625 0.28571428593750003 0.3969072171875 0.2664092671875 0.43298969062500003 0.25482625468750003 0.463917525 0.25482625468750003 0.4845360828125 0.2741312734375 0.5 0.28957528906249996 0.47938144375
2 0.07722007656249999 0.36597938124999996 0.08880308906249999 0.335051546875 0.057915057812500004 0.335051546875 0.046332046875 0.345360825 0.034749034375 0.376288659375 0.038610039062500004 0.4484536078125 0.0733590734375 0.4381443296875 0.07722007656249999 0.36597938124999996
2 0.5096525093750001 0.6288659796875 0.525096525 0.5051546390625 0.4980694984375 0.4484536078125 0.4517374515625 0.44329896875 0.44401544375 0.453608246875 0.42084942031250006 0.45876288593750003 0.3976833984375 0.5154639171875 0.38223938281250003 0.5876288656249999 0.40154440156250004 0.6958762890625 0.47490347499999996 0.701030928125 0.5096525093750001 0.6288659796875
2 0.5945945953125 0.4484536078125 0.5868725875 0.4381443296875 0.5366795359375 0.4381443296875 0.525096525 0.47938144375 0.521235521875 0.5773195875 0.5945945953125 0.5824742265625 0.6023166015625 0.530927834375 0.5945945953125 0.4484536078125
2 0.40540540468749997 0.47938144375 0.3629343625 0.47938144375 0.34362934375 0.5412371140625 0.34362934375 0.5721649484375 0.37451737500000004 0.5773195875 0.389961390625 0.5515463921875 0.40540540468749997 0.47938144375
2 0.20077219999999998 0.510309278125 0.2084942078125 0.510309278125 0.21235521249999997 0.4948453609375 0.21235521249999997 0.38659793750000004 0.18918918906249999 0.3917525765625 0.1698841703125 0.44329896875 0.166023165625 0.5154639171875 0.1698841703125 0.530927834375 0.18918918906249999 0.530927834375 0.20077219999999998 0.510309278125
2 0.13127413125 0.69072165 0.13127413125 0.5876288656249999 0.1235521234375 0.5721649484375 0.06177606249999999 0.5721649484375 0.050193049999999996 0.5927835046875 0.038610039062500004 0.6391752578125 0.034749034375 0.7371134015624999 0.1235521234375 0.7268041234375 0.1235521234375 0.7061855671874999 0.13127413125 0.69072165
2 0.057915057812500004 0.8865979375 0.10038609999999999 0.8814432984374999 0.10424710468750001 0.82474226875 0.084942084375 0.7628865984375001 0.030888031249999996 0.757731959375 0.0038610031250000004 0.7680412375000001 0 0.97938144375 0.0270270265625 0.97938144375 0.046332046875 0.9020618562499999 0.057915057812500004 0.8865979375
2 0.2509652515625 0.9536082468749999 0.28185328125 0.9484536078125 0.28571428593750003 0.9226804124999999 0.2741312734375 0.835051546875 0.25482625468750003 0.7835051546875 0.1853281859375 0.778350515625 0.16216216249999998 0.82474226875 0.1583011578125 0.9175257734375 0.166023165625 0.9587628859375 0.23166023125000001 0.9742268046874999 0.2509652515625 0.9536082468749999
2 0.18146718125 0.778350515625 0.15366795312499998 0.8319587625 0.135135134375 0.845360825 0.15057915 0.8402061859375 0.190733590625 0.8051546390625001 0.18918918906249999 0.778350515625 0.2084942078125 0.778350515625 0.209266409375 0.7917525765625 0.21621621562499999 0.7731958765625 0.2393822390625 0.778350515625 0.22908622812499999 0.74570446875 0.2393822390625 0.69072165 0.227799228125 0.6288659796875 0.21621621562499999 0.6185567015625 0.16216216249999998 0.6185567015625 0.15057915 0.644329896875 0.135135134375 0.7371134015624999 0.15598455625000002 0.7288659796875 0.1768339765625 0.7412371140625 0.18146718125 0.778350515625
2 0.328185328125 0.8041237109375 0.3706563703125 0.8041237109375 0.38610038593749996 0.819587628125 0.39382239375 0.8144329890625001 0.3976833984375 0.7061855671874999 0.37451737500000004 0.5876288656249999 0.359073359375 0.5773195875 0.3127413125 0.5773195875 0.3050193046875 0.5876288656249999 0.29343629375 0.6391752578125 0.28957528906249996 0.6855670109374999 0.297297296875 0.8144329890625001 0.3050193046875 0.819587628125 0.328185328125 0.8041237109375
2 0.5868725875 0.6391752578125 0.5791505796875 0.6288659796875 0.5289575296875 0.6288659796875 0.5135135140625 0.6494845359375 0.4980694984375 0.7268041234375 0.5289575296875 0.8092783499999999 0.5868725875 0.8041237109375 0.5868725875 0.6391752578125