7 0.29333333281249996 0.5714285718750001 0.26444444375 0.5158730171875 0.29333333281249996 0.46428571406249997 0.27999999999999997 0.440476190625 0.2666666671875 0.440476190625 0.26 0.45238095312500004 0.25 0.577380953125 0.26 0.5833333328125 0.27 0.5714285718750001 0.29333333281249996 0.5714285718750001
7 0.2966666671875 0.6369047625 0.3066666671875 0.61904761875 0.3333333328125 0.6130952375 0.3466666671875 0.625 0.35 0.50595238125 0.3433333328125 0.4761904765625 0.3233333328125 0.48214285781250005 0.32 0.4702380953125 0.3133333328125 0.4702380953125 0.2966666671875 0.5178571421875 0.2966666671875 0.6011904765625 0.29 0.6011904765625 0.29 0.6369047625 0.2966666671875 0.6369047625
7 0.45 0.565476190625 0.45 0.4761904765625 0.44666666718750003 0.46428571406249997 0.44000000000000006 0.4702380953125 0.4266666671875 0.45238095312500004 0.41333333281250006 0.46428571406249997 0.4066666671875 0.5 0.4033333328125 0.547619046875 0.41 0.6130952375 0.43666666718749997 0.6130952375 0.45 0.565476190625
14 0.4033333328125 0.50595238125 0.42000000000000004 0.4047619046875 0.43333333281249997 0.3928571421875 0.44333333281250004 0.3928571421875 0.44666666718750003 0.4047619046875 0.4533333328125 0.3928571421875 0.46333333281250005 0.3928571421875 0.45999999999999996 0.375 0.43666666718749997 0.3630952375 0.38333333281250004 0.3571428578125 0.3633333328125 0.36904761875 0.35 0.41071428593750003 0.35 0.4583333328125 0.36 0.50595238125 0.4033333328125 0.50595238125
11 0.19 0.3928571421875 0.2 0.4047619046875 0.2166666671875 0.45238095312500004 0.2233333328125 0.49404761875 0.2366666671875 0.50595238125 0.24 0.5 0.22999999999999998 0.3571428578125 0.1566666671875 0.33928571406249997 0.1233333328125 0.3452380953125 0.1233333328125 0.375 0.15 0.38095238125 0.16 0.3928571421875 0.19 0.3928571421875
1 0.48 0.41071428593750003 0.5233333328125 0.4166666671875 0.5366666671875 0.440476190625 0.5433333328125001 0.50595238125 0.5566666671875 0.5119047625 0.5666666671875 0.48809523749999995 0.5733333328125 0.48809523749999995 0.5766666671875 0.434523809375 0.5833333328125 0.42261904687499996 0.5833333328125 0.3630952375 0.5566666671875 0.3333333328125 0.4966666671875 0.32142857187499996 0.45 0.327380953125 0.45 0.3630952375 0.46666666718750005 0.375 0.48 0.41071428593750003
1 0.61 0.5416666671875 0.6266666671875 0.559523809375 0.6433333328125 0.6011904765625 0.7133333328125 0.6011904765625 0.7386363640625 0.45589826718750004 0.9533333328125 0.5297619046875 0.9566666671874999 0.446428571875 0.9633333328125 0.446428571875 0.97 0.42261904687499996 0.9866666671875001 0.4166666671875 0.9866666671875001 0.3928571421875 0.9966666671875 0.3928571421875 0.99 0.375 0.9866666671875001 0.309523809375 0.9866666671875001 0.2797619046875 0.9966666671875 0.2321428578125 0.8233333328124999 0.24404761874999997 0.6033333328125 0.2380952375 0.5933333328125 0.25595238125 0.5900000000000001 0.428571428125 0.6 0.4702380953125 0.5966666671875 0.5416666671875 0.61 0.5416666671875
2 0.5333333328125 0.5416666671875 0.54 0.48809523749999995 0.5366666671875 0.446428571875 0.5166666671875 0.4166666671875 0.45999999999999996 0.41071428593750003 0.4566666671875 0.547619046875 0.5033333328125 0.559523809375 0.51 0.547619046875 0.5333333328125 0.5416666671875
9 0.3466666671875 0.5 0.3466666671875 0.3928571421875 0.3266666671875 0.3928571421875 0.3166666671875 0.41071428593750003 0.3133333328125 0.4583333328125 0.32 0.48214285781250005 0.3366666671875 0.48214285781250005 0.3466666671875 0.5
2 0.06999999999999999 0.7261904765625 0.0933333328125 0.6666666671875 0.16 0.6428571421875 0.19 0.6428571421875 0.2 0.6607142859375 0.2133333328125 0.6607142859375 0.22000000000000003 0.6488095234375 0.2266666671875 0.6130952375 0.2266666671875 0.5416666671875 0.2166666671875 0.4583333328125 0.1933333328125 0.3988095234375 0.08 0.375 0.0266666671875 0.38095238125 0.0033333328125 0.3928571421875 0 0.684523809375 0.0233333328125 0.684523809375 0.0433333328125 0.7202380953125 0.06999999999999999 0.7261904765625
11 0.73 0.6785714281249999 0.7466666671875 0.684523809375 0.7633333328125 0.6547619046875 0.8 0.6488095234375 0.8133333328125 0.672619046875 0.9199999999999999 0.6666666671875 0.9400000000000001 0.7142857140625 0.9533333328125 0.7083333328125 0.9533333328125 0.5238095234375 0.95 0.50595238125 0.9333333328125001 0.48809523749999995 0.9366666671875 0.48214285781250005 0.93 0.4702380953125 0.93 0.446428571875 0.9366666671875 0.440476190625 0.9333333328125001 0.41071428593750003 0.9233333328125 0.3928571421875 0.9 0.3869047625 0.7533333328125 0.3988095234375 0.7433333328125 0.4166666671875 0.7266666671875 0.5357142859375 0.7397435906250001 0.575549453125 0.7233333328125 0.5833333328125 0.7233333328125 0.6607142859375 0.73 0.6785714281249999
9 0.43333333281249997 0.46428571406249997 0.44333333281250004 0.46428571406249997 0.4533333328125 0.45238095312500004 0.45 0.3928571421875 0.43 0.3928571421875 0.4266666671875 0.3988095234375 0.43333333281249997 0.446428571875 0.4266666671875 0.45238095312500004 0.43333333281249997 0.46428571406249997