2 0.46181818124999996 0.3060109296875 0.54181818125 0.3005464484375 0.54181818125 0.27322404375 0.5272727265625 0.24043715781250002 0.48 0.24043715781250002 0.48 0.2131147546875 0.4654545453125 0.2131147546875 0.4654545453125 0.25683060156250004 0.450909090625 0.26229508125 0.45454545468749996 0.316939890625 0.46181818124999996 0.3060109296875
2 0.8872727265625 0.54098360625 0.9127272734374999 0.601092896875 0.930909090625 0.595628415625 0.930909090625 0.54098360625 0.9090909093749999 0.5327868859375 0.9272727265625 0.4699453546875 0.9199999999999999 0.45355191250000004 0.8363636359375001 0.45355191250000004 0.81818181875 0.535519125 0.81818181875 0.6502732234375 0.8472727265625 0.6393442625 0.8727272734374999 0.5464480875 0.8872727265625 0.54098360625
2 0.7563636359375 0.5245901640625 0.77818181875 0.5245901640625 0.7927272734375 0.464480875 0.7854545453124999 0.3606557375 0.770909090625 0.3497267765625 0.7127272734375001 0.3497267765625 0.6945454546875001 0.398907103125 0.6836363640625 0.45355191250000004 0.6799999999999999 0.5191256828124999 0.709090909375 0.5245901640625 0.7345454546875 0.47540983593749997 0.7563636359375 0.5245901640625
2 0.8363636359375001 0.38797814218750004 0.8363636359375001 0.322404371875 0.82181818125 0.2677595625 0.8036363640624999 0.23497267812499997 0.7527272734375 0.229508196875 0.74181818125 0.23497267812499997 0.7345454546875 0.2513661203125 0.7345454546875 0.2950819671875 0.789090909375 0.2896174859375 0.8072727265624999 0.3715847 0.8363636359375001 0.38797814218750004
2 0.6581818187499999 0.9398907109374999 0.6727272734375 0.9672131140625 0.6799999999999999 0.9672131140625 0.69818181875 0.868852459375 0.7054545453125 0.7103825140625 0.6945454546875001 0.6284153 0.6836363640625 0.6174863390625001 0.669090909375 0.6174863390625001 0.669090909375 0.5792349734375 0.6581818187499999 0.5792349734375 0.6436363640625 0.6120218578125 0.6072727265625 0.6120218578125 0.5890909093750001 0.6229508203125 0.5599999999999999 0.6830601093750001 0.54181818125 0.7431693984375001 0.5236363640625 0.8524590156249999 0.6327272734375 0.857923496875 0.6472727265625 0.8907103828125 0.6581818187499999 0.9398907109374999
2 0.39272727343749997 0.9344262296875 0.43636363593749994 0.9508196718749999 0.45818181874999997 0.9453551906250001 0.4654545453125 0.961748634375 0.4727272734375 0.961748634375 0.4836363640625 0.8852459015624999 0.5054545453125 0.8469945359375 0.509090909375 0.8032786890624999 0.509090909375 0.7103825140625 0.4945454546875 0.6502732234375 0.4836363640625 0.6393442625 0.39272727343749997 0.6393442625 0.349090909375 0.7103825140625 0.309090909375 0.8360655734375 0.3054545453125 0.9562841531249999 0.3236363640625 0.961748634375 0.349090909375 0.9344262296875 0.39272727343749997 0.9344262296875
2 0.0836363640625 0.9562841531249999 0.10545454531250001 0.9234972671874999 0.2036363640625 0.9672131140625 0.2072727265625 0.9562841531249999 0.18181818125 0.9508196718749999 0.189090909375 0.9426229515625 0.17090909062499998 0.9508196718749999 0.17090909062499998 0.9289617484375 0.16363636406249998 0.9453551906250001 0.1563636359375 0.9453551906250001 0.14181818125 0.9234972671874999 0.1527272734375 0.9153005468750001 0.144242425 0.8770491796875 0.2145454546875 0.7759562843750001 0.2145454546875 0.7540983609375 0.1854545453125 0.6174863390625001 0.0872727265625 0.6174863390625001 0.0763636359375 0.63387978125 0.08 0.65519125625 0.07272727343749999 0.6557377046874999 0.054545454687499995 0.6830601093750001 0.0472727265625 0.7049180328125 0.0254545453125 0.81420765 0.029090909375 0.8426229515625 0.02181818125 0.8415300546875001 0.018181818750000002 0.857923496875 0.02181818125 0.8693989078125 0.0145454546875 0.9125683062500001 0.0472727265625 0.9562841531249999 0.0363636359375 0.9726775953125 0.050909090625 0.9562841531249999 0.0836363640625 0.9562841531249999
2 0.17818181875 0.5737704921875 0.23272727343750002 0.5737704921875 0.24 0.54098360625 0.250909090625 0.5245901640625 0.250909090625 0.4699453546875 0.2254545453125 0.398907103125 0.16 0.40437158437500004 0.13818181875 0.464480875 0.1345454546875 0.502732240625 0.1563636359375 0.5136612015625001 0.1672727265625 0.5300546453125 0.17818181875 0.5737704921875
2 0.8763636359375001 0.4426229515625 0.890909090625 0.45355191250000004 0.90181818125 0.44808743125 0.9036363640625 0.461748634375 0.9345454546875 0.502732240625 0.94181818125 0.535519125 0.9636363640625 0.5300546453125 0.9672727265625 0.5245901640625 0.9402597421875001 0.4808743171875 0.949090909375 0.461748634375 0.9672727265625 0.45901639375 0.96 0.3825136609375 0.949090909375 0.3387978140625 0.94181818125 0.32786885312499997 0.8836363640625 0.3333333328125 0.8727272734374999 0.3715847 0.8862337671875 0.3934426234375 0.8727272734374999 0.42076502656250003 0.8763636359375001 0.4426229515625
2 0.1345454546875 0.45901639375 0.14181818125 0.44808743125 0.149090909375 0.42076502656250003 0.17090909062499998 0.398907103125 0.17090909062499998 0.36612021875 0.16363636406249998 0.3005464484375 0.1563636359375 0.2841530046875 0.10181818125 0.2841530046875 0.0945454546875 0.3060109296875 0.0872727265625 0.3606557375 0.0872727265625 0.4699453546875 0.10545454531250001 0.4699453546875 0.1345454546875 0.45901639375
2 0.0654545453125 0.2677595625 0.054545454687499995 0.229508196875 0.0472727265625 0.21857923437500001 0.0036363640625 0.224043715625 0 0.32786885312499997 0.05818181875 0.32786885312499997 0.0654545453125 0.3005464484375 0.0654545453125 0.2677595625
2 0.1945454546875 0.30737704843749997 0.1927272734375 0.322404371875 0.1992727265625 0.32677595625 0.189090909375 0.3387978140625 0.19418181875 0.35737704843749996 0.189090909375 0.38797814218750004 0.27272727343750003 0.40983606562499997 0.28363636406250003 0.3825136609375 0.28363636406250003 0.31147540937499996 0.2763636359375 0.2677595625 0.26181818125 0.2459016390625 0.25818181875 0.21857923437500001 0.2654545453125 0.20218579218750002 0.2145454546875 0.20218579218750002 0.2145454546875 0.23497267812499997 0.2036363640625 0.2459016390625 0.2094545453125 0.26557377031249996 0.2 0.27595628437499997 0.2043636359375 0.29617486406250004 0.1945454546875 0.30737704843749997
2 0.82181818125 0.8524590156249999 0.8363636359375001 0.8469945359375 0.9236363640624999 0.8469945359375 0.9381818187500001 0.8306010921875 0.94181818125 0.81420765 0.9272727265625 0.6612021859375 0.9054545453125 0.6502732234375 0.8400000000000001 0.6502732234375 0.8290909093750001 0.6666666671875 0.7963636359375 0.765027321875 0.7927272734375 0.8797814203125001 0.8 0.8852459015624999 0.8109090906249999 0.8852459015624999 0.82181818125 0.8524590156249999
2 0.3963636359375 0.43715847031250005 0.3963636359375 0.398907103125 0.38181818125 0.3606557375 0.32 0.36612021875 0.3054545453125 0.40983606562499997 0.309090909375 0.44808743125 0.32 0.43715847031250005 0.3963636359375 0.43715847031250005
2 0.6472727265625 1 0.6472727265625 0.9180327875 0.6363636359375 0.8743169406250001 0.62181818125 0.863387978125 0.52 0.863387978125 0.4763636359375 0.961748634375 0.4763636359375 1 0.6472727265625 1
2 0.3636363640625 0.21857923437500001 0.3527272734375 0.1748633875 0.3163636359375 0.1748633875 0.3054545453125 0.19125683124999998 0.30181818125 0.26229508125 0.33818181875 0.26229508125 0.3527272734375 0.21857923437500001 0.3636363640625 0.21857923437500001
2 0.37818181875 0.278688525 0.37818181875 0.291438978125 0.389090909375 0.278688525 0.4036363640625 0.316939890625 0.41454545468750004 0.31147540937499996 0.41454545468750004 0.2677595625 0.4036363640625 0.21857923437500001 0.349090909375 0.224043715625 0.349090909375 0.2513661203125 0.34181818124999996 0.26229508125 0.3454545453125 0.278688525 0.37818181875 0.278688525
2 0.6654545453125 0.2459016390625 0.6727272734375 0.2677595625 0.7272727265625 0.26229508125 0.73818181875 0.23497267812499997 0.73818181875 0.21857923437500001 0.7236363640625 0.16393442656249999 0.7054545453125 0.142076503125 0.6581818187499999 0.142076503125 0.6654545453125 0.1584699453125 0.6545454546875 0.1748633875 0.650909090625 0.23497267812499997 0.6654545453125 0.2459016390625
2 0.8727272734374999 0.2513661203125 0.9236363640624999 0.21857923437500001 0.9199999999999999 0.18032786875 0.90181818125 0.136612021875 0.8872727265625 0.125683059375 0.8436363640625 0.131147540625 0.8363636359375001 0.142076503125 0.8363636359375001 0.19125683124999998 0.8545454546875 0.2513661203125 0.8727272734374999 0.2513661203125
2 0.9854545453125001 0.3715847 0.989090909375 0.35519125625000003 0.9963636359375 0.35519125625000003 0.9963636359375 0.26229508125 0.9854545453125001 0.2459016390625 0.96 0.229508196875 0.9272727265625 0.2459016390625 0.9127272734374999 0.2677595625 0.9090909093749999 0.3060109296875 0.949090909375 0.32786885312499997 0.96 0.3715847 0.9854545453125001 0.3715847
2 0.781090909375 0.40546448125 0.78618181875 0.4 0.8 0.4316939890625 0.8036363640624999 0.3715847 0.7963636359375 0.3606557375 0.789090909375 0.2896174859375 0.74181818125 0.2896174859375 0.72 0.322404371875 0.72 0.3497267765625 0.7527272734375 0.3497267765625 0.7512727265625 0.3693989078125 0.781090909375 0.40546448125
2 0.16363636406249998 0.2896174859375 0.1563636359375 0.24043715781250002 0.10545454531250001 0.24043715781250002 0.090909090625 0.26229508125 0.0945454546875 0.2950819671875 0.10181818125 0.2841530046875 0.16363636406249998 0.2896174859375
2 0 0.508196721875 0.032727273437499996 0.491803278125 0.032727273437499996 0.40983606562499997 0.029090909375 0.3770491796875 0.018181818750000002 0.35519125625000003 0 0.35519125625000003 0 0.508196721875
2 0.0836363640625 0.6120218578125 0.17090909062499998 0.6120218578125 0.1672727265625 0.5464480875 0.1454545453125 0.508196721875 0.0763636359375 0.508196721875 0.05818181875 0.5737704921875 0.054545454687499995 0.6666666671875 0.0654545453125 0.6557377046874999 0.0763636359375 0.6174863390625001 0.0836363640625 0.6120218578125
2 0.3854545453125 0.64480874375 0.3963636359375 0.63387978125 0.41454545468750004 0.63387978125 0.41454545468750004 0.5792349734375 0.3963636359375 0.48633879843749994 0.3236363640625 0.4808743171875 0.3127272734375 0.497267759375 0.3054545453125 0.54098360625 0.29454545468750004 0.64480874375 0.29818181875 0.7322404375 0.3236363640625 0.73770491875 0.3854545453125 0.64480874375
1 0.4763636359375 0.5191256828124999 0.4727272734375 0.5628415296875 0.4872727265625 0.6284153 0.52 0.6284153 0.54181818125 0.6174863390625001 0.5854545453125 0.6229508203125 0.6 0.6120218578125 0.6327272734375 0.5628415296875 0.61818181875 0.38797814218750004 0.6036363640625 0.3387978140625 0.5890909093750001 0.3060109296875 0.5454545453125 0.3005464484375 0.46909090937500003 0.3060109296875 0.4763636359375 0.316939890625 0.46909090937500003 0.34426229531249997 0.4763636359375 0.5191256828124999
7 0.27999999999999997 0.8907103828125 0.290909090625 0.8907103828125 0.2872727265625 0.8852459015624999 0.29454545468750004 0.8797814203125001 0.30181818125 0.8469945359375 0.29818181875 0.8032786890624999 0.27272727343750003 0.7868852453125 0.250909090625 0.7868852453125 0.24363636406250003 0.7978142078125 0.23272727343750002 0.8524590156249999 0.23272727343750002 0.9344262296875 0.25818181875 0.9508196718749999 0.27272727343750003 0.90163934375 0.27999999999999997 0.8907103828125
7 0.7745454546875 0.8251366125 0.7927272734375 0.7759562843750001 0.7927272734375 0.7322404375 0.78181818125 0.6885245906249999 0.7563636359375 0.6830601093750001 0.7454545453125 0.72677595625 0.7345454546875 0.8087431687500001 0.7527272734375 0.8032786890624999 0.76 0.8251366125 0.7745454546875 0.8251366125
9 0.16363636406249998 1 0.1527272734375 0.9453551906250001 0.14181818125 0.9289617484375 0.1345454546875 0.9289617484375 0.1272727265625 0.8907103828125 0.1127272734375 0.8961748640625 0.10545454531250001 0.9289617484375 0.0872727265625 0.9562841531249999 0.0763636359375 0.9890710374999999 0.0836363640625 1 0.16363636406249998 1
9 0.290909090625 0.781420765625 0.2872727265625 0.7486338796875 0.2763636359375 0.7322404375 0.250909090625 0.7322404375 0.2363636359375 0.7540983609375 0.23272727343750002 0.781420765625 0.24 0.7923497265624999 0.27999999999999997 0.7923497265624999 0.290909090625 0.781420765625
9 0.269090909375 0.721311475 0.2872727265625 0.72677595625 0.29454545468750004 0.6885245906249999 0.27999999999999997 0.6174863390625001 0.269090909375 0.6065573765625001 0.2545454546875 0.6284153 0.24 0.677595628125 0.24 0.7049180328125 0.2654545453125 0.7049180328125 0.269090909375 0.721311475
9 0.90181818125 0.601092896875 0.90181818125 0.5792349734375 0.8872727265625 0.5464480875 0.8872727265625 0.5245901640625 0.8836363640625 0.5191256828124999 0.8727272734374999 0.5300546453125 0.8654545453125 0.5628415296875 0.8654545453125 0.6065573765625001 0.8800000000000001 0.6120218578125 0.90181818125 0.601092896875
9 0.4472727265625 0.44808743125 0.450909090625 0.398907103125 0.44000000000000006 0.3606557375 0.4254545453125 0.35519125625000003 0.41818181875000004 0.3934426234375 0.41818181875000004 0.4426229515625 0.429090909375 0.47540983593749997 0.4472727265625 0.44808743125