2 0.5127272734375 0.47540983593749997 0.54181818125 0.464480875 0.549090909375 0.4316939890625 0.549090909375 0.36612021875 0.52 0.3497267765625 0.46909090937500003 0.35519125625000003 0.46181818124999996 0.3770491796875 0.4763636359375 0.38797814218750004 0.48 0.464480875 0.5127272734375 0.47540983593749997
9 0.22181818125000002 0.8032786890624999 0.21090909062500002 0.7595628421875 0.2 0.7595628421875 0.1927272734375 0.770491803125 0.189090909375 0.8087431687500001 0.1745454546875 0.8306010921875 0.17090909062499998 0.857923496875 0.24727272656250002 0.857923496875 0.24 0.8251366125 0.22181818125000002 0.8032786890624999
9 0.4 0.7180327875 0.39272727343749997 0.781420765625 0.4036363640625 0.8087431687500001 0.410909090625 0.8087431687500001 0.42181818125000003 0.64480874375 0.40727272656249996 0.6284153 0.4036363640625 0.595628415625 0.3963636359375 0.590163934375 0.389090909375 0.595628415625 0.3854545453125 0.63387978125 0.37818181875 0.6393442625 0.3745454546875 0.6666666671875 0.38181818125 0.677595628125 0.389090909375 0.716939890625 0.4 0.7180327875
9 0.669090909375 1 0.669090909375 0.9234972671874999 0.6581818187499999 0.9125683062500001 0.650909090625 0.868852459375 0.6436363640625 0.863387978125 0.6363636359375 0.8743169406250001 0.6327272734375 0.9125683062500001 0.62181818125 0.9398907109374999 0.62181818125 1 0.669090909375 1
9 0.629090909375 0.8087431687500001 0.6327272734375 0.8251366125 0.6436363640625 0.8360655734375 0.637402596875 0.7798594859375 0.6472727265625 0.770491803125 0.6342857125 0.7517564421875 0.650909090625 0.72677595625 0.6618181812499999 0.6666666671875 0.6545454546875 0.6393442625 0.6545454546875 0.601092896875 0.6436363640625 0.590163934375 0.6254545453125 0.6284153 0.62181818125 0.6612021859375 0.626666665625 0.7231329671875 0.6311688328125 0.72365339375 0.629090909375 0.8087431687500001
9 0.7163636359375001 0.7759562843750001 0.7272727265625 0.72677595625 0.730909090625 0.672131146875 0.7236363640625 0.6557377046874999 0.72 0.6120218578125 0.7054545453125 0.6120218578125 0.6945454546875001 0.672131146875 0.6945454546875001 0.7158469953125 0.70181818125 0.770491803125 0.7163636359375001 0.7759562843750001
7 0.4436363640625 0.9289617484375 0.4654545453125 0.90163934375 0.4763636359375 0.9398907109374999 0.49818181875 0.9398907109374999 0.5163636359375 0.8852459015624999 0.53818181875 0.857923496875 0.53818181875 0.8306010921875 0.5272727265625 0.81420765 0.5163636359375 0.81420765 0.50181818125 0.7868852453125 0.4945454546875 0.8251366125 0.46181818124999996 0.8360655734375 0.429090909375 0.81420765 0.410909090625 0.81420765 0.4 0.8415300546875001 0.3963636359375 0.8852459015624999 0.42181818125000003 0.9125683062500001 0.41818181875000004 0.9289617484375 0.4436363640625 0.9289617484375
7 0.3745454546875 0.6393442625 0.38181818125 0.6120218578125 0.38181818125 0.5573770484375 0.3745454546875 0.535519125 0.34181818124999996 0.535519125 0.3345454546875 0.6393442625 0.3345454546875 0.6502732234375 0.34181818124999996 0.6557377046874999 0.3745454546875 0.6393442625
7 0.5563636359374999 1 0.5636363640625001 0.9726775953125 0.5599999999999999 0.9071038250000001 0.54181818125 0.8907103828125 0.5236363640625 0.8907103828125 0.509090909375 0.90163934375 0.50181818125 0.9125683062500001 0.49090909062500004 0.9071038250000001 0.4727272734375 0.9125683062500001 0.46909090937500003 0.9344262296875 0.45818181874999997 0.9344262296875 0.45454545468749996 0.9180327875 0.4436363640625 0.9453551906250001 0.43636363593749994 0.9234972671874999 0.41575757500000005 0.9180327875 0.4036363640625 0.8961748640625 0.395151515625 0.9125683062500001 0.37818181875 0.8961748640625 0.3745454546875 0.9071038250000001 0.36 0.9125683062500001 0.3539393921875 0.90163934375 0.349090909375 0.9125683062500001 0.33818181875 0.9071038250000001 0.33090909062499996 0.8852459015624999 0.3127272734375 0.8907103828125 0.3054545453125 0.9125683062500001 0.3127272734375 1 0.4036363640625 1 0.410909090625 0.9398907109374999 0.43636363593749994 0.9398907109374999 0.43272727343749995 0.99453551875 0.46909090937500003 1 0.48 0.9836065578125 0.48 0.961748634375 0.5036363640625 0.94808743125 0.5054545453125 0.9836065578125 0.5236363640625 1 0.5563636359374999 1
2 0.429090909375 0.6502732234375 0.45818181874999997 0.595628415625 0.46909090937500003 0.601092896875 0.4727272734375 0.6666666671875 0.4836363640625 0.6612021859375 0.5054545453125 0.672131146875 0.52 0.6284153 0.5345454546874999 0.6229508203125 0.5345454546874999 0.535519125 0.5163636359375 0.47540983593749997 0.5054545453125 0.4699453546875 0.450909090625 0.4699453546875 0.429090909375 0.4808743171875 0.410909090625 0.5136612015625001 0.39272727343749997 0.5683060109375 0.389090909375 0.590163934375 0.4036363640625 0.595628415625 0.410909090625 0.6229508203125 0.429090909375 0.6502732234375
2 0.08 0.8524590156249999 0.1672727265625 0.8469945359375 0.1963636359375 0.765027321875 0.1963636359375 0.7486338796875 0.1745454546875 0.6994535515625 0.149090909375 0.677595628125 0.0836363640625 0.677595628125 0.0036363640625 0.6994535515625 0 0.8961748640625 0.032727273437499996 0.8743169406250001 0.06181818125000001 0.868852459375 0.08 0.8524590156249999
9 0.18181818125 0.497267759375 0.18181818125 0.4808743171875 0.1745454546875 0.4699453546875 0.1745454546875 0.5628415296875 0.1927272734375 0.5519125687499999 0.1927272734375 0.508196721875 0.18181818125 0.497267759375
7 0.389090909375 0.8524590156249999 0.4 0.8360655734375 0.4036363640625 0.81420765 0.43272727343749995 0.8087431687500001 0.43636363593749994 0.7978142078125 0.41818181875000004 0.8087431687500001 0.4036363640625 0.7923497265624999 0.4 0.7759562843750001 0.43636363593749994 0.7322404375 0.429090909375 0.6885245906249999 0.41454545468750004 0.6994535515625 0.389090909375 0.6994535515625 0.37818181875 0.672131146875 0.3672727265625 0.672131146875 0.36 0.6830601093750001 0.3563636359375 0.73770491875 0.38618181875 0.784699453125 0.3527272734375 0.8196721312499999 0.3563636359375 0.863387978125 0.389090909375 0.8524590156249999
7 0.5745454546875 0.595628415625 0.5636363640625001 0.5701275031249999 0.57818181875 0.5628415296875 0.5745454546875 0.5245901640625 0.5454545453125 0.5136612015625001 0.54181818125 0.5573770484375 0.549090909375 0.601092896875 0.5672727265625 0.590163934375 0.5745454546875 0.595628415625
9 0.789090909375 0.6530054640625 0.77818181875 0.672131146875 0.8036363640624999 0.7103825140625 0.7963636359375 0.6816939890625 0.8109090906249999 0.6557377046874999 0.8145454546875 0.5792349734375 0.8109090906249999 0.5628415296875 0.8036363640624999 0.5573770484375 0.8 0.5300546453125 0.789090909375 0.5245901640625 0.7854545453124999 0.5573770484375 0.7745454546875 0.5737704921875 0.7745454546875 0.595628415625 0.789090909375 0.6530054640625
11 0.2 0.7486338796875 0.2254545453125 0.7049180328125 0.2412121203125 0.7103825140625 0.2872727265625 0.770491803125 0.290909090625 0.7595628421875 0.26181818125 0.7049180328125 0.27272727343750003 0.6748633875000001 0.290909090625 0.6666666671875 0.27999999999999997 0.5683060109375 0.269090909375 0.5519125687499999 0.1927272734375 0.5519125687499999 0.1745454546875 0.5628415296875 0.1563636359375 0.590163934375 0.1563636359375 0.672131146875 0.17818181875 0.6994535515625 0.2 0.7486338796875
11 0.24363636406250003 0.3715847 0.2654545453125 0.35519125625000003 0.2654545453125 0.34426229531249997 0.2254545453125 0.34426229531249997 0.2145454546875 0.35519125625000003 0.21090909062500002 0.4699453546875 0.2254545453125 0.47540983593749997 0.2363636359375 0.44808743125 0.24363636406250003 0.3715847
11 0.4036363640625 0.497267759375 0.4036363640625 0.5245901640625 0.43272727343749995 0.47540983593749997 0.4763636359375 0.464480875 0.4763636359375 0.38797814218750004 0.410909090625 0.3825136609375 0.40727272656249996 0.3934426234375 0.4036363640625 0.45901639375 0.41818181875000004 0.491803278125 0.41454545468750004 0.502732240625 0.4036363640625 0.497267759375
9 0.23272727343750002 0.8087431687500001 0.23324675312499998 0.8321623718750001 0.24727272656250002 0.863387978125 0.24727272656250002 0.8797814203125001 0.26181818125 0.9234972671874999 0.26181818125 0.9398907109374999 0.250909090625 0.9344262296875 0.26181818125 0.9508196718749999 0.27272727343750003 0.9289617484375 0.26181818125 0.9180327875 0.2628571421875 0.9047619078125001 0.2529870140625 0.880562059375 0.27272727343750003 0.868852459375 0.27272727343750003 0.7322404375 0.2654545453125 0.7158469953125 0.2545454546875 0.7103825140625 0.250909090625 0.6830601093750001 0.24 0.6666666671875 0.2254545453125 0.7158469953125 0.2072727265625 0.7431693984375001 0.2036363640625 0.765027321875 0.21090909062500002 0.7595628421875 0.22337662187500001 0.8079625296874999 0.23272727343750002 0.8087431687500001
9 0.45818181874999997 0.8306010921875 0.4654545453125 0.8087431687500001 0.446753246875 0.770491803125 0.450909090625 0.6612021859375 0.4654545453125 0.64480874375 0.46909090937500003 0.6065573765625001 0.46181818124999996 0.595628415625 0.450909090625 0.6065573765625001 0.43636363593749994 0.63387978125 0.43636363593749994 0.677595628125 0.450909090625 0.8251366125 0.45818181874999997 0.8306010921875
9 0.4787878796875 0.7978142078125 0.48 0.8306010921875 0.4945454546875 0.7868852453125 0.4872727265625 0.677595628125 0.48 0.6666666671875 0.46909090937500003 0.6994535515625 0.4745454546875 0.765027321875 0.46909090937500003 0.770491803125 0.4787878796875 0.7978142078125
9 0.7163636359375001 1 0.7345454546875 0.961748634375 0.7345454546875 0.9453551906250001 0.7272727265625 0.9234972671874999 0.7127272734375001 0.9125683062500001 0.7054545453125 0.8797814203125001 0.690909090625 0.8797814203125001 0.6872727265624999 0.9125683062500001 0.6763636359375 0.9234972671874999 0.6836363640625 1 0.7163636359375001 1
9 0.7527272734375 0.8797814203125001 0.73818181875 0.8469945359375 0.7272727265625 0.8524590156249999 0.7236363640625 0.90163934375 0.7272727265625 0.9234972671874999 0.74181818125 0.9453551906250001 0.7527272734375 0.8797814203125001
9 0.8400000000000001 0.672131146875 0.85818181875 0.63387978125 0.86181818125 0.5300546453125 0.8400000000000001 0.5300546453125 0.8400000000000001 0.5628415296875 0.8290909093750001 0.590163934375 0.8290909093750001 0.672131146875 0.8400000000000001 0.672131146875
9 0.1745454546875 0.44808743125 0.16363636406249998 0.4699453546875 0.18181818125 0.464480875 0.18181818125 0.44808743125 0.17090909062499998 0.4316939890625 0.18181818125 0.40983606562499997 0.18181818125 0.3770491796875 0.17090909062499998 0.34426229531249997 0.16363636406249998 0.34426229531249997 0.1563636359375 0.36612021875 0.1563636359375 0.40437158437500004 0.16 0.43715847031250005 0.1745454546875 0.44808743125
9 0.1454545453125 0.42622950781249996 0.14181818125 0.398907103125 0.1321212109375 0.4007285953125 0.1345454546875 0.3715847 0.1272727265625 0.40983606562499997 0.130909090625 0.47540983593749997 0.13818181875 0.47540983593749997 0.1454545453125 0.42622950781249996
2 0.8654545453125 0.34426229531249997 0.8654545453125 0.2896174859375 0.85818181875 0.278688525 0.81818181875 0.278688525 0.8072727265624999 0.3060109296875 0.8036363640624999 0.3333333328125 0.8109090906249999 0.3497267765625 0.85818181875 0.35519125625000003 0.8654545453125 0.34426229531249997
2 0.74181818125 0.2677595625 0.69818181875 0.2677595625 0.6945454546875001 0.2896174859375 0.70181818125 0.3005464484375 0.73818181875 0.3005464484375 0.74181818125 0.2677595625
2 0.5963636359375 0.322404371875 0.610909090625 0.2896174859375 0.5745454546875 0.2841530046875 0.5636363640625001 0.2950819671875 0.5599999999999999 0.316939890625 0.5236363640625 0.32786885312499997 0.52 0.3497267765625 0.5927272734375 0.38797814218750004 0.6 0.3606557375 0.5963636359375 0.322404371875
11 0 0.6994535515625 0.0436363640625 0.6830601093750001 0.1127272734375 0.672131146875 0.1127272734375 0.590163934375 0.10545454531250001 0.5792349734375 0.0145454546875 0.5683060109375 0 0.5792349734375 0 0.6994535515625
9 0.6145454546875 1 0.6036363640625 0.9699453546875001 0.6145454546875 0.9562841531249999 0.6327272734375 0.8961748640625 0.6327272734375 0.863387978125 0.62181818125 0.8032786890624999 0.6036363640625 0.8087431687500001 0.6 0.8469945359375 0.5854545453125 0.857923496875 0.5745454546875 0.8852459015624999 0.5672727265625 0.9234972671874999 0.5709090906250001 0.9289617484375 0.57818181875 0.9071038250000001 0.5890909093750001 0.8961748640625 0.5963636359375 0.9836065578125 0.6036363640625 1 0.6145454546875 1
9 0.6872727265624999 0.8961748640625 0.6618181812499999 0.9071038250000001 0.6727272734375 0.9180327875 0.6836363640625 0.9125683062500001 0.69818181875 0.8743169406250001 0.7163636359375001 0.8852459015624999 0.7127272734375001 0.8524590156249999 0.70181818125 0.8360655734375 0.69818181875 0.781420765625 0.6763636359375 0.781420765625 0.6763636359375 0.8306010921875 0.6618181812499999 0.857923496875 0.690909090625 0.8797814203125001 0.6872727265624999 0.8961748640625
9 0.749090909375 0.857923496875 0.76 0.8032786890624999 0.7454545453125 0.781420765625 0.73818181875 0.7486338796875 0.7272727265625 0.7431693984375001 0.72 0.781420765625 0.7127272734375001 0.781420765625 0.7127272734375001 0.8469945359375 0.7236363640625 0.857923496875 0.730909090625 0.8469945359375 0.749090909375 0.857923496875
9 0.76 0.7978142078125 0.7545454546875 0.8087431687500001 0.7636363640625 0.8178506390625 0.759090909375 0.8360655734375 0.7636363640625 0.863387978125 0.77818181875 0.8360655734375 0.7963636359375 0.770491803125 0.7963636359375 0.7540983609375 0.78181818125 0.73770491875 0.770909090625 0.7049180328125 0.7672727265625 0.7103825140625 0.7527272734375 0.7486338796875 0.7454545453125 0.7540983609375 0.7454545453125 0.770491803125 0.76 0.7978142078125
9 0.1527272734375 0.63387978125 0.149090909375 0.6174863390625001 0.16 0.5792349734375 0.16 0.5573770484375 0.1454545453125 0.5573770484375 0.149090909375 0.584699453125 0.1436363640625 0.592896175 0.14181818125 0.64480874375 0.1527272734375 0.63387978125
9 0.37818181875 0.54098360625 0.37818181875 0.508196721875 0.3672727265625 0.4699453546875 0.3563636359375 0.464480875 0.3527272734375 0.47540983593749997 0.34181818124999996 0.5300546453125 0.3672727265625 0.5300546453125 0.370909090625 0.54098360625 0.37818181875 0.54098360625
9 0.5672727265625 0.4426229515625 0.5599999999999999 0.4426229515625 0.549090909375 0.464480875 0.54181818125 0.5136612015625001 0.57818181875 0.5191256828124999 0.5745454546875 0.464480875 0.5672727265625 0.4426229515625
9 0.149090909375 1 0.12 0.9398907109374999 0.10181818125 0.9344262296875 0.10181818125 0.961748634375 0.0836363640625 0.9890710374999999 0.0872727265625 1 0.149090909375 1
2 0.73818181875 0.464480875 0.76 0.464480875 0.76 0.45355191250000004 0.7927272734375 0.45355191250000004 0.8036363640624999 0.4808743171875 0.8109090906249999 0.4808743171875 0.8327272734375001 0.45901639375 0.8290909093750001 0.415300546875 0.8072727265624999 0.40437158437500004 0.77818181875 0.36612021875 0.6945454546875001 0.3606557375 0.6945454546875001 0.38797814218750004 0.7163636359375001 0.415300546875 0.7236363640625 0.44808743125 0.73818181875 0.464480875