1 0.3212121203125 0.8014571968749999 0.3345454546875 0.8306010921875 0.3503030296875 0.8160291421875 0.3563636359375 0.7868852453125 0.3672727265625 0.7868852453125 0.3660606078125 0.8014571968749999 0.37818181875 0.8087431687500001 0.389090909375 0.9180327875 0.3345454546875 0.9508196718749999 0.3345454546875 0.99453551875 0.40727272656249996 1 0.44000000000000006 0.8797814203125001 0.4436363640625 0.770491803125 0.43272727343749995 0.6830601093750001 0.4254545453125 0.672131146875 0.40727272656249996 0.6666666671875 0.3745454546875 0.672131146875 0.370909090625 0.6612021859375 0.3454545453125 0.6612021859375 0.33818181875 0.677595628125 0.3236363640625 0.6830601093750001 0.29818181875 0.7322404375 0.290909090625 0.7595628421875 0.3272727265625 0.7759562843750001 0.33090909062499996 0.7868852453125 0.3212121203125 0.8014571968749999
2 0.6436363640625 0.42076502656250003 0.6581818187499999 0.42622950781249996 0.6654545453125 0.42076502656250003 0.6654545453125 0.3770491796875 0.6545454546875 0.34426229531249997 0.6254545453125 0.34426229531249997 0.6254545453125 0.3715847 0.6327272734375 0.3770491796875 0.6436363640625 0.42076502656250003
2 0.7345454546875 0.44808743125 0.74181818125 0.43715847031250005 0.74181818125 0.35519125625000003 0.7345454546875 0.34426229531249997 0.709090909375 0.34426229531249997 0.690909090625 0.35519125625000003 0.6872727265624999 0.40437158437500004 0.7127272734375001 0.40983606562499997 0.7236363640625 0.44808743125 0.7345454546875 0.44808743125
1 0.069090909375 0.6939890703125 0.090909090625 0.677595628125 0.11636363593750002 0.677595628125 0.130909090625 0.6612021859375 0.149090909375 0.6557377046874999 0.1454545453125 0.590163934375 0.1272727265625 0.5792349734375 0.0472727265625 0.5792349734375 0.0036363640625 0.6174863390625001 0 0.7322404375 0.0145454546875 0.7322404375 0.054545454687499995 0.6939890703125 0.069090909375 0.6939890703125
1 0.41818181875000004 0.25683060156250004 0.429090909375 0.2131147546875 0.4472727265625 0.2076502734375 0.4472727265625 0.1748633875 0.41454545468750004 0.1693989078125 0.36 0.2131147546875 0.349090909375 0.229508196875 0.349090909375 0.2896174859375 0.38181818125 0.2950819671875 0.41818181875000004 0.25683060156250004
1 0.530909090625 0.322404371875 0.5745454546875 0.2950819671875 0.57818181875 0.27322404375 0.52 0.2677595625 0.4872727265625 0.2896174859375 0.4836363640625 0.316939890625 0.4945454546875 0.322404371875 0.5054545453125 0.36612021875 0.530909090625 0.322404371875
1 0.429090909375 0.36612021875 0.450909090625 0.40983606562499997 0.4945454546875 0.3770491796875 0.4945454546875 0.32786885312499997 0.4872727265625 0.316939890625 0.42181818125000003 0.31147540937499996 0.41454545468750004 0.3387978140625 0.4 0.3497267765625 0.4 0.36612021875 0.429090909375 0.36612021875
1 0.5890909093750001 0.4808743171875 0.610909090625 0.464480875 0.61818181875 0.43715847031250005 0.5854545453125 0.38797814218750004 0.57818181875 0.36612021875 0.61818181875 0.32786885312499997 0.6145454546875 0.31147540937499996 0.5527272734374999 0.3060109296875 0.5236363640625 0.3333333328125 0.52 0.3606557375 0.5454545453125 0.36612021875 0.5430303015625 0.389799634375 0.5890909093750001 0.4808743171875
1 0.2145454546875 0.497267759375 0.22181818125000002 0.5136612015625001 0.26181818125 0.5136612015625001 0.2872727265625 0.47540983593749997 0.3054545453125 0.4316939890625 0.3054545453125 0.3825136609375 0.290909090625 0.36612021875 0.23272727343750002 0.36612021875 0.1963636359375 0.415300546875 0.189090909375 0.4426229515625 0.189090909375 0.4808743171875 0.2 0.497267759375 0.2145454546875 0.497267759375
1 0.34181818124999996 0.6393442625 0.39272727343749997 0.5464480875 0.389090909375 0.45901639375 0.3854545453125 0.44808743125 0.3672727265625 0.4426229515625 0.3054545453125 0.4426229515625 0.26181818125 0.5245901640625 0.250909090625 0.5737704921875 0.3127272734375 0.584699453125 0.32 0.63387978125 0.34181818124999996 0.6393442625
1 0.21090909062500002 0.73770491875 0.22181818125000002 0.7595628421875 0.27999999999999997 0.7595628421875 0.309090909375 0.7049180328125 0.3127272734375 0.595628415625 0.269090909375 0.5792349734375 0.21090909062500002 0.5792349734375 0.18181818125 0.6065573765625001 0.17090909062499998 0.6502732234375 0.16363636406249998 0.6557377046874999 0.16 0.672131146875 0.1672727265625 0.677595628125 0.2036363640625 0.6830601093750001 0.21090909062500002 0.73770491875
1 0.54181818125 0.5464480875 0.5454545453125 0.5628415296875 0.5527272734374999 0.5683060109375 0.5636363640625001 0.5573770484375 0.58181818125 0.5136612015625001 0.58181818125 0.3825136609375 0.5709090906250001 0.36612021875 0.5163636359375 0.36612021875 0.5127272734375 0.398907103125 0.5272727265625 0.398907103125 0.53818181875 0.415300546875 0.54181818125 0.5464480875
1 0.4763636359375 0.5792349734375 0.49090909062500004 0.6939890703125 0.50181818125 0.6885245906249999 0.5127272734375 0.63387978125 0.5272727265625 0.6120218578125 0.53818181875 0.5737704921875 0.5345454546874999 0.40983606562499997 0.5272727265625 0.398907103125 0.46181818124999996 0.40437158437500004 0.41454545468750004 0.47540983593749997 0.4 0.5191256828124999 0.4 0.5519125687499999 0.4654545453125 0.5573770484375 0.4763636359375 0.5792349734375
1 0.33090909062499996 1 0.3345454546875 0.863387978125 0.3272727265625 0.7868852453125 0.32 0.7759562843750001 0.27272727343750003 0.7595628421875 0.2072727265625 0.7540983609375 0.0763636359375 0.9781420765625001 0.0763636359375 1 0.33090909062499996 1
2 0.709090909375 0.40983606562499997 0.6799999999999999 0.40983606562499997 0.669090909375 0.43715847031250005 0.669090909375 0.502732240625 0.72 0.502732240625 0.72 0.4426229515625 0.709090909375 0.40983606562499997
1 0.0654545453125 1 0.09818181875000001 0.9289617484375 0.11636363593750002 0.9071038250000001 0.1236363640625 0.8852459015624999 0.2072727265625 0.7431693984375001 0.2036363640625 0.6939890703125 0.1963636359375 0.6830601093750001 0.16363636406249998 0.677595628125 0.0836363640625 0.6830601093750001 0.0472727265625 0.7049180328125 0.02181818125 0.7322404375 0.0145454546875 0.7486338796875 0 0.7595628421875 0.0036363640625 1 0.0654545453125 1
1 0.44000000000000006 0.6885245906249999 0.4436363640625 0.7486338796875 0.46181818124999996 0.7595628421875 0.47151515312500003 0.7759562843750001 0.4472727265625 0.8306010921875 0.45818181874999997 0.8360655734375 0.4836363640625 0.7486338796875 0.4836363640625 0.64480874375 0.4727272734375 0.5683060109375 0.45818181874999997 0.5573770484375 0.39272727343749997 0.5573770484375 0.349090909375 0.63387978125 0.349090909375 0.6557377046874999 0.41454545468750004 0.6557377046874999 0.429090909375 0.6666666671875 0.44000000000000006 0.6885245906249999