11 0.3825136609375 0.9163636359374999 0.3934426234375 0.9454545453125001 0.415300546875 0.949090909375 0.4426229515625 0.90181818125 0.5191256828124999 0.89818181875 0.5683060109375 0.8545454546875 0.590163934375 0.8472727265625 0.601092896875 0.8327272734375001 0.6120218578125 0.8036363640624999 0.6065573765625001 0.76 0.590163934375 0.730909090625 0.5573770484375 0.7054545453125 0.5655737703125 0.69818181875 0.6174863390625001 0.6945454546875001 0.6229508203125 0.6872727265624999 0.6393442625 0.6836363640625 0.6502732234375 0.6945454546875001 0.6885245906249999 0.6945454546875001 0.6939890703125 0.6654545453125 0.7103825140625 0.6654545453125 0.7158469953125 0.6545454546875 0.7322404375 0.6545454546875 0.7322404375 0.6436363640625 0.72677595625 0.6327272734375 0.5628415296875 0.6327272734375 0.42076502656250003 0.6254545453125 0.3715847 0.64 0.3387978140625 0.6763636359375 0.31147540937499996 0.6945454546875001 0.3005464484375 0.7236363640625 0.3005464484375 0.7636363640625 0.322404371875 0.8727272734374999 0.3825136609375 0.9163636359374999
11 0.99453551875 1 0.790528234375 0.94181818125 0.84480874375 0.8232727265625 0.863387978125 0.8109090906249999 0.8743169406250001 0.8145454546875 0.8797814203125001 0.7963636359375 0.90163934375 0.7745454546875 0.9344262296875 0.7636363640625 0.9726775953125 0.7636363640625 0.9562841531249999 0.749090909375 0.9125683062500001 0.7563636359375 0.8797814203125001 0.789090909375 0.868852459375 0.7927272734375 0.863387978125 0.7854545453124999 0.857923496875 0.8109090906249999 0.8415300546875001 0.81818181875 0.7978142078125 0.8763636359375001 0.7950819671875 0.8945454546875 0.8076502734375 0.898909090625 0.765027321875 0.9345454546875 0.7797814203125 0.9556363640625 0.770491803125 0.9745454546874999 0.7923497265624999 0.9927272734375 0.8251366125 0.9963636359375 0.8743169406250001 0.9854545453125001 0.90163934375 1 0.99453551875 1
11 0.142076503125 0.7963636359375 0.14754098437500002 0.770909090625 0.1584699453125 0.7636363640625 0.1584699453125 0.7272727265625 0.131147540625 0.6036363640625 0.08743169375 0.5854545453125 0.00546448125 0.58181818125 0.00546448125 0.81818181875 0.0710382515625 0.8109090906249999 0.10382513593750001 0.7963636359375 0.142076503125 0.7963636359375
11 0.15300546406249999 0.7127272734375001 0.16393442656249999 0.7272727265625 0.1967213109375 0.7236363640625 0.21857923437500001 0.7054545453125 0.25683060156250004 0.7054545453125 0.2841530046875 0.6945454546875001 0.3005464484375 0.6727272734375 0.3005464484375 0.5927272734375 0.27322404375 0.54181818125 0.2513661203125 0.5272727265625 0.131147540625 0.5236363640625 0.10382513593750001 0.5454545453125 0.0655737703125 0.5563636359374999 0.0601092890625 0.57818181875 0.12021857968750001 0.5927272734375 0.136612021875 0.6072727265625 0.15300546406249999 0.7127272734375001
11 0.15300546406249999 0.5236363640625 0.150576809375 0.5337373750000001 0.22829386875000002 0.58868686875 0.2459016390625 0.5847272734375 0.24772313124999998 0.60242424375 0.265027321875 0.5985454546875 0.2671523984375 0.6161616140625 0.2841530046875 0.6123636359375 0.2865816609375 0.6298989890625 0.3032786890625 0.62618181875 0.3060109296875 0.6436363640625 0.322404371875 0.64 0.32786885312499997 0.6036363640625 0.3387978140625 0.5927272734375 0.3387978140625 0.5599999999999999 0.31147540937499996 0.4836363640625 0.2513661203125 0.4727272734375 0.18032786875 0.4727272734375 0.15300546406249999 0.49818181875 0.131147540625 0.50181818125 0.131147540625 0.52 0.15300546406249999 0.5236363640625
11 0.3387978140625 0.5236363640625 0.3497267765625 0.57818181875 0.3770491796875 0.58181818125 0.43715847031250005 0.5636363640625001 0.44808743125 0.5454545453125 0.44808743125 0.4727272734375 0.43715847031250005 0.44000000000000006 0.42622950781249996 0.43272727343749995 0.36612021875 0.429090909375 0.34426229531249997 0.44000000000000006 0.3005464484375 0.44000000000000006 0.2841530046875 0.4472727265625 0.278688525 0.46909090937500003 0.31147540937499996 0.4836363640625 0.322404371875 0.5163636359375 0.3387978140625 0.5236363640625
11 0.4699453546875 0.5236363640625 0.4808743171875 0.5163636359375 0.5136612015625001 0.52 0.5300546453125 0.50181818125 0.5191256828124999 0.40727272656249996 0.497267759375 0.4 0.4426229515625 0.4 0.42622950781249996 0.410909090625 0.38797814218750004 0.41454545468750004 0.3825136609375 0.43272727343749995 0.4426229515625 0.43636363593749994 0.45355191250000004 0.5236363640625 0.4699453546875 0.5236363640625
11 0.48633879843749994 0.40727272656249996 0.477595628125 0.42181818125000003 0.5245901640625 0.4654545453125 0.5191256828124999 0.509090909375 0.535519125 0.49090909062500004 0.5519125687499999 0.49090909062500004 0.5737704921875 0.4763636359375 0.5792349734375 0.4654545453125 0.5737704921875 0.38181818125 0.5628415296875 0.3745454546875 0.4699453546875 0.3745454546875 0.464480875 0.3854545453125 0.4426229515625 0.39272727343749997 0.4426229515625 0.4036363640625 0.48633879843749994 0.40727272656249996
11 0.5464480875 0.4 0.584699453125 0.43636363593749994 0.590163934375 0.450909090625 0.601092896875 0.450909090625 0.6120218578125 0.4254545453125 0.5683060109375 0.40218181875000003 0.5792349734375 0.3854545453125 0.5737704921875 0.37818181875 0.6120218578125 0.3636363640625 0.6065573765625001 0.3563636359375 0.5573770484375 0.349090909375 0.5245901640625 0.3527272734375 0.502732240625 0.370909090625 0.5245901640625 0.3745454546875 0.5464480875 0.3905454546875 0.5464480875 0.4
11 0.73770491875 0.5745454546875 0.72677595625 0.5599999999999999 0.6994535515625 0.5563636359374999 0.6830601093750001 0.54181818125 0.6885245906249999 0.530909090625 0.672131146875 0.5272727265625 0.6557377046874999 0.54181818125 0.5792349734375 0.54181818125 0.5464480875 0.5563636359374999 0.54098360625 0.58181818125 0.5519125687499999 0.6254545453125 0.7322404375 0.6254545453125 0.73770491875 0.5745454546875
11 0.721311475 0.4836363640625 0.8032786890624999 0.4836363640625 0.8087431687500001 0.4654545453125 0.7978142078125 0.4436363640625 0.677595628125 0.4472727265625 0.6612021859375 0.45818181874999997 0.6666666671875 0.509090909375 0.6885245906249999 0.5054545453125 0.721311475 0.4836363640625
11 0.7486338796875 0.4436363640625 0.765027321875 0.4436363640625 0.7715847 0.461090909375 0.8196721312499999 0.4872727265625 0.8196721312499999 0.46909090937500003 0.8087431687500001 0.4654545453125 0.7978142078125 0.4436363640625 0.8196721312499999 0.41454545468750004 0.73770491875 0.410909090625 0.7049180328125 0.41818181875000004 0.6994535515625 0.4436363640625 0.7431693984375001 0.4436363640625 0.7475409843749999 0.44800000000000006 0.7486338796875 0.4436363640625
11 0.32786885312499997 0.3163636359375 0.3606557375 0.309090909375 0.3770491796875 0.309090909375 0.38797814218750004 0.3163636359375 0.3825136609375 0.26181818125 0.32786885312499997 0.26181818125 0.322404371875 0.2654545453125 0.34426229531249997 0.28242424375 0.322404371875 0.290909090625 0.32786885312499997 0.3163636359375
11 0.5245901640625 0.3054545453125 0.5245901640625 0.25818181875 0.5136612015625001 0.250909090625 0.4699453546875 0.2545454546875 0.4699453546875 0.309090909375 0.48633879843749994 0.3127272734375 0.502732240625 0.30181818125 0.5245901640625 0.3054545453125
11 0.5245901640625 0.2545454546875 0.5519125687499999 0.25818181875 0.5464480875 0.2254545453125 0.5191256828124999 0.2254545453125 0.535519125 0.24181818124999999 0.5191256828124999 0.24727272656250002 0.5245901640625 0.2545454546875
11 0.6174863390625001 0.410909090625 0.6284153 0.44000000000000006 0.6502732234375 0.44000000000000006 0.6612021859375 0.41454545468750004 0.615300546875 0.384 0.6120218578125 0.3672727265625 0.6612021859375 0.3672727265625 0.6502732234375 0.3272727265625 0.5519125687499999 0.33090909062499996 0.5464480875 0.3527272734375 0.5693989078125 0.3534545453125 0.56420765 0.3672727265625 0.6174863390625001 0.410909090625
11 0.7996357 0.4339393921875 0.8060109296875 0.4472727265625 0.8251366125 0.4472727265625 0.81420765 0.4872727265625 0.863387978125 0.4945454546875 0.8442622953125 0.4787878796875 0.8469945359375 0.4672727265625 0.868852459375 0.450909090625 0.868852459375 0.410909090625 0.857923496875 0.389090909375 0.7595628421875 0.39272727343749997 0.7486338796875 0.40727272656249996 0.765027321875 0.410909090625 0.7868852453125 0.431515153125 0.7996357 0.4339393921875
9 0.054644809375000006 0.5636363640625001 0.10382513593750001 0.53818181875 0.0710382515625 0.5163636359375 0.0601092890625 0.5163636359375 0.049180328125 0.4945454546875 0.032786885937499996 0.49818181875 0.016393442187500003 0.530909090625 0.0109289625 0.5745454546875 0.0218579234375 0.58181818125 0.054644809375000006 0.58181818125 0.054644809375000006 0.5636363640625001
9 0.10382513593750001 0.49090909062500004 0.125683059375 0.48 0.125683059375 0.45818181874999997 0.1147540984375 0.43272727343749995 0.092896175 0.43272727343749995 0.08743169375 0.5236363640625 0.10928961718750001 0.5345454546874999 0.12021857968750001 0.5272727265625 0.10382513593750001 0.49090909062500004
9 0.508196721875 0.3454545453125 0.502732240625 0.3345454546875 0.48633879843749994 0.33090909062499996 0.491803278125 0.32 0.47540983593749997 0.34181818124999996 0.4699453546875 0.3636363640625 0.47540983593749997 0.370909090625 0.491803278125 0.370909090625 0.508196721875 0.3454545453125
9 0.7158469953125 0.3963636359375 0.721311475 0.349090909375 0.7103825140625 0.34181818124999996 0.6885245906249999 0.34181818124999996 0.677595628125 0.349090909375 0.6830601093750001 0.4 0.7049180328125 0.41454545468750004 0.7158469953125 0.3963636359375
9 0.43715847031250005 0.36 0.4316939890625 0.3963636359375 0.45901639375 0.38181818125 0.44808743125 0.36 0.43715847031250005 0.36
9 0.8797814203125001 0.3527272734375 0.8961748640625 0.3345454546875 0.8852459015624999 0.32 0.868852459375 0.3236363640625 0.863387978125 0.3672727265625 0.8852459015624999 0.38181818125 0.8961748640625 0.3745454546875 0.8797814203125001 0.3527272734375
9 0.9672131140625 0.3454545453125 0.9562841531249999 0.3236363640625 0.9344262296875 0.3454545453125 0.9289617484375 0.37818181875 0.9508196718749999 0.4036363640625 0.961748634375 0.3854545453125 0.9672131140625 0.3454545453125
9 0.9289617484375 0.4436363640625 0.9344262296875 0.39272727343749997 0.9289617484375 0.37818181875 0.9125683062500001 0.37818181875 0.90163934375 0.40727272656249996 0.9153005468750001 0.42181818125000003 0.9125683062500001 0.43272727343749995 0.9289617484375 0.4436363640625
9 0.535519125 0.6145454546875 0.508196721875 0.6072727265625 0.491803278125 0.5854545453125 0.4699453546875 0.5927272734375 0.45901639375 0.61818181875 0.464480875 0.6254545453125 0.535519125 0.6254545453125 0.535519125 0.6145454546875
9 0.44808743125 0.36 0.43715847031250005 0.36 0.43715847031250005 0.3745454546875 0.44808743125 0.3745454546875 0.44808743125 0.36
9 0.3934426234375 0.410909090625 0.38797814218750004 0.3745454546875 0.3770491796875 0.370909090625 0.35519125625000003 0.389090909375 0.3497267765625 0.42181818125000003 0.35519125625000003 0.429090909375 0.3770491796875 0.429090909375 0.3934426234375 0.410909090625
9 0.21857923437500001 0.4727272734375 0.2131147546875 0.4472727265625 0.20218579218750002 0.4436363640625 0.1967213109375 0.4254545453125 0.18032786875 0.42181818125000003 0.1748633875 0.4472727265625 0.18579235 0.449090909375 0.1748633875 0.4727272734375 0.21857923437500001 0.4727272734375