9 0.6799999999999999 0.1785714265625 0.67 0.1845238109375 0.64 0.2678571421875 0.636666665625 0.3095238109375 0.6633333343750001 0.3154761890625 0.6799999999999999 0.255952378125 0.6799999999999999 0.1785714265625
11 0.461666665625 1 0.463333334375 0.994047621875 0.46666666562500003 0.8571428578125 0.453333334375 0.8214285734375 0.446666665625 0.7738095265625 0.43 0.7380952359374999 0.43 0.6845238109375 0.4 0.6488095265625 0.25666666562499996 0.6547619046875 0.18 0.6785714265625 0.16 0.6964285734375 0.143333334375 0.7738095265625 0.13999999999999999 0.9583333312500001 0.15 1 0.24333333437500002 1 0.26 0.9285714265625 0.263333334375 0.8214285734375 0.2828205109375 0.8054029296874999 0.28785714375000004 0.8133503375 0.3 0.8035714265625 0.3 0.8154761890625 0.31 0.8154761890625 0.316666665625 0.8035714265625 0.37 0.79166666875 0.376666665625 0.7678571421875 0.39 0.79166666875 0.39 0.827380953125 0.4 0.8333333312500001 0.406666665625 0.8571428578125 0.406666665625 0.8869047640625001 0.41666666562500004 0.8928571421875 0.41666666562500004 0.9642857156250001 0.423333334375 1 0.461666665625 1
11 0.596666665625 0.847222225 0.5900000000000001 0.8511904734375 0.596666665625 0.878306875 0.5900000000000001 0.880952378125 0.596666665625 0.9093915328125 0.593333334375 0.9404761890625 0.6 0.9464285734375 0.7188888890625 0.799603178125 0.723333334375 0.7823129234375 0.7333333343749999 0.78125 0.7633333343750001 0.8869047640625001 0.77 0.8571428578125 0.773333334375 0.8511904734375 0.776 0.8642857156250001 0.8266666656250001 0.7738095265625 0.843333334375 0.7738095265625 0.8566666656249999 0.8035714265625 0.86 0.9345238109375 0.8766666656250001 0.9345238109375 0.8933333343750001 0.9642857156250001 0.916666665625 0.9642857156250001 0.93 0.9345238109375 0.93 0.869047621875 0.906666665625 0.8392857156250001 0.903333334375 0.7202380953125 0.9400000000000001 0.714285715625 0.9266666656250001 0.6964285734375 0.9233333343749999 0.6488095265625 0.916666665625 0.625 0.906666665625 0.6130952359374999 0.8666666656249999 0.619047621875 0.846666665625 0.577380953125 0.836666665625 0.5714285734375 0.6599999999999999 0.577380953125 0.63 0.589285715625 0.613333334375 0.6071428578125 0.596666665625 0.660714284375 0.596666665625 0.7850529109375 0.5900000000000001 0.8095238109375 0.596666665625 0.81613756875 0.596666665625 0.847222225
11 0.9400000000000001 0.6428571421875 0.943333334375 0.702380953125 0.96 0.7321428578125 0.97 0.7321428578125 0.976666665625 0.7202380953125 0.993333334375 0.714285715625 0.968333334375 0.6272321421875 0.9733333343749999 0.5952380953125 0.9800000000000001 0.589285715625 0.99 0.6011904734375 0.99 0.58333333125 0.95 0.5714285734375 0.951333334375 0.5035714265625 0.993333334375 0.42857142656249997 0.9400000000000001 0.4404761890625 0.9266666656250001 0.48214285781250005 0.943333334375 0.5401785734375 0.9233333343749999 0.5535714265625 0.9233333343749999 0.5952380953125 0.9400000000000001 0.6428571421875
11 0 0.9642857156250001 0.03 0.9702380953124999 0.056666665625 0.952380953125 0.133333334375 0.9464285734375 0.133333334375 0.9285714265625 0.126666665625 0.922619046875 0.13666666562500002 0.8869047640625001 0.11666666562500001 0.8928571421875 0.113333334375 0.8571428578125 0.11666666562500001 0.8333333312500001 0.128333334375 0.8452380953124999 0.13999999999999999 0.8214285734375 0.143333334375 0.714285715625 0.13666666562500002 0.6785714265625 0.113333334375 0.660714284375 0.113333334375 0.6428571421875 0.12 0.6369047640625001 0.11666666562500001 0.577380953125 0.093333334375 0.5654761890625 0 0.5714285734375 0 0.630952378125 0.005333334375 0.6345238109375 0 0.660714284375 0.01 0.672619046875 0 0.6904761890625 0.013333334375 0.6845238109375 0.013333334375 0.72916666875 0.02 0.744047621875 0.016 0.760714284375 0.023333334375 0.7619047640625001 0.01 0.827380953125 0.021333334375 0.8238095265625001 0.024 0.8553571421875 0.02 0.8571428578125 0.03 0.9047619046875001 0.016666665625 0.9166666687499999 0 0.9166666687499999 0 0.9642857156250001
9 0.7162962937499999 1 0.713333334375 0.952380953125 0.723333334375 0.9464285734375 0.723333334375 0.9345238109375 0.656666665625 0.875 0.67 0.827380953125 0.67 0.8095238109375 0.6633333343750001 0.797619046875 0.633333334375 0.797619046875 0.626666665625 0.8154761890625 0.623333334375 0.869047621875 0.613333334375 0.9047619046875001 0.6164705890625 1 0.67166666875 1 0.673333334375 0.994047621875 0.683333334375 1 0.7162962937499999 1
9 0.71 0.875 0.703333334375 0.8214285734375 0.71 0.7678571421875 0.7 0.755952378125 0.71 0.7380952359374999 0.693333334375 0.7321428578125 0.686666665625 0.744047621875 0.683333334375 0.785714284375 0.673333334375 0.797619046875 0.6633333343750001 0.875 0.686666665625 0.9047619046875001 0.706666665625 0.9047619046875001 0.71 0.875
9 0.793333334375 0.827380953125 0.8166666656249999 0.827380953125 0.814666665625 0.8511904734375 0.843333334375 0.9047619046875001 0.85 0.8988095265625 0.8566666656249999 0.827380953125 0.846666665625 0.797619046875 0.833333334375 0.79166666875 0.8233333343749999 0.7738095265625 0.8166666656249999 0.70833333125 0.8 0.6845238109375 0.786666665625 0.6904761890625 0.78 0.714285715625 0.7922222203125 0.7390873015625 0.776666665625 0.7797619046875 0.776666665625 0.8095238109375 0.793333334375 0.827380953125
9 0.518148146875 0.6402116390625 0.51095238125 0.6437074859374999 0.523333334375 0.6488095265625 0.523333334375 0.66666666875 0.51285714375 0.6751700656249999 0.52 0.6904761890625 0.51476190625 0.7066326515625 0.5270370375 0.7314814796875 0.5166666656250001 0.7380952359374999 0.5166666656250001 0.7678571421875 0.53 0.7678571421875 0.53 0.70833333125 0.54 0.660714284375 0.54 0.5952380953125 0.556666665625 0.5714285734375 0.556666665625 0.5595238109375 0.546666665625 0.5535714265625 0.553333334375 0.5 0.536666665625 0.47619047343750004 0.53 0.41666666875 0.5166666656250001 0.41666666875 0.51 0.42857142656249997 0.5133333343750001 0.45833333125 0.5033333343749999 0.4880952359375 0.5033333343749999 0.577380953125 0.518148146875 0.6402116390625
9 0.61 0.45833333125 0.626666665625 0.45833333125 0.626666665625 0.44642857343750003 0.596666665625 0.4047619046875 0.6 0.3511904734375 0.593333334375 0.339285715625 0.573333334375 0.3511904734375 0.5700000000000001 0.38690476406249996 0.5599999999999999 0.410714284375 0.556666665625 0.48214285781250005 0.566666665625 0.5238095265625 0.58 0.5178571421875 0.61 0.45833333125
9 0.583333334375 0.3452380953125 0.58 0.30357142656249997 0.573333334375 0.2797619046875 0.5599999999999999 0.26190476406249996 0.556666665625 0.2321428578125 0.536666665625 0.2678571421875 0.53 0.297619046875 0.53 0.3452380953125 0.55 0.339285715625 0.556666665625 0.3571428578125 0.583333334375 0.3452380953125
9 0.47000000000000003 0.3095238109375 0.45666666562499997 0.2053571421875 0.46666666562500003 0.1964285734375 0.463333334375 0.17261904687500002 0.45 0.17261904687500002 0.43 0.26190476406249996 0.426666665625 0.30357142656249997 0.433333334375 0.327380953125 0.45999999999999996 0.327380953125 0.47000000000000003 0.3095238109375
9 0.3577777796875 0.19444444375 0.353333334375 0.2202380953125 0.356666665625 0.26190476406249996 0.373333334375 0.2678571421875 0.38 0.26190476406249996 0.3688888890625 0.228174603125 0.366666665625 0.1785714265625 0.383333334375 0.16666666875 0.383333334375 0.077380953125 0.37 0.0297619046875 0.363333334375 0.0238095265625 0.356666665625 0.035714284375 0.343333334375 0.10714285781249999 0.343333334375 0.1428571421875 0.35 0.1904761890625 0.3577777796875 0.19444444375
9 0.506666665625 0.255952378125 0.523333334375 0.26190476406249996 0.53 0.2738095265625 0.536666665625 0.25 0.533333334375 0.20833333125000003 0.5244444453125 0.188492065625 0.533333334375 0.1547619046875 0.5183333343750001 0.13988095312499998 0.515 0.110119046875 0.53 0.077380953125 0.5133333343750001 0.077380953125 0.506666665625 0.0952380953125 0.5 0.160714284375 0.5033333343749999 0.1904761890625 0.5155555546875 0.22222222500000002 0.506666665625 0.255952378125
9 0.596666665625 0.32142857343750003 0.633333334375 0.285714284375 0.6433333343750001 0.20833333125000003 0.636666665625 0.10714285781249999 0.626666665625 0.10714285781249999 0.613333334375 0.1488095265625 0.61 0.26190476406249996 0.6066666656249999 0.285714284375 0.596666665625 0.297619046875 0.596666665625 0.32142857343750003
9 0.72 0.380952378125 0.745 0.4255952359375 0.773333334375 0.5119047640625001 0.78 0.44642857343750003 0.77 0.4047619046875 0.77 0.255952378125 0.76 0.25 0.743333334375 0.2738095265625 0.743333334375 0.297619046875 0.716666665625 0.339285715625 0.716666665625 0.3571428578125 0.72 0.380952378125
9 0.783333334375 0.48214285781250005 0.786666665625 0.4345238109375 0.803333334375 0.3928571421875 0.803333334375 0.375 0.786666665625 0.3511904734375 0.78095238125 0.3290816328125 0.8 0.29166666874999997 0.78 0.2678571421875 0.776666665625 0.2797619046875 0.7804761906250001 0.298469390625 0.77 0.327380953125 0.781428571875 0.359693875 0.7666666656250001 0.375 0.773333334375 0.5119047640625001 0.783333334375 0.48214285781250005
9 0.666666665625 0.4880952359375 0.693333334375 0.535714284375 0.703333334375 0.535714284375 0.716666665625 0.5178571421875 0.7333333343749999 0.5535714265625 0.723333334375 0.5297619046875 0.7333333343749999 0.5178571421875 0.71 0.464285715625 0.703333334375 0.3571428578125 0.696666665625 0.3452380953125 0.683333334375 0.3452380953125 0.666666665625 0.380952378125 0.6761904750000001 0.4056122421875 0.666666665625 0.42857142656249997 0.666666665625 0.4880952359375
9 0.906666665625 0.2738095265625 0.906666665625 0.29166666874999997 0.9199999999999999 0.285714284375 0.9266666656250001 0.32142857343750003 0.924166665625 0.287202378125 0.93 0.285714284375 0.936666665625 0.255952378125 0.9400000000000001 0.2321428578125 0.9341666656250001 0.193452378125 0.943333334375 0.160714284375 0.9333333343750001 0.0952380953125 0.9233333343749999 0.10119047343750001 0.9199999999999999 0.125 0.9199999999999999 0.244047621875 0.915833334375 0.24702381093749998 0.916666665625 0.26190476406249996 0.906666665625 0.2738095265625
9 0.9633333343749999 0.255952378125 0.9666666656249999 0.339285715625 0.97 0.3571428578125 0.9800000000000001 0.36309523593750004 0.986666665625 0.32142857343750003 0.993333334375 0.3095238109375 0.975333334375 0.2202380953125 0.983333334375 0.1488095265625 0.993333334375 0.125 0.983333334375 0.0952380953125 0.976666665625 0.0952380953125 0.9733333343749999 0.10714285781249999 0.9633333343749999 0.160714284375 0.9733333343749999 0.17261904687500002 0.9633333343749999 0.1964285734375 0.9633333343749999 0.255952378125
9 0.8633333343749999 0.125 0.8733333343749999 0.130952378125 0.8833333343750001 0.18333333125 0.8800000000000001 0.2380952359375 0.8833333343750001 0.25 0.8933333343750001 0.255952378125 0.896666665625 0.25 0.89 0.21666666874999999 0.896666665625 0.041666668750000004 0.89 0.035714284375 0.8800000000000001 0.047619046875 0.8633333343749999 0.08333333125 0.8699999999999999 0.11666666875000001 0.8699999999999999 0.125 0.8633333343749999 0.125
9 0.8833333343750001 0.20833333125000003 0.8766666656250001 0.1875 0.8800000000000001 0.16666666875 0.8699999999999999 0.125 0.8633333343749999 0.125 0.8566666656249999 0.21428571562499998 0.8633333343749999 0.2321428578125 0.8833333343750001 0.25 0.8833333343750001 0.20833333125000003
9 0.27999999999999997 0.589285715625 0.29 0.5654761890625 0.29 0.535714284375 0.283333334375 0.5297619046875 0.25 0.58333333125 0.246666665625 0.6428571421875 0.253333334375 0.6547619046875 0.27999999999999997 0.6488095265625 0.27999999999999997 0.589285715625
7 0.913333334375 0.8452380953124999 0.946666665625 0.8511904734375 0.9666666656249999 0.8095238109375 0.9666666656249999 0.7678571421875 0.96 0.744047621875 0.9400000000000001 0.714285715625 0.9266666656250001 0.672619046875 0.9233333343749999 0.619047621875 0.8733333343749999 0.619047621875 0.8733333343749999 0.7261904734375 0.903333334375 0.7380952359374999 0.906666665625 0.827380953125 0.913333334375 0.8452380953124999
9 0.26 0.3988095265625 0.264166665625 0.41666666875 0.26 0.45238095312500004 0.27 0.47619047343750004 0.31 0.5 0.316666665625 0.45833333125 0.306666665625 0.4404761890625 0.29333333437500003 0.4345238109375 0.296666665625 0.3095238109375 0.276666665625 0.3095238109375 0.2844444453125 0.339285715625 0.2725 0.3452380953125 0.2722222203125 0.369047621875 0.26 0.3988095265625
9 0.316666665625 0.5 0.32999999999999996 0.5297619046875 0.326666665625 0.5654761890625 0.333333334375 0.577380953125 0.35 0.5297619046875 0.35 0.5119047640625001 0.33666666562500003 0.47619047343750004 0.33999999999999997 0.44642857343750003 0.36 0.4345238109375 0.363333334375 0.410714284375 0.33999999999999997 0.3928571421875 0.33999999999999997 0.339285715625 0.333333334375 0.3154761890625 0.32 0.32142857343750003 0.316666665625 0.3571428578125 0.303333334375 0.3928571421875 0.3 0.4345238109375 0.31 0.4345238109375 0.316666665625 0.44642857343750003 0.316666665625 0.5
9 0.78 0.21428571562499998 0.786666665625 0.160714284375 0.793333334375 0.1547619046875 0.793333334375 0.10119047343750001 0.78 0.035714284375 0.77 0.0297619046875 0.7633333343750001 0.041666668750000004 0.75 0.077380953125 0.75 0.160714284375 0.7666666656250001 0.22619047343749998 0.78 0.21428571562499998
9 0.803333334375 0.244047621875 0.8008333343749999 0.254464284375 0.8166666656249999 0.2678571421875 0.8099999999999999 0.327380953125 0.82 0.33333333125000003 0.8266666656250001 0.3511904734375 0.833333334375 0.339285715625 0.8225 0.3110119046875 0.82 0.255952378125 0.836666665625 0.2678571421875 0.853333334375 0.244047621875 0.853333334375 0.21428571562499998 0.846666665625 0.17261904687500002 0.836666665625 0.160714284375 0.836666665625 0.130952378125 0.8300000000000001 0.119047621875 0.82 0.125 0.82 0.1845238109375 0.793333334375 0.2202380953125 0.79 0.2380952359375 0.803333334375 0.244047621875
9 0.33999999999999997 0.6488095265625 0.343333334375 0.6369047640625001 0.326666665625 0.5714285734375 0.323333334375 0.5178571421875 0.316666665625 0.505952378125 0.3 0.505952378125 0.29333333437500003 0.5178571421875 0.29333333437500003 0.5595238109375 0.27999999999999997 0.589285715625 0.29 0.6488095265625 0.33999999999999997 0.6488095265625
7 0.8416666656249999 1 0.8566666656249999 0.994047621875 0.85 0.9761904734375 0.833333334375 0.9702380953124999 0.836666665625 0.8511904734375 0.8266666656250001 0.8333333312500001 0.773333334375 0.827380953125 0.7666666656250001 0.8869047640625001 0.76 0.8988095265625 0.72 0.8869047640625001 0.716666665625 0.9107142843749999 0.723333334375 0.9107142843749999 0.73 0.9345238109375 0.73 0.952380953125 0.723333334375 0.9583333312500001 0.726666665625 1 0.8416666656249999 1
9 0.156666665625 0.4047619046875 0.156666665625 0.339285715625 0.16666666562500002 0.32142857343750003 0.163333334375 0.2738095265625 0.15333333437500002 0.2738095265625 0.146666665625 0.285714284375 0.13 0.339285715625 0.126666665625 0.4047619046875 0.143333334375 0.4404761890625 0.15 0.4345238109375 0.156666665625 0.4047619046875
9 0.12 0.380952378125 0.11666666562500001 0.25 0.106666665625 0.2321428578125 0.1 0.2321428578125 0.09 0.2797619046875 0.083333334375 0.3511904734375 0.09 0.3928571421875 0.103333334375 0.4047619046875 0.12 0.380952378125
9 0.26 0.25 0.26666666562499997 0.2380952359375 0.303333334375 0.2321428578125 0.303333334375 0.21428571562499998 0.263333334375 0.21428571562499998 0.25666666562499996 0.17261904687500002 0.25 0.160714284375 0.233333334375 0.16666666875 0.223333334375 0.244047621875 0.223333334375 0.32142857343750003 0.236666665625 0.3452380953125 0.26 0.25
9 0.143333334375 0.58333333125 0.133333334375 0.577380953125 0.126666665625 0.535714284375 0.11666666562500001 0.5297619046875 0.11000000000000001 0.54166666875 0.106666665625 0.5654761890625 0.113333334375 0.660714284375 0.133333334375 0.66666666875 0.143333334375 0.58333333125
9 0.133333334375 0.5595238109375 0.156666665625 0.5654761890625 0.176666665625 0.5297619046875 0.163333334375 0.505952378125 0.163333334375 0.45238095312500004 0.146666665625 0.4404761890625 0.13666666562500002 0.44642857343750003 0.133333334375 0.4880952359375 0.12 0.505952378125 0.11666666562500001 0.5297619046875 0.133333334375 0.5595238109375
9 0 0.5595238109375 0.013333334375 0.5595238109375 0.016666665625 0.5535714265625 0.0125 0.5238095265625 0.03 0.45833333125 0.02 0.44642857343750003 0.016666665625 0.41666666875 0.003333334375 0.41666666875 0 0.4345238109375 0.0041666656250000005 0.464285715625 0 0.4702380953125 0.008333334375 0.49404762187499995 0 0.5 0 0.5595238109375
9 0.05 0.48214285781250005 0.05 0.5119047640625001 0.056666665625 0.5654761890625 0.066666665625 0.5 0.073333334375 0.4880952359375 0.083333334375 0.380952378125 0.06333333437500001 0.375 0.053333334375 0.4047619046875 0.055833334375 0.4389880953125 0.05 0.44642857343750003 0.058333334375000004 0.473214284375 0.05 0.48214285781250005
9 0.123333334375 0.410714284375 0.106666665625 0.41666666875 0.106666665625 0.547619046875 0.133333334375 0.49404762187499995 0.13 0.42261904687499996 0.123333334375 0.410714284375
9 0 0.33333333125000003 0.036666665625 0.33333333125000003 0.05 0.3095238109375 0.05 0.2738095265625 0.04 0.255952378125 0.036666665625 0.2202380953125 0.023333334375 0.21428571562499998 0.016666665625 0.25 0 0.2678571421875 0 0.33333333125000003
9 0.053333334375 0.8154761890625 0.086666665625 0.8154761890625 0.09666666562500001 0.8630952359374999 0.11000000000000001 0.869047621875 0.113333334375 0.8452380953124999 0.093333334375 0.8392857156250001 0.09 0.827380953125 0.1 0.8214285734375 0.113333334375 0.785714284375 0.106666665625 0.755952378125 0.083333334375 0.75 0.073333334375 0.7321428578125 0.073333334375 0.7202380953125 0.08 0.714285715625 0.06333333437500001 0.702380953125 0.056666665625 0.6845238109375 0.043333334375 0.6845238109375 0.033333334375 0.702380953125 0.033333334375 0.744047621875 0.046666665625 0.8035714265625 0.053333334375 0.8154761890625
9 0.396666665625 0.9285714265625 0.4 1 0.41666666562500004 0.994047621875 0.41666666562500004 0.8988095265625 0.406666665625 0.8869047640625001 0.41 0.8511904734375 0.376666665625 0.8511904734375 0.366666665625 0.8154761890625 0.363333334375 0.7678571421875 0.343333334375 0.7619047640625001 0.32999999999999996 0.797619046875 0.333333334375 0.9107142843749999 0.343333334375 0.922619046875 0.396666665625 0.9285714265625
7 0.496666665625 0.7380952359374999 0.5133333343750001 0.714285715625 0.5166666656250001 0.681547621875 0.533333334375 0.7202380953125 0.536666665625 0.6889880953125 0.556666665625 0.7261904734375 0.5866666656249999 0.714285715625 0.6 0.6369047640625001 0.5900000000000001 0.547619046875 0.58 0.5297619046875 0.5599999999999999 0.535714284375 0.556666665625 0.589285715625 0.546666665625 0.5952380953125 0.512 0.6 0.508333334375 0.6130952359374999 0.49466666562499995 0.6023809531250001 0.496666665625 0.577380953125 0.473333334375 0.5714285734375 0.47733333437500003 0.6047619046875 0.45999999999999996 0.6071428578125 0.45666666562499997 0.6369047640625001 0.46666666562500003 0.714285715625 0.48 0.7380952359374999 0.496666665625 0.7380952359374999
7 0.356666665625 0.589285715625 0.376666665625 0.5714285734375 0.383333334375 0.577380953125 0.39 0.5654761890625 0.40333333437499996 0.577380953125 0.413333334375 0.6071428578125 0.43 0.619047621875 0.45 0.6130952359374999 0.45999999999999996 0.5952380953125 0.463333334375 0.54166666875 0.43666666562499995 0.5 0.426666665625 0.45238095312500004 0.413333334375 0.4404761890625 0.4 0.410714284375 0.393333334375 0.410714284375 0.38 0.4345238109375 0.343333334375 0.45238095312500004 0.33999999999999997 0.48214285781250005 0.353333334375 0.505952378125 0.343333334375 0.58333333125 0.356666665625 0.589285715625
7 0.41666666562500004 0.410714284375 0.43666666562499995 0.41666666875 0.453333334375 0.45238095312500004 0.46666666562500003 0.4404761890625 0.48 0.4404761890625 0.483333334375 0.45238095312500004 0.496666665625 0.45833333125 0.5033333343749999 0.45238095312500004 0.526666665625 0.36309523593750004 0.5133333343750001 0.33333333125000003 0.483333334375 0.3154761890625 0.473333334375 0.3154761890625 0.45999999999999996 0.33333333125000003 0.413333334375 0.32142857343750003 0.41666666562500004 0.3571428578125 0.41 0.375 0.41 0.3988095265625 0.41666666562500004 0.410714284375
2 0.616666665625 0 0.616666665625 0.0297619046875 0.62 0.0535714265625 0.656666665625 0.0714285734375 0.676666665625 0.0654761890625 0.6900000000000001 0.1130952359375 0.706666665625 0.1130952359375 0.743333334375 0.10119047343750001 0.7666666656250001 0.0297619046875 0.776666665625 0.0297619046875 0.79 0.0535714265625 0.796666665625 0.08333333125 0.8099999999999999 0.0952380953125 0.8233333343749999 0.0654761890625 0.8233333343749999 0.0119047640625 0.8166666656249999 0 0.616666665625 0
7 0.8633333343749999 0.42261904687499996 0.8833333343750001 0.4345238109375 0.903333334375 0.4702380953125 0.9233333343749999 0.464285715625 0.9333333343750001 0.38690476406249996 0.9400000000000001 0.375 0.936666665625 0.33333333125000003 0.913333334375 0.32142857343750003 0.906666665625 0.29166666874999997 0.896666665625 0.297619046875 0.89 0.32142857343750003 0.8699999999999999 0.3154761890625 0.86 0.285714284375 0.853333334375 0.285714284375 0.853333334375 0.3095238109375 0.8633333343749999 0.36309523593750004 0.8633333343749999 0.42261904687499996
7 0.713333334375 0.5238095265625 0.716666665625 0.54166666875 0.7366666656249999 0.5535714265625 0.7366666656249999 0.5654761890625 0.743333334375 0.5714285734375 0.79 0.5654761890625 0.79 0.5535714265625 0.77 0.5178571421875 0.7633333343750001 0.48214285781250005 0.7466666656250001 0.45238095312500004 0.723333334375 0.4404761890625 0.716666665625 0.45833333125 0.666666665625 0.5 0.6599999999999999 0.54166666875 0.686666665625 0.547619046875 0.6900000000000001 0.5297619046875 0.713333334375 0.5238095265625
9 0.320000003125 1 0.29333333437500003 0.952380953125 0.313333334375 0.9464285734375 0.313333334375 0.9345238109375 0.296666665625 0.922619046875 0.306666665625 0.9047619046875001 0.31 0.8630952359374999 0.286666665625 0.8333333312500001 0.273333334375 0.8333333312500001 0.263333334375 0.8511904734375 0.263333334375 0.9047619046875001 0.25 1 0.320000003125 1