2 0.2072727265625 0.590163934375 0.2145454546875 0.590163934375 0.2145454546875 0.5628415296875 0.2072727265625 0.5519125687499999 0.18181818125 0.5573770484375 0.1745454546875 0.5792349734375 0.1745454546875 0.6120218578125 0.1927272734375 0.6174863390625001 0.2072727265625 0.590163934375
2 0.2763636359375 0.5683060109375 0.27272727343750003 0.5464480875 0.2654545453125 0.535519125 0.2363636359375 0.54098360625 0.2254545453125 0.584699453125 0.2363636359375 0.601092896875 0.2654545453125 0.595628415625 0.2763636359375 0.5683060109375
1 0.9818181812500001 0.8360655734375 0.94181818125 0.7978142078125 0.8945454546875 0.7759562843750001 0.8072727265624999 0.7923497265624999 0.8036363640624999 0.8032786890624999 0.8 0.99453551875 0.9963636359375 1 0.9963636359375 0.8415300546875001 0.9818181812500001 0.8360655734375
2 0.2763636359375 0.6666666671875 0.27272727343750003 0.63387978125 0.25818181875 0.6229508203125 0.2363636359375 0.6284153 0.22909090937499998 0.6502732234375 0.22909090937499998 0.6885245906249999 0.25818181875 0.6994535515625 0.2763636359375 0.6666666671875
2 0.16363636406249998 0.6994535515625 0.17090909062499998 0.6885245906249999 0.17090909062499998 0.6502732234375 0.1563636359375 0.6284153 0.1127272734375 0.63387978125 0.10181818125 0.6502732234375 0.10181818125 0.6612021859375 0.11636363593750002 0.6939890703125 0.16363636406249998 0.6994535515625
2 0.37818181875 0.6502732234375 0.37818181875 0.6284153 0.349090909375 0.6229508203125 0.33818181875 0.64480874375 0.3345454546875 0.6830601093750001 0.34181818124999996 0.6885245906249999 0.36 0.6502732234375 0.37818181875 0.6502732234375
2 0.3963636359375 0.7759562843750001 0.41818181875000004 0.72677595625 0.41454545468750004 0.6885245906249999 0.3745454546875 0.6830601093750001 0.3672727265625 0.7049180328125 0.3672727265625 0.7486338796875 0.3854545453125 0.7759562843750001 0.3963636359375 0.7759562843750001
1 0.6545454546875 0.7868852453125 0.6763636359375 0.8251366125 0.7345454546875 0.863387978125 0.7963636359375 0.863387978125 0.8036363640624999 0.7923497265624999 0.8109090906249999 0.781420765625 0.8327272734375001 0.7759562843750001 0.8327272734375001 0.6939890703125 0.81818181875 0.6939890703125 0.7636363640625 0.6612021859375 0.6545454546875 0.6557377046874999 0.650909090625 0.6830601093750001 0.77818181875 0.7464480874999999 0.770909090625 0.7795992734375 0.6545454546875 0.7868852453125
2 0.4836363640625 0.7923497265624999 0.4945454546875 0.81420765 0.5054545453125 0.81420765 0.5127272734375 0.7759562843750001 0.5030303015625 0.750455371875 0.5163636359375 0.721311475 0.5454545453125 0.721311475 0.5454545453125 0.7049180328125 0.5345454546874999 0.6885245906249999 0.49090909062500004 0.6885245906249999 0.4836363640625 0.6994535515625 0.49333333437500004 0.7249544640625001 0.4836363640625 0.73770491875 0.4836363640625 0.7923497265624999
1 0.57818181875 0.7103825140625 0.58181818125 0.6994535515625 0.6145454546875 0.6994535515625 0.62181818125 0.6120218578125 0.61818181875 0.5737704921875 0.6 0.5519125687499999 0.530909090625 0.5519125687499999 0.5272727265625 0.590163934375 0.53818181875 0.6830601093750001 0.5636363640625001 0.7103825140625 0.57818181875 0.7103825140625
7 0.1672727265625 1 0.16363636406249998 0.9344262296875 0.14181818125 0.9398907109374999 0.13818181875 0.9890710374999999 0.149090909375 1 0.1672727265625 1
2 0.5527272734374999 0.8907103828125 0.5563636359374999 0.8196721312499999 0.5636363640625001 0.7978142078125 0.5854545453125 0.7978142078125 0.58181818125 0.7431693984375001 0.5672727265625 0.721311475 0.5163636359375 0.72677595625 0.5127272734375 0.8032786890624999 0.52 0.8360655734375 0.52 0.8852459015624999 0.5527272734374999 0.8907103828125
2 0.46181818124999996 0.7540983609375 0.450909090625 0.73770491875 0.43636363593749994 0.7322404375 0.410909090625 0.7431693984375001 0.40727272656249996 0.7868852453125 0.41818181875000004 0.8196721312499999 0.4654545453125 0.8196721312499999 0.46181818124999996 0.7540983609375
2 0.429090909375 0.9562841531249999 0.43636363593749994 0.961748634375 0.4763636359375 0.8907103828125 0.49818181875 0.8961748640625 0.49818181875 0.863387978125 0.4436363640625 0.857923496875 0.43272727343749995 0.8852459015624999 0.429090909375 0.9180327875 0.45454545468749996 0.9234972671874999 0.4436363640625 0.9453551906250001 0.429090909375 0.9562841531249999
2 0.5636363640625001 1 0.5563636359374999 0.9781420765625001 0.5345454546874999 0.9672131140625 0.530909090625 0.9180327875 0.50181818125 0.8961748640625 0.46909090937500003 0.8961748640625 0.4472727265625 0.9453551906250001 0.4436363640625 0.9781420765625001 0.45454545468749996 1 0.49818181875 1 0.5054545453125 0.9890710374999999 0.5127272734375 1 0.5636363640625001 1
2 0.58181818125 0.99453551875 0.610909090625 1 0.6145454546875 0.961748634375 0.62181818125 0.9453551906250001 0.6327272734375 0.9289617484375 0.669090909375 0.9234972671874999 0.669090909375 0.9071038250000001 0.6581818187499999 0.8743169406250001 0.5963636359375 0.8743169406250001 0.5854545453125 0.9289617484375 0.57818181875 0.9398907109374999 0.57818181875 0.9726775953125 0.58181818125 0.99453551875
2 0.5636363640625001 1 0.5527272734374999 0.9726775953125 0.4872727265625 0.9726775953125 0.4872727265625 1 0.5636363640625001 1
2 0.33818181875 0.7759562843750001 0.370909090625 0.770491803125 0.3636363640625 0.7540983609375 0.33818181875 0.7540983609375 0.3236363640625 0.765027321875 0.3127272734375 0.7978142078125 0.3127272734375 0.8524590156249999 0.3272727265625 0.8469945359375 0.33818181875 0.7759562843750001
2 0.37818181875 0.8797814203125001 0.4 0.8797814203125001 0.40727272656249996 0.8907103828125 0.41818181875000004 0.8852459015624999 0.42181818125000003 0.8360655734375 0.4 0.781420765625 0.34181818124999996 0.7759562843750001 0.3345454546875 0.7868852453125 0.33090909062499996 0.8469945359375 0.3345454546875 0.863387978125 0.3563636359375 0.8907103828125 0.37818181875 0.8797814203125001
2 0.29454545468750004 0.99453551875 0.29454545468750004 0.9562841531249999 0.3054545453125 0.9289617484375 0.3527272734375 0.9180327875 0.3454545453125 0.8852459015624999 0.33090909062499996 0.868852459375 0.2872727265625 0.8743169406250001 0.269090909375 0.9071038250000001 0.27272727343750003 0.9781420765625001 0.27999999999999997 0.99453551875 0.29454545468750004 0.99453551875
2 0.38181818125 1 0.3854545453125 0.9890710374999999 0.370909090625 0.9344262296875 0.36 0.9234972671874999 0.3054545453125 0.9289617484375 0.290909090625 0.9672131140625 0.2872727265625 0.99453551875 0.29454545468750004 1 0.38181818125 1
2 0.41454545468750004 0.8961748640625 0.42181818125000003 0.8852459015624999 0.4254545453125 0.8469945359375 0.40727272656249996 0.7923497265624999 0.3854545453125 0.7759562843750001 0.349090909375 0.781420765625 0.34181818124999996 0.8360655734375 0.349090909375 0.8852459015624999 0.4036363640625 0.8852459015624999 0.41454545468750004 0.8961748640625
7 0.0945454546875 1 0.090909090625 0.9562841531249999 0.069090909375 0.9508196718749999 0.0654545453125 0.961748634375 0.08 0.9808743171875 0.069090909375 1 0.0945454546875 1
2 0.32 0.7540983609375 0.32 0.7103825140625 0.3127272734375 0.6830601093750001 0.27272727343750003 0.677595628125 0.269090909375 0.7158469953125 0.2763636359375 0.721311475 0.28363636406250003 0.7486338796875 0.32 0.7540983609375
2 0.27999999999999997 0.8032786890624999 0.2872727265625 0.765027321875 0.2763636359375 0.721311475 0.23272727343750002 0.72677595625 0.2254545453125 0.765027321875 0.24363636406250003 0.7759562843750001 0.2545454546875 0.8032786890624999 0.27999999999999997 0.8032786890624999
2 0.2363636359375 0.770491803125 0.2 0.770491803125 0.189090909375 0.7923497265624999 0.1854545453125 0.863387978125 0.250909090625 0.857923496875 0.250909090625 0.7978142078125 0.2363636359375 0.770491803125
2 0.3672727265625 0.7486338796875 0.37818181875 0.7595628421875 0.370909090625 0.6939890703125 0.3745454546875 0.6830601093750001 0.4036363640625 0.672131146875 0.389090909375 0.6502732234375 0.3563636359375 0.6557377046874999 0.349090909375 0.6994535515625 0.3636363640625 0.7049180328125 0.370909090625 0.7431693984375001 0.3672727265625 0.7486338796875
2 0.46909090937500003 0.6502732234375 0.4872727265625 0.6502732234375 0.4836363640625 0.6229508203125 0.450909090625 0.6229508203125 0.4436363640625 0.6393442625 0.4472727265625 0.6885245906249999 0.45818181874999997 0.6830601093750001 0.46909090937500003 0.6502732234375
2 0.509090909375 0.6885245906249999 0.5127272734375 0.672131146875 0.49818181875 0.6557377046874999 0.4654545453125 0.6666666671875 0.46181818124999996 0.7158469953125 0.4727272734375 0.765027321875 0.4872727265625 0.6885245906249999 0.509090909375 0.6885245906249999