2 0.5636363640625001 0.2950819671875 0.5745454546875 0.2896174859375 0.5745454546875 0.27322404375 0.5672727265625 0.26229508125 0.5454545453125 0.26229508125 0.53818181875 0.27322404375 0.5345454546874999 0.32786885312499997 0.53818181875 0.34426229531249997 0.5454545453125 0.3497267765625 0.5636363640625001 0.2950819671875
2 0.4945454546875 0.3060109296875 0.4654545453125 0.3060109296875 0.4654545453125 0.34426229531249997 0.4763636359375 0.3333333328125 0.50181818125 0.3333333328125 0.4945454546875 0.3060109296875
2 0.5127272734375 0.3497267765625 0.5054545453125 0.3387978140625 0.4763636359375 0.34426229531249997 0.4763636359375 0.3770491796875 0.4836363640625 0.36612021875 0.5127272734375 0.36612021875 0.5127272734375 0.3497267765625
2 0.48 0.3715847 0.4763636359375 0.40983606562499997 0.5236363640625 0.40437158437500004 0.52 0.3715847 0.48 0.3715847
2 0.72 0.4316939890625 0.7236363640625 0.34426229531249997 0.709090909375 0.3333333328125 0.70181818125 0.3387978140625 0.690909090625 0.3825136609375 0.690909090625 0.42076502656250003 0.69818181875 0.4316939890625 0.72 0.4316939890625
2 0.669090909375 0.3770491796875 0.6872727265624999 0.38797814218750004 0.6872727265624999 0.40437158437500004 0.69818181875 0.4316939890625 0.690909090625 0.3825136609375 0.69818181875 0.3497267765625 0.7127272734375001 0.3387978140625 0.7127272734375001 0.322404371875 0.70181818125 0.3060109296875 0.669090909375 0.3060109296875 0.6654545453125 0.322404371875 0.6736363640625 0.3497267765625 0.6654545453125 0.3606557375 0.669090909375 0.3770491796875
2 0.6654545453125 0.3715847 0.6545454546875 0.35519125625000003 0.61818181875 0.35519125625000003 0.610909090625 0.3715847 0.6072727265625 0.398907103125 0.6254545453125 0.398907103125 0.6189393921875 0.4282786890625 0.6472727265625 0.3934426234375 0.6654545453125 0.3934426234375 0.6654545453125 0.3715847
2 0.450909090625 0.44808743125 0.4 0.4426229515625 0.39272727343749997 0.45901639375 0.389090909375 0.491803278125 0.4654545453125 0.497267759375 0.46181818124999996 0.464480875 0.450909090625 0.44808743125
2 0.3963636359375 0.4426229515625 0.42181818125000003 0.43715847031250005 0.42181818125000003 0.42076502656250003 0.41454545468750004 0.40983606562499997 0.370909090625 0.415300546875 0.36 0.45901639375 0.3636363640625 0.508196721875 0.37818181875 0.508196721875 0.3963636359375 0.4426229515625
2 0.49090909062500004 0.508196721875 0.5054545453125 0.43715847031250005 0.5127272734375 0.42622950781249996 0.5272727265625 0.42622950781249996 0.5272727265625 0.40983606562499997 0.4872727265625 0.40437158437500004 0.48 0.42076502656250003 0.4727272734375 0.44808743125 0.4727272734375 0.48633879843749994 0.48 0.508196721875 0.49090909062500004 0.508196721875
2 0.64 0.4426229515625 0.6836363640625 0.43715847031250005 0.6872727265624999 0.42622950781249996 0.6727272734375 0.398907103125 0.629090909375 0.398907103125 0.6145454546875 0.4426229515625 0.6145454546875 0.497267759375 0.6327272734375 0.5136612015625001 0.64 0.4426229515625
2 0.7163636359375001 0.5683060109375 0.72 0.5136612015625001 0.709090909375 0.45901639375 0.6945454546875001 0.43715847031250005 0.6436363640625 0.43715847031250005 0.6363636359375 0.45355191250000004 0.6327272734375 0.5245901640625 0.6436363640625 0.5628415296875 0.69818181875 0.5573770484375 0.7163636359375001 0.5683060109375
2 0.5345454546874999 0.502732240625 0.54181818125 0.491803278125 0.5672727265625 0.48633879843749994 0.5672727265625 0.464480875 0.5527272734374999 0.4316939890625 0.5163636359375 0.42622950781249996 0.5054545453125 0.43715847031250005 0.49818181875 0.48633879843749994 0.4945454546875 0.5300546453125 0.5054545453125 0.5519125687499999 0.52 0.5519125687499999 0.5345454546874999 0.502732240625
2 0.3854545453125 0.6065573765625001 0.4036363640625 0.595628415625 0.4472727265625 0.595628415625 0.44818181875 0.6038251359375 0.45454545468749996 0.595628415625 0.4654545453125 0.601092896875 0.4836363640625 0.64480874375 0.4727272734375 0.6174863390625001 0.4836363640625 0.6120218578125 0.46909090937500003 0.502732240625 0.45454545468749996 0.491803278125 0.3963636359375 0.491803278125 0.389090909375 0.508196721875 0.3854545453125 0.535519125 0.40181818125 0.5482695796875 0.3854545453125 0.5792349734375 0.3854545453125 0.6065573765625001
2 0.37818181875 0.8032786890624999 0.38181818125 0.8196721312499999 0.4254545453125 0.81420765 0.4436363640625 0.7759562843750001 0.45454545468749996 0.7759562843750001 0.4654545453125 0.7595628421875 0.49090909062500004 0.7540983609375 0.4945454546875 0.672131146875 0.4872727265625 0.672131146875 0.4654545453125 0.601092896875 0.41454545468750004 0.595628415625 0.39272727343749997 0.601092896875 0.389090909375 0.6120218578125 0.389090909375 0.6557377046874999 0.38181818125 0.672131146875 0.370909090625 0.677595628125 0.37818181875 0.8032786890624999
2 0.629090909375 0.6284153 0.6254545453125 0.5628415296875 0.6072727265625 0.502732240625 0.5527272734374999 0.491803278125 0.53818181875 0.502732240625 0.530909090625 0.5300546453125 0.5272727265625 0.6229508203125 0.54181818125 0.64480874375 0.6072727265625 0.64480874375 0.629090909375 0.6284153
2 0.989090909375 1 0.9672727265625 0.961748634375 0.9345454546875 0.9289617484375 0.8327272734375001 0.9289617484375 0.81818181875 0.961748634375 0.81818181875 1 0.989090909375 1
2 0.930909090625 0.64480874375 0.9963636359375 0.64480874375 0.9963636359375 0.5191256828124999 0.989090909375 0.508196721875 0.9745454546874999 0.497267759375 0.9199999999999999 0.497267759375 0.9054545453125 0.535519125 0.90181818125 0.601092896875 0.9090909093749999 0.6284153 0.9236363640624999 0.6229508203125 0.930909090625 0.64480874375
2 0.8109090906249999 0.63387978125 0.8363636359375001 0.63387978125 0.8472727265625 0.6229508203125 0.8472727265625 0.5792349734375 0.8400000000000001 0.5792349734375 0.8327272734375001 0.5519125687499999 0.8072727265624999 0.5245901640625 0.7527272734375 0.5191256828124999 0.74181818125 0.5245901640625 0.7345454546875 0.5573770484375 0.7272727265625 0.64480874375 0.7454545453125 0.6885245906249999 0.7854545453124999 0.6830601093750001 0.8109090906249999 0.63387978125
2 0.81818181875 0.8032786890624999 0.8400000000000001 0.7923497265624999 0.89818181875 0.7923497265624999 0.9090909093749999 0.8032786890624999 0.9272727265625 0.8032786890624999 0.930909090625 0.7540983609375 0.9236363640624999 0.6885245906249999 0.9127272734374999 0.6830601093750001 0.890909090625 0.6393442625 0.82181818125 0.63387978125 0.8109090906249999 0.6393442625 0.7927272734375 0.6830601093750001 0.789090909375 0.7431693984375001 0.7963636359375 0.765027321875 0.8072727265624999 0.770491803125 0.81818181875 0.8032786890624999
2 0.629090909375 0.8469945359375 0.6363636359375 0.8469945359375 0.650909090625 0.8251366125 0.69818181875 0.8251366125 0.7236363640625 0.7868852453125 0.7563636359375 0.7868852453125 0.7563636359375 0.7540983609375 0.7345454546875 0.672131146875 0.72 0.64480874375 0.69818181875 0.6284153 0.6363636359375 0.6229508203125 0.62181818125 0.6393442625 0.610909090625 0.6994535515625 0.6072727265625 0.770491803125 0.6145454546875 0.8032786890624999 0.62181818125 0.8032786890624999 0.629090909375 0.8469945359375
2 0.72 1 0.7236363640625 0.9890710374999999 0.8072727265624999 1 0.82181818125 0.9453551906250001 0.8363636359375001 0.9234972671874999 0.8472727265625 0.9234972671874999 0.850909090625 0.8961748640625 0.85818181875 0.8907103828125 0.85818181875 0.8797814203125001 0.8290909093750001 0.8469945359375 0.8145454546875 0.8087431687500001 0.789090909375 0.7923497265624999 0.7236363640625 0.7923497265624999 0.709090909375 0.8087431687500001 0.7054545453125 0.8306010921875 0.690909090625 0.857923496875 0.690909090625 0.9562841531249999 0.7127272734375001 1 0.72 1
2 0.4254545453125 0.99453551875 0.5927272734375 1 0.5854545453125 0.9890710374999999 0.557090909375 0.981420765625 0.57818181875 0.9398907109374999 0.5745454546875 0.9180327875 0.58181818125 0.8852459015624999 0.5636363640625001 0.8797814203125001 0.53818181875 0.7978142078125 0.52 0.7759562843750001 0.4472727265625 0.7759562843750001 0.42181818125000003 0.8415300546875001 0.41454545468750004 0.9071038250000001 0.43236363593749993 0.9163934421875 0.41818181875000004 0.9508196718749999 0.4254545453125 0.99453551875
1 0.6727272734375 0.3005464484375 0.7054545453125 0.3005464484375 0.7163636359375001 0.25683060156250004 0.7163636359375001 0.224043715625 0.690909090625 0.1967213109375 0.64 0.20218579218750002 0.64 0.3060109296875 0.650909090625 0.322404371875 0.6618181812499999 0.322404371875 0.6727272734375 0.3005464484375
1 0.770909090625 0.5136612015625001 0.86181818125 0.5136612015625001 0.8654545453125 0.502732240625 0.8800000000000001 0.497267759375 0.8800000000000001 0.32786885312499997 0.8690909093749999 0.3005464484375 0.8 0.2896174859375 0.8 0.27322404375 0.770909090625 0.27322404375 0.7345454546875 0.2841530046875 0.7272727265625 0.3333333328125 0.7236363640625 0.4316939890625 0.74181818125 0.4808743171875 0.7563636359375 0.48633879843749994 0.770909090625 0.5136612015625001
1 0.2872727265625 0.5737704921875 0.29818181875 0.45355191250000004 0.2872727265625 0.2841530046875 0.27272727343750003 0.27322404375 0.2145454546875 0.27322404375 0.1927272734375 0.2896174859375 0.17090909062499998 0.3387978140625 0.16 0.45355191250000004 0.1672727265625 0.45901639375 0.1745454546875 0.5737704921875 0.2872727265625 0.5737704921875
2 0.610909090625 0.3715847 0.6254545453125 0.3497267765625 0.6254545453125 0.3387978140625 0.61818181875 0.322404371875 0.58181818125 0.32786885312499997 0.5709090906250001 0.3606557375 0.5709090906250001 0.40437158437500004 0.6036363640625 0.40983606562499997 0.610909090625 0.3715847
2 0.6036363640625 0.322404371875 0.62181818125 0.2950819671875 0.62181818125 0.26229508125 0.610909090625 0.24043715781250002 0.5854545453125 0.2459016390625 0.5854545453125 0.3060109296875 0.573333334375 0.3041894375 0.5599999999999999 0.3333333328125 0.5563636359374999 0.36612021875 0.5636363640625001 0.38797814218750004 0.57818181875 0.322404371875 0.6036363640625 0.322404371875
2 0.5672727265625 0.3825136609375 0.58181818125 0.322404371875 0.6145454546875 0.316939890625 0.610909090625 0.3005464484375 0.6 0.2896174859375 0.5672727265625 0.2896174859375 0.5599999999999999 0.3060109296875 0.5527272734374999 0.3387978140625 0.5527272734374999 0.3715847 0.5599999999999999 0.38797814218750004 0.5672727265625 0.3825136609375