9 0.64 0.5 0.6333333328124999 0.48214285781250005 0.63 0.48809523749999995 0.6233333328125 0.50595238125 0.6233333328125 0.5357142859375 0.6333333328124999 0.6130952375 0.64 0.5
11 0.48444444375 0.623015875 0.4766666671875 0.6297619046875 0.488888890625 0.6567460296875 0.48 0.6630952375 0.48333333281249996 0.6964285718750001 0.5066666671875 0.690476190625 0.48 0.5892857140625 0.4933333328125 0.5625 0.51 0.559523809375 0.5166666671875 0.547619046875 0.5 0.5357142859375 0.4966666671875 0.5178571421875 0.48 0.5297619046875 0.47000000000000003 0.5238095234375 0.46666666718750005 0.5535714281249999 0.4766666671875 0.565476190625 0.4733333328125 0.596428571875 0.48444444375 0.623015875
11 0.3433333328125 0.9047619046875001 0.35 0.9047619046875001 0.3566666671875 0.88095238125 0.38333333281250004 0.88095238125 0.39 0.8928571421875 0.4066666671875 0.88095238125 0.4266666671875 0.9047619046875001 0.41476190312499994 0.8801020421875 0.4266666671875 0.809523809375 0.42000000000000004 0.702380953125 0.3633333328125 0.6964285718750001 0.3466666671875 0.7142857140625 0.3433333328125 0.75 0.355238096875 0.7568027203125001 0.3433333328125 0.7916666671875 0.3433333328125 0.9047619046875001
11 0.20388889062499999 0.8839285718750001 0.2133333328125 0.9047619046875001 0.21000000000000002 0.9166666671874999 0.2266666671875 0.922619046875 0.23333333281250002 0.8928571421875 0.22999999999999998 0.8214285718750001 0.2033333328125 0.7678571421875 0.2033333328125 0.7380952375 0.2266666671875 0.7321428578125 0.2133333328125 0.7142857140625 0.1766666671875 0.7142857140625 0.17333333281250002 0.7261904765625 0.18 0.7261904765625 0.17944444375 0.752976190625 0.20388889062499999 0.8839285718750001
11 0.13333333281249998 0.797619046875 0.14666666718750002 0.8035714281249999 0.18 0.9077380953124999 0.1666666671875 0.9285714281249999 0.16999999999999998 0.940476190625 0.1966666671875 0.9642857140625001 0.2066666671875 0.934523809375 0.2066666671875 0.75595238125 0.1966666671875 0.7321428578125 0.14666666718750002 0.7321428578125 0.1233333328125 0.74404761875 0.1166666671875 0.7619047625 0.1233333328125 0.809523809375 0.13333333281249998 0.809523809375 0.13333333281249998 0.797619046875
9 0.24333333281249997 0.6130952375 0.25 0.5892857140625 0.24666666718750002 0.577380953125 0.22999999999999998 0.5714285718750001 0.2233333328125 0.5952380953125 0.2233333328125 0.6607142859375 0.25 0.6547619046875 0.24333333281249997 0.6130952375
9 0.24666666718750002 0.565476190625 0.24 0.565476190625 0.2366666671875 0.6011904765625 0.25 0.6428571421875 0.2533333328125 0.6071428578125 0.24666666718750002 0.565476190625
9 0.3533333328125 0.5833333328125 0.35 0.5297619046875 0.3466666671875 0.5178571421875 0.33999999999999997 0.5178571421875 0.3333333328125 0.5357142859375 0.32999999999999996 0.5833333328125 0.3333333328125 0.5952380953125 0.3466666671875 0.5952380953125 0.3533333328125 0.5833333328125
9 0.1366666671875 0.7202380953125 0.15 0.7202380953125 0.16 0.7083333328125 0.16 0.684523809375 0.14666666718750002 0.63095238125 0.13 0.672619046875 0.13333333281249998 0.690476190625 0.1266666671875 0.6964285718750001 0.1266666671875 0.7083333328125 0.1366666671875 0.7202380953125
9 0.4233333328125 0.5357142859375 0.4166666671875 0.5119047625 0.41 0.5119047625 0.4033333328125 0.547619046875 0.4066666671875 0.565476190625 0.4166666671875 0.565476190625 0.4233333328125 0.5357142859375
9 0.52 0.5535714281249999 0.5133333328125 0.559523809375 0.5133333328125 0.690476190625 0.5233333328125 0.6964285718750001 0.53 0.5714285718750001 0.52 0.5535714281249999
9 0.5599999999999999 0.6964285718750001 0.5700000000000001 0.559523809375 0.5599999999999999 0.5416666671875 0.5533333328125 0.547619046875 0.5522222234374999 0.6587301609375 0.5575 0.66220238125 0.5533333328125 0.6964285718750001 0.5599999999999999 0.6964285718750001
2 0.8633333328124999 0.3869047625 0.8533333328125 0.3630952375 0.8266666671875 0.3630952375 0.8166666671874999 0.3928571421875 0.8133333328125 0.428571428125 0.8533333328125 0.42261904687499996 0.8633333328124999 0.434523809375 0.8633333328124999 0.3869047625
11 0.43333333281249997 0.7321428578125 0.44000000000000006 0.7202380953125 0.45 0.7202380953125 0.4533333328125 0.702380953125 0.4533333328125 0.6547619046875 0.43666666718749997 0.6428571421875 0.43499999999999994 0.610119046875 0.45 0.5714285718750001 0.43666666718749997 0.5714285718750001 0.43333333281249997 0.5833333328125 0.44000000000000006 0.7142857140625 0.43333333281249997 0.7202380953125 0.43333333281249997 0.7321428578125
11 0.4266666671875 0.7321428578125 0.44666666718750003 0.7202380953125 0.4533333328125 0.690476190625 0.4533333328125 0.6666666671875 0.43166666718749996 0.61904761875 0.43333333281249997 0.577380953125 0.45 0.5833333328125 0.44000000000000006 0.5714285718750001 0.41 0.5714285718750001 0.4166666671875 0.6071428578125 0.4166666671875 0.690476190625 0.4266666671875 0.7321428578125
9 0.0866666671875 1 0.09 0.952380953125 0.10333333281249998 0.922619046875 0.1 0.875 0.08 0.809523809375 0.06 0.8511904765624999 0.0566666671875 0.9166666671874999 0.0633333328125 0.934523809375 0.0666666671875 0.9821428578125 0.0733333328125 1 0.0866666671875 1
9 0.15 1 0.1533333328125 0.9285714281249999 0.1633333328125 0.922619046875 0.1633333328125 0.8571428578125 0.1433333328125 0.809523809375 0.1233333328125 0.8511904765624999 0.12 0.9285714281249999 0.13 1 0.15 1
11 0.46666666718750005 0.702380953125 0.4733333328125 0.7142857140625 0.4766666671875 0.7083333328125 0.47000000000000003 0.702380953125 0.48 0.6547619046875 0.48 0.5714285718750001 0.47000000000000003 0.5535714281249999 0.4533333328125 0.547619046875 0.43666666718749997 0.559523809375 0.45 0.5714285718750001 0.4566666671875 0.7083333328125 0.46666666718750005 0.702380953125
9 0.0533333328125 0.809523809375 0.06 0.827380953125 0.0566666671875 0.8452380953124999 0.0666666671875 0.8392857140625001 0.08 0.7619047625 0.08 0.690476190625 0.06999999999999999 0.6785714281249999 0.0666666671875 0.6547619046875 0.06 0.6547619046875 0.0466666671875 0.702380953125 0.051111109375 0.7142857140625 0.0466666671875 0.74404761875 0.0533333328125 0.809523809375
9 0.3133333328125 0.815476190625 0.3 0.797619046875 0.3133333328125 0.7619047625 0.31 0.7321428578125 0.3 0.7321428578125 0.2966666671875 0.8928571421875 0.31 0.8928571421875 0.3046666671875 0.8333333328125001 0.3133333328125 0.815476190625
9 0.76 0.4166666671875 0.75 0.4047619046875 0.75 0.5119047625 0.7566666671875 0.50595238125 0.76 0.48809523749999995 0.76 0.4166666671875
9 0.65 0.559523809375 0.6599999999999999 0.5178571421875 0.65 0.5119047625 0.6566666671875 0.4761904765625 0.6466666671875 0.48214285781250005 0.6433333328125 0.5535714281249999 0.6633333328125001 0.5892857140625 0.6633333328125001 0.565476190625 0.65 0.559523809375
9 0.7833333328125 0.42261904687499996 0.7766666671875 0.4166666671875 0.77 0.48214285781250005 0.7833333328125 0.5119047625 0.79 0.4583333328125 0.7833333328125 0.42261904687499996
9 0.27 0.9702380953124999 0.2666666671875 0.940476190625 0.2733333328125 0.940476190625 0.27999999999999997 0.8571428578125 0.27999999999999997 0.7797619046875 0.2733333328125 0.7619047625 0.2533333328125 0.7678571421875 0.24866666718750002 0.8488095234375 0.24666666718750002 0.9642857140625001 0.25 0.9702380953124999 0.2533333328125 0.9583333328125001 0.27 0.9702380953124999
9 0.3233333328125 0.8869047625 0.3366666671875 0.7857142859375 0.3308333328125 0.7693452375 0.3366666671875 0.7380952375 0.3266666671875 0.702380953125 0.3166666671875 0.7380952375 0.3133333328125 0.827380953125 0.31916666718750003 0.8318452375 0.3133333328125 0.8928571421875 0.3233333328125 0.8869047625