11 0.3345454546875 0.48633879843749994 0.33818181875 0.464480875 0.3272727265625 0.464480875 0.32 0.40983606562499997 0.30181818125 0.40983606562499997 0.27999999999999997 0.42622950781249996 0.2763636359375 0.45355191250000004 0.27999999999999997 0.491803278125 0.2872727265625 0.502732240625 0.3345454546875 0.48633879843749994
9 0.8818181812500001 0.44808743125 0.890909090625 0.42076502656250003 0.8836363640625 0.42076502656250003 0.8763636359375001 0.43715847031250005 0.8727272734374999 0.4808743171875 0.8836363640625 0.4808743171875 0.890909090625 0.4699453546875 0.8818181812500001 0.44808743125
1 0.62181818125 0.3005464484375 0.62181818125 0.25683060156250004 0.6036363640625 0.229508196875 0.57818181875 0.229508196875 0.57818181875 0.278688525 0.5963636359375 0.3060109296875 0.62181818125 0.3005464484375
9 0.9127272734374999 0.508196721875 0.9381818187500001 0.497267759375 0.9381818187500001 0.45901639375 0.9272727265625 0.45901639375 0.9163636359374999 0.4808743171875 0.90181818125 0.535519125 0.9127272734374999 0.5300546453125 0.930909090625 0.5519125687499999 0.9127272734374999 0.508196721875
11 0.530909090625 0.316939890625 0.52 0.3005464484375 0.5127272734375 0.31147540937499996 0.5127272734375 0.35519125625000003 0.5272727265625 0.36612021875 0.530909090625 0.316939890625
1 0.389090909375 1 0.429090909375 0.677595628125 0.429090909375 0.5683060109375 0.41818181875000004 0.502732240625 0.38181818125 0.491803278125 0.3236363640625 0.497267759375 0.0654545453125 0.9781420765625001 0.0654545453125 1 0.389090909375 1
1 0.6254545453125 0.3715847 0.6363636359375 0.3715847 0.6436363640625 0.398907103125 0.70181818125 0.47540983593749997 0.7127272734375001 0.54098360625 0.730909090625 0.5628415296875 0.8109090906249999 0.5573770484375 0.8254545453125001 0.4808743171875 0.8254545453125001 0.4316939890625 0.8145454546875 0.415300546875 0.709090909375 0.3387978140625 0.6545454546875 0.3333333328125 0.629090909375 0.31147540937499996 0.62181818125 0.322404371875 0.62181818125 0.34426229531249997 0.6327272734375 0.3606557375 0.6254545453125 0.3715847
1 0.5927272734375 0.64480874375 0.6727272734375 0.63387978125 0.6836363640625 0.6065573765625001 0.69818181875 0.4808743171875 0.64 0.398907103125 0.62181818125 0.35519125625000003 0.6036363640625 0.3333333328125 0.5599999999999999 0.32786885312499997 0.549090909375 0.3387978140625 0.5454545453125 0.44808743125 0.5636363640625001 0.5300546453125 0.57818181875 0.6393442625 0.5927272734375 0.64480874375
11 0.530909090625 0.3825136609375 0.5236363640625 0.3715847 0.5054545453125 0.3715847 0.50181818125 0.415300546875 0.509090909375 0.43715847031250005 0.530909090625 0.43715847031250005 0.530909090625 0.3825136609375
1 0.43636363593749994 0.31147540937499996 0.43636363593749994 0.2459016390625 0.43272727343749995 0.23497267812499997 0.40727272656249996 0.24043715781250002 0.39272727343749997 0.26229508125 0.39272727343749997 0.316939890625 0.4254545453125 0.322404371875 0.43636363593749994 0.31147540937499996
1 0 0.857923496875 0.0872727265625 0.73770491875 0.10909090937499999 0.73770491875 0.1236363640625 0.6994535515625 0.1563636359375 0.6557377046874999 0.1672727265625 0.6284153 0.149090909375 0.5683060109375 0.130909090625 0.5464480875 0.130909090625 0.508196721875 0.12 0.491803278125 0.032727273437499996 0.491803278125 0 0.5136612015625001 0 0.857923496875