9 0.50579150625 0.7319587624999999 0.5019305015625 0.7731958765625 0.50707850625 0.7731958765625 0.5104247109375 0.79329896875 0.525096525 0.7835051546875 0.525096525 0.7474226796875 0.50579150625 0.7319587624999999
2 0 0.855670103125 0.084942084375 0.7835051546875 0.11583011562500001 0.7319587624999999 0.1119691125 0.701030928125 0.09652509687500001 0.69072165 0.065637065625 0.6855670109374999 0.034749034375 0.6958762890625 0.01930501875 0.7113402062499999 0 0.7164948453125 0 0.855670103125
2 0.347490346875 0.5515463921875 0.347490346875 0.530927834375 0.33204633281249996 0.510309278125 0.25482625468750003 0.510309278125 0.22007722031250002 0.536082475 0.1853281859375 0.5876288656249999 0.17760617812499999 0.6134020625 0.17760617812499999 0.654639175 0.227799228125 0.6494845359375 0.33976833906250004 0.5618556703124999 0.347490346875 0.5515463921875
2 0.6872586875 0.29381443281249997 0.6872586875 0.2835051546875 0.675675675 0.2525773203125 0.6447876453125 0.2525773203125 0.6177606171875001 0.2680412375 0.6023166015625 0.29381443281249997 0.6023166015625 0.345360825 0.640926640625 0.345360825 0.65637065625 0.335051546875 0.6872586875 0.29381443281249997
2 0.60617760625 0.40206185625 0.625482625 0.40206185625 0.625482625 0.38144329843749997 0.6138996140625 0.3505154640625 0.5868725875 0.3505154640625 0.5675675671875 0.36597938124999996 0.5482625484375 0.3969072171875 0.540540540625 0.4175257734375 0.54440154375 0.4278350515625 0.5791505796875 0.4278350515625 0.60617760625 0.40206185625
2 0.559845559375 0.912371134375 0.5675675671875 0.9072164953125 0.5791505796875 0.876288659375 0.6293436296875 0.8144329890625001 0.6486486484375 0.7680412375000001 0.6640926640625 0.7474226796875 0.6833976828125 0.7371134015624999 0.7142857140625 0.7371134015624999 0.7104247109374999 0.701030928125 0.6833976828125 0.6597938140624999 0.6447876453125 0.6597938140624999 0.5830115828125 0.7319587624999999 0.5366795359375 0.8298969078124999 0.5289575296875 0.855670103125 0.5289575296875 0.8969072171875 0.5366795359375 0.912371134375 0.559845559375 0.912371134375
2 0.9498069499999999 0.40721649531250004 0.9575289578125 0.40721649531250004 0.9768339765625 0.38144329843749997 0.9806949812499999 0.34020618593749996 0.9729729734375001 0.3041237109375 0.9420849421874999 0.298969071875 0.9073359078125 0.345360825 0.8996139 0.3969072171875 0.93050193125 0.3917525765625 0.953667953125 0.4226804125 0.9498069499999999 0.40721649531250004
2 0.702702703125 0.2628865984375 0.7297297296874999 0.24226804062500001 0.7258687265625 0.221649484375 0.702702703125 0.221649484375 0.6795366796875 0.2371134015625 0.6795366796875 0.2525773203125 0.6872586875 0.2628865984375 0.702702703125 0.2628865984375
2 0.7992277999999999 0.2474226796875 0.7992277999999999 0.2319587625 0.7799227796875 0.21134020625 0.752895753125 0.21649484531250002 0.741312740625 0.2474226796875 0.7451737453125 0.29381443281249997 0.76833976875 0.298969071875 0.7992277999999999 0.2474226796875
2 0.8108108109375 0.180412371875 0.8069498062499999 0.154639175 0.783783784375 0.154639175 0.7606177609375 0.1701030921875 0.7567567562499999 0.201030928125 0.7799227796875 0.21134020625 0.7915057921875001 0.1855670109375 0.8108108109375 0.180412371875
2 0.8532818531249999 0.778350515625 0.9498069499999999 0.778350515625 0.9459459453125 0.6958762890625 0.8610038609374999 0.69072165 0.8378378375000001 0.7164948453125 0.7876447875 0.7268041234375 0.7722007718749999 0.7371134015624999 0.76833976875 0.757731959375 0.7799227796875 0.7628865984375001 0.8262548265625 0.7628865984375001 0.8532818531249999 0.778350515625
2 0.9498069499999999 0.6958762890625 0.9613899609375001 0.6701030921875 0.9806949812499999 0.654639175 0.9806949812499999 0.6391752578125 0.965250965625 0.623711340625 0.9073359078125 0.6185567015625 0.8841698843750001 0.644329896875 0.8610038609374999 0.6391752578125 0.8108108109375 0.6597938140624999 0.8069498062499999 0.7164948453125 0.8262548265625 0.7164948453125 0.8571428578125 0.69072165 0.9498069499999999 0.6958762890625
2 0.9459459453125 0.6185567015625 0.9729729734375001 0.623711340625 0.9806949812499999 0.6288659796875 0.9845559843749999 0.644329896875 0.996138996875 0.6494845359375 0.996138996875 0.5618556703124999 0.953667953125 0.5618556703124999 0.9227799234375 0.5824742265625 0.8957528953124999 0.5824742265625 0.8725868718750001 0.59793814375 0.86872586875 0.6082474234374999 0.86872586875 0.6391752578125 0.8841698843750001 0.6391752578125 0.903474903125 0.6185567015625 0.9459459453125 0.6185567015625
13 0.43629343593750003 0.463917525 0.47104247031249996 0.453608246875 0.49034749062499994 0.43298969062500003 0.5366795359375 0.40721649531250004 0.5521235515625 0.38659793750000004 0.5521235515625 0.28865979375 0.540540540625 0.278350515625 0.46332046406250005 0.278350515625 0.37837837812499997 0.32474226875 0.3667953671875 0.335051546875 0.3629343625 0.3917525765625 0.347490346875 0.3969072171875 0.33976833906250004 0.4278350515625 0.33976833906250004 0.5154639171875 0.3513513515625 0.530927834375 0.37451737500000004 0.530927834375 0.43629343593750003 0.463917525
1 0.135135134375 0.9742268046874999 0.15057915 0.9845360828124999 0.1853281859375 0.9845360828124999 0.21621621562499999 0.9948453609374999 0.2664092671875 0.989690721875 0.277992278125 0.9226804124999999 0.28957528906249996 0.9020618562499999 0.347490346875 0.8402061859375 0.39382239375 0.845360825 0.5868725875 0.623711340625 0.6023166015625 0.546391753125 0.610038609375 0.536082475 0.60617760625 0.45876288593750003 0.5984555984375 0.4381443296875 0.5868725875 0.43298969062500003 0.5173745171874999 0.4278350515625 0.4826254828125 0.4484536078125 0.459459459375 0.4742268046875 0.3513513515625 0.55670103125 0.33204633281249996 0.5154639171875 0.247104246875 0.5154639171875 0.1482625484375 0.69793814375 0.16216216249999998 0.7113402062499999 0.146718146875 0.7268041234375 0.13590733593749998 0.7201030921875 0.1389961390625 0.7319587624999999 0.1235521234375 0.742268040625 0.13568670625 0.76620029375 0.1196911203125 0.7835051546875 0.127413128125 0.9278350515625 0.135135134375 0.9742268046874999
9 0.822393821875 0.6134020625 0.8127413125 0.5798969078125 0.81853281875 0.5773195875 0.8069498062499999 0.546391753125 0.8030888031250001 0.6134020625 0.8108108109375 0.6391752578125 0.822393821875 0.6391752578125 0.822393821875 0.6134020625
13 0.6872586875 0.546391753125 0.7490347484375001 0.546391753125 0.822393821875 0.4278350515625 0.81853281875 0.335051546875 0.7606177609375 0.3298969078125 0.71814671875 0.3711340203125 0.71814671875 0.4226804125 0.70656370625 0.4381443296875 0.6872586875 0.5 0.6872586875 0.546391753125
11 0.6486486484375 0.654639175 0.675675675 0.6288659796875 0.6833976828125 0.6082474234374999 0.675675675 0.530927834375 0.6293436296875 0.5257731953125 0.60617760625 0.546391753125 0.5984555984375 0.55670103125 0.5984555984375 0.623711340625 0.6138996140625 0.654639175 0.6486486484375 0.654639175
11 0.915057915625 0.31958762812499997 0.915057915625 0.2835051546875 0.8764478765625 0.28865979375 0.8725868718750001 0.3711340203125 0.8996139 0.3711340203125 0.9073359078125 0.3298969078125 0.915057915625 0.31958762812499997
2 0.7104247109374999 0.3711340203125 0.7258687265625 0.35567010312499997 0.7335907328125 0.31958762812499997 0.7142857140625 0.298969071875 0.691119690625 0.298969071875 0.675675675 0.30927835 0.6486486484375 0.3505154640625 0.6447876453125 0.3969072171875 0.675675675 0.40206185625 0.6988416984375 0.3608247421875 0.7104247109374999 0.3711340203125
2 0.11679536718750001 0.7680412375000001 0.10810810781249999 0.757731959375 0.11583011562500001 0.742268040625 0.07722007656249999 0.798969071875 0.034749034375 0.845360825 0.030888031249999996 0.9175257734375 0.08108108124999999 0.9329896906249999 0.11583011562500001 0.9278350515625 0.11679536718750001 0.7680412375000001
11 0.675675675 0.4381443296875 0.625482625 0.4381443296875 0.6138996140625 0.453608246875 0.6177606171875001 0.52061855625 0.671814671875 0.5257731953125 0.675675675 0.4381443296875