9 0.0872727265625 0.7923497265624999 0.08 0.8360655734375 0.089090909375 0.8442622953125 0.0914478109375 0.852054240625 0.10545454531250001 0.8415300546875001 0.10545454531250001 0.8251366125 0.0872727265625 0.7923497265624999
9 0.0072727265625 0.7978142078125 0.0145454546875 0.7595628421875 0.0036363640625 0.7595628421875 0 0.7923497265624999 0.0072727265625 0.8251366125 0.0145454546875 0.8306010921875 0.0072727265625 0.7978142078125
2 0.4436363640625 0.5300546453125 0.43272727343749995 0.5136612015625001 0.4036363640625 0.5191256828124999 0.4036363640625 0.54098360625 0.429090909375 0.5573770484375 0.4436363640625 0.5519125687499999 0.4436363640625 0.5300546453125
1 0.58181818125 0.5737704921875 0.5890909093750001 0.502732240625 0.5890909093750001 0.464480875 0.58181818125 0.44808743125 0.46181818124999996 0.42622950781249996 0.45818181874999997 0.497267759375 0.4654545453125 0.5300546453125 0.5454545453125 0.5792349734375 0.58181818125 0.5737704921875
1 0.1672727265625 0.64480874375 0.2072727265625 0.6284153 0.22909090937499998 0.6284153 0.2363636359375 0.6229508203125 0.2363636359375 0.595628415625 0.1927272734375 0.5136612015625001 0.149090909375 0.5191256828124999 0.14181818125 0.5245901640625 0.149090909375 0.677595628125 0.16 0.6994535515625 0.1672727265625 0.64480874375
2 0.549090909375 0.7049180328125 0.5563636359374999 0.6939890703125 0.5527272734374999 0.6666666671875 0.5236363640625 0.6284153 0.4727272734375 0.6393442625 0.46909090937500003 0.677595628125 0.49090909062500004 0.6885245906249999 0.5054545453125 0.7103825140625 0.549090909375 0.7049180328125
2 0.5054545453125 0.595628415625 0.5054545453125 0.5628415296875 0.49818181875 0.5519125687499999 0.4836363640625 0.54098360625 0.45454545468749996 0.5519125687499999 0.4472727265625 0.5628415296875 0.45454545468749996 0.584699453125 0.4763636359375 0.601092896875 0.5054545453125 0.595628415625
2 0.6145454546875 0.6994535515625 0.669090909375 0.6885245906249999 0.669090909375 0.672131146875 0.64 0.63387978125 0.5854545453125 0.63387978125 0.5709090906250001 0.64480874375 0.5745454546875 0.677595628125 0.6 0.6830601093750001 0.6145454546875 0.6994535515625
2 0.32 0.5300546453125 0.3127272734375 0.5191256828124999 0.2872727265625 0.5245901640625 0.2872727265625 0.5683060109375 0.30181818125 0.584699453125 0.32 0.5792349734375 0.32 0.5300546453125
9 0.0363636359375 1 0.04 0.9344262296875 0.029090909375 0.90163934375 0.02181818125 0.9071038250000001 0.018181818750000002 0.9508196718749999 0.0254545453125 0.961748634375 0.0254545453125 0.9836065578125 0.0363636359375 1
9 0.090909090625 0.9435337 0.10181818125 0.8907103828125 0.0872727265625 0.863387978125 0.08 0.863387978125 0.0763636359375 0.9125683062500001 0.090909090625 0.9726775953125 0.09818181875000001 0.9726775953125 0.090909090625 0.9435337
1 0.3854545453125 0.6939890703125 0.40727272656249996 0.6830601093750001 0.43636363593749994 0.6830601093750001 0.43636363593749994 0.5683060109375 0.3745454546875 0.5191256828124999 0.33090909062499996 0.5245901640625 0.3272727265625 0.6120218578125 0.3563636359375 0.6502732234375 0.36 0.6666666671875 0.3854545453125 0.6939890703125
1 0.6 0.5737704921875 0.6 0.584699453125 0.5890909093750001 0.595628415625 0.5927272734375 0.601092896875 0.62181818125 0.6120218578125 0.6436363640625 0.63387978125 0.6545454546875 0.63387978125 0.70181818125 0.6666666671875 0.74181818125 0.677595628125 0.7454545453125 0.6885245906249999 0.7854545453124999 0.7103825140625 0.8109090906249999 0.7158469953125 0.81818181875 0.7049180328125 0.8254545453125001 0.6120218578125 0.8400000000000001 0.590163934375 0.8363636359375001 0.5737704921875 0.8254545453125001 0.5628415296875 0.6727272734375 0.5245901640625 0.64 0.508196721875 0.5927272734375 0.508196721875 0.5890909093750001 0.5191256828124999 0.6051948031250001 0.533957846875 0.5890909093750001 0.5683060109375 0.6 0.5737704921875
1 0.8327272734375001 0.7322404375 0.8945454546875 0.765027321875 0.9272727265625 0.7923497265624999 0.970909090625 0.7978142078125 0.9963636359375 0.781420765625 0.9963636359375 0.6229508203125 0.8872727265625 0.590163934375 0.8363636359375001 0.595628415625 0.8290909093750001 0.6065573765625001 0.8460606078125 0.6575591968750001 0.8254545453125001 0.6830601093750001 0.8254545453125001 0.7158469953125 0.8327272734375001 0.7322404375
1 0.1745454546875 0.8251366125 0.21090909062500002 0.99453551875 0.46909090937500003 1 0.46181818124999996 0.9344262296875 0.269090909375 0.64480874375 0.2545454546875 0.6284153 0.1745454546875 0.6393442625 0.1672727265625 0.6502732234375 0.1823636359375 0.6677595625 0.1672727265625 0.6939890703125 0.1745454546875 0.8251366125