1 0 0.5588235296875 0.0945945953125 0.5647058828125 0.128378378125 0.5529411765625001 0.1452702703125 0.5411764703124999 0.15878378437500001 0.5 0.18918918906249999 0.4764705875 0.1959459453125 0.3470588234375 0.1824324328125 0.31176470625 0.1385135140625 0.31176470625 0.00675675625 0.35882352968750003 0 0.3647058828125 0 0.5588235296875
1 0.760135134375 0.31176470625 0.783783784375 0.317647059375 0.790540540625 0.3647058828125 0.8040540546875 0.3647058828125 0.8108108109375 0.2529411765625 0.8378378375000001 0.22941176406250002 0.8344594593749999 0.20588235312499997 0.8040540546875 0.18823529375 0.7263513515625 0.18823529375 0.7195945953125 0.194117646875 0.7195945953125 0.28823529375 0.75 0.294117646875 0.760135134375 0.31176470625
1 0.9020270265624999 0.4588235296875 0.922297296875 0.48235294062499995 0.9290540546875 0.4764705875 0.9358108109375 0.417647059375 0.922297296875 0.27647058750000003 0.8986486484375 0.24117647031249997 0.8243243250000001 0.24117647031249997 0.8108108109375 0.2529411765625 0.8108108109375 0.35882352968750003 0.8175675671875 0.3705882359375 0.8547297296874999 0.3764705875 0.9020270265624999 0.4588235296875
1 0.70608108125 0.505882353125 0.7195945953125 0.5470588234375 0.7297297296874999 0.5411764703124999 0.7331081078125 0.5647058828125 0.7770270265625 0.5588235296875 0.7770270265625 0.5352941171875 0.79324324375 0.5352941171875 0.79391891875 0.5588235296875 0.8243243250000001 0.5588235296875 0.8324324328125 0.5470588234375 0.841216215625 0.5588235296875 0.8885135140625 0.5588235296875 0.908783784375 0.5411764703124999 0.8952702703125001 0.5294117640625 0.8986486484375 0.505882353125 0.9155405406250001 0.5 0.908783784375 0.4705882359375 0.8547297296874999 0.382352940625 0.8209459453125 0.3705882359375 0.7195945953125 0.3647058828125 0.702702703125 0.38823529375 0.699324325 0.4470588234375 0.7077702703125001 0.475 0.702702703125 0.48235294062499995 0.70608108125 0.505882353125
1 0.9493243250000001 0.9941176468749999 0.9493243250000001 0.7588235296875 0.95608108125 0.694117646875 0.95608108125 0.5647058828125 0.9425675671875 0.517647059375 0.9290540546875 0.517647059375 0.922297296875 0.5294117640625 0.91891891875 0.5588235296875 0.841216215625 0.5647058828125 0.8513513515625 0.38823529375 0.7262214124999999 0.5450226234375 0.7263513515625 0.5647058828125 0.702702703125 0.5705882359375 0.5371621625 0.7588235296875 0.5236486484375 0.7647058828125 0.5 0.8 0.489864865625 0.8411764703125 0.496621621875 0.9941176468749999 0.9391891890625 1 0.9493243250000001 0.9941176468749999
11 0.199324325 0.6176470593750001 0.199324325 0.5588235296875 0.1925675671875 0.5470588234375 0.1486486484375 0.5411764703124999 0.121621621875 0.5647058828125 0.091216215625 0.5647058828125 0.084459459375 0.5764705875 0.08108108124999999 0.6294117640625 0.10472972968750001 0.6352941171875 0.13175675625 0.6705882359374999 0.199324325 0.6176470593750001
11 0.3074324328125 0.4588235296875 0.31081081093749996 0.42941176406250003 0.296171171875 0.40980392343750005 0.29391891875 0.38823529375 0.3074324328125 0.3705882359375 0.3040540546875 0.3529411765625 0.2702702703125 0.35882352968750003 0.2668918921875 0.38823529375 0.2804054046875 0.405882353125 0.2871621625 0.4470588234375 0.3074324328125 0.4588235296875
11 0.6182432437500001 0.5529411765625001 0.625 0.6235294125 0.6283783781250001 0.6352941171875 0.6385135140625 0.6352941171875 0.665540540625 0.5470588234375 0.665540540625 0.4647058828125 0.6081081078125 0.4647058828125 0.5979729734375 0.48235294062499995 0.5979729734375 0.5294117640625 0.6013513515625 0.5411764703124999 0.6182432437500001 0.5529411765625001
11 0.6216216218749999 0.582352940625 0.6182432437500001 0.5588235296875 0.6013513515625 0.5411764703124999 0.5574324328125 0.5411764703124999 0.54391891875 0.5647058828125 0.5371621625 0.6058823531249999 0.547297296875 0.7411764703125 0.6216216218749999 0.6529411765625001 0.6216216218749999 0.582352940625
11 0.584459459375 0.682352940625 0.584459459375 0.6411764703125 0.58108108125 0.6235294125 0.574324325 0.6176470593750001 0.533783784375 0.61176470625 0.510135134375 0.6176470593750001 0.5 0.6294117640625 0.496621621875 0.7235294125 0.5033783781250001 0.7823529406249999 0.577702703125 0.705882353125 0.584459459375 0.682352940625
11 0.37837837812499997 0.6235294125 0.37837837812499997 0.5705882359375 0.36824324375 0.5117647062499999 0.3378378375 0.5 0.3209459453125 0.5 0.3074324328125 0.5117647062499999 0.3074324328125 0.6352941171875 0.33108108125 0.6352941171875 0.3445945953125 0.5764705875 0.37837837812499997 0.6235294125
11 0.2364864859375 0.7764705875 0.246138996875 0.7773109234375 0.2770270265625 0.8705882359375 0.3040540546875 0.8647058828124999 0.33108108125 0.8352941171875001 0.341216215625 0.8352941171875001 0.3479729734375 0.8529411765624999 0.3547297296875 0.8235294124999999 0.3547297296875 0.7647058828125 0.3378378375 0.6588235296875 0.246621621875 0.6647058828125 0.2331081078125 0.68823529375 0.2297297296875 0.7176470593750001 0.24451013437500002 0.7345588234375 0.2297297296875 0.7647058828125 0.2364864859375 0.7764705875
11 0.40540540468749997 0.982352940625 0.415540540625 0.982352940625 0.4290540546875 0.9470588234375 0.45270270312500005 0.9470588234375 0.459459459375 0.9352941171875001 0.46283783749999996 0.894117646875 0.4831081078125 0.8588235296875 0.4831081078125 0.7 0.46283783749999996 0.6764705875 0.4358108109375 0.6764705875 0.42567567500000003 0.694117646875 0.41891891875000004 0.694117646875 0.41891891875000004 0.71176470625 0.4020270265625 0.71176470625 0.4020270265625 0.694117646875 0.3952702703125 0.71176470625 0.37837837812499997 0.7235294125 0.37837837812499997 0.917647059375 0.385135134375 0.9294117640625 0.3952702703125 0.9294117640625 0.40540540468749997 0.982352940625
14 0.16891891875 0.569281046875 0.178209459375 0.6227941171875 0.18918918906249999 0.6294117640625 0.18581081093750001 0.65 0.21959459531249997 0.7705882359375 0.22635135156250002 0.6411764703125 0.25675675625 0.6411764703125 0.25675675625 0.5411764703124999 0.246621621875 0.5235294125000001 0.24324324375 0.48823529375 0.2331081078125 0.4764705875 0.1925675671875 0.48235294062499995 0.15878378437500001 0.505882353125 0.1554054046875 0.5411764703124999 0.165540540625 0.5411764703124999 0.16300675625 0.568382353125 0.16891891875 0.569281046875
14 0.5945945953125 0.49411764687500004 0.6081081078125 0.4647058828125 0.6452702703125001 0.4588235296875 0.6452702703125001 0.38823529375 0.58108108125 0.394117646875 0.5641891890624999 0.4352941171875 0.5574324328125 0.49411764687500004 0.5608108109375001 0.5411764703124999 0.5945945953125 0.5352941171875 0.5945945953125 0.49411764687500004
2 0 0.9058823531250001 0.0135135140625 0.894117646875 0.0236486484375 0.8588235296875 0.040540540624999996 0.8411764703125 0.0641891890625 0.8411764703125 0.084459459375 0.81176470625 0.0945945953125 0.7647058828125 0.125 0.682352940625 0.125 0.6705882359374999 0.11824324374999999 0.6705882359374999 0.10472972968750001 0.6411764703125 0.0540540546875 0.6352941171875 0.010135134375 0.6470588234375 0 0.6529411765625001 0 0.9058823531250001
2 0.22297297343750003 0.694117646875 0.2364864859375 0.6470588234375 0.199324325 0.6411764703125 0.1554054046875 0.6529411765625001 0.13175675625 0.682352940625 0.0979729734375 0.7647058828125 0.0945945953125 0.8 0.1486486484375 0.7764705875 0.22297297343750003 0.7705882359375 0.22297297343750003 0.694117646875
2 0.5067567562499999 0.6 0.5067567562499999 0.5529411765625001 0.49324324375 0.48235294062499995 0.4358108109375 0.48823529375 0.415540540625 0.5588235296875 0.415540540625 0.6470588234375 0.4324324328125 0.6352941171875 0.49324324375 0.6352941171875 0.5067567562499999 0.6
2 0.5675675671875 0.42352941250000004 0.5641891890624999 0.4 0.5236486484375 0.394117646875 0.5135135140625 0.42352941250000004 0.5067567562499999 0.49411764687500004 0.5135135140625 0.505882353125 0.5540540546875 0.5 0.5675675671875 0.42352941250000004
2 0.25 0.5294117640625 0.25675675625 0.5352941171875 0.2635135140625 0.594117646875 0.2804054046875 0.6 0.29391891875 0.5588235296875 0.290540540625 0.4647058828125 0.2804054046875 0.42941176406250003 0.2668918921875 0.417647059375 0.20945945937500002 0.4352941171875 0.199324325 0.45294117656250005 0.199324325 0.4764705875 0.23986486562499998 0.4764705875 0.25 0.5294117640625
2 0.3952702703125 0.3705882359375 0.37162162187500003 0.35882352968750003 0.3581081078125 0.3647058828125 0.3378378375 0.38823529375 0.334459459375 0.41176470624999995 0.33108108125 0.4647058828125 0.375 0.4647058828125 0.3952702703125 0.49411764687500004 0.3952702703125 0.3705882359375
2 0.46959459531250003 0.417647059375 0.47972972968749994 0.4470588234375 0.47972972968749994 0.4647058828125 0.5 0.4764705875 0.5033783781250001 0.4705882359375 0.4729729734375 0.42352941250000004 0.5033783781250001 0.4 0.496621621875 0.3411764703125 0.45608108124999996 0.3352941171875 0.44932432499999997 0.3470588234375 0.4459459453125 0.405882353125 0.46283783749999996 0.41176470624999995 0.46283783749999996 0.4264705875 0.46959459531250003 0.417647059375
2 0.415540540625 0.394117646875 0.41891891875000004 0.3647058828125 0.41216216250000004 0.31176470625 0.375 0.317647059375 0.36824324375 0.3529411765625 0.3885135140625 0.35882352968750003 0.40540540468749997 0.394117646875 0.415540540625 0.394117646875
2 0.3547297296875 0.3647058828125 0.3547297296875 0.3411764703125 0.31418918906250004 0.3470588234375 0.31418918906250004 0.4352941171875 0.327702703125 0.44117647031249996 0.341216215625 0.382352940625 0.3547297296875 0.3647058828125
2 0.23986486562499998 0.4 0.246621621875 0.4 0.24324324375 0.3705882359375 0.22635135156250002 0.3647058828125 0.202702703125 0.3705882359375 0.202702703125 0.42941176406250003 0.22297297343750003 0.42941176406250003 0.23986486562499998 0.4
11 0.42229729687499995 0.5235294125000001 0.4425675671875 0.48235294062499995 0.4763513515625 0.4764705875 0.4763513515625 0.4352941171875 0.466216215625 0.42352941250000004 0.42229729687499995 0.4352941171875 0.41891891875000004 0.48823529375 0.4324324328125 0.48823529375 0.41891891875000004 0.517647059375 0.42229729687499995 0.5235294125000001
9 0.6182432437500001 1 0.6114864859375 0.9529411765625 0.6047297296874999 0.9294117640625 0.5945945953125 0.917647059375 0.591216215625 0.8764705875000001 0.5675675671875 0.8764705875000001 0.5540540546875 0.91176470625 0.5371621625 0.9235294125 0.5202702703125001 0.9529411765625 0.5202702703125001 0.9705882359375 0.5304054046875 1 0.6182432437500001 1
9 0.297297296875 0.9705882359375 0.32432432499999997 0.9941176468749999 0.3513513515625 1 0.3479729734375 0.9470588234375 0.3378378375 0.9294117640625 0.327702703125 0.8823529406249999 0.290540540625 0.8705882359375 0.283783784375 0.88823529375 0.2871621625 0.9294117640625 0.2804054046875 0.9352941171875001 0.2804054046875 0.9705882359375 0.297297296875 0.9705882359375
9 0.489864865625 1 0.489864865625 0.9470588234375 0.46283783749999996 0.9352941171875001 0.46283783749999996 0.9235294125 0.4763513515625 0.9088235296875 0.48648648593750005 0.8823529406249999 0.4763513515625 0.8764705875000001 0.46283783749999996 0.9 0.4459459453125 0.9882352937500001 0.44932432499999997 1 0.489864865625 1
14 0.175675675 1 0.20945945937500002 0.9647058828124999 0.2668918921875 0.9647058828124999 0.2668918921875 0.8764705875000001 0.246621621875 0.794117646875 0.22635135156250002 0.7764705875 0.175675675 0.7764705875 0.1013513515625 0.8 0.00675675625 0.91176470625 0 0.9235294125 0.003378378125 1 0.175675675 1