7 0.8251366125 0.46739130468749995 0.8524590156249999 0.387681159375 0.8415300546875001 0.34420289843749996 0.8306010921875 0.3297101453125 0.7595628421875 0.3297101453125 0.7595628421875 0.4021739125 0.7759562843750001 0.45289855 0.8087431687500001 0.46739130468749995 0.8251366125 0.46739130468749995
11 0.6502732234375 0.8695652171875 0.6666666671875 0.898550725 0.6830601093750001 0.9057971015625 0.6939890703125 0.9057971015625 0.7103825140625 0.8949275359375 0.7322404375 0.8949275359375 0.7540983609375 0.9311594203125001 0.770491803125 0.9347826093749999 0.8032786890624999 0.8840579703125 0.868852459375 0.8840579703125 0.9125683062500001 0.8586956515624999 0.9344262296875 0.8659420296875 0.9508196718749999 0.862318840625 0.9562841531249999 0.7717391296875 0.9344262296875 0.590579709375 0.9180327875 0.5688405796875 0.8907103828125 0.5579710140625 0.7540983609375 0.5507246375 0.6830601093750001 0.5543478265624999 0.6502732234375 0.565217390625 0.6174863390625001 0.5942028984375 0.595628415625 0.648550725 0.6065573765625001 0.7173913046875 0.6120218578125 0.862318840625 0.6502732234375 0.8695652171875
11 0.142076503125 0.4021739125 0.1584699453125 0.42028985468749996 0.1748633875 0.42028985468749996 0.19125683124999998 0.3913043484375 0.2677595625 0.3840579703125 0.2841530046875 0.3949275359375 0.2896174859375 0.3333333328125 0.27322404375 0.21376811562500003 0.2459016390625 0.20289855 0.10928961718750001 0.20289855 0.092896175 0.2065217390625 0.0710382515625 0.22826087031250003 0.0710382515625 0.3913043484375 0.092896175 0.3913043484375 0.1147540984375 0.40579710156250004 0.142076503125 0.4021739125
11 0.5628415296875 0.5036231890625 0.590163934375 0.5036231890625 0.6120218578125 0.52536231875 0.6229508203125 0.5217391296875 0.6393442625 0.49637681093749997 0.7322404375 0.489130434375 0.7322404375 0.315217390625 0.721311475 0.28623188437499997 0.7049180328125 0.2789855078125 0.5792349734375 0.2789855078125 0.5245901640625 0.28623188437499997 0.508196721875 0.2934782609375 0.497267759375 0.32608695625 0.491803278125 0.413043478125 0.4808743171875 0.438405796875 0.5191256828124999 0.485507246875 0.5628415296875 0.5036231890625
11 0.45901639375 0.1920289859375 0.497267759375 0.1920289859375 0.508196721875 0.20289855 0.5191256828124999 0.20289855 0.5136612015625001 0.07608695625 0.497267759375 0.057971014062500006 0.3606557375 0.057971014062500006 0.3530054640625 0.101449275 0.35519125625000003 0.20289855 0.398907103125 0.19565217343750002 0.4426229515625 0.20289855 0.45901639375 0.1920289859375
11 0.63387978125 0.12681159375 0.64480874375 0.148550725 0.6666666671875 0.148550725 0.6885245906249999 0.163043478125 0.6939890703125 0.1521739125 0.721311475 0.1521739125 0.7199453546875 0.161231884375 0.7322404375 0.1521739125 0.7486338796875 0.1521739125 0.7513661203125 0.15942029062500002 0.8251366125 0.15579710156249998 0.8306010921875 0.148550725 0.8032786890624999 0.14492753593750002 0.8306010921875 0.0942028984375 0.81420765 0.036231884375 0.7759562843750001 0.032608695312500005 0.765027321875 0.0217391296875 0.6502732234375 0.0217391296875 0.6284153 0.036231884375 0.6284153 0.06521739062500001 0.6789617484375 0.086050725 0.63387978125 0.12681159375
2 0.25683060156250004 1 0.26229508125 0.8550724640625 0.2459016390625 0.8478260875 0.229508196875 0.7681159421875 0.1967213109375 0.6920289859375 0.18579235 0.684782609375 0.1584699453125 0.6811594203125 0.00546448125 0.6811594203125 0.0032786890625000004 0.7217391296875 0.00546448125 1 0.25683060156250004 1
2 0.09836065625 0.5181159421875 0.142076503125 0.5315735 0.10928961718750001 0.5797101453125 0.12021857968750001 0.67391304375 0.18579235 0.6775362312500001 0.2076502734375 0.684782609375 0.26229508125 0.6775362312500001 0.464480875 0.6775362312500001 0.5191256828124999 0.6884057968749999 0.535519125 0.6268115937500001 0.5464480875 0.612318840625 0.5464480875 0.5724637687499999 0.5245901640625 0.54710145 0.5245901640625 0.5326086953125 0.54098360625 0.5217391296875 0.535519125 0.510869565625 0.5245901640625 0.514492753125 0.502732240625 0.49637681093749997 0.464480875 0.438405796875 0.4426229515625 0.42753623125000006 0.2513661203125 0.42753623125000006 0.2076502734375 0.434782609375 0.15300546406249999 0.5036231890625 0.125683059375 0.5 0.092896175 0.510869565625 0.09836065625 0.5181159421875
1 0.8743169406250001 0 0.8743169406250001 0.2173913046875 0.8852459015624999 0.25 0.9071038250000001 0.25 0.9234972671874999 0.235507246875 0.9180327875 0.23188405781250002 0.9289617484375 0.22826087031250003 0.9344262296875 0.23188405781250002 0.99453551875 0.22463768125 0.8881883171875 0.037625417187499996 0.9002732234374999 0.0217391296875 0.99453551875 0 0.8743169406250001 0
9 0.6229508203125 0.25 0.6939890703125 0.25 0.6994535515625 0.2427536234375 0.7158469953125 0.2427536234375 0.7158469953125 0.22463768125 0.7049180328125 0.2065217390625 0.6939890703125 0.20289855 0.6885245906249999 0.1811594203125 0.6666666671875 0.17391304375 0.63387978125 0.188405796875 0.6229508203125 0.210144928125 0.595628415625 0.23188405781250002 0.595628415625 0.2427536234375 0.6229508203125 0.25
9 0.7540983609375 0.34420289843749996 0.8251366125 0.34420289843749996 0.8251366125 0.35724637656249997 0.857923496875 0.37681159375 0.868852459375 0.3586956515625 0.863387978125 0.340579709375 0.8524590156249999 0.3333333328125 0.8360655734375 0.29710145 0.81420765 0.2826086953125 0.8087431687500001 0.2572463765625 0.7978142078125 0.24637681093750002 0.770491803125 0.25 0.765027321875 0.2789855078125 0.73770491875 0.2934782609375 0.73770491875 0.31159420312499997 0.7540983609375 0.34420289843749996