9 0.25625 0.447222221875 0.259375 0.45 0.2640625 0.44907407343749994 0.2645833328125 0.447222221875 0.259027778125 0.42808641875 0.2592013890625 0.4237654328125 0.26510416718749996 0.42314814843750004 0.26510416718749996 0.41851851875 0.2630208328125 0.41111111093749997 0.2598958328125 0.41111111093749997 0.25729166718749996 0.415740740625 0.25625 0.41851851875 0.2576388890625 0.42330246875000005 0.25625 0.4240740734375 0.25625 0.447222221875
9 0.24322916718749998 0.4361111109375 0.24375 0.4268518515625 0.2401041671875 0.4129629625 0.2364583328125 0.41203703750000004 0.23333333281250002 0.4203703703125 0.23333333281250002 0.43055555625 0.2364583328125 0.43240740781250003 0.2401041671875 0.4379629625 0.24322916718749998 0.4361111109375
14 0.0947916671875 0.44444444375 0.0979166671875 0.44444444375 0.1 0.44259259218749997 0.1010416671875 0.4240740734375 0.1020833328125 0.4203703703125 0.1041666671875 0.4166666671875 0.1067708328125 0.4074074078125 0.1119791671875 0.40833333281249995 0.1119791671875 0.40555555625000006 0.109375 0.4 0.10364583281249999 0.3981481484375 0.0916666671875 0.40092592656250003 0.0880208328125 0.4046296296875 0.0869791671875 0.4074074078125 0.0869791671875 0.44444444375 0.0880208328125 0.447222221875 0.09114583281250001 0.4481481484375 0.0947916671875 0.44444444375
1 0.21614583281250002 0.4129629625 0.21979166718749998 0.4166666671875 0.22135416718749998 0.4166666671875 0.22916666718749998 0.41203703750000004 0.23802083281250003 0.41203703750000004 0.2442708328125 0.4166666671875 0.246875 0.41018518593750003 0.246875 0.403703703125 0.24375 0.4 0.2401041671875 0.40092592656250003 0.2244791671875 0.3990740734375 0.221875 0.39444444375 0.2052083328125 0.3953703703125 0.2036458328125 0.3981481484375 0.2052083328125 0.4148148140625 0.2104166671875 0.4129629625 0.21614583281250002 0.4129629625
1 0.594117646875 0.45375817031250004 0.5916666671875 0.45185185156249996 0.5895833328125 0.4583333328125 0.5895833328125 0.46944444374999994 0.590625 0.47222222187499996 0.6083333328125 0.4731481484375 0.6109375 0.471296296875 0.6125 0.46388888906250003 0.6140625 0.4620370375 0.6208333328125 0.4620370375 0.628125 0.4574074078125 0.6286458328125 0.45370370312499997 0.6260416671875 0.44259259218749997 0.6270833328125 0.42870370312499995 0.6255208328124999 0.4233465609375 0.6260416671875 0.42129629687500003 0.6270833328125 0.42314814843750004 0.6296875 0.42314814843750004 0.6307291671875 0.42129629687500003 0.6307291671875 0.4175925921875 0.6302083328125 0.4166666671875 0.628125 0.41944444374999995 0.625 0.4175925921875 0.6182291671875 0.4 0.6140625 0.3981481484375 0.6114583328125 0.39351851875 0.6088541671875001 0.397222221875 0.60625 0.397222221875 0.6026041671875 0.3916666671875 0.5953125 0.3879629625 0.5932291671875001 0.3925925921875 0.59375 0.4 0.5953125 0.4018518515625 0.5953125 0.40648148125 0.5927083328125 0.409259259375 0.5916666671875 0.4148148140625 0.5916666671875 0.4379629625 0.6098958328124999 0.43009259218749996 0.6122549015625001 0.43545751718750003 0.594117646875 0.45375817031250004
9 0.64375 0.4074074078125 0.64375 0.4046296296875 0.6416666671875 0.3990740734375 0.6380208328125 0.39444444375 0.6317708328125 0.40555555625000006 0.6307291671875 0.42129629687500003 0.6338541671875 0.41944444374999995 0.6401041671875001 0.41018518593750003 0.64375 0.4074074078125
9 0.2734375 0.427777778125 0.2723958328125 0.4129629625 0.2697916671875 0.41203703750000004 0.2677083328125 0.4138888890625 0.265625 0.41851851875 0.2645833328125 0.4296296296875 0.2671875 0.43333333281249997 0.271875 0.43240740781250003 0.2734375 0.427777778125
9 0.0244791671875 0.5314814812499999 0.0229166671875 0.5731481484375001 0.0208333328125 0.5861111109375 0.0192708328125 0.60555555625 0.0207386359375 0.6122895625 0.01875 0.615740740625 0.01875 0.63148148125 0.0208333328125 0.6453703703125 0.025520832812499998 0.6638888890625 0.0260416671875 0.68148148125 0.0234375 0.6851851859375 0.0223958328125 0.6833333328125 0.0203125 0.6833333328125 0.01875 0.6851851859375 0.0197916671875 0.6879629625 0.0203125 0.6972222218749999 0.021354167187500002 0.6990740734374999 0.0265625 0.6990740734374999 0.028125 0.702777778125 0.028125 0.70648148125 0.025 0.715740740625 0.021354167187500002 0.7398148140624999 0.021354167187500002 0.7629629625 0.025520832812499998 0.784259259375 0.03125 0.7925925921875 0.0348958328125 0.8018518515625 0.0385416671875 0.8046296296875 0.0463541671875 0.8175925921875 0.051041667187499994 0.828703703125 0.056770832812500005 0.834259259375 0.059375 0.8425925921875 0.061979167187499996 0.8462962968750001 0.065625 0.8601851859374999 0.06875 0.88055555625 0.06875 0.8953703703125001 0.065625 0.9129629625 0.058854167187499994 0.9324074078125 0.053125 0.940740740625 0.0494791671875 0.9416666671874999 0.0447916671875 0.9546296296874999 0.0453125 0.9638888890624999 0.0489583328125 0.9685185187500001 0.06510416718749999 0.9675925921875 0.0760416671875 0.9620370375 0.0796875 0.9583333328125001 0.084375 0.9574074078124999 0.0869791671875 0.9546296296874999 0.0979166671875 0.95 0.10052083281249999 0.946296296875 0.1020833328125 0.940740740625 0.1020833328125 0.9268518515625 0.10052083281249999 0.91851851875 0.1057291671875 0.9083333328125001 0.10729166718750001 0.9009259265624999 0.10729166718750001 0.8916666671875 0.1057291671875 0.8870370375000001 0.1015625 0.884259259375 0.1 0.88148148125 0.0947916671875 0.878703703125 0.0916666671875 0.8731481484374999 0.090625 0.86851851875 0.09114583281250001 0.815740740625 0.0880208328125 0.7879629625 0.0901041671875 0.784259259375 0.0973958328125 0.7814814812499999 0.1 0.7675925921875 0.10052083281249999 0.75648148125 0.1041666671875 0.7416666671875001 0.103125 0.7231481484375 0.1088541671875 0.6518518515625 0.10833333281249999 0.627777778125 0.1067708328125 0.61944444375 0.1052083328125 0.6175925921875 0.1052083328125 0.6129629624999999 0.1078125 0.6074074078125 0.1098958328125 0.60555555625 0.11510416718750001 0.602777778125 0.1197916671875 0.5981481484375 0.1385416671875 0.5870370375 0.1421875 0.5824074078125 0.1432291671875 0.5722222218749999 0.14114583281249998 0.559259259375 0.1364583328125 0.547222221875 0.13333333281249998 0.5240740734375 0.128125 0.515740740625 0.12291666718750001 0.5120370375000001 0.1166666671875 0.502777778125 0.11145833281249999 0.5 0.1057291671875 0.4888888890625 0.09635416718749999 0.4879629625 0.0880208328125 0.459259259375 0.0796875 0.43981481406249995 0.0770833328125 0.42870370312499995 0.07760416718749999 0.415740740625 0.0802083328125 0.41111111093749997 0.08333333281250001 0.3981481484375 0.084375 0.384259259375 0.08125 0.36296296250000004 0.0770833328125 0.3546296296875 0.071875 0.3490740734375 0.058333332812500006 0.34629629687499996 0.0489583328125 0.3481481484375 0.04375 0.35648148125 0.040625 0.3638888890625 0.0385416671875 0.3759259265625 0.0369791671875 0.40277777812500004 0.0385416671875 0.4129629625 0.0427083328125 0.4268518515625 0.046875 0.43055555625 0.050520832812500006 0.4388888890625 0.051041667187499994 0.45 0.04375 0.4675925921875 0.0390625 0.475 0.0322916671875 0.4796296296875 0.0286458328125 0.48055555625 0.025520832812499998 0.48703703750000005 0.0234375 0.4953703703125 0.0244791671875 0.503703703125 0.0270833328125 0.5129629625 0.0276041671875 0.5231481484375 0.0244791671875 0.5314814812499999
9 0.0135416671875 0.4620370375 0.0151041671875 0.48703703750000005 0.0166666671875 0.49351851875 0.0203125 0.49351851875 0.021354167187500002 0.490740740625 0.025 0.447222221875 0.0296875 0.4453703703125 0.0307291671875 0.44259259218749997 0.0307291671875 0.4388888890625 0.025520832812499998 0.4148148140625 0.0203125 0.40555555625000006 0.0166666671875 0.4046296296875 0.0114583328125 0.4138888890625 0.009375 0.42314814843750004 0.008854167187500001 0.4388888890625 0.009375 0.44351851875000003 0.0114583328125 0.4481481484375 0.0135416671875 0.4620370375
9 0 0.477777778125 0.0020833328125000002 0.4768518515625 0.0067708328125 0.46851851875 0.0067708328125 0.45370370312499997 0.0078125 0.44907407343749994 0.007291667187500001 0.42222222187499997 0.0034722218749999997 0.412098765625 0.0041666671875 0.41111111093749997 0.003125 0.40092592656250003 0.0015625 0.397222221875 0 0.397222221875 0 0.477777778125
9 0.10729166718750001 0.4361111109375 0.109375 0.43518518593750005 0.1108333328125 0.43666666718749997 0.11041666718750001 0.43518518593750005 0.11145833281249999 0.43518518593750005 0.1125 0.4361111109375 0.11215277812499999 0.43904321093750004 0.1145833328125 0.44166666718750003 0.1130208328125 0.4370370375 0.115625 0.43055555625 0.115625 0.42222222187499997 0.11041666718750001 0.40648148125 0.1067708328125 0.40648148125 0.10052083281249999 0.42222222187499997 0.10052083281249999 0.44166666718750003 0.10364583281249999 0.45277777812500003 0.1057291671875 0.43981481406249995 0.10729166718750001 0.4361111109375
9 0.6427083328125 0.48148148125 0.6411458328124999 0.48981481406249994 0.634375 0.4953703703125 0.6322916671875001 0.503703703125 0.6333333328124999 0.5120370375000001 0.6359375 0.51851851875 0.6380208328125 0.527777778125 0.6390625 0.5379629625 0.6395833328125 0.5629629625 0.6380208328125 0.5870370375 0.6380208328125 0.6111111109375 0.6375 0.6148148140624999 0.6296875 0.6351851859375001 0.625 0.6546296296875 0.6223958328125 0.6620370375 0.6213541671875 0.6703703703125 0.6230574328125 0.6739739734375 0.6213541671875 0.6768518515624999 0.6225328953125 0.6810916171875 0.6213541671875 0.68148148125 0.6213541671875 0.6861111109375 0.6291666671875 0.7120370375 0.6348958328125 0.725 0.6369791671875 0.73055555625 0.63667763125 0.7319688109375 0.6375 0.73148148125 0.6385416671875 0.7333333328125 0.6390625 0.7351851859375 0.637856359375 0.7362085765625 0.6401041671875001 0.7379629624999999 0.640625 0.7398148140624999 0.6390350875 0.74044834375 0.640213815625 0.744688109375 0.6411458328124999 0.74444444375 0.64139254375 0.748927875 0.6427083328125 0.7509259265625 0.64375 0.7574074078125 0.64375 0.7648148140625 0.640625 0.7768518515625 0.6354166671875 0.7851851859375001 0.6317708328125 0.7888888890625 0.63125 0.797222221875 0.6322916671875001 0.8 0.6375 0.8027777781250001 0.6505208328125 0.8009259265625 0.6510416671875 0.803703703125 0.65 0.809259259375 0.6510416671875 0.815740740625 0.6541666671875 0.8194444437499999 0.6578125 0.821296296875 0.6708333328125 0.8222222218749999 0.6817708328125 0.8194444437499999 0.6848958328125 0.8166666671874999 0.684375 0.803703703125 0.6656390765625 0.7640640640624999 0.6669270828125 0.7606481484375001 0.6671875 0.75555555625 0.6666666671875 0.73055555625 0.6838541671875 0.73055555625 0.68125 0.6972222218749999 0.68125 0.6611111109375 0.6828125 0.6398148140625 0.6854166671875 0.6268518515625 0.6885416671875 0.6175925921875 0.6885416671875 0.603703703125 0.6848958328125 0.5851851859375 0.6833333328125 0.5694444437499999 0.6833333328125 0.5083333328124999 0.6786458328125 0.48518518593750004 0.6666666671875 0.459259259375 0.6671875 0.45 0.6692708328125 0.44259259218749997 0.6682291671875 0.43148148124999997 0.6666666671875 0.42592592656250006 0.6598958328125 0.4175925921875 0.6541666671875 0.4129629625 0.6484375 0.41018518593750003 0.6427083328125 0.41018518593750003 0.6380208328125 0.4138888890625 0.6328125 0.42222222187499997 0.6307291671875 0.427777778125 0.6291666671875 0.4361111109375 0.6296875 0.4453703703125 0.6328125 0.4546296296875 0.6354166671875 0.46851851875 0.6427083328125 0.48148148125
9 0.3421875 0.46851851875 0.34427083281250004 0.4703703703125 0.34427083281250004 0.47592592656250005 0.340625 0.490740740625 0.3385416671875 0.4953703703125 0.33125 0.509259259375 0.3192708328125 0.521296296875 0.3135416671875 0.525 0.3109375 0.5240740734375 0.3057291671875 0.527777778125 0.3026041671875 0.5268518515625 0.290625 0.5314814812499999 0.2822916671875 0.5314814812499999 0.278125 0.5361111109375 0.2786458328125 0.5453703703125 0.2828125 0.5509259265625001 0.2869791671875 0.55 0.2942708328125 0.54351851875 0.2984375 0.5416666671875 0.3255208328125 0.540740740625 0.328125 0.54351851875 0.3338541671875 0.5453703703125 0.3359375 0.5527777781250001 0.33541666718749996 0.5694444437499999 0.3369791671875 0.5759259265625001 0.340625 0.5824074078125 0.3401041671875 0.5935185187500001 0.3291666671875 0.659259259375 0.328125 0.672222221875 0.32760416718749996 0.703703703125 0.3260416671875 0.7120370375 0.3244791671875 0.7351851859375 0.3229166671875 0.74351851875 0.32083333281250004 0.75 0.3182291671875 0.7648148140625 0.3145833328125 0.772222221875 0.3109375 0.772222221875 0.3036458328125 0.777777778125 0.2989583328125 0.7759259265625 0.2979166671875 0.777777778125 0.2979166671875 0.7824074078125001 0.3026041671875 0.7888888890625 0.3145833328125 0.797222221875 0.32083333281250004 0.7990740734374999 0.3255208328125 0.7981481484375 0.3270833328125 0.7814814812499999 0.3390625 0.7166666671875 0.3411458328125 0.7018518515625 0.34375 0.66944444375 0.3526041671875 0.6388888890625 0.3552083328125 0.6379629625 0.3567708328125 0.6398148140625 0.3583333328125 0.6453703703125 0.3682291671875 0.6879629625 0.371875 0.6925925921875 0.3760416671875 0.6953703703125 0.3848958328125 0.7074074078125 0.3958333328125 0.727777778125 0.39791666718749996 0.7296296296875 0.40208333281249997 0.7370370375 0.4125 0.7601851859375001 0.41197916718750005 0.7768518515625 0.409375 0.7814814812499999 0.40833333281249995 0.7898148140625 0.4109375 0.79444444375 0.4145833328125 0.79351851875 0.4234375 0.7796296296875 0.42760416718750005 0.76944444375 0.4296875 0.7611111109375 0.4291666671875 0.753703703125 0.428125 0.7518518515625 0.4244791671875 0.75 0.4203125 0.740740740625 0.4145833328125 0.7324074078125 0.3947916671875 0.690740740625 0.3838541671875 0.6740740734374999 0.3807291671875 0.6601851859375001 0.3791666671875 0.6481481484375 0.378125 0.6333333328124999 0.378125 0.6138888890625 0.3802083328125 0.5851851859375 0.3817708328125 0.575 0.38125 0.5574074078125 0.3791666671875 0.546296296875 0.3791666671875 0.4990740734375 0.3826822921875 0.48449074062499997 0.384375 0.4824074078125 0.3838541671875 0.475 0.3848958328125 0.47222222187499996 0.384375 0.4601851859375 0.3802083328125 0.43148148124999997 0.37552083281250004 0.4148148140625 0.3723958328125 0.3925925921875 0.36875 0.38703703749999996 0.3651041671875 0.38333333281250004 0.3572916671875 0.38240740781250004 0.3526041671875 0.384259259375 0.34375 0.39074074062499997 0.3390625 0.41203703750000004 0.3385416671875 0.440740740625 0.3416666671875 0.465740740625 0.3421875 0.46851851875
13 0.9442708328125 0.46666666718750005 0.9479166671874999 0.46481481406249997 0.9489583328125001 0.4620370375 0.9494791671874999 0.44166666718750003 0.9484375 0.4388888890625 0.94375 0.43518518593750005 0.9354166671874999 0.4361111109375 0.9291666671875 0.434259259375 0.9208333328125 0.434259259375 0.9145833328125 0.4361111109375 0.9114583328125001 0.4388888890625 0.9046875 0.43981481406249995 0.9041666671874999 0.4583333328125 0.9046875 0.4620370375 0.90625 0.46388888906250003 0.9442708328125 0.46666666718750005
13 0.95 0.4675925921875 0.9536458328125 0.4768518515625 0.9651041671874999 0.4796296296875 0.96875 0.477777778125 0.9822916671874999 0.477777778125 0.9854166671875 0.4796296296875 0.9911458328125 0.4796296296875 0.9958333328125001 0.48981481406249994 0.9994791671875 0.490740740625 0.9869791671874999 0.44166666718750003 0.9890625 0.4370370375 0.9911458328125 0.4268518515625 0.9947916671874999 0.415740740625 0.9958333328125001 0.4018518515625 0.9994791671875 0.3925925921875 0.9973958328125001 0.3925925921875 0.9963541671874999 0.397222221875 0.9907835140625 0.40402576406249996 0.9880208328125001 0.40277777812500004 0.9885416671874999 0.3925925921875 0.9859375 0.3898148140625 0.971875 0.3916666671875 0.9666666671874999 0.3953703703125 0.9625 0.40277777812500004 0.9604166671875 0.415740740625 0.9578125 0.42314814843750004 0.9526041671875 0.43240740781250003 0.95 0.44166666718750003 0.9580357140625001 0.44146825312500004 0.9581748187500001 0.44690016093749996 0.9494791671874999 0.4583333328125 0.95 0.4675925921875
7 0.2755208328125 0.447222221875 0.2776041671875 0.44351851875000003 0.2770833328125 0.4379629625 0.271875 0.43055555625 0.2671875 0.43148148124999997 0.26510416718749996 0.4361111109375 0.2645833328125 0.4481481484375 0.265625 0.44907407343749994 0.27291666718749996 0.44907407343749994 0.2755208328125 0.447222221875
7 0.24114583281250002 0.4481481484375 0.2421875 0.44166666718750003 0.2416666671875 0.4361111109375 0.23958333281250002 0.43333333281249997 0.2359375 0.43148148124999997 0.2328125 0.43055555625 0.23177083281250002 0.43240740781250003 0.23177083281250002 0.44907407343749994 0.234375 0.4509259265625 0.2401041671875 0.45 0.24114583281250002 0.4481481484375
7 0.11145833281249999 0.46388888906250003 0.1140625 0.459259259375 0.11510416718750001 0.45370370312499997 0.1140625 0.4370370375 0.1119791671875 0.434259259375 0.1088541671875 0.434259259375 0.10729166718750001 0.43518518593750005 0.103125 0.44351851875000003 0.10260416718750001 0.45555555625000005 0.1046875 0.4611111109375 0.1067708328125 0.46481481406249997 0.11145833281249999 0.46388888906250003
2 0.8927083328125001 0.4768518515625 0.8958333328125001 0.48055555625 0.8994791671875 0.4796296296875 0.9010416671874999 0.4768518515625 0.903125 0.46481481406249997 0.903125 0.4583333328125 0.9020833328125001 0.45185185156249996 0.9005208328125001 0.4481481484375 0.8921875 0.440740740625 0.8880208328125001 0.440740740625 0.8817708328125 0.4370370375 0.8796875 0.4370370375 0.8776041671874999 0.43981481406249995 0.8765625 0.447222221875 0.8765625 0.475 0.8822916671875 0.47592592656250005 0.8848958328125001 0.4796296296875 0.8927083328125001 0.4768518515625