2 0.6583333328125 0.447222221875 0.6598958328125 0.44351851875000003 0.66015625 0.4370370375 0.6645833328124999 0.4379629625 0.6671875 0.447222221875 0.690625 0.447222221875 0.6895833328125 0.44259259218749997 0.6822916671875 0.43240740781250003 0.6739583328125 0.43055555625 0.662351190625 0.43108465625000003 0.6604166671875 0.43055555625 0.6595982140625 0.43161375625 0.6588541671875 0.42870370312499995 0.6568452375 0.43214285781250006 0.6559895828125 0.42870370312499995 0.653125 0.42870370312499995 0.6540922625000001 0.4326719578125 0.6513392859375 0.43320105781249996 0.65069444375 0.43055555625 0.648586309375 0.4337301578125 0.6482638890625 0.43240740781250003 0.6458333328125 0.434259259375 0.6427083328125 0.440740740625 0.6432291671875 0.4481481484375 0.6552083328125 0.4481481484375 0.6583333328125 0.447222221875
11 0.9770833328125 0.4919753078125 0.9755208328125 0.5018518515625 0.9760416671875 0.5083333328124999 0.98125 0.5175925921875 0.9828125 0.5175925921875 0.9854166671875 0.5138888890625 0.9901041671874999 0.5166666671875 0.9932291671875 0.5148148140625 0.9953125 0.509259259375 0.9973958328125001 0.4861111109375 0.9984375 0.48055555625 0.9994791671875 0.48055555625 0.9994791671875 0.45185185156249996 0.98125 0.4481481484375 0.975 0.4481481484375 0.9713541671874999 0.44629629687500005 0.9692708328125 0.447222221875 0.96875 0.4546296296875 0.9744791671874999 0.4675925921875 0.9770833328125 0.48148148125 0.9770833328125 0.4919753078125
9 0.4348958328125 0.5129629625 0.43385416718750003 0.5231481484375 0.434375 0.527777778125 0.4375 0.527777778125 0.4390625 0.5259259265625 0.4401041671875 0.4990740734375 0.4421875 0.4879629625 0.445 0.4937654328125 0.4467013890625 0.4938888890625 0.44697916718749997 0.4970370375 0.45885416718750005 0.5166666671875 0.45989583281249996 0.5240740734375 0.46197916718750004 0.5259259265625 0.4625 0.5120370375000001 0.46024305625000006 0.50944444375 0.46302083281249995 0.503703703125 0.4635416671875 0.497222221875 0.4640625 0.478703703125 0.4625 0.471296296875 0.4635416671875 0.4546296296875 0.459375 0.4388888890625 0.4557291671875 0.434259259375 0.45677083281249997 0.42222222187499997 0.45625 0.41203703750000004 0.453125 0.409259259375 0.44947916718750003 0.409259259375 0.446875 0.4138888890625 0.44427083281249996 0.41944444374999995 0.44322916718750005 0.43148148124999997 0.44166666718750003 0.434259259375 0.43958333281249995 0.43518518593750005 0.43645833281249996 0.440740740625 0.4291666671875 0.4675925921875 0.42864583281249996 0.477777778125 0.43177083281249995 0.497222221875 0.43385416718750003 0.503703703125 0.4348958328125 0.5129629625
9 0.475 0.4731481484375 0.478125 0.4509259265625 0.4791666671875 0.44907407343749994 0.4817708328125 0.44907407343749994 0.48645833281249995 0.44351851875000003 0.48802083281249997 0.4361111109375 0.484375 0.42870370312499995 0.48333333281249996 0.4175925921875 0.4817708328125 0.4138888890625 0.47760416718750004 0.415740740625 0.4760416671875 0.4203703703125 0.4739583328125 0.43981481406249995 0.474553571875 0.458862434375 0.4739583328125 0.459259259375 0.475 0.4731481484375
7 0.446875 0.5509259265625001 0.45104166718750005 0.5518518515624999 0.4526041671875 0.5388888890625 0.4578125 0.5314814812499999 0.45885416718750005 0.5259259265625 0.45729166718750003 0.5111111109375 0.45729166718750003 0.5 0.4557291671875 0.4879629625 0.45520833281249995 0.4861111109375 0.44427083281249996 0.48703703750000005 0.4427083328125 0.48981481406249994 0.440625 0.4990740734375 0.4401041671875 0.5101851859375001 0.44114583281249997 0.5314814812499999 0.44427083281249996 0.5398148140625 0.446875 0.5509259265625001
7 0.4875 0.46944444374999994 0.4859375 0.45 0.4828125 0.44444444375 0.478125 0.44444444375 0.475 0.4546296296875 0.475 0.475 0.47864583281249995 0.48425925937500003 0.48229166718750005 0.48518518593750004 0.4875 0.46944444374999994
9 0.6666666671875 0.4370370375 0.665625 0.4240740734375 0.6619791671875 0.4175925921875 0.659375 0.4268518515625 0.6588541671875 0.44629629687500005 0.6604166671875 0.4481481484375 0.6661458328125 0.4481481484375 0.6666666671875 0.4370370375
2 0.5567708328125 0.46388888906250003 0.5625 0.465740740625 0.565625 0.46388888906250003 0.565625 0.45555555625000005 0.5645833328125 0.44907407343749994 0.5604166671875 0.44259259218749997 0.5557291671875 0.43240740781250003 0.553125 0.4296296296875 0.5364583328125 0.42870370312499995 0.5338541671875 0.440740740625 0.5302083328125 0.45 0.5302083328125 0.4583333328125 0.5333333328125 0.4611111109375 0.540625 0.46296296249999996 0.5567708328125 0.46388888906250003
1 0.5791666671875 0.4703703703125 0.5822916671875 0.46851851875 0.5833333328125 0.45555555625000005 0.5822916671875 0.434259259375 0.5817708328125 0.43148148124999997 0.5791666671875 0.427777778125 0.5765625 0.41851851875 0.5755208328125 0.4175925921875 0.56875 0.4203703703125 0.5661458328125 0.43981481406249995 0.565625 0.4481481484375 0.5677083328125 0.465740740625 0.5760416671875 0.4675925921875 0.5791666671875 0.4703703703125
1 0.5677083328125 0.4203703703125 0.5630208328124999 0.41944444374999995 0.5546875 0.425 0.5541666671875001 0.42870370312499995 0.5598958328125 0.44259259218749997 0.5640625 0.44629629687500005 0.5677083328125 0.4203703703125
1 0.6067708328125 0.46944444374999994 0.6109375 0.471296296875 0.6317708328125 0.4731481484375 0.6333333328124999 0.4703703703125 0.6348958328125 0.4620370375 0.6390625 0.45370370312499997 0.6401041671875001 0.4481481484375 0.6421875 0.43333333281249997 0.6416666671875 0.41851851875 0.640625 0.41203703750000004 0.6385416671875 0.41018518593750003 0.6255208328124999 0.409259259375 0.6203125 0.4074074078125 0.6109375 0.4074074078125 0.6083333328125 0.41203703750000004 0.6072916671875 0.42870370312499995 0.6057291671875 0.4388888890625 0.6057291671875 0.46296296249999996 0.6067708328125 0.46944444374999994
1 0.6583333328125 0.427777778125 0.6625 0.42314814843750004 0.665625 0.425 0.66875 0.4296296296875 0.68125 0.43148148124999997 0.6864583328125 0.4370370375 0.6911458328125 0.44444444375 0.6963541671875 0.447222221875 0.7057291671875 0.447222221875 0.7135416671875 0.45185185156249996 0.7166666671875 0.45185185156249996 0.7182291671875001 0.4481481484375 0.7197916671875 0.4148148140625 0.71875 0.409259259375 0.7166666671875 0.40555555625000006 0.6536458328125 0.40092592656250003 0.6453125 0.40277777812500004 0.6421875 0.40555555625000006 0.6416666671875 0.4074074078125 0.6416666671875 0.4379629625 0.6432291671875 0.4379629625 0.65 0.42870370312499995 0.6583333328125 0.427777778125
1 0.75625 0.48425925937500003 0.759375 0.4861111109375 0.7635416671875 0.48518518593750004 0.7671875 0.48703703750000005 0.7760416671875 0.4879629625 0.7817708328124999 0.49444444374999996 0.7927083328125 0.49444444374999996 0.796875 0.4916666671875 0.8005208328125001 0.48518518593750004 0.8020833328125001 0.48425925937500003 0.8109375 0.48425925937500003 0.8140625 0.4861111109375 0.825 0.4861111109375 0.8302083328125001 0.4879629625 0.8317708328125001 0.48518518593750004 0.8359375 0.4675925921875 0.8390625 0.4620370375 0.8489583328125001 0.45 0.8572916671874999 0.42592592656250006 0.8604166671875 0.42129629687500003 0.86875 0.42129629687500003 0.8713541671874999 0.42314814843750004 0.8828125 0.42314814843750004 0.8890625 0.4240740734375 0.8916666671875 0.42592592656250006 0.9161458328125001 0.42592592656250006 0.91875 0.42222222187499997 0.91875 0.4129629625 0.9166666671874999 0.409259259375 0.9145833328125 0.40833333281249995 0.9036458328125001 0.40648148125 0.8932291671874999 0.40277777812500004 0.84375 0.3990740734375 0.8333333328125001 0.396296296875 0.7802083328125 0.3916666671875 0.771875 0.3898148140625 0.7651041671875001 0.3861111109375 0.7567708328125 0.3861111109375 0.7526041671875 0.3888888890625 0.7479166671875 0.3861111109375 0.7427083328124999 0.3861111109375 0.7416666671875001 0.3879629625 0.7401041671875 0.40092592656250003 0.7385416671875 0.43333333281249997 0.7375 0.4796296296875 0.7390625 0.48333333281249996 0.7505208328124999 0.48518518593750004 0.75625 0.48425925937500003
14 0.8453125 0.4916666671875 0.846875 0.4879629625 0.8489583328125001 0.47222222187499996 0.8484375 0.4574074078125 0.8473958328125001 0.45555555625000005 0.8447916671875 0.45555555625000005 0.840625 0.4601851859375 0.8359375 0.4675925921875 0.8333333328125001 0.4768518515625 0.8328125 0.48425925937500003 0.834375 0.48981481406249994 0.8395833328125001 0.4916666671875 0.8453125 0.4916666671875
14 0.8625 0.5018518515625 0.8776041671874999 0.5 0.8890625 0.5046296296875 0.8979166671875 0.5046296296875 0.9052083328125 0.50648148125 0.9119791671874999 0.50555555625 0.9161458328125001 0.5101851859375001 0.9203125 0.5120370375000001 0.9296875 0.5120370375000001 0.934375 0.509259259375 0.9416666671874999 0.509259259375 0.9515625 0.5129629625 0.96875 0.5138888890625 0.9723958328125001 0.5111111109375 0.9744791671874999 0.50648148125 0.9765625 0.4861111109375 0.9765625 0.475 0.9755208328125 0.4703703703125 0.9598958328125 0.4379629625 0.9505208328125001 0.43240740781250003 0.9401041671874999 0.43148148124999997 0.9291666671875 0.427777778125 0.9182291671874999 0.42592592656250006 0.9015625 0.42592592656250006 0.8932291671874999 0.4240740734375 0.8848958328125001 0.425 0.8760416671875 0.42314814843750004 0.8604166671875 0.42314814843750004 0.8567708328125001 0.4296296296875 0.8484375 0.4601851859375 0.8482291671875 0.46555555625 0.8459635421874999 0.46388888906250003 0.8434895828125001 0.4675925921875 0.8480208328125001 0.4709259265625 0.8473958328125001 0.48703703750000005 0.8479166671874999 0.490740740625 0.8505208328125 0.49444444374999996 0.85625 0.49629629687500004 0.8625 0.5018518515625