11 0.9765625 0.5240740734375 0.9760416671875 0.497222221875 0.978125 0.47407407343749997 0.9755208328125 0.4703703703125 0.9619791671875 0.471296296875 0.9588541671874999 0.4731481484375 0.9546875 0.48425925937500003 0.9536458328125 0.49351851875 0.9541666671875 0.5231481484375 0.975 0.5268518515625 0.9765625 0.5240740734375
9 0.1598958328125 0.4861111109375 0.1604166671875 0.5120370375000001 0.15689102500000002 0.546296296875 0.1552083328125 0.5518518515624999 0.1520833328125 0.5574074078125 0.1520833328125 0.5601851859375 0.1552083328125 0.565740740625 0.1572916671875 0.5675925921875 0.1604166671875 0.5675925921875 0.1625 0.565740740625 0.16458333281249998 0.55648148125 0.175 0.5527777781250001 0.1776041671875 0.565740740625 0.1796875 0.5675925921875 0.1828125 0.5675925921875 0.1838541671875 0.5666666671875 0.1859375 0.5490740734374999 0.1744791671875 0.540740740625 0.1731770828125 0.5166666671875 0.1734375 0.5148148140625 0.1864583328125 0.5083333328124999 0.18690476250000002 0.48055555625 0.18802083281249998 0.471296296875 0.1875 0.4601851859375 0.1911458328125 0.44444444375 0.1911458328125 0.43333333281249997 0.1901041671875 0.42592592656250006 0.1885416671875 0.42129629687500003 0.1817708328125 0.4129629625 0.1807291671875 0.40833333281249995 0.1817708328125 0.3981481484375 0.1807291671875 0.39351851875 0.1786458328125 0.3898148140625 0.1729166671875 0.3888888890625 0.1708333328125 0.3925925921875 0.1692708328125 0.397222221875 0.1692708328125 0.41111111093749997 0.16354166718750002 0.4138888890625 0.1609375 0.4175925921875 0.15625 0.43981481406249995 0.15677083281249998 0.4481481484375 0.1604166671875 0.45648148125 0.1614583328125 0.46666666718750005 0.1598958328125 0.4861111109375
9 0.3733723953125 0.49756944374999995 0.3729166671875 0.5 0.37447916718749996 0.50555555625 0.3740234375 0.5070601859375 0.375 0.5074074078125 0.37447916718749996 0.5240740734375 0.3776041671875 0.5240740734375 0.3791666671875 0.5166666671875 0.37803030312499997 0.5075757578125 0.3796875 0.5083333328124999 0.3807291671875 0.502777778125 0.3859375 0.4953703703125 0.3927083328125 0.49444444374999996 0.3953125 0.5018518515625 0.396875 0.5120370375000001 0.3994791671875 0.5138888890625 0.39895833281250004 0.5129629625 0.40052083281249995 0.50555555625 0.40208333281249997 0.48055555625 0.403125 0.475 0.403125 0.4675925921875 0.40052083281249995 0.4546296296875 0.4010416671875 0.4481481484375 0.403125 0.44259259218749997 0.4015625 0.43333333281249997 0.3958333328125 0.427777778125 0.3921875 0.42870370312499995 0.3895833328125 0.440740740625 0.3875 0.44351851875000003 0.3848958328125 0.44351851875000003 0.38125 0.44629629687500005 0.3765625 0.45277777812500003 0.3734375 0.4611111109375 0.3729166671875 0.46666666718750005 0.3746212125 0.48030303124999996 0.3723958328125 0.48333333281249996 0.37265625 0.4953703703125 0.3733723953125 0.49756944374999995
9 0.44375 0.49259259218749996 0.44635416718750004 0.49351851875 0.4479166671875 0.490740740625 0.45104166718750005 0.47407407343749997 0.45416666718750004 0.471296296875 0.459375 0.471296296875 0.4609375 0.46851851875 0.4614583328125 0.45185185156249996 0.45989583281249996 0.44444444375 0.45885416718750005 0.4296296296875 0.45729166718750003 0.427777778125 0.4546875 0.427777778125 0.44739583281249995 0.45 0.44427083281249996 0.4546296296875 0.44635416718750004 0.46944444374999994 0.44322916718750005 0.477777778125 0.44322916718750005 0.490740740625 0.44375 0.49259259218749996
7 0.3869791671875 0.55 0.3880208328125 0.5481481484375 0.3890625 0.540740740625 0.3963541671875 0.5324074078125001 0.3973958328125 0.5296296296875 0.3973958328125 0.5203703703125 0.39375 0.49629629687500004 0.3927083328125 0.49444444374999996 0.3838541671875 0.4953703703125 0.38125 0.5018518515625 0.3796875 0.509259259375 0.3786458328125 0.5305555562500001 0.3817708328125 0.5388888890625 0.3838541671875 0.5490740734374999 0.3869791671875 0.55
7 0.453125 0.51944444375 0.45520833281249995 0.51944444375 0.45625 0.5175925921875 0.4578125 0.5101851859375001 0.46197916718750004 0.503703703125 0.46302083281249995 0.497222221875 0.4614583328125 0.490740740625 0.4609375 0.47407407343749997 0.459375 0.46851851875 0.4557291671875 0.465740740625 0.4536458328125 0.465740740625 0.45104166718750005 0.46944444374999994 0.446875 0.490740740625 0.44427083281249996 0.4990740734375 0.44375 0.502777778125 0.44635416718750004 0.5148148140625 0.4505208328125 0.5148148140625 0.453125 0.51944444375
7 0.9213541671875 0.521296296875 0.9255208328125001 0.5203703703125 0.9265625 0.5175925921875 0.9265625 0.4981481484375 0.925 0.4916666671875 0.9239583328125001 0.48055555625 0.9208333328125 0.48055555625 0.9161458328125001 0.490740740625 0.9088541671874999 0.490740740625 0.9067708328125 0.4981481484375 0.9026041671874999 0.502777778125 0.8989583328125 0.5101851859375001 0.8984375 0.5166666671875 0.9 0.51851851875 0.9151041671875 0.51944444375 0.9213541671875 0.521296296875
11 0.946875 0.5231481484375 0.9520833328125 0.5231481484375 0.953125 0.5203703703125 0.9526041671875 0.497222221875 0.9546875 0.48425925937500003 0.9567708328125001 0.477777778125 0.9583333328125001 0.47592592656250005 0.959375 0.46944444374999994 0.94375 0.46851851875 0.940625 0.46944444374999994 0.9359375 0.47407407343749997 0.934375 0.4768518515625 0.9322916671874999 0.49259259218749996 0.928125 0.50648148125 0.928125 0.51944444375 0.9328125 0.521296296875 0.9395833328125001 0.5203703703125 0.946875 0.5231481484375
11 0.8994791671875 0.5101851859375001 0.9015625 0.502777778125 0.9057291671875 0.497222221875 0.909375 0.4879629625 0.9104166671874999 0.4824074078125 0.9151041671875 0.475 0.9109375 0.46944444374999994 0.8947916671874999 0.46666666718750005 0.8796875 0.46666666718750005 0.8776041671874999 0.46851851875 0.875 0.475 0.8708333328125001 0.503703703125 0.8703125 0.5120370375000001 0.8734375 0.5148148140625 0.896875 0.5138888890625 0.8994791671875 0.5101851859375001
11 0.8755208328125 0.46944444374999994 0.8739583328125 0.4675925921875 0.8692708328125001 0.46666666718750005 0.8489583328125001 0.46666666718750005 0.8473958328125001 0.46944444374999994 0.8432291671875 0.49444444374999996 0.8432291671875 0.5111111109375 0.86875 0.5129629625 0.8703125 0.5074074078125 0.8755208328125 0.46944444374999994
11 0.8166666671874999 0.4990740734375 0.81875 0.497222221875 0.8208333328125 0.50555555625 0.8244791671874999 0.5083333328124999 0.8354166671875 0.5111111109375 0.8390625 0.5111111109375 0.8411458328125001 0.509259259375 0.8421875 0.5046296296875 0.8447916671875 0.47592592656250005 0.8463541671874999 0.4703703703125 0.8463541671874999 0.4675925921875 0.8453125 0.465740740625 0.8171875 0.46481481406249997 0.8119791671875 0.4675925921875 0.8109375 0.46944444374999994 0.8098958328125001 0.502777778125 0.8119791671875 0.50648148125 0.8151041671874999 0.50648148125 0.8166666671874999 0.4990740734375
11 0.8098958328125001 0.5009259265625 0.8109375 0.48981481406249994 0.8104166671874999 0.46944444374999994 0.8078125 0.46666666718750005 0.8010416671874999 0.46851851875 0.7994791671875 0.4703703703125 0.7973958328124999 0.48055555625 0.7973958328124999 0.5046296296875 0.8052083328125 0.50648148125 0.8083333328125001 0.5046296296875 0.8098958328125001 0.5009259265625
11 0.7947916671875 0.5046296296875 0.7963541671875001 0.502777778125 0.796875 0.4879629625 0.7989583328125 0.46944444374999994 0.7921875 0.46666666718750005 0.7828125 0.46666666718750005 0.7796875 0.46851851875 0.7770833328125 0.4768518515625 0.775 0.49259259218749996 0.7755208328125 0.502777778125 0.7786458328125 0.5046296296875 0.7947916671875 0.5046296296875
11 0.728125 0.497222221875 0.7296875 0.4953703703125 0.7302083328125 0.4879629625 0.728125 0.4796296296875 0.725 0.47222222187499996 0.7244791671875 0.4620370375 0.7229166671875 0.4583333328125 0.715625 0.4583333328125 0.709375 0.46666666718750005 0.70625 0.46851851875 0.7057291671875 0.4768518515625 0.7078125 0.4953703703125 0.7130208328125 0.497222221875 0.728125 0.497222221875
11 0.6880208328124999 0.490740740625 0.6895833328125 0.4916666671875 0.6984375 0.49351851875 0.7015625 0.490740740625 0.7036458328124999 0.49351851875 0.70625 0.49259259218749996 0.70625 0.4861111109375 0.7046875 0.48148148125 0.7041666671875 0.475 0.7052083328125 0.46851851875 0.7083333328125 0.4675925921875 0.7098958328125 0.4620370375 0.6984375 0.4574074078125 0.6901041671875 0.4574074078125 0.6828125 0.45555555625000005 0.68125 0.45648148125 0.6807291671875 0.477777778125 0.6817708328125 0.4824074078125 0.6848958328125 0.48425925937500003 0.6880208328124999 0.490740740625
14 0.5833333328125 0.48148148125 0.5859375 0.48055555625 0.5875 0.475 0.5869791671875 0.44166666718750003 0.5796875 0.4388888890625 0.5744791671875 0.440740740625 0.5729166671875 0.4453703703125 0.571875 0.45277777812500003 0.5710069437499999 0.4675925921875 0.5708333328124999 0.4768518515625 0.571875 0.478703703125 0.5796875 0.4796296296875 0.5833333328125 0.48148148125
1 0.5671875 0.47407407343749997 0.56875 0.47407407343749997 0.5703125 0.471296296875 0.5734375 0.44444444375 0.5765625 0.43981481406249995 0.5859375 0.43981481406249995 0.5869791671875 0.4379629625 0.5875 0.42314814843750004 0.5869791671875 0.41944444374999995 0.5854166671875001 0.4175925921875 0.571875 0.4166666671875 0.5697916671875001 0.41944444374999995 0.5682291671875 0.427777778125 0.5682291671875 0.43981481406249995 0.5640625 0.4675925921875 0.5645833328125 0.471296296875 0.5671875 0.47407407343749997
1 0.5296875 0.4611111109375 0.5302083328125 0.475 0.5390625 0.478703703125 0.5520833328125 0.478703703125 0.5546875 0.4768518515625 0.5630208328124999 0.47592592656250005 0.5661458328125 0.46296296249999996 0.5671875 0.4509259265625 0.5697916671875001 0.4361111109375 0.5677083328125 0.42870370312499995 0.5364583328125 0.42592592656250006 0.5302083328125 0.4240740734375 0.525 0.425 0.5229166671875001 0.4268518515625 0.5213541671875 0.43333333281249997 0.5208333328125 0.45 0.5239583328124999 0.45370370312499997 0.5286458328125 0.45648148125 0.5296875 0.4611111109375
1 0.5182291671875 0.45185185156249996 0.5197916671875 0.45 0.5213541671875 0.44259259218749997 0.5213541671875 0.434259259375 0.5203125 0.43055555625 0.5145833328125 0.42870370312499995 0.5072916671875001 0.42870370312499995 0.503125 0.43333333281249997 0.5026041671875 0.44444444375 0.5041666671875 0.45 0.5145833328125 0.45185185156249996 0.5182291671875 0.45185185156249996
1 0.48541666718750004 0.47222222187499996 0.4869791671875 0.471296296875 0.48854166718750003 0.4611111109375 0.4916666671875 0.459259259375 0.49322916718750004 0.45555555625000005 0.49427083281249995 0.4379629625 0.4916666671875 0.43518518593750005 0.4838541671875 0.43333333281249997 0.48125 0.434259259375 0.48125 0.45370370312499997 0.4791666671875 0.459259259375 0.4791666671875 0.46851851875 0.48541666718750004 0.47222222187499996