9 0.21458333281250003 0.4916666671875 0.21614583281250002 0.4953703703125 0.21770833281250002 0.4953703703125 0.2208333328125 0.4888888890625 0.2234375 0.49444444374999996 0.225 0.49444444374999996 0.228125 0.48518518593750004 0.23072916718749997 0.45185185156249996 0.23541666718749998 0.4268518515625 0.2359375 0.41851851875 0.23333333281250002 0.4074074078125 0.2296875 0.40277777812500004 0.22916666718749998 0.3916666671875 0.22760416718749998 0.3898148140625 0.2244791671875 0.3888888890625 0.22291666718749997 0.3916666671875 0.2208333328125 0.403703703125 0.21614583281250002 0.403703703125 0.21354166718749998 0.40833333281249995 0.2130208328125 0.4148148140625 0.215625 0.42222222187499997 0.21614583281250002 0.4583333328125 0.21458333281250003 0.4916666671875
9 0.34872159062499997 0.46851851875 0.3473958328125 0.4703703703125 0.3494791671875 0.49629629687500004 0.3489583328125 0.515740740625 0.35 0.5175925921875 0.353125 0.5166666671875 0.3546875 0.5101851859375001 0.3533617421875 0.5009259265625 0.3552083328125 0.4981481484375 0.3546875 0.49259259218749996 0.352035984375 0.4916666671875 0.35137310624999996 0.48703703750000005 0.3546875 0.48518518593750004 0.3557291671875 0.478703703125 0.3572916671875 0.475 0.3703125 0.477777778125 0.3723958328125 0.4824074078125 0.3734375 0.4824074078125 0.3760416671875 0.477777778125 0.3760416671875 0.46851851875 0.378125 0.45555555625000005 0.378125 0.44907407343749994 0.3770833328125 0.4388888890625 0.3734375 0.43240740781250003 0.3734375 0.42592592656250006 0.37447916718749996 0.42222222187499997 0.3739583328125 0.4148148140625 0.3723958328125 0.41203703750000004 0.3692708328125 0.41018518593750003 0.3609375 0.41203703750000004 0.359375 0.4175925921875 0.359375 0.4296296296875 0.35208333281250004 0.4361111109375 0.3505208328125 0.4388888890625 0.3484375 0.447222221875 0.3473958328125 0.459259259375 0.3480587125 0.46388888906250003 0.3473958328125 0.465740740625 0.34872159062499997 0.46851851875
9 0.44947916718750003 0.4888888890625 0.45 0.497222221875 0.4515625 0.4990740734375 0.453125 0.4796296296875 0.45677083281249997 0.4703703703125 0.4583333328125 0.4620370375 0.459375 0.4601851859375 0.46302083281249995 0.4601851859375 0.46458333281249997 0.4574074078125 0.4661458328125 0.44444444375 0.4661458328125 0.434259259375 0.4614583328125 0.4268518515625 0.4604166671875 0.41203703750000004 0.45885416718750005 0.4074074078125 0.45520833281249995 0.40555555625000006 0.453125 0.40833333281249995 0.45208333281249996 0.4129629625 0.45104166718750005 0.427777778125 0.4458333328125 0.44351851875000003 0.4453125 0.447222221875 0.44739583281249995 0.45277777812500003 0.44635416718750004 0.47592592656250005 0.44947916718750003 0.4888888890625
7 0.3630208328125 0.5333333328125 0.3640625 0.5324074078125001 0.36666666718749996 0.5203703703125 0.3692708328125 0.51851851875 0.3729166671875 0.5111111109375 0.3734375 0.48981481406249994 0.3692708328125 0.477777778125 0.3567708328125 0.47592592656250005 0.3552083328125 0.48055555625 0.3552083328125 0.5111111109375 0.3567708328125 0.525 0.3609375 0.5333333328125 0.3630208328125 0.5333333328125
7 0.4583333328125 0.50555555625 0.4614583328125 0.5129629625 0.4635416671875 0.5129629625 0.46510416718750003 0.5101851859375001 0.4661458328125 0.5 0.46979166718750004 0.49259259218749996 0.4713541671875 0.48148148125 0.46979166718750004 0.47407407343749997 0.4661458328125 0.4675925921875 0.46510416718750003 0.4601851859375 0.4635416671875 0.4574074078125 0.4614583328125 0.4574074078125 0.45885416718750005 0.4601851859375 0.45729166718750003 0.4675925921875 0.45520833281249995 0.471296296875 0.45208333281249996 0.48333333281249996 0.45 0.4879629625 0.44947916718750003 0.49629629687500004 0.453125 0.50648148125 0.45625 0.5074074078125 0.4583333328125 0.50555555625
1 0.47760416718750004 0.4509259265625 0.48229166718750005 0.4509259265625 0.48541666718750004 0.45370370312499997 0.48802083281249997 0.45370370312499997 0.4895833328125 0.45185185156249996 0.4947916671875 0.45370370312499997 0.49635416718750003 0.4509259265625 0.5010416671875 0.42129629687500003 0.5020833328125 0.41944444374999995 0.5083333328124999 0.41851851875 0.5104166671875 0.4148148140625 0.5098958328125 0.41111111093749997 0.5072916671875001 0.409259259375 0.496875 0.41018518593750003 0.48125 0.40648148125 0.4734375 0.40648148125 0.46979166718750004 0.41111111093749997 0.4692708328125 0.43518518593750005 0.47447916718750005 0.44166666718750003 0.4760416671875 0.4481481484375 0.47760416718750004 0.4509259265625
14 0.5109375 0.4546296296875 0.5109375 0.42314814843750004 0.509375 0.4203703703125 0.5057291671875 0.41851851875 0.5020833328125 0.41944444374999995 0.4994791671875 0.42314814843750004 0.49791666718750005 0.434259259375 0.4973958328125 0.4546296296875 0.49895833281249996 0.45648148125 0.5098958328125 0.4574074078125 0.5109375 0.4546296296875
14 0.5989583328125 0.465740740625 0.6041666671875 0.4546296296875 0.6052083328125 0.4379629625 0.6036458328125 0.434259259375 0.6005208328125 0.43333333281249997 0.5911458328125 0.434259259375 0.5895833328125 0.4453703703125 0.5890625 0.4583333328125 0.5901041671875 0.46388888906250003 0.5916666671875 0.465740740625 0.5989583328125 0.465740740625
1 0.6083333328125 0.434259259375 0.6109375 0.43333333281249997 0.615625 0.42870370312499995 0.6161458328125 0.4268518515625 0.6166666671875001 0.4203703703125 0.6145833328125 0.4166666671875 0.6078125 0.415740740625 0.6026041671875 0.4129629625 0.5911458328125 0.41203703750000004 0.5901041671875 0.4138888890625 0.5901041671875 0.42222222187499997 0.5916666671875 0.43148148124999997 0.6083333328125 0.434259259375
11 0.6546875 0.4731481484375 0.6598958328125 0.4731481484375 0.6651041671875 0.4768518515625 0.6770833328125 0.475 0.678125 0.47222222187499996 0.678125 0.45185185156249996 0.6770833328125 0.4453703703125 0.6744791671875 0.44166666718750003 0.6489583328124999 0.43981481406249995 0.6463541671875 0.44166666718750003 0.6453125 0.44629629687500005 0.6442708328125 0.4583333328125 0.6442708328125 0.46666666718750005 0.6453125 0.46944444374999994 0.6546875 0.4731481484375
11 0.6958333328124999 0.4768518515625 0.696875 0.47222222187499996 0.6989583328125 0.4481481484375 0.6869791671875001 0.4481481484375 0.6854166671875 0.45277777812500003 0.684375 0.46388888906250003 0.684375 0.47592592656250005 0.6916666671875 0.477777778125 0.6958333328124999 0.4768518515625
11 0.7036458328124999 0.475 0.7052083328125 0.46296296249999996 0.7052083328125 0.44629629687500005 0.7026041671875001 0.447222221875 0.7 0.4509259265625 0.6979166671875 0.4601851859375 0.6973958328125 0.4768518515625 0.6989583328125 0.478703703125 0.7020833328125 0.478703703125 0.7036458328124999 0.475
11 0.7692708328125 0.48425925937500003 0.7734375 0.4824074078125 0.7755208328125 0.4796296296875 0.7765625 0.4731481484375 0.7765625 0.4601851859375 0.7760416671875 0.4546296296875 0.7729166671875001 0.45 0.7666666671875 0.447222221875 0.7588541671875 0.44629629687500005 0.7552083328125 0.44907407343749994 0.7536458328125 0.45185185156249996 0.7520833328125 0.4601851859375 0.7510416671875 0.4675925921875 0.7510416671875 0.4824074078125 0.7520833328125 0.48333333281249996 0.7692708328125 0.48425925937500003
11 0.7494791671875001 0.4796296296875 0.7505208328124999 0.46666666718750005 0.7526041671875 0.4574074078125 0.7526041671875 0.44907407343749994 0.7473958328125 0.44629629687500005 0.7380208328125 0.44629629687500005 0.7354166671875 0.4481481484375 0.7317708328125 0.4601851859375 0.7302083328125 0.46944444374999994 0.7286458328125 0.47222222187499996 0.7286458328125 0.477777778125 0.73125 0.48055555625 0.7479166671875 0.48333333281249996 0.7494791671875001 0.4796296296875
11 0.7177083328125 0.4796296296875 0.7197916671875 0.48148148125 0.7255208328125 0.48055555625 0.7265625 0.478703703125 0.728125 0.46944444374999994 0.7307291671875 0.46296296249999996 0.7333333328125 0.45 0.7328125 0.44629629687500005 0.7276041671875 0.44629629687500005 0.7208333328125 0.44351851875000003 0.7052083328125 0.44629629687500005 0.703125 0.4481481484375 0.703125 0.465740740625 0.7020833328125 0.47592592656250005 0.7052083328125 0.4796296296875 0.7177083328125 0.4796296296875