9 0.7540983609375 0.21818181874999998 0.7868852453125 0.2363636359375 0.8032786890624999 0.2545454546875 0.8087431687500001 0.250909090625 0.7923497265624999 0.24 0.7978142078125 0.23418181875 0.7759562843750001 0.2254545453125 0.8087431687500001 0.21090909062500002 0.7923497265624999 0.2036363640625 0.7978142078125 0.17090909062499998 0.7923497265624999 0.16363636406249998 0.7595628421875 0.16363636406249998 0.7540983609375 0.1672727265625 0.765027321875 0.184 0.7540983609375 0.2 0.7540983609375 0.21818181874999998
9 0.770491803125 0.410909090625 0.778688525 0.46909090937500003 0.7923497265624999 0.4763636359375 0.7800546453125 0.4872727265625 0.7868852453125 0.5054545453125 0.8032786890624999 0.45454545468749996 0.8469945359375 0.42181818125000003 0.868852459375 0.41818181875000004 0.8743169406250001 0.3963636359375 0.8743169406250001 0.349090909375 0.8907103828125 0.30181818125 0.8907103828125 0.2763636359375 0.863387978125 0.250909090625 0.863387978125 0.2072727265625 0.8469945359375 0.2 0.8251366125 0.2036363640625 0.8196721312499999 0.21090909062500002 0.8087431687500001 0.25818181875 0.7923497265624999 0.2763636359375 0.781420765625 0.3054545453125 0.7923497265624999 0.33090909062499996 0.7759562843750001 0.33818181875 0.770491803125 0.349090909375 0.770491803125 0.410909090625
9 0.7431693984375001 0.28363636406250003 0.72677595625 0.269090909375 0.7322404375 0.21818181874999998 0.721311475 0.21090909062500002 0.7103825140625 0.21818181874999998 0.6830601093750001 0.21818181874999998 0.6612021859375 0.2872727265625 0.6939890703125 0.29454545468750004 0.7431693984375001 0.29454545468750004 0.7431693984375001 0.28363636406250003
9 0.672131146875 0.2654545453125 0.6748633875000001 0.24363636406250003 0.72677595625 0.249090909375 0.7322404375 0.27272727343750003 0.7540983609375 0.29454545468750004 0.7759562843750001 0.29818181875 0.7978142078125 0.269090909375 0.7978142078125 0.250909090625 0.7759562843750001 0.2254545453125 0.7486338796875 0.21818181874999998 0.721311475 0.2254545453125 0.7158469953125 0.21090909062500002 0.7431693984375001 0.1745454546875 0.72677595625 0.16363636406249998 0.7103825140625 0.16363636406249998 0.6994535515625 0.17090909062499998 0.6926229515625 0.1827272734375 0.7076502734375001 0.190909090625 0.6994535515625 0.21090909062500002 0.6748633875000001 0.20181818125 0.677595628125 0.22181818125000002 0.657103825 0.22090909062500003 0.6393442625 0.24 0.63387978125 0.2654545453125 0.64480874375 0.27999999999999997 0.6557377046874999 0.27999999999999997 0.672131146875 0.2654545453125
9 0.7486338796875 0.16363636406249998 0.7431693984375001 0.1454545453125 0.7103825140625 0.13818181875 0.7049180328125 0.14181818125 0.7158469953125 0.16 0.7049180328125 0.16363636406249998 0.7486338796875 0.16363636406249998
9 0.677595628125 0.18181818125 0.677595628125 0.149090909375 0.6502732234375 0.1454545453125 0.6284153 0.16 0.6284153 0.17818181875 0.6502732234375 0.1745454546875 0.677595628125 0.18181818125
9 0.63387978125 0.24727272656250002 0.64480874375 0.23272727343750002 0.677595628125 0.2145454546875 0.677595628125 0.1854545453125 0.672131146875 0.17818181875 0.6502732234375 0.1745454546875 0.6229508203125 0.17818181875 0.6284153 0.1987878796875 0.6174863390625001 0.2036363640625 0.6174863390625001 0.21090909062500002 0.63387978125 0.24727272656250002
9 0.502732240625 0.269090909375 0.502732240625 0.27999999999999997 0.535519125 0.269090909375 0.5519125687499999 0.2872727265625 0.6174863390625001 0.2872727265625 0.6229508203125 0.24363636406250003 0.6174863390625001 0.21818181874999998 0.595628415625 0.1963636359375 0.601092896875 0.16 0.584699453125 0.149090909375 0.5519125687499999 0.149090909375 0.54098360625 0.1563636359375 0.5464480875 0.18181818125 0.5628415296875 0.2036363640625 0.5300546453125 0.250909090625 0.502732240625 0.269090909375
9 0.47540983593749997 0.22909090937499998 0.47540983593749997 0.269090909375 0.5191256828124999 0.27999999999999997 0.508196721875 0.2654545453125 0.521311475 0.258909090625 0.54098360625 0.2254545453125 0.5300546453125 0.2145454546875 0.5300546453125 0.1745454546875 0.5191256828124999 0.16363636406249998 0.491803278125 0.1672727265625 0.48633879843749994 0.1878787890625 0.491803278125 0.2 0.4808743171875 0.20848484687500002 0.48633879843749994 0.2145454546875 0.47540983593749997 0.22909090937499998
9 0.47540983593749997 0.2254545453125 0.47540983593749997 0.18181818125 0.45901639375 0.17090909062499998 0.4316939890625 0.1745454546875 0.42622950781249996 0.2 0.43715847031250005 0.23272727343750002 0.464480875 0.25818181875 0.47540983593749997 0.2254545453125
9 0.4316939890625 0.22909090937499998 0.40983606562499997 0.22909090937499998 0.40437158437500004 0.2763636359375 0.45901639375 0.2763636359375 0.4426229515625 0.2363636359375 0.4316939890625 0.22909090937499998
9 0.38797814218750004 0.27272727343750003 0.40437158437500004 0.26181818125 0.40437158437500004 0.18181818125 0.3934426234375 0.17090909062499998 0.3770491796875 0.1672727265625 0.35519125625000003 0.17818181875 0.3497267765625 0.189090909375 0.3606557375 0.22909090937499998 0.3387978140625 0.25818181875 0.36612021875 0.27272727343750003 0.38797814218750004 0.27272727343750003
9 0.2677595625 0.30181818125 0.2677595625 0.3272727265625 0.2841530046875 0.3454545453125 0.316939890625 0.349090909375 0.35519125625000003 0.2763636359375 0.32786885312499997 0.25818181875 0.322404371875 0.2145454546875 0.2950819671875 0.2072727265625 0.278688525 0.21818181874999998 0.2677595625 0.25818181875 0.24043715781250002 0.27272727343750003 0.24043715781250002 0.27999999999999997 0.2677595625 0.30181818125
9 0.24043715781250002 0.17818181875 0.278688525 0.17818181875 0.2677595625 0.1745454546875 0.2841530046875 0.1563636359375 0.2841530046875 0.13818181875 0.27322404375 0.130909090625 0.24043715781250002 0.1345454546875 0.24043715781250002 0.16363636406249998 0.20218579218750002 0.17818181875 0.1748633875 0.23272727343750002 0.1693989078125 0.2763636359375 0.19125683124999998 0.27272727343750003 0.21857923437500001 0.24727272656250002 0.24043715781250002 0.17818181875
9 0.2513661203125 0.2363636359375 0.2896174859375 0.2036363640625 0.2896174859375 0.189090909375 0.278688525 0.1745454546875 0.2459016390625 0.1745454546875 0.23497267812499997 0.1854545453125 0.24043715781250002 0.20484848437499997 0.229508196875 0.22909090937499998 0.2459016390625 0.2545454546875 0.2513661203125 0.2363636359375
9 0.3333333328125 0.250909090625 0.34426229531249997 0.24727272656250002 0.34426229531249997 0.1854545453125 0.3333333328125 0.17818181875 0.3005464484375 0.1854545453125 0.2950819671875 0.2036363640625 0.322404371875 0.2145454546875 0.3333333328125 0.22909090937499998 0.3333333328125 0.250909090625
9 0.35519125625000003 0.58181818125 0.3387978140625 0.5709090906250001 0.3606557375 0.5563636359374999 0.3770491796875 0.45818181874999997 0.370491803125 0.418909090625 0.34426229531249997 0.40727272656249996 0.3672131140625 0.3992727265625 0.3825136609375 0.37818181875 0.3715847 0.3527272734375 0.3606557375 0.36 0.3639344265625 0.3796363640625 0.3387978140625 0.40727272656249996 0.316939890625 0.410909090625 0.3060109296875 0.429090909375 0.2950819671875 0.45818181874999997 0.3005464484375 0.5345454546874999 0.316939890625 0.5599999999999999 0.35519125625000003 0.58181818125
12 0.18579235 0.57818181875 0.18579235 0.690909090625 0.2009438640625 0.7180165265625 0.19125683124999998 0.7963636359375 0.20218579218750002 0.8072727265624999 0.2459016390625 0.81818181875 0.2513661203125 0.89818181875 0.26229508125 0.9054545453125 0.3005464484375 0.9054545453125 0.316939890625 0.890909090625 0.3387978140625 0.7636363640625 0.3497267765625 0.7563636359375 0.40983606562499997 0.7563636359375 0.4426229515625 0.7745454546875 0.535519125 0.789090909375 0.5464480875 0.7963636359375 0.6065573765625001 0.8 0.6229508203125 0.789090909375 0.6502732234375 0.789090909375 0.672131146875 0.7963636359375 0.6830601093750001 0.8145454546875 0.7103825140625 0.82181818125 0.8251366125 0.8254545453125001 0.8306010921875 0.849090909375 0.7759562843750001 0.89818181875 0.781420765625 0.9090909093749999 0.8032786890624999 0.9163636359374999 0.8415300546875001 0.9163636359374999 0.863387978125 0.90181818125 0.868852459375 0.8836363640625 0.8743169406250001 0.85818181875 0.8488160265625 0.8327272734375001 0.8524590156249999 0.8272727265625001 0.8797814203125001 0.8290909093750001 0.8670309671875 0.8163636359374999 0.8852459015624999 0.8 0.8852459015624999 0.7527272734375 0.8743169406250001 0.7236363640625 0.8360655734375 0.7163636359375001 0.8360655734375 0.709090909375 0.8469945359375 0.70181818125 0.9890710374999999 0.70181818125 0.99453551875 0.6363636359375 0.7158469953125 0.629090909375 0.721311475 0.6036363640625 0.7486338796875 0.57818181875 0.765027321875 0.530909090625 0.770491803125 0.3236363640625 0.7595628421875 0.30181818125 0.7158469953125 0.29454545468750004 0.5573770484375 0.290909090625 0.5136612015625001 0.28363636406250003 0.4316939890625 0.28363636406250003 0.3715847 0.2763636359375 0.3387978140625 0.3127272734375 0.322404371875 0.3563636359375 0.2677595625 0.3563636359375 0.229508196875 0.3454545453125 0.229508196875 0.32 0.21675774374999998 0.29333333437500003 0.229508196875 0.27272727343750003 0.2131147546875 0.269090909375 0.1967213109375 0.30181818125 0.204007284375 0.3139393921875 0.19125683124999998 0.3345454546875 0.1748633875 0.410909090625 0.1693989078125 0.48 0.20218579218750002 0.5272727265625 0.1693989078125 0.5636363640625001 0.18579235 0.57818181875