2 0.7578125 0.5425925921875 0.7583333328124999 0.5574074078125 0.7598958328125 0.559259259375 0.7630208328125 0.5583333328125 0.7651041671875001 0.553703703125 0.765625 0.5351851859375001 0.7630208328125 0.5314814812499999 0.7625 0.5231481484375 0.7604166671875 0.521296296875 0.7515625 0.521296296875 0.7505208328124999 0.522222221875 0.7505208328124999 0.5268518515625 0.7546875 0.534259259375 0.7578125 0.5425925921875
11 0.2552083328125 0.5203703703125 0.2588541671875 0.522222221875 0.2598958328125 0.521296296875 0.2604166671875 0.5148148140625 0.2588541671875 0.4953703703125 0.25625 0.49259259218749996 0.2515625 0.49259259218749996 0.25 0.497222221875 0.24895833281250002 0.5074074078125 0.2484375 0.5203703703125 0.2494791671875 0.522222221875 0.2515625 0.5231481484375 0.2552083328125 0.5203703703125
7 0.3411458328125 0.5518518515624999 0.3453125 0.54444444375 0.3463541671875 0.5379629625 0.3458333328125 0.527777778125 0.3447916671875 0.525 0.3411458328125 0.522222221875 0.3369791671875 0.5231481484375 0.3348958328125 0.5268518515625 0.334375 0.540740740625 0.33541666718749996 0.5481481484375 0.3375 0.5518518515624999 0.3411458328125 0.5518518515624999
7 0.3057291671875 0.590740740625 0.3098958328125 0.597222221875 0.31197916718749996 0.597222221875 0.3140625 0.5944444437499999 0.315625 0.5870370375 0.31979166718749996 0.5796296296875 0.3192708328125 0.5574074078125 0.3171875 0.5518518515624999 0.3161458328125 0.54351851875 0.3135416671875 0.5398148140625 0.3098958328125 0.540740740625 0.3026041671875 0.55648148125 0.2994791671875 0.571296296875 0.3 0.58055555625 0.303125 0.5916666671875 0.3057291671875 0.590740740625
2 0.7677083328125 0.5722222218749999 0.7713541671875 0.565740740625 0.7744791671875 0.5648148140625 0.7822916671875 0.55648148125 0.7885416671875001 0.5527777781250001 0.79375 0.5518518515624999 0.8041666671875 0.54351851875 0.8046875 0.534259259375 0.8020833328125001 0.5268518515625 0.7984375 0.522222221875 0.7932291671875 0.5203703703125 0.7744791671875 0.5203703703125 0.7703125 0.525 0.76875 0.5305555562500001 0.7661458328124999 0.5481481484375 0.7651041671875001 0.55648148125 0.7651041671875001 0.565740740625 0.7661458328124999 0.571296296875 0.7677083328125 0.5722222218749999
1 0.8463541671874999 0.5240740734375 0.8479166671874999 0.5259259265625 0.8598958328125 0.5268518515625 0.8666666671875 0.5259259265625 0.86875 0.5240740734375 0.8848958328125001 0.5240740734375 0.8869791671874999 0.5259259265625 0.8979166671875 0.5259259265625 0.9005208328125001 0.5231481484375 0.9088541671874999 0.5231481484375 0.9109375 0.525 0.915625 0.5240740734375 0.9192708328125001 0.527777778125 0.9234375 0.527777778125 0.928125 0.5268518515625 0.9338541671874999 0.522222221875 0.9380208328125 0.522222221875 0.9416666671874999 0.5268518515625 0.9447916671875 0.5268518515625 0.9463541671875 0.525 0.9557291671874999 0.5259259265625 0.9578125 0.5240740734375 0.9677083328125 0.525 0.9708333328125001 0.527777778125 0.9744791671874999 0.5287037031249999 0.978125 0.5324074078125001 0.9880208328125001 0.534259259375 0.990625 0.5314814812499999 0.9947916671874999 0.5129629625 0.9942708328125001 0.4675925921875 0.9932291671875 0.4611111109375 0.9901041671874999 0.45555555625000005 0.9864583328125001 0.45277777812500003 0.9760416671875 0.45 0.9630208328125001 0.44907407343749994 0.959375 0.447222221875 0.9432291671874999 0.44629629687500005 0.9369791671875 0.44629629687500005 0.9203125 0.45370370312499997 0.9072916671875 0.45555555625000005 0.9036458328125001 0.4574074078125 0.8786458328125001 0.459259259375 0.8489583328125001 0.46481481406249997 0.84375 0.4675925921875 0.840625 0.47592592656250005 0.8395833328125001 0.48333333281249996 0.8389880953125 0.502910053125 0.8395833328125001 0.50648148125 0.8388392859374999 0.5078042328125 0.839409721875 0.511419753125 0.8386904765625 0.5126984125 0.8395833328125001 0.5138888890625 0.8385416671874999 0.51851851875 0.840625 0.5240740734375 0.8463541671874999 0.5240740734375
1 0.771875 0.51944444375 0.784375 0.5175925921875 0.7994791671875 0.521296296875 0.8057291671875 0.5324074078125001 0.8083333328125001 0.534259259375 0.8265625 0.534259259375 0.8296875 0.5324074078125001 0.8359375 0.51851851875 0.8385416671874999 0.5046296296875 0.8401041671874999 0.48148148125 0.8338541671874999 0.47592592656250005 0.7890625 0.471296296875 0.7859375 0.471296296875 0.7828125 0.47592592656250005 0.7796875 0.4703703703125 0.7739583328124999 0.4703703703125 0.7703125 0.471296296875 0.7671875 0.47407407343749997 0.7635416671875 0.49629629687500004 0.7630208328125 0.5268518515625 0.7640625 0.5287037031249999 0.7666666671875 0.5296296296875 0.771875 0.51944444375
1 0 0.6648148140625 0.0036458328125000003 0.6666666671875 0.0098958328125 0.665740740625 0.013020832812499999 0.66851851875 0.0208333328125 0.6629629625 0.0244791671875 0.6574074078125001 0.0286458328125 0.6564814812499999 0.0328125 0.647222221875 0.0359375 0.64444444375 0.0479166671875 0.64351851875 0.056770832812500005 0.6453703703125 0.0661458328125 0.6416666671875 0.0770833328125 0.6416666671875 0.0822916671875 0.6398148140625 0.1010416671875 0.6398148140625 0.1057291671875 0.6416666671875 0.10833333281249999 0.6453703703125 0.1109375 0.6611111109375 0.1177083328125 0.671296296875 0.1458333328125 0.675 0.1458333328125 0.684259259375 0.1520833328125 0.6870370375 0.15625 0.6870370375 0.159375 0.6851851859375 0.1614583328125 0.68148148125 0.1671875 0.6620370375 0.1703125 0.6231481484375 0.175 0.6231481484375 0.17916666718750002 0.61944444375 0.1885416671875 0.6166666671875001 0.2010416671875 0.6166666671875001 0.2046875 0.6296296296875 0.20572916718749998 0.63055555625 0.209375 0.63148148125 0.215625 0.627777778125 0.2182291671875 0.6166666671875001 0.2192708328125 0.60648148125 0.22291666718749997 0.5870370375 0.225 0.58148148125 0.228125 0.578703703125 0.228125 0.5583333328125 0.22916666718749998 0.553703703125 0.22916666718749998 0.5425925921875 0.22760416718749998 0.534259259375 0.228125 0.5175925921875 0.2265625 0.4861111109375 0.225 0.4768518515625 0.225 0.4601851859375 0.22552083281250002 0.44629629687500005 0.22760416718749998 0.44166666718750003 0.22916666718749998 0.440740740625 0.2265625 0.41851851875 0.22760416718749998 0.415740740625 0.23125 0.4148148140625 0.23072916718749997 0.41203703750000004 0.2270833328125 0.41111111093749997 0.22552083281250002 0.4074074078125 0.22291666718749997 0.384259259375 0.2192708328125 0.3703703703125 0.21614583281250002 0.365740740625 0.2088541671875 0.35925925937500003 0.2010416671875 0.3481481484375 0.19583333281249998 0.3453703703125 0.1927083328125 0.3398148140625 0.18802083281249998 0.3361111109375 0.1817708328125 0.32685185156249996 0.1729166671875 0.31944444375000003 0.16875 0.3120370375 0.1651041671875 0.3101851859375 0.159375 0.3046296296875 0.15572916718750002 0.29814814843750004 0.15 0.29444444375 0.1447916671875 0.28611111093749997 0.14114583281249998 0.2833333328125 0.1385416671875 0.27870370312500004 0.1270833328125 0.2675925921875 0.1213541671875 0.25833333281250004 0.1140625 0.2509259265625 0.109375 0.24814814843750002 0.1067708328125 0.24259259218749998 0.103125 0.240740740625 0.090625 0.22407407343750002 0.0796875 0.2148148140625 0.0760416671875 0.209259259375 0.07083333281250001 0.20740740781250003 0.0671875 0.20277777812500003 0.05989583281250001 0.1990740734375 0.0557291671875 0.1990740734375 0.050520832812500006 0.196296296875 0.0322916671875 0.196296296875 0.025520832812499998 0.190740740625 0.0208333328125 0.1916666671875 0.01875 0.1898148140625 0.009375 0.1879629625 0.007291667187500001 0.1898148140625 0 0.1888888890625 0 0.6648148140625
14 0.290625 0.5611111109375 0.2942708328125 0.559259259375 0.29375 0.5527777781250001 0.2921875 0.5481481484375 0.2921875 0.5398148140625 0.2932291671875 0.5370370375 0.29739583281250004 0.5361111109375 0.2984375 0.534259259375 0.2984375 0.5296296296875 0.29635416718749996 0.525 0.2958333328125 0.5175925921875 0.3015625 0.50648148125 0.30416666718749996 0.4916666671875 0.3067708328125 0.4888888890625 0.3098958328125 0.4888888890625 0.3125 0.49444444374999996 0.3140625 0.50555555625 0.3182291671875 0.5111111109375 0.3203125 0.5175925921875 0.3203125 0.54351851875 0.3213541671875 0.5601851859375 0.3223958328125 0.5620370375 0.3260416671875 0.5611111109375 0.32864583281250004 0.5638888890625 0.3302083328125 0.5638888890625 0.3317708328125 0.5611111109375 0.3322916671875 0.5527777781250001 0.334375 0.5453703703125 0.334375 0.527777778125 0.3328125 0.5138888890625 0.3317708328125 0.48981481406249994 0.3296875 0.48055555625 0.3229166671875 0.477777778125 0.2953125 0.478703703125 0.2921875 0.48148148125 0.28958333281250004 0.4861111109375 0.2838541671875 0.502777778125 0.2828125 0.521296296875 0.2828125 0.5527777781250001 0.2838541671875 0.559259259375 0.290625 0.5611111109375
9 0.7317708328125 0.5925925921874999 0.7328125 0.5879629625 0.7333333328125 0.5694444437499999 0.7354166671875 0.5601851859375 0.734375 0.5379629625 0.7328125 0.5259259265625 0.7302083328125 0.5175925921875 0.7265625 0.5166666671875 0.7244791671875 0.51944444375 0.721875 0.5305555562500001 0.7213541671875 0.55 0.7239583328125 0.5796296296875 0.728125 0.5916666671875 0.7317708328125 0.5925925921874999
9 0.5182291671875 0.54351851875 0.5171875 0.5601851859375 0.5223958328125 0.575 0.5234375 0.5879629625 0.5239583328124999 0.5898148140624999 0.5255208328125 0.5898148140624999 0.5286458328125 0.58148148125 0.5286458328125 0.5768518515625 0.5265625 0.5666666671875 0.5265625 0.5555555562500001 0.5276041671875 0.5453703703125 0.5302083328125 0.5333333328125 0.5307291671875001 0.5129629625 0.5276041671875 0.5018518515625 0.5260416671875 0.4990740734375 0.5239583328124999 0.4990740734375 0.521875 0.5018518515625 0.5192708328125 0.5259259265625 0.5166666671875 0.5370370375 0.5166666671875 0.5398148140625 0.5182291671875 0.54351851875
9 0.46979166718750004 0.5666666671875 0.4713541671875 0.5666666671875 0.4739583328125 0.577777778125 0.47760416718750004 0.5796296296875 0.4796875 0.5361111109375 0.4838541671875 0.5314814812499999 0.4838541671875 0.527777778125 0.48020833281249997 0.522222221875 0.4770833328125 0.5101851859375001 0.4770833328125 0.5 0.47447916718750005 0.49444444374999996 0.46979166718750004 0.49444444374999996 0.46875 0.497222221875 0.4661458328125 0.5314814812499999 0.4661458328125 0.546296296875 0.4635416671875 0.559259259375 0.4635416671875 0.575 0.4661458328125 0.5768518515625 0.4682291671875 0.5694444437499999 0.46979166718750004 0.5666666671875
9 0.29739583281250004 0.5388888890625 0.29375 0.5388888890625 0.2921875 0.5425925921875 0.2921875 0.546296296875 0.2942708328125 0.5611111109375 0.2953125 0.5638888890625 0.2979166671875 0.565740740625 0.3 0.5629629625 0.3020833328125 0.553703703125 0.3057291671875 0.5490740734374999 0.3098958328125 0.5398148140625 0.3145833328125 0.5388888890625 0.3177083328125 0.5425925921875 0.3182291671875 0.5416666671875 0.32083333281250004 0.5240740734375 0.3192708328125 0.5138888890625 0.31302083281250004 0.5046296296875 0.3125 0.49444444374999996 0.3104166671875 0.48981481406249994 0.3057291671875 0.48981481406249994 0.30416666718749996 0.4916666671875 0.3026041671875 0.5046296296875 0.29375 0.521296296875 0.29375 0.5268518515625 0.296875 0.5314814812499999 0.2979166671875 0.5361111109375 0.29739583281250004 0.5388888890625
9 0.3411458328125 0.527777778125 0.34322916718749996 0.527777778125 0.3447916671875 0.5296296296875 0.3458333328125 0.5268518515625 0.3458333328125 0.515740740625 0.3421875 0.5 0.3411458328125 0.4981481484375 0.33645833281250004 0.5 0.3348958328125 0.5018518515625 0.3338541671875 0.50648148125 0.3333333328125 0.5166666671875 0.3348958328125 0.5305555562500001 0.3375 0.5314814812499999 0.3411458328125 0.527777778125
2 0.7177083328125 0.5398148140625 0.7177083328125 0.54444444375 0.7197916671875 0.54444444375 0.7208333328125 0.5495370375 0.7184895828125 0.55 0.7192708328124999 0.5555555562500001 0.7208333328125 0.5574074078125 0.721875 0.5546296296875 0.7338541671875001 0.5449074078125 0.7354166671875 0.559259259375 0.7369791671875 0.5611111109375 0.7557291671875 0.5638888890625 0.7578125 0.5583333328125 0.7583333328124999 0.54351851875 0.7572916671875001 0.5379629625 0.753125 0.5305555562500001 0.7494791671875001 0.521296296875 0.7447916671875 0.51851851875 0.7364583328125 0.5175925921875 0.7338541671875001 0.51970899375 0.7322916671875 0.5175925921875 0.73125 0.521825396875 0.7234375 0.528174603125 0.721875 0.5314814812499999 0.7197916671875 0.5296296296875 0.7182291671875001 0.5324074078125001 0.7177083328125 0.534259259375 0.7197916671875 0.5356481484375 0.71875 0.5393518515625 0.7177083328125 0.5398148140625