11 0.2260416671875 0.5009259265625 0.228125 0.4990740734375 0.23072916718749997 0.5009259265625 0.23854166718749997 0.5009259265625 0.2442708328125 0.5 0.246875 0.4981481484375 0.2479166671875 0.49629629687500004 0.2479166671875 0.4879629625 0.246875 0.48425925937500003 0.246875 0.46851851875 0.2427083328125 0.4509259265625 0.23958333281250002 0.447222221875 0.22916666718749998 0.44351851875000003 0.2208333328125 0.44259259218749997 0.2192708328125 0.44444444375 0.2192708328125 0.4888888890625 0.2208333328125 0.4981481484375 0.22291666718749997 0.5009259265625 0.2260416671875 0.5009259265625
11 0.35 0.4731481484375 0.3536458328125 0.47407407343749997 0.3583333328125 0.471296296875 0.3661458328125 0.47222222187499996 0.3697916671875 0.47407407343749997 0.375 0.46851851875 0.3760416671875 0.46388888906250003 0.3760416671875 0.4388888890625 0.37552083281250004 0.43240740781250003 0.3734375 0.427777778125 0.3552083328125 0.4268518515625 0.3526041671875 0.42870370312499995 0.35 0.434259259375 0.3494791671875 0.447222221875 0.3484375 0.45185185156249996 0.3484375 0.46481481406249997 0.35 0.4731481484375
11 0.39375 0.46388888906250003 0.39375 0.440740740625 0.3932291671875 0.434259259375 0.3916666671875 0.42870370312499995 0.3890625 0.42592592656250006 0.38333333281250004 0.42592592656250006 0.3802083328125 0.427777778125 0.378125 0.43240740781250003 0.378125 0.46296296249999996 0.38333333281250004 0.4675925921875 0.3921875 0.46666666718750005 0.39375 0.46388888906250003
11 0.5130208328125 0.44907407343749994 0.5135416671875 0.44629629687500005 0.5114583328125 0.4296296296875 0.509375 0.4240740734375 0.5020833328125 0.42314814843750004 0.4994791671875 0.4240740734375 0.4973958328125 0.4268518515625 0.49635416718750003 0.434259259375 0.49635416718750003 0.4481481484375 0.4973958328125 0.45 0.5130208328125 0.44907407343749994
11 0.5197916671875 0.44907407343749994 0.5208333328125 0.447222221875 0.521875 0.4370370375 0.525 0.43333333281249997 0.525 0.42592592656250006 0.5234375 0.4240740734375 0.5145833328125 0.425 0.5135416671875 0.4268518515625 0.5140625 0.447222221875 0.5166666671875 0.45 0.5197916671875 0.44907407343749994
11 0.590625 0.4703703703125 0.59149305625 0.47222222187499996 0.5916666671875 0.48518518593750004 0.5932291671875001 0.49629629687500004 0.5947916671875 0.4990740734375 0.6005208328125 0.5018518515625 0.6041666671875 0.5018518515625 0.6072916671875 0.4981481484375 0.6114583328125 0.4981481484375 0.6145833328125 0.502777778125 0.6161458328125 0.4981481484375 0.6161458328125 0.4675925921875 0.6171875 0.45648148125 0.6166666671875001 0.44629629687500005 0.615625 0.44259259218749997 0.6130208328125 0.4388888890625 0.6052083328125 0.4370370375 0.5973958328125 0.4370370375 0.5921875 0.440740740625 0.5912499999999999 0.45851851874999994 0.5921875 0.46296296249999996 0.5909375 0.46351851875000005 0.590625 0.4703703703125
9 0.30416666718749996 0.4990740734375 0.30671875000000004 0.500277778125 0.30416666718749996 0.50648148125 0.3088541671875 0.522222221875 0.3088541671875 0.5240740734375 0.30625 0.527777778125 0.30520833281250004 0.5314814812499999 0.3057291671875 0.5388888890625 0.3104166671875 0.5398148140625 0.3114583328125 0.5379629625 0.3114583328125 0.5296296296875 0.313244046875 0.5261904765625001 0.3302083328125 0.5333333328125 0.3307291671875 0.5351851859375001 0.3333333328125 0.5370370375 0.3348958328125 0.5333333328125 0.33541666718749996 0.51944444375 0.33255208281250004 0.515277778125 0.33255208281250004 0.50601851875 0.3359375 0.503703703125 0.3359375 0.4916666671875 0.3333333328125 0.4879629625 0.3333333328125 0.48055555625 0.3375 0.4768518515625 0.3380208328125 0.47407407343749997 0.334375 0.4574074078125 0.3296875 0.44907407343749994 0.3322916671875 0.44166666718750003 0.3328125 0.434259259375 0.3317708328125 0.42870370312499995 0.32760416718749996 0.4240740734375 0.321875 0.4240740734375 0.3171875 0.42592592656250006 0.315625 0.43333333281249997 0.315625 0.44351851875000003 0.3072916671875 0.4574074078125 0.30625 0.4611111109375 0.30625 0.46388888906250003 0.309375 0.47407407343749997 0.309375 0.477777778125 0.30416666718749996 0.4990740734375
7 0.315625 0.5601851859375 0.3171875 0.5629629625 0.31875 0.5629629625 0.325 0.5527777781250001 0.3296875 0.5398148140625 0.32864583281250004 0.5259259265625 0.32864583281250004 0.509259259375 0.3265625 0.5009259265625 0.3244791671875 0.4990740734375 0.3135416671875 0.4981481484375 0.3109375 0.5009259265625 0.3098958328125 0.5101851859375001 0.3098958328125 0.521296296875 0.31197916718749996 0.5398148140625 0.315625 0.5601851859375
7 0.5651041671875 0.5175925921875 0.5645833328125 0.525 0.5635416671875 0.527777778125 0.5583333328125 0.5296296296875 0.5572916671875 0.5324074078125001 0.5588541671875 0.5388888890625 0.5625 0.54444444375 0.5645833328125 0.55648148125 0.56875 0.5574074078125 0.571875 0.5527777781250001 0.5734375 0.5527777781250001 0.5776041671875001 0.5620370375 0.5802083328125 0.5629629625 0.5822916671875 0.5583333328125 0.584375 0.546296296875 0.5869791671875 0.5166666671875 0.5869791671875 0.49490740781250003 0.5875 0.48703703750000005 0.5885416671875 0.48425925937500003 0.5885416671875 0.478703703125 0.5864583328124999 0.4731481484375 0.5807291671875 0.46851851875 0.571875 0.46851851875 0.5682291671875 0.475 0.5692708328125 0.4888888890625 0.5677083328125 0.4953703703125 0.5671875 0.5083333328124999 0.5651041671875 0.5175925921875
7 0.5255208328125 0.5259259265625 0.5291666671875 0.5333333328125 0.5307291671875001 0.5324074078125001 0.5322916671875 0.527777778125 0.5364583328125 0.5046296296875 0.5369791671875 0.49351851875 0.5385416671875001 0.48425925937500003 0.5380208328125 0.478703703125 0.5328125 0.46851851875 0.5270833328125 0.46944444374999994 0.525 0.471296296875 0.5223958328125 0.48055555625 0.5223958328125 0.49259259218749996 0.5197916671875 0.5018518515625 0.51875 0.5175925921875 0.5213541671875 0.5268518515625 0.521875 0.527777778125 0.5255208328125 0.5259259265625
7 0.40729166718750004 0.4583333328125 0.40625 0.4509259265625 0.4015625 0.4509259265625 0.4010416671875 0.4620370375 0.40260416718750003 0.46388888906250003 0.40625 0.46296296249999996 0.40729166718750004 0.4583333328125
7 0.4770833328125 0.4509259265625 0.4770833328125 0.43055555625 0.47552083281249996 0.427777778125 0.4739583328125 0.427777778125 0.4703125 0.43333333281249997 0.46979166718750004 0.4509259265625 0.471875 0.45370370312499997 0.47552083281249996 0.45370370312499997 0.4770833328125 0.4509259265625
9 0.5151041671875001 0.4768518515625 0.51436011875 0.4798941796875 0.5157986109375 0.4811728390625 0.5161458328124999 0.48425925937500003 0.5146577375 0.4847883609375 0.5149553578125 0.4896825390625 0.5161458328124999 0.48981481406249994 0.5152529765625 0.49457671875000003 0.5161458328124999 0.509259259375 0.5177083328125 0.5129629625 0.5192708328125 0.5083333328124999 0.5186921296875 0.503806584375 0.521875 0.49444444374999996 0.5229166671875001 0.4796296296875 0.5239583328124999 0.475 0.5255208328125 0.47222222187499996 0.5276041671875 0.471296296875 0.534375 0.47222222187499996 0.5359375 0.46851851875 0.5359375 0.4611111109375 0.5338541671875 0.45185185156249996 0.5302083328125 0.44444444375 0.5291666671875 0.43981481406249995 0.5255208328125 0.43518518593750005 0.521875 0.43981481406249995 0.5203125 0.4509259265625 0.515625 0.4601851859375 0.5140625 0.4675925921875 0.514641203125 0.4721193421875 0.5140625 0.475 0.5151041671875001 0.4768518515625
2 0.5484375 0.50555555625 0.5541666671875001 0.5101851859375001 0.5557291671875 0.509259259375 0.559375 0.48518518593750004 0.5598958328125 0.4675925921875 0.5669270828124999 0.45717592656250006 0.5869791671875 0.48981481406249994 0.5869791671875 0.4981481484375 0.5885416671875 0.5101851859375001 0.5895833328125 0.5129629625 0.5916666671875 0.5120370375000001 0.5913773140624999 0.48734567812499996 0.5890625 0.48518518593750004 0.5878125 0.4853703703125 0.5886458328125 0.4809259265625 0.59131944375 0.4824074078125 0.5912615734375 0.47746913593749996 0.5894791671874999 0.47648148125 0.5912037031249999 0.4725308640625 0.5903125 0.4720370375 0.5911458328125 0.4675925921875 0.570590278125 0.4562345671875 0.5692708328125 0.45370370312499997 0.5692708328125 0.44351851875000003 0.5682291671875 0.44166666718750003 0.559375 0.44166666718750003 0.5541666671875001 0.44351851875000003 0.5526041671875 0.44629629687500005 0.55 0.4574074078125 0.546875 0.46296296249999996 0.546875 0.5 0.5484375 0.50555555625
2 0.41875 0.46666666718750005 0.42395833281249995 0.46851851875 0.42760416718750005 0.465740740625 0.43125 0.4703703703125 0.4348958328125 0.46666666718750005 0.43854166718750004 0.46851851875 0.44166666718750003 0.46851851875 0.4427083328125 0.46666666718750005 0.44322916718750005 0.4481481484375 0.4401041671875 0.434259259375 0.4369791671875 0.43055555625 0.41614583281249995 0.4296296296875 0.41302083281249996 0.43333333281249997 0.4114583328125 0.44259259218749997 0.41041666718750003 0.46481481406249997 0.4114583328125 0.4703703703125 0.4125 0.471296296875 0.41875 0.46666666718750005
11 0.2703125 0.477777778125 0.2723958328125 0.48981481406249994 0.2755208328125 0.4916666671875 0.2796875 0.48425925937500003 0.2833333328125 0.48518518593750004 0.2875 0.4824074078125 0.28854166718749996 0.4768518515625 0.28854166718749996 0.46944444374999994 0.2859375 0.4620370375 0.2854166671875 0.4546296296875 0.2864583328125 0.440740740625 0.2838541671875 0.4379629625 0.2671875 0.4379629625 0.26614583281250004 0.43981481406249995 0.26614583281250004 0.44259259218749997 0.2697916671875 0.45555555625000005 0.2703125 0.477777778125
9 0.5322916671875 0.4509259265625 0.5364583328125 0.45277777812500003 0.5375 0.45 0.5364583328125 0.44166666718750003 0.5338541671875 0.434259259375 0.5317708328124999 0.43240740781250003 0.5296875 0.434259259375 0.5296875 0.44166666718750003 0.5307291671875001 0.447222221875 0.5322916671875 0.4509259265625
9 0.5572916671875 0.4990740734375 0.5572916671875 0.5111111109375 0.5588541671875 0.527777778125 0.5609375 0.5305555562500001 0.5635416671875 0.5305555562500001 0.5645833328125 0.527777778125 0.5651041671875 0.5175925921875 0.5666666671875 0.509259259375 0.5661458328125 0.4953703703125 0.5692708328125 0.490740740625 0.5703125 0.4861111109375 0.5708333328124999 0.48148148125 0.5697916671875001 0.47592592656250005 0.5713541671875 0.471296296875 0.5723958328125 0.46944444374999994 0.5760416671875 0.46944444374999994 0.5802083328125 0.471296296875 0.5828125 0.47407407343749997 0.5848958328125 0.47407407343749997 0.5859375 0.47222222187499996 0.5859375 0.46666666718750005 0.5817708328125 0.4546296296875 0.5817708328125 0.44259259218749997 0.5807291671875 0.4379629625 0.5786458328124999 0.43518518593750005 0.5744791671875 0.43518518593750005 0.5723958328125 0.4370370375 0.5703125 0.44166666718750003 0.56875 0.4546296296875 0.5640625 0.4601851859375 0.5598958328125 0.4675925921875 0.5640625 0.48734567812499996 0.5627604171875 0.4921296296875 0.559375 0.4888888890625 0.5572916671875 0.4990740734375
9 0.2916666671875 0.48518518593750004 0.29375 0.49629629687500004 0.2953125 0.4990740734375 0.2989583328125 0.490740740625 0.2989583328125 0.4675925921875 0.3015625 0.4574074078125 0.3015625 0.45185185156249996 0.2994791671875 0.4379629625 0.2958333328125 0.42592592656250006 0.29375 0.42592592656250006 0.2875 0.44259259218749997 0.2869791671875 0.459259259375 0.2875 0.4620370375 0.290625 0.4675925921875 0.2916666671875 0.48518518593750004
9 0.3135416671875 0.44907407343749994 0.3145833328125 0.44351851875000003 0.3140625 0.4361111109375 0.3109375 0.4268518515625 0.3083333328125 0.42870370312499995 0.3057291671875 0.4453703703125 0.30520833281250004 0.4611111109375 0.3057291671875 0.46296296249999996 0.3072916671875 0.46296296249999996 0.3135416671875 0.44907407343749994
9 0.2604166671875 0.49629629687500004 0.265625 0.4953703703125 0.2682291671875 0.490740740625 0.2677083328125 0.46944444374999994 0.26875 0.45555555625000005 0.2666666671875 0.4481481484375 0.2619791671875 0.440740740625 0.2598958328125 0.440740740625 0.2557291671875 0.44907407343749994 0.2552083328125 0.459259259375 0.2578125 0.46944444374999994 0.2588541671875 0.49444444374999996 0.2604166671875 0.49629629687500004
1 0.5739583328125 0.43518518593750005 0.5776041671875001 0.434259259375 0.58125 0.4361111109375 0.5838541671875 0.44166666718750003 0.5848958328125 0.44166666718750003 0.5875 0.4379629625 0.5911458328125 0.4379629625 0.5927083328125 0.4361111109375 0.6 0.434259259375 0.6010416671875001 0.43240740781250003 0.6020833328124999 0.425 0.6020833328124999 0.41203703750000004 0.5994791671875 0.4074074078125 0.5875 0.40648148125 0.5822916671875 0.4046296296875 0.5703125 0.4046296296875 0.565625 0.4074074078125 0.5614583328125 0.4240740734375 0.5604166671875 0.43148148124999997 0.5609375 0.440740740625 0.5677083328125 0.440740740625 0.5739583328125 0.43518518593750005
1 0.6229166671875 0.509259259375 0.6265625 0.5148148140625 0.6307291671875 0.5166666671875 0.6390625 0.5240740734375 0.6427083328125 0.5296296296875 0.653125 0.5351851859375001 0.6557291671875001 0.5425925921875 0.65625 0.5518518515624999 0.6578125 0.5583333328125 0.6666666671875 0.5740740734374999 0.6744791671875 0.5768518515625 0.6864583328125 0.5768518515625 0.690625 0.575 0.6921875 0.5740740734374999 0.6953125 0.56851851875 0.6973958328125 0.559259259375 0.6989583328125 0.55648148125 0.7041666671875 0.5527777781250001 0.7130208328125 0.553703703125 0.7151041671875 0.5555555562500001 0.7302083328125 0.55648148125 0.7322916671875 0.5574074078125 0.7364583328125 0.5666666671875 0.74375 0.5694444437499999 0.7552083328125 0.5694444437499999 0.7583333328124999 0.571296296875 0.7630208328125 0.571296296875 0.7697916671875 0.5666666671875 0.771875 0.5675925921875 0.7729166671875001 0.571296296875 0.7734375 0.58148148125 0.7755208328125 0.584259259375 0.7796875 0.584259259375 0.7822916671875 0.5879629625 0.7875 0.6083333328125 0.7921875 0.61851851875 0.7984375 0.6259259265625 0.8046875 0.628703703125 0.8119791671875 0.628703703125 0.8223958328125001 0.61944444375 0.8296875 0.603703703125 0.8338541671874999 0.5916666671875 0.8427083328125 0.5916666671875 0.8442708328125 0.5935185187500001 0.8473958328125001 0.5935185187500001 0.85 0.5916666671875 0.8583333328125 0.590740740625 0.865625 0.5953703703125 0.8984375 0.597222221875 0.9020833328125001 0.6009259265625 0.9083333328125001 0.6203703703125 0.9161458328125001 0.63148148125 0.9234375 0.6351851859375001 0.9354166671874999 0.6351851859375001 0.9432291671874999 0.63148148125 0.95 0.621296296875 0.9557291671874999 0.6018518515625 0.9567708328125001 0.5870370375 0.9578125 0.5851851859375 0.9635416671874999 0.5833333328125 0.9755208328125 0.5833333328125 0.9828125 0.58148148125 0.9859375 0.578703703125 0.9901041671874999 0.577777778125 0.9921875 0.5731481484375001 0.9921875 0.55 0.9880208328125001 0.54444444375 0.9864583328125001 0.5388888890625 0.9854166671875 0.5120370375000001 0.9869791671874999 0.4675925921875 0.9895833328125001 0.44351851875000003 0.9890625 0.425 0.990625 0.4018518515625 0.9890625 0.32592592656249997 0.9895833328125001 0.3083333328125 0.990625 0.303703703125 0.9901041671874999 0.28796296250000003 0.9890625 0.2833333328125 0.9869791671874999 0.2796296296875 0.9796875 0.271296296875 0.9671875 0.2648148140625 0.946875 0.25740740781250004 0.9395833328125001 0.25648148125 0.9338541671874999 0.253703703125 0.9140625 0.2518518515625 0.8770833328125001 0.253703703125 0.8729166671874999 0.25555555625 0.8598958328125 0.25740740781250004 0.8260416671874999 0.271296296875 0.8223958328125001 0.271296296875 0.8182291671874999 0.275 0.8067708328125001 0.27777777812500004 0.7958333328125 0.2833333328125 0.7921875 0.2833333328125 0.7770833328125 0.2898148140625 0.765625 0.2925925921875 0.75625 0.29722222187499997 0.7473958328125 0.29907407343750003 0.7401041671875 0.303703703125 0.7369791671875 0.303703703125 0.7255208328125 0.309259259375 0.7114583328124999 0.3129629625 0.7083333328125 0.315740740625 0.6963541671875 0.31759259218749997 0.6822916671875 0.325 0.6729166671875 0.32685185156249996 0.6692708328125 0.3296296296875 0.6588541671875 0.33148148125 0.653125 0.334259259375 0.6494791671875 0.334259259375 0.6447916671875 0.3379629625 0.634375 0.3416666671875 0.6302083328125 0.3490740734375 0.6291666671875 0.352777778125 0.628125 0.3601851859375 0.6265625 0.3648148140625 0.6265625 0.384259259375 0.6234375 0.45 0.6229166671875 0.49259259218749996 0.621875 0.5 0.621875 0.50555555625 0.6229166671875 0.509259259375