9 0.1739583328125 0.4916666671875 0.1776041671875 0.4888888890625 0.1796875 0.4824074078125 0.178125 0.4509259265625 0.1770833328125 0.44629629687500005 0.1744791671875 0.44351851875000003 0.1703125 0.4453703703125 0.16875 0.45 0.1661458328125 0.47407407343749997 0.1666666671875 0.48518518593750004 0.1682291671875 0.48981481406249994 0.1739583328125 0.4916666671875
11 0.159375 0.44166666718750003 0.1578125 0.4453703703125 0.15625 0.44444444375 0.15578125 0.4474074078125 0.156640625 0.45231481406249996 0.15674913125 0.4570216046875 0.1583333328125 0.4583333328125 0.1568576390625 0.4617283953125 0.1569661453125 0.46643518593750005 0.1572395828125 0.4674074078125 0.1583333328125 0.4675925921875 0.157074653125 0.471141975 0.1588541671875 0.47407407343749997 0.157183159375 0.475848765625 0.15796875 0.4774074078125 0.1572916671875 0.48055555625 0.1583333328125 0.4824074078125 0.1588541671875 0.4768518515625 0.1661458328125 0.4574074078125 0.1671875 0.45277777812500003 0.17135416718750002 0.447222221875 0.1739583328125 0.44629629687500005 0.1765625 0.4509259265625 0.178125 0.4611111109375 0.178125 0.490740740625 0.17916666718750002 0.49259259218749996 0.1859375 0.49351851875 0.1973958328125 0.490740740625 0.1989583328125 0.4888888890625 0.196875 0.44166666718750003 0.1942708328125 0.434259259375 0.1817708328125 0.427777778125 0.17135416718750002 0.42592592656250006 0.1661458328125 0.42592592656250006 0.1640625 0.427777778125 0.16388888906250001 0.4327160484375 0.161284721875 0.42808641875 0.1598958328125 0.43148148124999997 0.1583333328125 0.427777778125 0.15572916718750002 0.42870370312499995 0.1546875 0.43240740781250003 0.1546875 0.4370370375 0.15963541718750002 0.4365740734375 0.159375 0.44166666718750003
9 0.2114583328125 0.48425925937500003 0.2125 0.48703703750000005 0.2192708328125 0.4861111109375 0.2208333328125 0.48333333281249996 0.21979166718749998 0.471296296875 0.21979166718749998 0.4361111109375 0.2166666671875 0.43055555625 0.21510416718749997 0.425 0.2130208328125 0.42222222187499997 0.2078125 0.43333333281249997 0.20729166718749997 0.44259259218749997 0.20989583281250002 0.4481481484375 0.2114583328125 0.459259259375 0.2114583328125 0.48425925937500003
9 0.2185416671875 0.4468518515625 0.21781250000000002 0.4503703703125 0.2192708328125 0.45185185156249996 0.21817708281249998 0.45537037031249994 0.2203125 0.48425925937500003 0.2244791671875 0.4861111109375 0.2270833328125 0.48333333281249996 0.2270833328125 0.4731481484375 0.22552083281250002 0.46481481406249997 0.22135416718749998 0.45617283906250006 0.225 0.4453703703125 0.21979166718749998 0.4240740734375 0.2171875 0.41944444374999995 0.21614583281250002 0.41944444374999995 0.215625 0.4268518515625 0.21781250000000002 0.4418518515625 0.21744791718749998 0.4453703703125 0.2185416671875 0.4468518515625
9 0.721875 0.48055555625 0.7217447921875 0.4848148140625 0.718359375 0.4918518515625 0.71875 0.49351851875 0.7171875 0.49351851875 0.7166666671875 0.4953703703125 0.71875 0.4981481484375 0.7166666671875 0.502777778125 0.7171875 0.503703703125 0.71953125 0.5 0.7197916671875 0.497222221875 0.7239583328125 0.4953703703125 0.7265625 0.5009259265625 0.7270833328124999 0.509259259375 0.721875 0.515740740625 0.7192708328124999 0.559259259375 0.7213541671875 0.5648148140625 0.7223958328125 0.578703703125 0.7234375 0.58055555625 0.728125 0.58148148125 0.7322916671875 0.5731481484375001 0.7317708328125 0.559259259375 0.7328125 0.5555555562500001 0.7380208328125 0.546296296875 0.7369791671875 0.5074074078125 0.7390625 0.47407407343749997 0.7416666671875001 0.4620370375 0.7453125 0.45555555625000005 0.7463541671875 0.45 0.75 0.44351851875000003 0.7451388890625 0.43487654375 0.7505208328124999 0.425 0.7515625 0.4203703703125 0.7541666671875 0.415740740625 0.7578125 0.4129629625 0.7578125 0.41111111093749997 0.7557291671875 0.4074074078125 0.7505208328124999 0.4074074078125 0.7442708328125 0.4138888890625 0.7432291671875 0.4203703703125 0.74038194375 0.42839506250000003 0.740625 0.43240740781250003 0.7389583328125 0.43240740781250003 0.7346874999999999 0.44444444375 0.7356770828125 0.446759259375 0.7332638890625 0.44845678906249997 0.731840278125 0.4524691359375 0.7328125 0.45555555625000005 0.73125 0.4574074078125 0.7304166671875 0.45648148125 0.7307291671875 0.4583333328125 0.7270833328124999 0.4620370375 0.7229166671875 0.47222222187499996 0.7223958328125 0.475 0.7232986109375 0.4765432109375 0.7234375 0.481296296875 0.721875 0.48055555625
11 0.1953125 0.43981481406249995 0.19583333281249998 0.44907407343749994 0.1973958328125 0.45370370312499997 0.1973958328125 0.47222222187499996 0.1984375 0.478703703125 0.2010416671875 0.4861111109375 0.2036458328125 0.48333333281249996 0.2088541671875 0.4861111109375 0.20989583281250002 0.48518518593750004 0.2109375 0.4796296296875 0.2109375 0.4601851859375 0.209375 0.45 0.20729166718749997 0.4453703703125 0.20677083281250003 0.44166666718750003 0.20677083281250003 0.427777778125 0.20052083281250002 0.42222222187499997 0.19375 0.42314814843750004 0.1875 0.42592592656250006 0.1875 0.42870370312499995 0.1916666671875 0.43240740781250003 0.1953125 0.43981481406249995
11 0.6203125 0.440740740625 0.6244791671875001 0.4481481484375 0.6276041671875 0.459490740625 0.6265625 0.46296296249999996 0.6276041671875 0.46944444374999994 0.6302083328125 0.4824074078125 0.63125 0.4824074078125 0.6322916671875001 0.47407407343749997 0.6307291671875 0.4692129625 0.6328125 0.46296296249999996 0.6348958328125 0.43981481406249995 0.6348958328125 0.43240740781250003 0.6317708328125 0.425 0.6302083328125 0.42222222187499997 0.6234375 0.41851851875 0.6125 0.4166666671875 0.6041666671875 0.41851851875 0.6015625 0.42129629687500003 0.6010416671875001 0.4268518515625 0.6020833328124999 0.42870370312499995 0.6130208328125 0.43148148124999997 0.6203125 0.440740740625
14 0.6520833328125 0.4509259265625 0.65 0.45277777812500003 0.6510416671875 0.45370370312499997 0.65 0.4574074078125 0.6536458328125 0.45 0.6604166671875 0.45 0.6666666671875 0.44629629687500005 0.671875 0.4453703703125 0.6864583328125 0.43240740781250003 0.6890625 0.4268518515625 0.6880208328124999 0.42129629687500003 0.6859375 0.4175925921875 0.6791666671875001 0.4148148140625 0.6661458328125 0.4166666671875 0.6645833328124999 0.4175925921875 0.6614583328125 0.42314814843750004 0.6557291671875001 0.43518518593750005 0.6526041671875 0.44444444375 0.65 0.447222221875 0.6520833328125 0.4509259265625
2 0.4036458328125 0.4481481484375 0.40729166718750004 0.45185185156249996 0.41197916718750005 0.447222221875 0.41770833281249997 0.45185185156249996 0.4203125 0.45185185156249996 0.42291666718750004 0.4481481484375 0.4265625 0.4509259265625 0.42864583281249996 0.44907407343749994 0.428125 0.43148148124999997 0.425 0.42592592656250006 0.42291666718750004 0.4138888890625 0.42083333281249996 0.41111111093749997 0.4036458328125 0.41111111093749997 0.39895833281250004 0.41851851875 0.39791666718749996 0.4268518515625 0.3973958328125 0.44907407343749994 0.39895833281250004 0.45277777812500003 0.4015625 0.45185185156249996 0.4036458328125 0.4481481484375
2 0.565625 0.5083333328124999 0.5682291671875 0.5046296296875 0.5713541671875 0.5046296296875 0.5729166671875 0.5009259265625 0.5734375 0.4953703703125 0.5713541671875 0.4796296296875 0.5692708328125 0.475 0.5692708328125 0.465740740625 0.56875 0.46296296249999996 0.5703125 0.4601851859375 0.5911458328125 0.44259259218749997 0.5953125 0.45 0.5979166671875 0.4601851859375 0.6005208328125 0.4620370375 0.6036458328125 0.4703703703125 0.6072916671875 0.47592592656250005 0.6078125 0.4981481484375 0.6088541671875001 0.5083333328124999 0.6104166671875 0.5111111109375 0.61875 0.5111111109375 0.6223958328125 0.521296296875 0.6276041671875 0.521296296875 0.6296875 0.5129629625 0.6307291671875 0.48703703750000005 0.6260416671875 0.45370370312499997 0.6208333328125 0.44166666718750003 0.6125 0.43148148124999997 0.6041666671875 0.42870370312499995 0.5942708328124999 0.427777778125 0.5921875 0.4296296296875 0.59140625 0.4375 0.5895833328125 0.43518518593750005 0.5729166671875 0.4574074078125 0.5713541671875 0.4546296296875 0.5723958328125 0.44907407343749994 0.5739583328125 0.4453703703125 0.5786458328124999 0.440740740625 0.5786458328124999 0.43240740781250003 0.5776041671875001 0.42592592656250006 0.571875 0.42592592656250006 0.5677083328125 0.43240740781250003 0.565625 0.43981481406249995 0.5640625 0.45370370312499997 0.5614583328125 0.46296296249999996 0.5609375 0.46851851875 0.5625 0.471296296875 0.5604166671875 0.47407407343749997 0.5598958328125 0.49629629687500004 0.5609375 0.5046296296875 0.5635416671875 0.5083333328124999 0.565625 0.5083333328124999
2 0.653125 0.4768518515625 0.6578125 0.4768518515625 0.6609375 0.48148148125 0.6645833328124999 0.48425925937500003 0.6729166671875 0.48518518593750004 0.6744791671875 0.48425925937500003 0.6776041671875 0.478703703125 0.68125 0.4796296296875 0.6848958328125 0.477777778125 0.6869791671875001 0.44166666718750003 0.6854166671875 0.4370370375 0.68125 0.4361111109375 0.6765625 0.44259259218749997 0.6729166671875 0.4453703703125 0.6651041671875 0.44629629687500005 0.6630208328125 0.4481481484375 0.6572916671875 0.44629629687500005 0.6510416671875 0.4546296296875 0.6494791671875 0.4601851859375 0.6494791671875 0.4703703703125 0.6510416671875 0.475 0.653125 0.4768518515625
11 0.2260416671875 0.46481481406249997 0.228125 0.4731481484375 0.2328125 0.4796296296875 0.2390625 0.4796296296875 0.24739583281250002 0.4768518515625 0.2484375 0.475 0.24895833281250002 0.46666666718750005 0.2479166671875 0.4574074078125 0.24375 0.44259259218749997 0.24375 0.4203703703125 0.2359375 0.42129629687500003 0.23020833281250003 0.41944444374999995 0.22239583281250003 0.42222222187499997 0.221875 0.42870370312499995 0.22291666718749997 0.4361111109375 0.2260416671875 0.44629629687500005 0.2260416671875 0.46481481406249997
11 0.3338541671875 0.4611111109375 0.3380208328125 0.4611111109375 0.3416666671875 0.45555555625000005 0.34375 0.44907407343749994 0.34375 0.4138888890625 0.3421875 0.409259259375 0.3390625 0.4074074078125 0.32760416718749996 0.4074074078125 0.325 0.41111111093749997 0.3244791671875 0.42870370312499995 0.3296875 0.44259259218749997 0.3317708328125 0.459259259375 0.3338541671875 0.4611111109375
11 0.3640625 0.447222221875 0.3640625 0.42870370312499995 0.3630208328125 0.4175925921875 0.3609375 0.409259259375 0.3583333328125 0.40648148125 0.35 0.40648148125 0.3484375 0.4074074078125 0.3463541671875 0.41203703750000004 0.3458333328125 0.4481481484375 0.35 0.45277777812500003 0.3625 0.4509259265625 0.3640625 0.447222221875
11 0.5 0.415740740625 0.49791666718750005 0.40555555625000006 0.48802083281249997 0.40648148125 0.48784722187499996 0.4117283953125 0.48802083281249997 0.4296296296875 0.4973958328125 0.43055555625 0.4994791671875 0.42870370312499995 0.5 0.415740740625
11 0.4875 0.4268518515625 0.4875 0.4240740734375 0.48541666718750004 0.4046296296875 0.47239583281249997 0.4046296296875 0.47083333281249995 0.40648148125 0.4703125 0.409259259375 0.4703125 0.43240740781250003 0.48333333281249996 0.43333333281249997 0.4859375 0.43148148124999997 0.4875 0.4268518515625
11 0.6932291671875 0.51851851875 0.696875 0.51851851875 0.7020833328125 0.5111111109375 0.7088541671875 0.5101851859375001 0.7114583328124999 0.5083333328124999 0.7135416671875 0.5046296296875 0.7171875 0.4861111109375 0.7234375 0.46388888906250003 0.7302083328125 0.4546296296875 0.7322916671875 0.45 0.7328125 0.4453703703125 0.7317708328125 0.434259259375 0.7296875 0.43333333281249997 0.7223958328125 0.43148148124999997 0.7161458328125 0.43240740781250003 0.7130208328125 0.4296296296875 0.703125 0.42870370312499995 0.6963541671875 0.43055555625 0.6932291671875 0.42870370312499995 0.6885416671875 0.434259259375 0.6864583328125 0.45277777812500003 0.6859375 0.478703703125 0.6875 0.5018518515625 0.6901041671875 0.5138888890625 0.6932291671875 0.51851851875
7 0.5286458328125 0.434259259375 0.5291666671875 0.4240740734375 0.5286458328125 0.41944444374999995 0.5255208328125 0.4175925921875 0.5244791671875 0.42870370312499995 0.5255208328125 0.43518518593750005 0.5270833328125 0.43518518593750005 0.5286458328125 0.434259259375
9 0.2979166671875 0.46851851875 0.2953125 0.46944444374999994 0.296875 0.4888888890625 0.2994791671875 0.4953703703125 0.3010416671875 0.503703703125 0.3026041671875 0.50601851875 0.3005208328125 0.5120370375000001 0.2989583328125 0.5138888890625 0.2989583328125 0.522222221875 0.3010416671875 0.5240740734375 0.3026041671875 0.5240740734375 0.303125 0.522222221875 0.3046875 0.48981481406249994 0.306597221875 0.48148148125 0.3083333328125 0.48148148125 0.3088541671875 0.48388888906250005 0.3088541671875 0.48148148125 0.3114583328125 0.48148148125 0.3111111109375 0.486296296875 0.3116185890625 0.484116809375 0.31336805624999997 0.488703703125 0.317267628125 0.49437321875 0.31788194375 0.49351851875 0.3229166671875 0.5046296296875 0.3244791671875 0.5111111109375 0.325 0.51851851875 0.328125 0.51851851875 0.3291666671875 0.5166666671875 0.3291666671875 0.50555555625 0.3201388890625 0.49592592656249995 0.3223958328125 0.48981481406249994 0.321875 0.4861111109375 0.3260416671875 0.4879629625 0.3296875 0.4861111109375 0.3307291671875 0.477777778125 0.3302083328125 0.47222222187499996 0.3265625 0.46944444374999994 0.3265625 0.465740740625 0.3296875 0.4574074078125 0.3302083328125 0.447222221875 0.32760416718749996 0.4388888890625 0.325 0.43518518593750005 0.3239583328125 0.43148148124999997 0.3244791671875 0.4138888890625 0.3234375 0.409259259375 0.321875 0.40648148125 0.31875 0.4046296296875 0.3140625 0.4046296296875 0.3114583328125 0.40648148125 0.309375 0.41111111093749997 0.309375 0.4268518515625 0.3026041671875 0.43333333281249997 0.2994791671875 0.44166666718750003 0.2994791671875 0.45555555625000005 0.2984375 0.4601851859375 0.3003205125 0.4636039890625 0.2979166671875 0.46851851875
9 0.2723958328125 0.4731481484375 0.275 0.4703703703125 0.2760416671875 0.427777778125 0.2708333328125 0.41111111093749997 0.2682291671875 0.4138888890625 0.26614583281250004 0.4296296296875 0.265625 0.44444444375 0.2682291671875 0.46296296249999996 0.2703125 0.47222222187499996 0.2723958328125 0.4731481484375
9 0.2455729171875 0.43016975312500005 0.2442708328125 0.434259259375 0.2442708328125 0.4388888890625 0.24505208281250002 0.4391203703125 0.24583333281250003 0.44398148125 0.24479166718749998 0.4453703703125 0.2484375 0.4574074078125 0.2520833328125 0.4888888890625 0.2546875 0.4953703703125 0.25729166718749996 0.4953703703125 0.2598958328125 0.49351851875 0.2598958328125 0.4768518515625 0.25078125 0.4471450625 0.2598958328125 0.43981481406249995 0.2588541671875 0.42870370312499995 0.2578125 0.42129629687500003 0.2541666671875 0.4138888890625 0.2520833328125 0.403703703125 0.2510416671875 0.4018518515625 0.24895833281250002 0.4018518515625 0.2479166671875 0.4046296296875 0.24739583281250002 0.415740740625 0.2453125 0.4203703703125 0.2442708328125 0.42592592656250006 0.2455729171875 0.43016975312500005
9 0.5729166671875 0.5166666671875 0.573784721875 0.5265432109375 0.56875 0.5240740734375 0.56875 0.5259259265625 0.5723958328125 0.5287037031249999 0.5720486109375 0.5314814812499999 0.5739583328125 0.5333333328125 0.5736979171875001 0.5351851859375001 0.575 0.5370370375 0.5765625 0.5509259265625001 0.5802083328125 0.5546296296875 0.5817708328125 0.553703703125 0.5828125 0.55 0.5807291671875 0.547222221875 0.5791666671875 0.547222221875 0.5786458328124999 0.5425925921875 0.5807291671875 0.5388888890625 0.5828125 0.5287037031249999 0.5848958328125 0.5259259265625 0.584375 0.521296296875 0.5828125 0.5203703703125 0.58125 0.522222221875 0.5802083328125 0.51944444375 0.5802083328125 0.5148148140625 0.5838541671875 0.5046296296875 0.5875 0.502777778125 0.5869791671875 0.48148148125 0.5880208328125 0.4768518515625 0.5911458328125 0.46944444374999994 0.5973958328125 0.475 0.6 0.475 0.6015625 0.4703703703125 0.6010416671875001 0.46666666718750005 0.5979166671875 0.4620370375 0.596875 0.45185185156249996 0.590625 0.44166666718750003 0.5901041671875 0.42592592656250006 0.5875 0.41851851875 0.5833333328125 0.4175925921875 0.5817708328125 0.4203703703125 0.5796875 0.42592592656250006 0.5786458328124999 0.44166666718750003 0.5755208328125 0.44351851875000003 0.5713541671875 0.45185185156249996 0.5692708328125 0.46666666718750005 0.5697916671875001 0.47407407343749997 0.5734375 0.4861111109375 0.5744791671875 0.5046296296875 0.5729166671875 0.5166666671875
9 0.5130208328125 0.4148148140625 0.5104166671875 0.41203703750000004 0.5088541671875 0.4148148140625 0.5078125 0.4203703703125 0.5083333328124999 0.42314814843750004 0.5130208328125 0.425 0.5130208328125 0.4148148140625
9 0.7380208328125 0.559259259375 0.7375 0.58148148125 0.7354166671875 0.5898148140624999 0.734375 0.6074074078125 0.7364583328125 0.6129629624999999 0.7401041671875 0.6129629624999999 0.7427083328124999 0.6074074078125 0.7427083328124999 0.6 0.740625 0.5944444437499999 0.7421875 0.5888888890625 0.7416666671875001 0.577777778125 0.7453125 0.565740740625 0.7489583328125 0.5601851859375 0.7505208328124999 0.5518518515624999 0.7526041671875 0.546296296875 0.7520833328125 0.5370370375 0.7536458328125 0.5129629625 0.7552083328125 0.5046296296875 0.7552083328125 0.4981481484375 0.753125 0.48981481406249994 0.7536458328125 0.48333333281249996 0.7552083328125 0.478703703125 0.7609375 0.47222222187499996 0.7760416671875 0.47222222187499996 0.7776041671875 0.4703703703125 0.7776041671875 0.46666666718750005 0.7755208328125 0.4620370375 0.7697916671875 0.4574074078125 0.7682291671875 0.4546296296875 0.771875 0.44166666718750003 0.7723958328125 0.43333333281249997 0.7723958328125 0.4203703703125 0.7682291671875 0.4129629625 0.7614583328125 0.41111111093749997 0.7546875 0.4138888890625 0.7526041671875 0.4166666671875 0.75 0.4268518515625 0.7494791671875001 0.44444444375 0.7473958328125 0.4481481484375 0.7453125 0.4583333328125 0.7421875 0.46296296249999996 0.7390625 0.4731481484375 0.7375 0.5009259265625 0.7390625 0.5175925921875 0.7385416671875 0.5333333328125 0.7401041671875 0.553703703125 0.7380208328125 0.559259259375
14 0.6260416671875 0.41944444374999995 0.6302083328125 0.42314814843750004 0.634375 0.4296296296875 0.634375 0.45185185156249996 0.6354166671875 0.4546296296875 0.6380208328125 0.45555555625000005 0.6458333328125 0.45555555625000005 0.6520833328125 0.440740740625 0.6640625 0.41851851875 0.671875 0.4138888890625 0.6703125 0.4046296296875 0.6526041671875 0.4018518515625 0.6244791671875001 0.4018518515625 0.6182291671875 0.40555555625000006 0.6145833328125 0.41111111093749997 0.6135416671875 0.4129629625 0.6140625 0.4175925921875 0.6192708328125 0.41944444374999995 0.6260416671875 0.41944444374999995
1 0.5364583328125 0.43518518593750005 0.5395833328124999 0.43518518593750005 0.5432291671875 0.4388888890625 0.5640625 0.43981481406249995 0.5697916671875001 0.4268518515625 0.5708333328124999 0.41851851875 0.5708333328124999 0.39444444375 0.5703125 0.39074074062499997 0.5671875 0.38703703749999996 0.5447916671875 0.38240740781250004 0.534375 0.38333333281250004 0.5328125 0.384259259375 0.53125 0.3879629625 0.530034721875 0.4033950625 0.5296875 0.4296296296875 0.5302083328125 0.434259259375 0.5322916671875 0.4388888890625 0.5364583328125 0.43518518593750005
1 0.7895833328124999 0.478703703125 0.7958333328125 0.49259259218749996 0.7994791671875 0.4981481484375 0.8026041671874999 0.5009259265625 0.8067708328125001 0.5009259265625 0.809375 0.503703703125 0.809375 0.509259259375 0.8057291671875 0.5166666671875 0.8036458328125 0.527777778125 0.8036458328125 0.5379629625 0.8046875 0.5398148140625 0.8427083328125 0.559259259375 0.846875 0.5694444437499999 0.853125 0.575 0.8661458328125 0.578703703125 0.8822916671875 0.5796296296875 0.9046875 0.5833333328125 0.9057291671875 0.5851851859375 0.9057291671875 0.590740740625 0.903125 0.60648148125 0.9036458328125001 0.6138888890625 0.9078125 0.6175925921875 0.9114583328125001 0.6175925921875 0.91875 0.621296296875 0.9213541671875 0.6324074078125 0.9348958328125001 0.6629629625 0.9421875 0.66944444375 0.9598958328125 0.675 0.9708333328125001 0.6731481484375 0.9776041671875 0.6666666671875 0.984375 0.6546296296875 0.9911458328125 0.6259259265625 0.9932291671875 0.6203703703125 0.9947916671874999 0.61851851875 0.9994791671875 0.6175925921875 0.9979166671874999 0.6175925921875 0.9970939874999999 0.6156776093749999 0.8015092328125 0.45864898906249996 0.801086309375 0.45417989375 0.9974751984375001 0.1594885359375 0.9973958328125001 0.15648148125 0.9994791671875 0.15648148125 0.9848958328125 0.15277777812499999 0.9760416671875 0.15277777812499999 0.9661458328125001 0.15555555625 0.9598958328125 0.15925925937500002 0.9567708328125001 0.15925925937500002 0.9401041671874999 0.1666666671875 0.9296875 0.16944444375 0.9234375 0.17314814843749998 0.9151041671875 0.175 0.9078125 0.17962962968750001 0.8958333328125001 0.18148148125000002 0.8765625 0.1888888890625 0.8682291671875 0.19444444375 0.8598958328125 0.196296296875 0.85 0.20277777812500003 0.8411458328125001 0.2046296296875 0.8380208328125001 0.20740740781250003 0.8364583328125 0.2101851859375 0.8359375 0.2296296296875 0.8369791671875 0.23333333281250002 0.840625 0.2379629625 0.8401041671874999 0.2398148140625 0.83125 0.24444444375000002 0.8104166671874999 0.2509259265625 0.8057291671875 0.25648148125 0.8015625 0.26944444375 0.796875 0.33703703749999997 0.7958333328125 0.36759259218749996 0.7932291671875 0.3925925921875 0.7916666671875 0.427777778125 0.7895833328124999 0.44907407343749994 0.7967388734374999 0.4548190234375 0.7970783734375 0.460194003125 0.7890625 0.47222222187499996 0.7895833328124999 0.478703703125
7 0.44427083281249996 0.43333333281249997 0.4458333328125 0.4370370375 0.44739583281249995 0.4379629625 0.44947916718750003 0.4370370375 0.4505208328125 0.434259259375 0.4505208328125 0.42592592656250006 0.4484375 0.4216049375 0.44713541718750005 0.4148148140625 0.45 0.41018518593750003 0.4484375 0.40833333281249995 0.44635416718750004 0.409259259375 0.44427083281249996 0.4129629625 0.44635416718750004 0.41728395156250003 0.44427083281249996 0.41944444374999995 0.44427083281249996 0.43333333281249997
7 0.5125 0.459259259375 0.5151041671875001 0.4509259265625 0.5151041671875001 0.43148148124999997 0.5125 0.4268518515625 0.5088541671875 0.4268518515625 0.50625 0.43240740781250003 0.50625 0.4509259265625 0.5083333328124999 0.4611111109375 0.5104166671875 0.4620370375 0.5125 0.459259259375
7 0.5739583328125 0.5287037031249999 0.5739583328125 0.5388888890625 0.5755208328125 0.5518518515624999 0.5770833328125 0.5555555562500001 0.5807291671875 0.5574074078125 0.5833333328125 0.5546296296875 0.5859375 0.547222221875 0.5911458328125 0.546296296875 0.5927083328125 0.55 0.59375 0.5583333328125 0.5958333328125 0.5648148140625 0.5973958328125 0.5666666671875 0.6005208328125 0.5666666671875 0.6036458328125 0.5601851859375 0.6052083328125 0.5481481484375 0.6067708328125 0.5009259265625 0.60625 0.47592592656250005 0.5994791671875 0.46388888906250003 0.5953125 0.46388888906250003 0.5932291671875001 0.46666666718750005 0.5880208328125 0.46944444374999994 0.584375 0.48425925937500003 0.5828125 0.502777778125 0.5796875 0.5138888890625 0.578125 0.525 0.5739583328125 0.5287037031249999
7 0.7270833328124999 0.634259259375 0.7291666671875 0.6379629625 0.7333333328125 0.6416666671875 0.7401041671875 0.6416666671875 0.7453125 0.6361111109375 0.7473958328125 0.63055555625 0.7682291671875 0.6324074078125 0.7713541671875 0.6296296296875 0.775 0.6296296296875 0.7770833328125 0.6351851859375001 0.7828125 0.6601851859375001 0.7869791671875 0.66851851875 0.7921875 0.671296296875 0.7973958328124999 0.671296296875 0.8005208328125001 0.66851851875 0.8046875 0.6620370375 0.8067708328125001 0.6564814812499999 0.8088541671874999 0.6490740734375 0.8114583328125 0.63148148125 0.8109375 0.60555555625 0.80625 0.58055555625 0.8020833328125001 0.5731481484375001 0.8005208328125001 0.5731481484375001 0.7994791671875 0.571296296875 0.7979166671875 0.5620370375 0.7994791671875 0.547222221875 0.7989583328125 0.5351851859375001 0.8 0.5287037031249999 0.8020833328125001 0.525 0.803125 0.5203703703125 0.8036458328125 0.5083333328124999 0.8 0.5046296296875 0.790625 0.5046296296875 0.7859375 0.502777778125 0.7848958328125 0.5 0.7838541671875 0.47592592656250005 0.7828125 0.475 0.7734375 0.47407407343749997 0.7703125 0.47222222187499996 0.7666666671875 0.47222222187499996 0.7598958328125 0.475 0.7552083328125 0.48333333281249996 0.7546875 0.4879629625 0.7567708328125 0.502777778125 0.7567708328125 0.5111111109375 0.7541666671875 0.527777778125 0.7536458328125 0.547222221875 0.7510416671875 0.559259259375 0.7463541671875 0.5666666671875 0.7447916671875 0.5740740734374999 0.7447916671875 0.6 0.7463541671875 0.6083333328125 0.7458333328125 0.6148148140624999 0.7427083328124999 0.61851851875 0.7369791671875 0.61851851875 0.7333333328125 0.6138888890625 0.7317708328125 0.6083333328125 0.7317708328125 0.6 0.7265625 0.5861111109375 0.7203125 0.584259259375 0.7177083328125 0.5898148140624999 0.7171875 0.5962962968750001 0.7197916671875 0.6009259265625 0.7234375 0.621296296875 0.7270833328124999 0.634259259375
7 0.3098958328125 0.5453703703125 0.3109375 0.546296296875 0.3182291671875 0.5370370375 0.3229166671875 0.522222221875 0.3234375 0.5166666671875 0.321875 0.5129629625 0.3213541671875 0.48981481406249994 0.3203125 0.4861111109375 0.3171875 0.48148148125 0.3057291671875 0.4824074078125 0.30520833281250004 0.4916666671875 0.30416666718749996 0.4953703703125 0.3046875 0.51944444375 0.3098958328125 0.5453703703125
7 0.3760416671875 0.447222221875 0.384375 0.447222221875 0.3859375 0.44259259218749997 0.3848958328125 0.4240740734375 0.3817708328125 0.41851851875 0.3796875 0.41851851875 0.378125 0.4240740734375 0.378125 0.4361111109375 0.3770833328125 0.44120370312499996 0.3776041671875 0.44444444375 0.3760416671875 0.447222221875