7 0.6333333328124999 0.5731481484375001 0.6375 0.578703703125 0.6395833328125 0.5944444437499999 0.6421875 0.6018518515625 0.6473958328125 0.602777778125 0.6494791671875 0.6 0.6526041671875 0.5916666671875 0.6546875 0.590740740625 0.6614583328125 0.5944444437499999 0.665625 0.5944444437499999 0.6692708328125 0.6074074078125 0.6723958328124999 0.6129629624999999 0.6776041671875 0.6138888890625 0.6796875 0.6111111109375 0.6817708328125 0.6046296296875 0.6833333328125 0.5925925921874999 0.6828125 0.5722222218749999 0.6802083328124999 0.5620370375 0.6802083328124999 0.5574074078125 0.6817708328125 0.5527777781250001 0.6822916671875 0.546296296875 0.6828125 0.5231481484375 0.6796875 0.5138888890625 0.6770833328125 0.5111111109375 0.6703125 0.5148148140625 0.6661458328125 0.5148148140625 0.6645833328124999 0.5203703703125 0.65625 0.5324074078125001 0.6536458328125 0.54351851875 0.6515625 0.5694444437499999 0.6450520828124999 0.5629629625 0.6453125 0.55648148125 0.6442708328125 0.5453703703125 0.6432291671875 0.54351851875 0.640625 0.54351851875 0.6390625 0.546296296875 0.6354166671875 0.5611111109375 0.6328125 0.5638888890625 0.6317708328125 0.5675925921875 0.6333333328124999 0.5731481484375001
7 0.3255208328125 0.58055555625 0.32760416718749996 0.5824074078125 0.3291666671875 0.58148148125 0.3317708328125 0.5759259265625001 0.3348958328125 0.5731481484375001 0.33645833281250004 0.5675925921875 0.340625 0.5601851859375 0.340625 0.5555555562500001 0.3380208328125 0.540740740625 0.33645833281250004 0.5231481484375 0.3328125 0.51944444375 0.3244791671875 0.51944444375 0.3229166671875 0.5231481484375 0.32083333281250004 0.5314814812499999 0.32083333281250004 0.5583333328125 0.3244791671875 0.571296296875 0.3255208328125 0.58055555625
7 0.5083333328124999 0.47407407343749997 0.5083333328124999 0.45555555625000005 0.5072916671875001 0.45370370312499997 0.5052083328125 0.45370370312499997 0.5041666671875 0.45555555625000005 0.503125 0.4601851859375 0.5036458328125 0.475 0.5067708328125 0.47592592656250005 0.5083333328124999 0.47407407343749997
7 0.47760416718750004 0.47592592656250005 0.4760416671875 0.459259259375 0.475 0.4574074078125 0.47291666718750003 0.4574074078125 0.4703125 0.4611111109375 0.4692708328125 0.465740740625 0.46875 0.4768518515625 0.47239583281249997 0.48055555625 0.4760416671875 0.48055555625 0.47760416718750004 0.47592592656250005
9 0.5171875 0.48333333281249996 0.5223958328125 0.48333333281249996 0.5239583328124999 0.48148148125 0.5239583328124999 0.475 0.5223958328125 0.4703703703125 0.5213541671875 0.46296296249999996 0.5192708328125 0.4583333328125 0.515625 0.459259259375 0.5135416671875 0.4703703703125 0.5109375 0.477777778125 0.5104166671875 0.48518518593750004 0.5114583328125 0.48703703750000005 0.5135416671875 0.48703703750000005 0.5171875 0.48333333281249996
9 0.5489583328125 0.4879629625 0.5510416671875 0.48703703750000005 0.5520833328125 0.48425925937500003 0.5520833328125 0.4796296296875 0.5489583328125 0.46296296249999996 0.5473958328124999 0.4601851859375 0.54375 0.4583333328125 0.5411458328125 0.4601851859375 0.5390625 0.46481481406249997 0.5364583328125 0.47592592656250005 0.5369791671875 0.48148148125 0.5432291671875 0.48148148125 0.5489583328125 0.4879629625
9 0.6458333328125 0.5361111109375 0.6447916671875 0.578703703125 0.646875 0.5824074078125 0.65 0.5824074078125 0.6526041671875 0.5666666671875 0.653125 0.54351851875 0.6578125 0.527777778125 0.6619791671875 0.5231481484375 0.665625 0.5120370375000001 0.6739583328125 0.5120370375000001 0.675 0.5101851859375001 0.6734375 0.5046296296875 0.6697916671875 0.5018518515625 0.6677083328125 0.49351851875 0.6640625 0.4861111109375 0.6635416671875001 0.47222222187499996 0.6614583328125 0.46296296249999996 0.6598958328125 0.4611111109375 0.6567708328124999 0.4611111109375 0.6536458328125 0.465740740625 0.6489583328124999 0.4953703703125 0.6463541671875 0.502777778125 0.6453125 0.515740740625 0.6453125 0.51851851875 0.6473958328125 0.5240740734375 0.6479166671875001 0.5314814812499999 0.6458333328125 0.5361111109375
9 0.3135416671875 0.521296296875 0.31414930625 0.521759259375 0.3135416671875 0.5259259265625 0.3171875 0.5361111109375 0.31597222187499996 0.5370370375 0.3171875 0.547222221875 0.315625 0.5518518515624999 0.3161458328125 0.5574074078125 0.3177083328125 0.559259259375 0.3192708328125 0.5583333328125 0.32251157343750003 0.5483539093750001 0.33883101875 0.549588478125 0.3411458328125 0.546296296875 0.34155092656249997 0.5497942390625 0.34427083281250004 0.55 0.3447916671875 0.5527777781250001 0.3447916671875 0.55 0.3427083328125 0.5481481484375 0.3447916671875 0.54444444375 0.3453125 0.540740740625 0.346875 0.5138888890625 0.346875 0.5101851859375001 0.3447916671875 0.50555555625 0.3447916671875 0.502777778125 0.3473958328125 0.5 0.3479166671875 0.49629629687500004 0.3463541671875 0.48333333281249996 0.3411458328125 0.4703703703125 0.34322916718749996 0.45648148125 0.3421875 0.45 0.3380208328125 0.44629629687500005 0.3348958328125 0.4453703703125 0.3296875 0.447222221875 0.328125 0.46481481406249997 0.321875 0.4703703703125 0.3171875 0.48148148125 0.315625 0.49629629687500004 0.315625 0.5046296296875 0.3135416671875 0.5101851859375001 0.3135416671875 0.521296296875
9 0.353125 0.4990740734375 0.3541666671875 0.497222221875 0.3552083328125 0.465740740625 0.3526041671875 0.45555555625000005 0.35 0.45555555625000005 0.3479166671875 0.4675925921875 0.3473958328125 0.478703703125 0.35104166718749996 0.49629629687500004 0.35208333281250004 0.4990740734375 0.353125 0.4990740734375
9 0.3057291671875 0.5074074078125 0.30625 0.5101851859375001 0.3109375 0.5101851859375001 0.3125 0.50555555625 0.3125 0.47407407343749997 0.3114583328125 0.46944444374999994 0.309375 0.465740740625 0.3072916671875 0.46388888906250003 0.303125 0.46388888906250003 0.3020833328125 0.465740740625 0.3020833328125 0.478703703125 0.30520833281250004 0.490740740625 0.3057291671875 0.5074074078125
9 0.9390625 0.58055555625 0.9354166671874999 0.5935185187500001 0.9359375 0.6 0.9375 0.602777778125 0.9401041671874999 0.603703703125 0.9416666671874999 0.6009259265625 0.9432291671874999 0.5916666671875 0.9484375 0.5916666671875 0.959375 0.5981481484375 0.9619791671875 0.6074074078125 0.9630208328125001 0.6083333328125 0.9708333328125001 0.609259259375 0.971875 0.6083333328125 0.971875 0.60648148125 0.9677083328125 0.6046296296875 0.965625 0.5990740734375 0.965625 0.5796296296875 0.9666666671874999 0.5666666671875 0.965625 0.5287037031249999 0.9609375 0.503703703125 0.9614583328125 0.49629629687500004 0.9635416671874999 0.49444444374999996 0.9651041671874999 0.48981481406249994 0.9625 0.48148148125 0.9588541671874999 0.477777778125 0.9546875 0.478703703125 0.9505208328125001 0.4879629625 0.9453125 0.5111111109375 0.946875 0.5574074078125 0.9463541671875 0.5638888890625 0.9447916671875 0.5703703703125 0.9390625 0.58055555625
14 0.890625 0.575 0.8932291671874999 0.5833333328125 0.8963541671874999 0.5861111109375 0.9036458328125001 0.5870370375 0.9130208328125 0.5768518515625 0.9177083328125001 0.5759259265625001 0.921875 0.577777778125 0.9276041671874999 0.5888888890625 0.9317708328125001 0.5916666671875 0.934375 0.5898148140624999 0.9364583328125 0.5861111109375 0.9390625 0.578703703125 0.9453125 0.5666666671875 0.9453125 0.5074074078125 0.9510416671874999 0.48425925937500003 0.9552083328125001 0.477777778125 0.959375 0.477777778125 0.9619791671875 0.4796296296875 0.9661458328125001 0.48981481406249994 0.965625 0.49444444374999996 0.9625 0.5 0.9619791671875 0.5046296296875 0.9661458328125001 0.5314814812499999 0.9661458328125001 0.5833333328125 0.9671875 0.5935185187500001 0.9755208328125 0.5916666671875 0.978125 0.5898148140624999 0.9786458328125001 0.5879629625 0.98125 0.5611111109375 0.9828125 0.5574074078125 0.984375 0.55648148125 0.9854166671875 0.5518518515624999 0.9854166671875 0.5351851859375001 0.9864583328125001 0.5259259265625 0.9921875 0.509259259375 0.9984375 0.497222221875 0.9994791671875 0.497222221875 0.9994791671875 0.4703703703125 0.99375 0.471296296875 0.9838541671875 0.46944444374999994 0.9609375 0.46944444374999994 0.9583333328125001 0.471296296875 0.9552083328125001 0.471296296875 0.9427083328125001 0.46851851875 0.9401041671874999 0.4703703703125 0.9177083328125001 0.4703703703125 0.9020833328125001 0.4731481484375 0.8994791671875 0.475 0.8911458328125 0.4861111109375 0.884375 0.4981481484375 0.8822916671875 0.50555555625 0.8734375 0.5240740734375 0.8734375 0.5555555562500001 0.8796875 0.565740740625 0.8875 0.5694444437499999 0.890625 0.575
2 0.5635416671875 0.5148148140625 0.5739583328125 0.5148148140625 0.575 0.5111111109375 0.575 0.4879629625 0.5760416671875 0.4675925921875 0.5739583328125 0.46481481406249997 0.5625 0.46481481406249997 0.5588541671875 0.47407407343749997 0.5557291671875 0.48981481406249994 0.5552083328124999 0.5120370375000001 0.5557291671875 0.5166666671875 0.5567708328125 0.51851851875 0.5635416671875 0.5148148140625
2 0.4348958328125 0.48981481406249994 0.4375 0.48981481406249994 0.4421875 0.49351851875 0.446875 0.49351851875 0.45 0.49259259218749996 0.453125 0.4888888890625 0.45520833281249995 0.4888888890625 0.4578125 0.4916666671875 0.45989583281249996 0.4916666671875 0.4609375 0.4888888890625 0.4609375 0.475 0.45989583281249996 0.46851851875 0.4536458328125 0.4546296296875 0.446875 0.45277777812500003 0.43333333281249997 0.45370370312499997 0.4291666671875 0.4574074078125 0.428472221875 0.46512345625 0.428125 0.490740740625 0.4291666671875 0.49259259218749996 0.43125 0.49351851875 0.4348958328125 0.48981481406249994
11 0.4 0.4888888890625 0.4036458328125 0.4916666671875 0.4057291671875 0.4916666671875 0.4088541671875 0.4888888890625 0.40989583281249997 0.48518518593750004 0.40989583281249997 0.471296296875 0.4088541671875 0.4546296296875 0.4078125 0.45277777812500003 0.3916666671875 0.45277777812500003 0.3885416671875 0.45648148125 0.3875 0.4601851859375 0.3873263890625 0.4660493828125 0.3869791671875 0.48518518593750004 0.3885416671875 0.49259259218749996 0.3916666671875 0.48981481406249994 0.4 0.4888888890625
11 0.2958333328125 0.5129629625 0.2979166671875 0.5083333328124999 0.2979166671875 0.49351851875 0.29739583281250004 0.4888888890625 0.2932291671875 0.47592592656250005 0.2932291671875 0.46851851875 0.2786458328125 0.46666666718750005 0.2760416671875 0.46481481406249997 0.2744791671875 0.465740740625 0.27395833281250004 0.4675925921875 0.27395833281250004 0.5111111109375 0.2770833328125 0.5138888890625 0.2859375 0.515740740625 0.2958333328125 0.5129629625
7 0.5234375 0.51851851875 0.5260416671875 0.50555555625 0.5260416671875 0.49351851875 0.5244791671875 0.4861111109375 0.5223958328125 0.4824074078125 0.515625 0.48333333281249996 0.5119791671875 0.4888888890625 0.5109375 0.49444444374999996 0.5109375 0.5166666671875 0.5166666671875 0.5305555562500001 0.51875 0.5305555562500001 0.5234375 0.51851851875
7 0.5411458328125 0.54444444375 0.5432291671875 0.5388888890625 0.5473958328124999 0.5333333328125 0.5505208328125 0.5 0.55 0.497222221875 0.5463541671875001 0.490740740625 0.5411458328125 0.4861111109375 0.5354166671875 0.4888888890625 0.5333333328125 0.4953703703125 0.5333333328125 0.5305555562500001 0.5369791671875 0.5416666671875 0.5390625 0.54444444375 0.5411458328125 0.54444444375
1 0.584375 0.522222221875 0.5859375 0.525 0.5880208328125 0.540740740625 0.590625 0.5453703703125 0.5921875 0.5518518515624999 0.5958333328125 0.55648148125 0.6072916671875 0.5574074078125 0.6104166671875 0.5527777781250001 0.6119791671875 0.54351851875 0.6151041671875 0.540740740625 0.6239583328125 0.5416666671875 0.6286458328125 0.54444444375 0.6338541671875 0.5509259265625001 0.6348958328125 0.5509259265625001 0.6390625 0.5333333328125 0.6395833328125 0.5166666671875 0.6432291671875 0.5101851859375001 0.6473958328125 0.49629629687500004 0.6484375 0.47592592656250005 0.6536458328125 0.46388888906250003 0.6572916671875 0.4583333328125 0.6619791671875 0.459259259375 0.6630208328125 0.4611111109375 0.6661458328125 0.4824074078125 0.66875 0.4916666671875 0.6729166671875 0.4990740734375 0.6776041671875 0.5018518515625 0.6848958328125 0.515740740625 0.6864583328125 0.5231481484375 0.6864583328125 0.55 0.6885416671875 0.5583333328125 0.7057291671875 0.5611111109375 0.7072916671875 0.5629629625 0.709375 0.5731481484375001 0.7125 0.58148148125 0.721875 0.5833333328125 0.7260416671875001 0.578703703125 0.7286458328125 0.5694444437499999 0.7307291671875 0.5555555562500001 0.7348958328124999 0.5509259265625001 0.740625 0.5509259265625001 0.7427083328124999 0.5453703703125 0.7411458328125 0.509259259375 0.7421875 0.49259259218749996 0.7427083328124999 0.45648148125 0.7427083328124999 0.42592592656250006 0.7416666671875001 0.396296296875 0.7432291671875 0.384259259375 0.7401041671875 0.3731481484375 0.7328125 0.36666666718749996 0.721875 0.3620370375 0.7067708328125 0.3601851859375 0.7 0.35648148125 0.678125 0.35648148125 0.6572916671875 0.3611111109375 0.6479166671875001 0.36666666718749996 0.6416666671875 0.36759259218749996 0.6375 0.371296296875 0.6348958328125 0.371296296875 0.6234375 0.3768518515625 0.6177083328124999 0.377777778125 0.6151041671875 0.38055555625 0.6104166671875 0.38055555625 0.5963541671875 0.3879629625 0.5916666671875 0.3879629625 0.5885416671875 0.3898148140625 0.58125 0.4 0.5791666671875 0.41944444374999995 0.5765625 0.459259259375 0.575 0.4879629625 0.5760416671875 0.5129629625 0.578125 0.5175925921875 0.584375 0.522222221875
1 0.7473958328125 0.5518518515624999 0.7526041671875 0.5583333328125 0.7567708328125 0.5601851859375 0.7640625 0.5601851859375 0.7744791671875 0.5527777781250001 0.7958333328125 0.5527777781250001 0.7979166671875 0.5546296296875 0.8145833328125001 0.5555555562500001 0.8255208328125001 0.5583333328125 0.853125 0.5574074078125 0.8578125 0.5601851859375 0.8645833328125001 0.56851851875 0.8661458328125 0.56851851875 0.8703125 0.5666666671875 0.871875 0.5620370375 0.8723958328125001 0.5231481484375 0.8734375 0.5175925921875 0.8796875 0.50648148125 0.8817708328125 0.4990740734375 0.8973958328125 0.4731481484375 0.9052083328125 0.47222222187499996 0.9072916671875 0.4703703703125 0.95 0.46851851875 0.9552083328125001 0.4703703703125 0.9567708328125001 0.46851851875 0.9567708328125001 0.45555555625000005 0.9552083328125001 0.44907407343749994 0.9510416671874999 0.44351851875000003 0.9416666671874999 0.43981481406249995 0.9328125 0.43981481406249995 0.9161458328125001 0.4370370375 0.9104166671874999 0.4379629625 0.8942708328125001 0.4361111109375 0.8598958328125 0.43518518593750005 0.8572916671874999 0.43240740781250003 0.8442708328125 0.43333333281249997 0.8421875 0.43148148124999997 0.8380208328125001 0.43333333281249997 0.828125 0.43333333281249997 0.8192708328125 0.43148148124999997 0.8125 0.43148148124999997 0.80625 0.43333333281249997 0.8041666671875 0.43148148124999997 0.7869791671875 0.4296296296875 0.7666666671875 0.43055555625 0.7630208328125 0.427777778125 0.7609375 0.4296296296875 0.7567708328125 0.44444444375 0.746875 0.45648148125 0.74375 0.46851851875 0.7423611109375 0.483641975 0.7416666671875001 0.5203703703125 0.7432291671875 0.5296296296875 0.7432291671875 0.5425925921875 0.7473958328125 0.5518518515624999
11 0.5395833328124999 0.4611111109375 0.5421875 0.45555555625000005 0.5416666671875 0.44907407343749994 0.5375 0.447222221875 0.5317708328124999 0.4481481484375 0.5296875 0.4509259265625 0.5286458328125 0.459259259375 0.5286458328125 0.4731481484375 0.5359375 0.4731481484375 0.5375 0.4703703703125 0.5395833328124999 0.4611111109375
11 0.9817708328125001 0.5962962968750001 0.9875 0.6 0.9953125 0.5981481484375 0.996875 0.5953703703125 0.9984375 0.5888888890625 0.9994791671875 0.5888888890625 0.9994791671875 0.5018518515625 0.9984375 0.5018518515625 0.9942708328125001 0.5083333328124999 0.990625 0.5203703703125 0.9864583328125001 0.527777778125 0.9854166671875 0.5361111109375 0.9859375 0.5527777781250001 0.9848958328125 0.5574074078125 0.9828125 0.559259259375 0.9817708328125001 0.5629629625 0.9817708328125001 0.5731481484375001 0.9802083328125001 0.58055555625 0.9802083328125001 0.5888888890625 0.9817708328125001 0.5962962968750001
11 0.4244791671875 0.4879629625 0.4270833328125 0.48518518593750004 0.428125 0.4768518515625 0.42760416718750005 0.4583333328125 0.425 0.45185185156249996 0.41510416718750004 0.45185185156249996 0.41302083281249996 0.45648148125 0.41197916718750005 0.46388888906250003 0.4109375 0.47407407343749997 0.4109375 0.48333333281249996 0.41197916718750005 0.48703703750000005 0.4244791671875 0.4879629625