13 0.6239583328125 0.43518518593750005 0.6270833328125 0.4379629625 0.6338541671875 0.4370370375 0.6348958328125 0.43518518593750005 0.6359375 0.43055555625 0.6364583328125 0.41203703750000004 0.6455729171875 0.40972222187499996 0.6442708328125 0.43518518593750005 0.6458333328125 0.4379629625 0.6598958328125 0.4388888890625 0.6609375 0.4370370375 0.659375 0.41944444374999995 0.6609375 0.41018518593750003 0.6604166671875 0.40277777812500004 0.6588541671875 0.4 0.6552083328125 0.3981481484375 0.646875 0.397222221875 0.6458333328125 0.4046296296875 0.6364583328125 0.4074074078125 0.6364583328125 0.3981481484375 0.6354166671875 0.396296296875 0.6322916671875001 0.396296296875 0.6296875 0.3981481484375 0.626215278125 0.4061728390625 0.6261458328125 0.4098148140625 0.6177083328124999 0.41203703750000004 0.6171875 0.4148148140625 0.6244791671875001 0.42592592656250006 0.6234375 0.43148148124999997 0.6239583328125 0.43518518593750005
13 0.7348958328124999 0.4675925921875 0.7364583328125 0.46481481406249997 0.740625 0.46388888906250003 0.7432291671875 0.459259259375 0.7572916671875001 0.4574074078125 0.759375 0.45555555625000005 0.771875 0.45555555625000005 0.7729166671875001 0.4601851859375 0.7729166671875001 0.471296296875 0.775 0.4824074078125 0.7833333328125 0.4824074078125 0.7864583328125 0.477777778125 0.7953125 0.47222222187499996 0.8072916671874999 0.47222222187499996 0.8109375 0.4703703703125 0.8135416671875 0.47407407343749997 0.81875 0.475 0.8223958328125001 0.477777778125 0.8260416671874999 0.4768518515625 0.8296875 0.4824074078125 0.8317708328125001 0.48333333281249996 0.8473958328125001 0.48425925937500003 0.8520833328125 0.48148148125 0.8536458328125001 0.47592592656250005 0.8557291671874999 0.4731481484375 0.8619791671874999 0.447222221875 0.8661458328125 0.4388888890625 0.8692708328125001 0.42870370312499995 0.8692708328125001 0.42592592656250006 0.8666666671875 0.4175925921875 0.8625 0.41111111093749997 0.8609375 0.4046296296875 0.8583333328125 0.40277777812500004 0.8567708328125001 0.3981481484375 0.8546875 0.3953703703125 0.8484375 0.3916666671875 0.8463541671874999 0.3953703703125 0.8463541671874999 0.4 0.8450520828125001 0.40092592656250003 0.8411458328125001 0.3990740734375 0.8395833328125001 0.40092592656250003 0.8380208328125001 0.40648148125 0.8364583328125 0.40648148125 0.834375 0.396296296875 0.8333333328125001 0.3953703703125 0.8328125 0.397222221875 0.828125 0.397222221875 0.8265625 0.3925925921875 0.821875 0.3898148140625 0.8208333328125 0.3861111109375 0.8208333328125 0.3768518515625 0.81875 0.3731481484375 0.8145833328125001 0.375 0.8119791671875 0.365740740625 0.8083333328125001 0.3601851859375 0.8046875 0.3574074078125 0.7984375 0.35648148125 0.7911458328125 0.3574074078125 0.7890625 0.35925925937500003 0.7817708328124999 0.3583333328125 0.7786458328125 0.3601851859375 0.7671875 0.3611111109375 0.7614583328125 0.36296296250000004 0.7583333328124999 0.365740740625 0.7515625 0.3759259265625 0.7484375 0.39351851875 0.7453125 0.4046296296875 0.7380208328125 0.4148148140625 0.7276041671875 0.425 0.7265625 0.42870370312499995 0.7265625 0.47592592656250005 0.7286458328125 0.478703703125 0.7354166671875 0.477777778125 0.7348958328124999 0.4675925921875
9 0.8833333328125 0.4074074078125 0.8958333328125001 0.434259259375 0.9005208328125001 0.44166666718750003 0.9010416671874999 0.440740740625 0.8977272734374999 0.43316498281250004 0.9010416671874999 0.427777778125 0.8994791671875 0.4018518515625 0.8984375 0.396296296875 0.8963541671874999 0.3925925921875 0.8916666671875 0.3916666671875 0.8833333328125 0.3981481484375 0.8828125 0.3990740734375 0.884469696875 0.40286195312500006 0.8828125 0.40555555625000006 0.8833333328125 0.4074074078125
7 0.8677083328125 0.48425925937500003 0.8708333328125001 0.471296296875 0.8723958328125001 0.46851851875 0.8776041671874999 0.47222222187499996 0.8817708328125 0.47222222187499996 0.8838541671875 0.4703703703125 0.8838541671875 0.46666666718750005 0.88125 0.45277777812500003 0.8776041671874999 0.44166666718750003 0.8729166671874999 0.43240740781250003 0.8692708328125001 0.43148148124999997 0.8671875 0.4370370375 0.8645833328125001 0.440740740625 0.8635416671874999 0.44907407343749994 0.8598958328125 0.4611111109375 0.8546875 0.47222222187499996 0.8541666671874999 0.48333333281249996 0.8557291671874999 0.4861111109375 0.865625 0.4861111109375 0.8677083328125 0.48425925937500003
7 0.4359375 0.477777778125 0.43958333281249995 0.478703703125 0.44947916718750003 0.4768518515625 0.45104166718750005 0.47222222187499996 0.45104166718750005 0.46666666718750005 0.46302083281249995 0.4620370375 0.4640625 0.46851851875 0.4692708328125 0.471296296875 0.4796875 0.471296296875 0.48229166718750005 0.46944444374999994 0.4828125 0.46296296249999996 0.4817708328125 0.45185185156249996 0.4791666671875 0.45370370312499997 0.475 0.45370370312499997 0.47291666718750003 0.447222221875 0.47083333281249995 0.4453703703125 0.46875 0.447222221875 0.4501370609375 0.45268031249999996 0.44826388906250003 0.45679012343750003 0.446875 0.45185185156249996 0.446875 0.44259259218749997 0.4505208328125 0.43333333281249997 0.45 0.43055555625 0.446875 0.4296296296875 0.44427083281249996 0.425 0.4390625 0.425 0.4359375 0.4268518515625 0.43385416718750003 0.43240740781250003 0.43072916718750004 0.4481481484375 0.4223958328125 0.45185185156249996 0.4203125 0.45694444375 0.4208881578125 0.4612573109375 0.41822916718750003 0.4620370375 0.415625 0.475 0.42291666718750004 0.48055555625 0.43333333281249997 0.4796296296875 0.4359375 0.477777778125
9 0.4682291671875 0.42314814843750004 0.4640625 0.43055555625 0.45885416718750005 0.43333333281249997 0.45520833281249995 0.440740740625 0.45625 0.44629629687500005 0.45625 0.4611111109375 0.4583333328125 0.46481481406249997 0.46302083281249995 0.4611111109375 0.4703125 0.4453703703125 0.47291666718750003 0.44907407343749994 0.47552083281249996 0.45 0.48072916718750003 0.4453703703125 0.48333333281249996 0.440740740625 0.484375 0.41944444374999995 0.48020833281249997 0.4074074078125 0.4791666671875 0.39351851875 0.47760416718750004 0.3898148140625 0.47552083281249996 0.3879629625 0.4734375 0.3879629625 0.4703125 0.3925925921875 0.4692708328125 0.4 0.4713541671875 0.40648148125 0.47083333281249995 0.415740740625 0.4682291671875 0.42314814843750004
9 0.453125 0.42870370312499995 0.45104166718750005 0.434259259375 0.4453125 0.434259259375 0.4453125 0.447222221875 0.45104166718750005 0.471296296875 0.4526041671875 0.47222222187499996 0.45625 0.4703703703125 0.4614583328125 0.4611111109375 0.4604166671875 0.45555555625000005 0.459375 0.4546296296875 0.459375 0.4481481484375 0.45729166718750003 0.44166666718750003 0.45729166718750003 0.4388888890625 0.45885416718750005 0.43333333281249997 0.4640625 0.42870370312499995 0.4661458328125 0.42314814843750004 0.46510416718750003 0.396296296875 0.4635416671875 0.3916666671875 0.46197916718750004 0.3898148140625 0.45729166718750003 0.39074074062499997 0.4557291671875 0.39351851875 0.45520833281249995 0.409259259375 0.4505208328125 0.40555555625000006 0.4484375 0.41203703750000004 0.4484375 0.4166666671875 0.45208333281249996 0.41851851875 0.453125 0.42314814843750004 0.453125 0.42870370312499995
14 0.06875 0.3888888890625 0.0666666671875 0.38240740781250004 0.05989583281250001 0.38055555625 0.05729166718749999 0.38333333281250004 0.056770832812500005 0.39351851875 0.058854167187499994 0.3990740734375 0.0682291671875 0.3990740734375 0.06875 0.3888888890625
14 0.0916666671875 0.38333333281250004 0.09322916718749999 0.38055555625 0.0927083328125 0.375 0.09114583281250001 0.372222221875 0.0875 0.371296296875 0.0822916671875 0.3731481484375 0.0796875 0.377777778125 0.0791666671875 0.40092592656250003 0.0802083328125 0.40277777812500004 0.0895833328125 0.40092592656250003 0.0916666671875 0.38333333281250004
7 0.096875 0.40648148125 0.0973958328125 0.40092592656250003 0.096875 0.39351851875 0.09427083281250001 0.3925925921875 0.09114583281250001 0.3953703703125 0.090625 0.40648148125 0.0927083328125 0.41111111093749997 0.0953125 0.41111111093749997 0.096875 0.40648148125
9 0.09114583281250001 0.397222221875 0.0916666671875 0.3981481484375 0.0953125 0.39444444375 0.09895833281250001 0.3953703703125 0.0994791671875 0.3916666671875 0.0979166671875 0.3879629625 0.09635416718749999 0.3768518515625 0.0994791671875 0.35648148125 0.09635416718749999 0.3654320984375 0.0968005953125 0.36666666718749996 0.0947916671875 0.36990740781250003 0.095461309375 0.371296296875 0.09322916718749999 0.37438271562500003 0.09322916718749999 0.3768518515625 0.0916666671875 0.377777778125 0.0901041671875 0.38333333281250004 0.09144345312499999 0.3851851859375 0.0901041671875 0.3898148140625 0.09114583281250001 0.397222221875
9 0.0416666671875 0.4601851859375 0.04375 0.465740740625 0.0458333328125 0.46666666718750005 0.0489583328125 0.46481481406249997 0.051041667187499994 0.4601851859375 0.054166667187499996 0.44444444375 0.055208332812500004 0.4296296296875 0.05729166718749999 0.42222222187499997 0.0557291671875 0.3916666671875 0.05208333281250001 0.378703703125 0.0447916671875 0.3768518515625 0.0401041671875 0.3861111109375 0.0375 0.3981481484375 0.0359375 0.4074074078125 0.0359375 0.41851851875 0.0385416671875 0.43055555625 0.0416666671875 0.4601851859375
9 0.2328125 0.4453703703125 0.2348958328125 0.44166666718750003 0.2364583328125 0.43333333281249997 0.2364583328125 0.4268518515625 0.2375 0.42129629687500003 0.23697916718749998 0.41111111093749997 0.23854166718749997 0.4018518515625 0.23958333281250002 0.38333333281250004 0.23854166718749997 0.3620370375 0.2364583328125 0.35555555625 0.2322916671875 0.3574074078125 0.23072916718749997 0.371296296875 0.23072916718749997 0.41203703750000004 0.22916666718749998 0.440740740625 0.23177083281250002 0.4453703703125 0.2328125 0.4453703703125
1 0.2153044875 0.40997151093750006 0.2130208328125 0.4148148140625 0.2125 0.41851851875 0.2125 0.4370370375 0.2140625 0.44166666718750003 0.2171875 0.44444444375 0.22395833281250002 0.4453703703125 0.228125 0.44351851875000003 0.2296875 0.440740740625 0.240625 0.447222221875 0.2442708328125 0.447222221875 0.24635416718749997 0.44907407343749994 0.25 0.46388888906250003 0.2520833328125 0.4675925921875 0.2557291671875 0.46944444374999994 0.265625 0.46851851875 0.2697916671875 0.45648148125 0.2859375 0.459259259375 0.2890625 0.4620370375 0.2921875 0.46851851875 0.2994791671875 0.46851851875 0.3010416671875 0.4675925921875 0.3036458328125 0.46296296249999996 0.3109375 0.4574074078125 0.3151041671875 0.4509259265625 0.3458333328125 0.45185185156249996 0.35104166718749996 0.45555555625000005 0.36875 0.4574074078125 0.3697916671875 0.45555555625000005 0.3713541671875 0.4481481484375 0.37164351875 0.4013374484375 0.3885416671875 0.4018518515625 0.3885416671875 0.4509259265625 0.39010416718749996 0.4583333328125 0.396875 0.459259259375 0.40052083281249995 0.46481481406249997 0.403125 0.471296296875 0.40729166718750004 0.4731481484375 0.4125 0.4731481484375 0.4145833328125 0.471296296875 0.41614583281249995 0.46851851875 0.41979166718750005 0.4546296296875 0.4223958328125 0.45 0.4270833328125 0.4481481484375 0.4291666671875 0.4453703703125 0.4348958328125 0.42592592656250006 0.43958333281249995 0.41944444374999995 0.44375 0.4175925921875 0.4484375 0.4129629625 0.45208333281249996 0.40555555625000006 0.4557291671875 0.39074074062499997 0.45885416718750005 0.3879629625 0.46302083281249995 0.3879629625 0.46666666718750005 0.39444444375 0.471875 0.3879629625 0.4765625 0.3879629625 0.4796875 0.3916666671875 0.48194444374999995 0.3996913578125 0.48072916718750003 0.40555555625000006 0.48125 0.4074074078125 0.4828125 0.41018518593750003 0.4848958328125 0.409259259375 0.4859375 0.4129629625 0.48645833281249995 0.44166666718750003 0.48541666718750004 0.4620370375 0.4859375 0.46481481406249997 0.48802083281249997 0.4675925921875 0.49322916718750004 0.4675925921875 0.4984375 0.46481481406249997 0.5109375 0.46481481406249997 0.5125 0.46296296249999996 0.5171875 0.46481481406249997 0.540625 0.46296296249999996 0.5447916671875 0.4611111109375 0.5463541671875001 0.4574074078125 0.5463541671875001 0.4388888890625 0.5479166671875 0.40555555625000006 0.5484375 0.3416666671875 0.546875 0.322222221875 0.5442708328125 0.3166666671875 0.540625 0.3138888890625 0.5114583328125 0.3101851859375 0.4848958328125 0.3101851859375 0.4770833328125 0.3083333328125 0.4635416671875 0.309259259375 0.44375 0.30740740781250003 0.4302083328125 0.3083333328125 0.4244791671875 0.30648148124999997 0.3921875 0.30648148124999997 0.390625 0.3083333328125 0.3749526515625 0.30875420781249996 0.3739583328125 0.30648148124999997 0.37234059375 0.30882435468749997 0.3711647734375 0.30614478125 0.3697285359375 0.3088945015625 0.3683712125 0.30580808125000003 0.3671164765625 0.30896464687499997 0.3655776515625 0.30547138125 0.36450441875 0.30903479218749996 0.362784090625 0.30513468125 0.3618923609375 0.3091049375 0.3599905296875 0.3047979796875 0.359280303125 0.30917508437499996 0.35719697031250003 0.30446127968750003 0.35666824531249997 0.3092452296875 0.3540561875 0.30931537656249997 0.35440340937500003 0.304124578125 0.34322916718749996 0.302777778125 0.2479166671875 0.3 0.22552083281250002 0.29814814843750004 0.22239583281250003 0.29907407343750003 0.2192708328125 0.302777778125 0.21875 0.3078703703125 0.22084122499999997 0.3128928171875 0.2182291671875 0.3129629625 0.2166666671875 0.3425925921875 0.21614583281250002 0.3796296296875 0.21354166718749998 0.40555555625000006 0.2153044875 0.40997151093750006