14 0.0629139078125 0.7904191609375 0.1046357609375 0.8443113765625 0.08940397343749999 0.8802395203125 0.046357615625 0.8802395203125 0.052980132812500004 0.89221556875 0.08278145625 0.9041916171875 0.10264900625 0.8982035921874999 0.1754966890625 0.9101796406249999 0.1920529796875 0.8982035921874999 0.1953642390625 0.82035928125 0.188741721875 0.7784431140625 0.1920529796875 0.7065868265625 0.1854304640625 0.6347305390625 0.076158940625 0.628742515625 0.066225165625 0.6407185625 0.05629139062500001 0.67664670625 0.046357615625 0.7245508984375 0.046357615625 0.7724550890625 0.0629139078125 0.7724550890625 0.0629139078125 0.7904191609375
14 0.4470198671875 0.9520958078125 0.473509934375 0.9520958078125 0.48344370937500003 0.9461077843749999 0.5 0.9041916171875 0.526490065625 0.8982035921874999 0.529801325 0.8802395203125 0.526490065625 0.7604790421875001 0.5132450328125 0.7544910171875 0.5132450328125 0.700598803125 0.5033112578125001 0.700598803125 0.47019867499999995 0.6526946109375 0.394039734375 0.6526946109375 0.34768211875 0.6706586828125001 0.3079470203125 0.730538921875 0.2947019875 0.7964071859375 0.291390728125 0.9341317359374999 0.321192053125 0.9520958078125 0.42384105937500005 0.96407185625 0.4470198671875 0.9520958078125
14 0.8377483437500001 0.8443113765625 0.85761589375 0.8502994015625 0.8642384109375 0.8323353296875 0.9370860921874999 0.8323353296875 0.9337748343750001 0.700598803125 0.91721854375 0.664670659375 0.903973509375 0.6526946109375 0.8741721859375 0.6467065875 0.8344370859374999 0.6526946109375 0.8410596031249999 0.71257485 0.831125828125 0.718562875 0.8278145703125 0.7964071859375 0.8377483437500001 0.8443113765625
9 0.2019867546875 0.7065868265625 0.2019867546875 0.730538921875 0.1953642390625 0.736526946875 0.1953642390625 0.766467065625 0.228476821875 0.8143712578125 0.23178807968749998 0.8083832328125 0.23509933749999998 0.82035928125 0.23509933749999998 0.8443113765625 0.228476821875 0.856287425 0.2019867546875 0.8682634734375 0.20860927187499997 0.8982035921874999 0.20860927187499997 0.9281437125 0.2019867546875 0.9281437125 0.2019867546875 0.9401197609375 0.23178807968749998 0.9461077843749999 0.23841059531250003 0.9101796406249999 0.24503311249999998 0.9041916171875 0.24503311249999998 0.8323353296875 0.23509933749999998 0.8083832328125 0.24172185468750002 0.802395209375 0.23841059531250003 0.7904191609375 0.24503311249999998 0.7784431140625 0.23841059531250003 0.7784431140625 0.24503311249999998 0.67664670625 0.228476821875 0.67664670625 0.22516556250000003 0.6167664671875001 0.24503311249999998 0.6047904187500001 0.24503311249999998 0.586826346875 0.23841059531250003 0.5748503 0.23841059531250003 0.556886228125 0.23178807968749998 0.550898203125 0.2019867546875 0.550898203125 0.2052980125 0.5628742515625 0.1953642390625 0.6826347312500001 0.20860927187499997 0.6886227546875 0.2019867546875 0.7065868265625
9 0.8278145703125 0.9221556890624999 0.8245033109375 0.6886227546875 0.8178807953125 0.6826347312500001 0.8079470203125 0.6407185625 0.8013245031249999 0.6467065875 0.791390728125 0.6826347312500001 0.7880794703125 0.71257485 0.8079470203125 0.7724550890625 0.821192053125 0.9041916171875 0.8278145703125 0.9221556890624999
9 0.8079470203125 0.8622754484374999 0.7854304640625001 0.8371257484375001 0.7947019875 0.7844311375 0.8079470203125 0.766467065625 0.7947019875 0.730538921875 0.7880794703125 0.730538921875 0.781456953125 0.7724550890625 0.781456953125 0.8323353296875 0.791390728125 0.9341317359374999 0.8079470203125 0.8622754484374999
9 0.781456953125 0.838323353125 0.7748344375 0.802395209375 0.7615894046875 0.802395209375 0.7549668875 0.8323353296875 0.7582781453125 0.9520958078125 0.7682119203125 0.9580838328124999 0.781456953125 0.838323353125
9 0.7649006625 0.7964071859375 0.7748344375 0.802395209375 0.781456953125 0.766467065625 0.7781456953125 0.700598803125 0.771523178125 0.6826347312500001 0.7649006625 0.6886227546875 0.7582781453125 0.7245508984375 0.7483443703125 0.736526946875 0.7516556296875 0.8143712578125 0.7649006625 0.7964071859375
9 0.7350993375 0.8742514968749999 0.7483443703125 0.7784431140625 0.7450331125 0.7485029937500001 0.7549668875 0.718562875 0.7516556296875 0.6467065875 0.7384105953125 0.6467065875 0.7317880796875 0.6886227546875 0.718543046875 0.7065868265625 0.7152317874999999 0.7485029937500001 0.7251655625 0.9461077843749999 0.7317880796875 0.9461077843749999 0.7350993375 0.8742514968749999
9 0.7781456953125 0.299401196875 0.804162725 0.388366125 0.7980132453125 0.43113772499999997 0.7880794703125 0.43712574843749996 0.7880794703125 0.48502994062499993 0.7980132453125 0.46706586874999995 0.8178807953125 0.479041915625 0.821192053125 0.44311377187499995 0.811258278125 0.43712574843749996 0.8126773875 0.41573994687500004 0.8228476828125 0.4056886234375 0.8377483437500001 0.2934131734375 0.8145695359375 0.23353293437499997 0.7947019875 0.20958083906249997 0.7880794703125 0.1736526953125 0.7748344375 0.17964071875 0.7748344375 0.22155688593749998 0.7615894046875 0.25149700625000004 0.7615894046875 0.2754491015625 0.7781456953125 0.299401196875
9 0.7171239375 0.33789563437500003 0.7152317874999999 0.3517964078125 0.7256386 0.3644140296875 0.7218543046875 0.3802395203125 0.734153265625 0.39093241875 0.728476821875 0.408682634375 0.7384105953125 0.44910179687499996 0.7317880796875 0.4910179640625 0.7516556296875 0.5029940125000001 0.7682119203125 0.49700598749999997 0.7596972546874999 0.4704875984375 0.7582781453125 0.44311377187499995 0.7682119203125 0.43712574843749996 0.7426679265625 0.4174508140625 0.7152317874999999 0.31736526875000004 0.728476821875 0.305389221875 0.7615894046875 0.305389221875 0.7649006625 0.281437125 0.7582781453125 0.22155688593749998 0.7417218546875 0.22155688593749998 0.7384105953125 0.25748502968750003 0.708609271875 0.3113772453125 0.708609271875 0.32335329375 0.7171239375 0.33789563437500003
9 0.7152317874999999 0.26946107812500003 0.7251655625 0.281437125 0.7384105953125 0.25149700625000004 0.7384105953125 0.22155688593749998 0.7317880796875 0.2035928140625 0.7152317874999999 0.1916167671875 0.708609271875 0.197604790625 0.708609271875 0.22754491093749998 0.7152317874999999 0.23353293437499997 0.7152317874999999 0.26946107812500003
9 0.7152317874999999 0.5029940125000001 0.7152317874999999 0.48502994062499993 0.7019867546875 0.48502994062499993 0.7152317874999999 0.39520958125 0.6953642390625 0.3592814375 0.6953642390625 0.32934131718750004 0.718543046875 0.2934131734375 0.718543046875 0.281437125 0.7152317874999999 0.2395209578125 0.708609271875 0.22754491093749998 0.6953642390625 0.23353293437499997 0.6920529796875 0.2754491015625 0.6821192046875 0.2934131734375 0.6854304640625 0.5029940125000001 0.7152317874999999 0.5029940125000001
14 0.1754966890625 0.48502994062499993 0.21854304687499998 0.48502994062499993 0.24172185468750002 0.46107784374999994 0.2582781453125 0.46107784374999994 0.2847682125 0.4011976046875 0.321192053125 0.371257484375 0.33774834375 0.377245509375 0.350993378125 0.3473053890625 0.3543046359375 0.21556886249999999 0.34768211875 0.21556886249999999 0.3245033109375 0.1676646703125 0.198675496875 0.12574850312500002 0.10927152343749999 0.12574850312500002 0.096026490625 0.13772455156250002 0.0794701984375 0.17964071875 0.076158940625 0.42514969999999996 0.08609271562500001 0.44311377187499995 0.158940396875 0.46107784374999994 0.1754966890625 0.48502994062499993
14 0.5231788078124999 0.42514969999999996 0.5728476828125 0.4191616765625 0.5894039734375001 0.45508982031249995 0.6291390734375 0.45508982031249995 0.6390728484375 0.42514969999999996 0.678807946875 0.4191616765625 0.6854304640625 0.3473053890625 0.6721854296875 0.305389221875 0.6879139078125001 0.2919161671875 0.6854304640625 0.281437125 0.6920529796875 0.26946107812500003 0.7036423843749999 0.2784431140625 0.7649006625 0.22754491093749998 0.771523178125 0.197604790625 0.7822847687500001 0.21107784375 0.7980132453125 0.197604790625 0.8377483437500001 0.281437125 0.8410596031249999 0.38922155625 0.8344370859374999 0.39520958125 0.8344370859374999 0.44910179687499996 0.8443708609374999 0.44910179687499996 0.850993378125 0.43113772499999997 0.8476821187500001 0.42514969999999996 0.8675496687500001 0.38922155625 0.8874172187499999 0.42514969999999996 0.8907284765625001 0.45508982031249995 0.9470198671875 0.44311377187499995 0.9503311265625 0.43113772499999997 0.9403973515624999 0.3473053890625 0.9337748343750001 0.17964071875 0.9271523171875 0.1556886234375 0.9006622515625 0.1497005984375 0.60264900625 0.161676646875 0.5794701984375 0.1916167671875 0.5662251656249999 0.197604790625 0.5662251656249999 0.21556886249999999 0.536423840625 0.26946107812500003 0.5231788078124999 0.335329340625 0.5403973515625 0.33892215625 0.5353200890625 0.3819028625 0.5198675500000001 0.39520958125 0.5231788078124999 0.42514969999999996