1 0.3255208328125 0.40833333281249995 0.32864583281250004 0.38703703749999996 0.3296875 0.3851851859375 0.334375 0.38333333281250004 0.33645833281250004 0.38055555625 0.33541666718749996 0.372222221875 0.33125 0.36759259218749996 0.3145833328125 0.36851851875 0.3135416671875 0.3703703703125 0.3135416671875 0.4074074078125 0.3151041671875 0.409259259375 0.3255208328125 0.40833333281249995
11 0.3697916671875 0.425 0.371875 0.42222222187499997 0.3713541671875 0.4148148140625 0.3682291671875 0.40648148125 0.36875 0.40277777812500004 0.371875 0.3990740734375 0.3802083328125 0.3981481484375 0.3786458328125 0.3925925921875 0.3729166671875 0.3898148140625 0.3651041671875 0.3898148140625 0.3640625 0.39074074062499997 0.3625 0.397222221875 0.3619791671875 0.42129629687500003 0.3635416671875 0.4240740734375 0.3671875 0.425 0.3697916671875 0.425
14 0.275 0.4148148140625 0.2796875 0.4148148140625 0.28958333281250004 0.4203703703125 0.2911458328125 0.41944444374999995 0.2927083328125 0.409259259375 0.2927083328125 0.3879629625 0.2916666671875 0.3796296296875 0.2901041671875 0.3759259265625 0.2848958328125 0.3740740734375 0.2708333328125 0.3740740734375 0.26875 0.3759259265625 0.26614583281250004 0.38148148125 0.2640625 0.3925925921875 0.2635416671875 0.409259259375 0.2645833328125 0.4166666671875 0.2708333328125 0.4175925921875 0.275 0.4148148140625
9 0.5411458328125 0.45 0.5421875 0.434259259375 0.54375 0.4240740734375 0.54375 0.41203703750000004 0.5421875 0.409259259375 0.5395833328124999 0.40833333281249995 0.5364583328125 0.41018518593750003 0.5348958328125 0.4129629625 0.5348958328125 0.44166666718750003 0.5364583328125 0.4546296296875 0.5380208328125 0.4546296296875 0.5411458328125 0.45
9 0.1953125 0.4046296296875 0.1979166671875 0.3861111109375 0.1973958328125 0.3768518515625 0.1963541671875 0.372222221875 0.1927083328125 0.372222221875 0.1895833328125 0.377777778125 0.1890625 0.3953703703125 0.1916666671875 0.40648148125 0.19375 0.40833333281249995 0.1953125 0.4046296296875
9 0.21197916718749998 0.4203703703125 0.2130208328125 0.41944444374999995 0.21354166718749998 0.4166666671875 0.215625 0.39444444375 0.215625 0.384259259375 0.209375 0.3703703703125 0.20833333281250002 0.372222221875 0.20729166718749997 0.3768518515625 0.20729166718749997 0.4166666671875 0.2088541671875 0.41944444374999995 0.21197916718749998 0.4203703703125
9 0.014453125 0.4675925921875 0.014010417187499999 0.4682870375 0.0119791671875 0.465740740625 0.0125 0.475 0.0135416671875 0.475 0.0160416671875 0.46527777812500004 0.018072917187500002 0.46226851875 0.018722587500000002 0.45769980468749993 0.0201041671875 0.459259259375 0.0209703953125 0.45501949374999995 0.0221354171875 0.45625 0.0232182015625 0.45233918125 0.024166667187499997 0.45324074062499997 0.027713815625 0.4469785578125 0.0302083328125 0.447222221875 0.0302083328125 0.46666666718750005 0.0270833328125 0.4768518515625 0.0265625 0.49259259218749996 0.0276041671875 0.49444444374999996 0.0328125 0.49444444374999996 0.0364583328125 0.49259259218749996 0.0421875 0.49351851875 0.0442708328125 0.48981481406249994 0.0453125 0.45 0.0536458328125 0.41944444374999995 0.05243969375 0.41749512656250004 0.0546875 0.4148148140625 0.056770832812500005 0.4175925921875 0.059375 0.4268518515625 0.0609375 0.4268518515625 0.0614583328125 0.425 0.0614583328125 0.41851851875 0.05989583281250001 0.409259259375 0.0546875 0.3898148140625 0.051041667187499994 0.3703703703125 0.0494791671875 0.36666666718749996 0.046875 0.3638888890625 0.04375 0.3490740734375 0.0411458328125 0.34351851875 0.0369791671875 0.34351851875 0.0348958328125 0.34629629687499996 0.0333333328125 0.3611111109375 0.0270833328125 0.3703703703125 0.0208333328125 0.3916666671875 0.022222221875 0.4015432109375 0.0203125 0.4018518515625 0.017708332812499998 0.40833333281249995 0.0166666671875 0.415740740625 0.0171875 0.419135803125 0.0161458328125 0.41944444374999995 0.0151041671875 0.427777778125 0.015312500000000001 0.43814814843749994 0.014583332812499999 0.4388888890625 0.0154166671875 0.44333333281250004 0.0140625 0.44444444375 0.0125 0.4583333328125 0.015234375 0.4583333328125 0.01484375 0.46296296249999996 0.014226973437500002 0.46306042812500003 0.014453125 0.4675925921875
7 0.5494791671875 0.478703703125 0.5520833328125 0.47407407343749997 0.553125 0.47407407343749997 0.5567708328125 0.4824074078125 0.5578125 0.48148148125 0.559375 0.478703703125 0.5598958328125 0.475 0.5583333328125 0.4370370375 0.5567708328125 0.434259259375 0.5536458328125 0.4370370375 0.5510416671875 0.4370370375 0.5489583328125 0.43518518593750005 0.5447916671875 0.44629629687500005 0.5442708328125 0.46296296249999996 0.546875 0.4768518515625 0.5479166671875 0.478703703125 0.5494791671875 0.478703703125
11 0.3401041671875 0.42129629687500003 0.3416666671875 0.41851851875 0.34322916718749996 0.4129629625 0.34322916718749996 0.3916666671875 0.3411458328125 0.38703703749999996 0.3375 0.384259259375 0.3302083328125 0.384259259375 0.328125 0.38703703749999996 0.3260416671875 0.3981481484375 0.3260416671875 0.41851851875 0.3317708328125 0.4175925921875 0.3375 0.42222222187499997 0.3401041671875 0.42129629687500003
9 0.5515625 0.44259259218749997 0.5598958328125 0.44259259218749997 0.5604166671875 0.434259259375 0.559375 0.427777778125 0.55625 0.42129629687500003 0.5546875 0.41018518593750003 0.553125 0.4074074078125 0.5515625 0.4074074078125 0.5494791671875 0.41018518593750003 0.5458333328125 0.42222222187499997 0.5447916671875 0.42592592656250006 0.5447916671875 0.43333333281249997 0.5463541671875001 0.4388888890625 0.5515625 0.44259259218749997
7 0.2442708328125 0.4240740734375 0.24739583281250002 0.41944444374999995 0.2479166671875 0.4166666671875 0.24739583281250002 0.40277777812500004 0.24322916718749998 0.40092592656250003 0.23958333281250002 0.4046296296875 0.2390625 0.415740740625 0.2401041671875 0.4203703703125 0.24114583281250002 0.42314814843750004 0.2442708328125 0.4240740734375
9 0.2484375 0.3990740734375 0.2484375 0.39074074062499997 0.24583333281250003 0.38240740781250004 0.2427083328125 0.38240740781250004 0.2390625 0.39074074062499997 0.23854166718749997 0.3981481484375 0.23958333281250002 0.40092592656250003 0.24739583281250002 0.40092592656250003 0.2484375 0.3990740734375