7 0.409375 0.50555555625 0.4088541671875 0.49259259218749996 0.4078125 0.4888888890625 0.40416666718750005 0.48981481406249994 0.40260416718750003 0.4916666671875 0.40208333281249997 0.50648148125 0.4036458328125 0.5129629625 0.40520833281249996 0.5129629625 0.409375 0.50555555625
1 0.6494791671875 0.509259259375 0.6494791671875 0.5129629625 0.653125 0.51944444375 0.6572916671875 0.522222221875 0.6614583328125 0.5287037031249999 0.6666666671875 0.527777778125 0.6734375 0.5333333328125 0.678125 0.5305555562500001 0.6822916671875 0.5379629625 0.684375 0.5398148140625 0.6890625 0.5398148140625 0.690625 0.5111111109375 0.690625 0.41203703750000004 0.6890625 0.41018518593750003 0.6723958328124999 0.40555555625000006 0.6614583328125 0.40648148125 0.65625 0.41018518593750003 0.6536458328125 0.4166666671875 0.6516666671875 0.4651851859375 0.65 0.4768518515625 0.6505208328125 0.497222221875 0.6515625 0.5 0.6510416671875 0.5074074078125 0.6494791671875 0.509259259375
1 0.6197916671875 0.47222222187499996 0.6182291671875 0.48425925937500003 0.6166666671875001 0.4879629625 0.6078125 0.4888888890625 0.60625 0.48981481406249994 0.6041666671875 0.49444444374999996 0.6041666671875 0.50648148125 0.60625 0.521296296875 0.6072916671875 0.5231481484375 0.615625 0.5231481484375 0.6223958328125 0.527777778125 0.6307291671875 0.5287037031249999 0.6380208328125 0.5351851859375001 0.6421875 0.534259259375 0.6463541671875 0.5296296296875 0.6510416671875 0.534259259375 0.6536458328125 0.5351851859375001 0.6578125 0.5333333328125 0.6588541671875 0.5296296296875 0.6567708328124999 0.525 0.6546875 0.521296296875 0.65 0.5166666671875 0.6510416671875 0.5009259265625 0.6505208328125 0.47407407343749997 0.6515625 0.44444444375 0.653125 0.4361111109375 0.6526041671875 0.42870370312499995 0.6489583328124999 0.4268518515625 0.6307291671875 0.42592592656250006 0.625 0.4240740734375 0.6140625 0.4240740734375 0.6098958328124999 0.427777778125 0.6104166671875 0.43518518593750005 0.6161458328125 0.4453703703125 0.6192708328125 0.4546296296875 0.6197916671875 0.47222222187499996
7 0.3411458328125 0.5888888890625 0.3447916671875 0.5898148140624999 0.3458333328125 0.5870370375 0.346875 0.5731481484375001 0.3479166671875 0.571296296875 0.35104166718749996 0.5703703703125 0.3567708328125 0.5601851859375 0.3567708328125 0.55648148125 0.3541666671875 0.547222221875 0.353125 0.5305555562500001 0.35104166718749996 0.51851851875 0.3489583328125 0.5148148140625 0.33645833281250004 0.515740740625 0.334375 0.521296296875 0.3338541671875 0.5259259265625 0.3333333328125 0.5398148140625 0.3348958328125 0.5666666671875 0.3390625 0.5768518515625 0.3411458328125 0.5888888890625
9 0.4114583328125 0.4879629625 0.4114583328125 0.48148148125 0.40833333281249995 0.46666666718750005 0.40729166718750004 0.465740740625 0.4046875 0.4703703703125 0.4015625 0.48148148125 0.40208333281249997 0.4888888890625 0.41041666718750003 0.48981481406249994 0.4114583328125 0.4879629625
9 0.3223958328125 0.509259259375 0.3223958328125 0.5120370375000001 0.3244791671875 0.527777778125 0.3265625 0.5314814812499999 0.328125 0.54351851875 0.3309895828125 0.5513888890625 0.3265625 0.5546296296875 0.3265625 0.5620370375 0.32864583281250004 0.565740740625 0.3328125 0.565740740625 0.3338541671875 0.5629629625 0.3328125 0.5287037031249999 0.334375 0.51944444375 0.33645833281250004 0.515740740625 0.33809027812500003 0.5169135812500001 0.3369791671875 0.5218518515625 0.33940972187499996 0.5239506171875 0.3419791671875 0.5233333328125 0.341840278125 0.5260493828125 0.3439236109375 0.5265432109375 0.34781249999999997 0.5329629625 0.34913194375 0.532345678125 0.34975694375 0.5361728390625 0.3536458328125 0.5425925921875 0.3546875 0.5546296296875 0.3552083328125 0.5574074078125 0.3567708328125 0.559259259375 0.3578125 0.5555555562500001 0.35885416718749996 0.540740740625 0.35399305625 0.5365432109375 0.353125 0.5287037031249999 0.3565104171875 0.527777778125 0.359375 0.525 0.35989583281250004 0.521296296875 0.3604166671875 0.50648148125 0.3583333328125 0.502777778125 0.35989583281250004 0.47407407343749997 0.35885416718749996 0.4675925921875 0.3567708328125 0.4620370375 0.3526041671875 0.45648148125 0.3552083328125 0.44259259218749997 0.3541666671875 0.43518518593750005 0.35208333281250004 0.43148148124999997 0.3494791671875 0.4296296296875 0.3447916671875 0.43055555625 0.3385416671875 0.434259259375 0.3369791671875 0.44166666718750003 0.3369791671875 0.4546296296875 0.3291666671875 0.46388888906250003 0.3244791671875 0.475 0.3244791671875 0.49444444374999996 0.32836805625 0.5008641968750001 0.3244791671875 0.5046296296875 0.3223958328125 0.509259259375
9 0.5625 0.5166666671875 0.5640625 0.521296296875 0.5677083328125 0.5231481484375 0.5666666671875 0.522222221875 0.5665625000000001 0.5188888890625 0.5642708328125 0.5103703703125 0.5651041671875 0.5078703703125 0.5682291671875 0.50648148125 0.5677083328125 0.4990740734375 0.565625 0.49629629687500004 0.5640625 0.49629629687500004 0.5625 0.4990740734375 0.5619791671875001 0.5018518515625 0.563125 0.5061111109375 0.5619791671875001 0.509259259375 0.5625 0.5166666671875
9 0.7640625 0.5166666671875 0.7645833328125 0.54444444375 0.7661458328124999 0.5509259265625001 0.7677083328125 0.553703703125 0.7729166671875001 0.5555555562500001 0.7744791671875 0.5546296296875 0.7755208328125 0.5518518515624999 0.7744791671875 0.5379629625 0.775 0.5231481484375 0.7760416671875 0.5175925921875 0.7791666671875 0.5101851859375001 0.7796875 0.4990740734375 0.7776041671875 0.4888888890625 0.7729166671875001 0.4796296296875 0.7708333328125 0.4703703703125 0.7682291671875 0.4675925921875 0.7661458328124999 0.46851851875 0.7640625 0.48425925937500003 0.7614583328125 0.49351851875 0.7614583328125 0.502777778125 0.7640625 0.5166666671875
9 0.5552083328124999 0.5111111109375 0.5583333328125 0.521296296875 0.5598958328125 0.522222221875 0.5609375 0.51944444375 0.5575 0.50555555625 0.5583333328125 0.5009259265625 0.5614583328125 0.5 0.5614583328125 0.4953703703125 0.5583333328125 0.4916666671875 0.5567708328125 0.4916666671875 0.5557291671875 0.49351851875 0.5552083328124999 0.49629629687500004 0.5563541671875 0.5009259265625 0.5552083328124999 0.5018518515625 0.5552083328124999 0.5111111109375
1 0.896875 0.5425925921875 0.9130208328125 0.540740740625 0.9307291671875 0.54351851875 0.9322916671874999 0.5453703703125 0.9333333328125001 0.5509259265625001 0.9385416671875 0.5638888890625 0.9453125 0.5731481484375001 0.9484375 0.575 0.9567708328125001 0.575 0.9588541671874999 0.5731481484375001 0.9640625 0.5648148140625 0.96875 0.553703703125 0.96875 0.5453703703125 0.9661458328125001 0.5398148140625 0.9630208328125001 0.5379629625 0.95625 0.5287037031249999 0.9526041671875 0.515740740625 0.9494791671874999 0.48703703750000005 0.9494791671874999 0.48055555625 0.9505208328125001 0.475 0.9526041671875 0.465740740625 0.9609375 0.447222221875 0.9661458328125001 0.44259259218749997 0.9682291671875 0.4388888890625 0.9729166671874999 0.4361111109375 0.9807291671874999 0.42222222187499997 0.984375 0.41944444374999995 0.9916666671875 0.4175925921875 0.9953125 0.4148148140625 0.9979166671874999 0.41018518593750003 0.9994791671875 0.41018518593750003 0.9994791671875 0.3611111109375 0.9916666671875 0.35925925937500003 0.9723958328125001 0.3583333328125 0.9567708328125001 0.353703703125 0.9255208328125001 0.35555555625 0.9161458328125001 0.3574074078125 0.9078125 0.3611111109375 0.90625 0.3648148140625 0.9036458328125001 0.377777778125 0.8994791671875 0.38055555625 0.8973958328125 0.384259259375 0.8963541671874999 0.3888888890625 0.8953125 0.41111111093749997 0.8916666671875 0.44629629687500005 0.8901041671875 0.4546296296875 0.8885416671874999 0.4888888890625 0.8875 0.49629629687500004 0.8859375 0.5259259265625 0.8890625 0.5388888890625 0.890625 0.5416666671875 0.896875 0.5425925921875
1 0.7182291671875001 0.5351851859375001 0.7197916671875 0.5370370375 0.7291666671875 0.5379629625 0.7317708328125 0.5398148140625 0.7354166671875 0.5453703703125 0.740625 0.546296296875 0.7432291671875 0.54444444375 0.7479166671875 0.5379629625 0.7510416671875 0.5361111109375 0.7598958328125 0.5370370375 0.7614583328125 0.5351851859375001 0.7630208328125 0.5296296296875 0.7625 0.515740740625 0.7609375 0.50648148125 0.7609375 0.49351851875 0.7645833328125 0.4703703703125 0.7666666671875 0.465740740625 0.7682291671875 0.465740740625 0.7713541671875 0.4703703703125 0.7729166671875001 0.4768518515625 0.7765625 0.48425925937500003 0.7802083328125 0.49629629687500004 0.7817708328124999 0.5083333328124999 0.7817708328124999 0.5314814812499999 0.7822916671875 0.5370370375 0.7833333328125 0.5388888890625 0.7880208328125 0.5398148140625 0.7953125 0.54444444375 0.8005208328125001 0.54444444375 0.8036458328125 0.540740740625 0.8078125 0.5388888890625 0.8135416671875 0.5398148140625 0.8182291671874999 0.54444444375 0.8270833328125 0.54444444375 0.8291666671875 0.5370370375 0.8375 0.5361111109375 0.8401041671874999 0.5398148140625 0.8421875 0.546296296875 0.8463541671874999 0.5509259265625001 0.8567708328125001 0.5509259265625001 0.8588541671875 0.5490740734374999 0.8625 0.5416666671875 0.8666666671875 0.5388888890625 0.8744791671875 0.5398148140625 0.8791666671874999 0.547222221875 0.8828125 0.547222221875 0.8848958328125001 0.54444444375 0.8854166671874999 0.5370370375 0.8838541671875 0.527777778125 0.8838541671875 0.51944444375 0.8890625 0.45 0.8916666671875 0.4268518515625 0.8916666671875 0.4175925921875 0.890625 0.415740740625 0.8489583328125001 0.41203703750000004 0.8385416671874999 0.409259259375 0.8286458328125 0.41018518593750003 0.8223958328125001 0.40833333281249995 0.8041666671875 0.4074074078125 0.7963541671875001 0.40555555625000006 0.7895833328124999 0.40648148125 0.7791666671875 0.403703703125 0.740625 0.4 0.7338541671875001 0.397222221875 0.7182291671875001 0.397222221875 0.7166666671875 0.3990740734375 0.7161458328125 0.40277777812500004 0.7166666671875 0.42592592656250006 0.7151041671875 0.5129629625 0.7161458328125 0.5287037031249999 0.7182291671875001 0.5351851859375001