11 0.3390625 0.5796296296875 0.35 0.5731481484375001 0.35208333281250004 0.5666666671875 0.353125 0.5490740734374999 0.35885416718749996 0.5379629625 0.3572916671875 0.5240740734375 0.3541666671875 0.51851851875 0.3458333328125 0.51944444375 0.33645833281250004 0.5231481484375 0.334375 0.525 0.3322916671875 0.5305555562500001 0.3322916671875 0.5527777781250001 0.3307291671875 0.5740740734374999 0.3338541671875 0.5796296296875 0.3390625 0.5796296296875
11 0.3 0.5888888890625 0.3036458328125 0.5898148140624999 0.3067708328125 0.5870370375 0.3203125 0.5861111109375 0.3328125 0.577777778125 0.3333333328125 0.540740740625 0.3328125 0.5370370375 0.33125 0.534259259375 0.3291666671875 0.5324074078125001 0.3239583328125 0.5314814812499999 0.315625 0.5324074078125001 0.3010416671875 0.5416666671875 0.2994791671875 0.5453703703125 0.3 0.559259259375 0.29739583281250004 0.5694444437499999 0.29739583281250004 0.5824074078125 0.3 0.5888888890625
11 0.896875 0.5527777781250001 0.9005208328125001 0.5509259265625001 0.9046875 0.5416666671875 0.9145833328125 0.5324074078125001 0.9192708328125001 0.5259259265625 0.9239583328125001 0.5259259265625 0.928125 0.522222221875 0.9328125 0.5203703703125 0.9473958328125001 0.51851851875 0.9505208328125001 0.515740740625 0.9609375 0.515740740625 0.9630208328125001 0.5129629625 0.9630208328125001 0.509259259375 0.9583333328125001 0.497222221875 0.9541666671875 0.49444444374999996 0.9296875 0.49351851875 0.9192708328125001 0.4953703703125 0.9083333328125001 0.4953703703125 0.9036458328125001 0.497222221875 0.9 0.503703703125 0.8947916671874999 0.525 0.89375 0.5324074078125001 0.89375 0.54351851875 0.8942708328125001 0.547222221875 0.896875 0.5527777781250001
11 0.8270833328125 0.5601851859375 0.8369791671875 0.5629629625 0.8489583328125001 0.5620370375 0.8505208328125 0.5583333328125 0.8510416671875 0.546296296875 0.8526041671875 0.540740740625 0.8541666671874999 0.5398148140625 0.8598958328125 0.5425925921875 0.865625 0.5425925921875 0.86875 0.540740740625 0.8703125 0.5379629625 0.8703125 0.5296296296875 0.8682291671875 0.5175925921875 0.8666666671875 0.4990740734375 0.8661458328125 0.49629629687500004 0.8645833328125001 0.49444444374999996 0.8234375 0.49444444374999996 0.8177083328125001 0.497222221875 0.8135416671875 0.497222221875 0.8109375 0.503703703125 0.80625 0.522222221875 0.80625 0.5324074078125001 0.8104166671874999 0.5611111109375 0.8270833328125 0.5601851859375
11 0.5984375 0.5148148140625 0.5984375 0.5 0.5979166671875 0.4953703703125 0.596875 0.49351851875 0.5911458328125 0.49351851875 0.5885416671875 0.49629629687500004 0.5875 0.5 0.5875 0.5166666671875 0.59375 0.5175925921875 0.5973958328125 0.5166666671875 0.5984375 0.5148148140625
11 0.5744791671875 0.5171296296875 0.58125 0.51944444375 0.5833333328125 0.5166666671875 0.577777778125 0.5138888890625 0.5776041671875001 0.5083333328124999 0.5833333328125 0.50555555625 0.5822916671875 0.497222221875 0.58125 0.4953703703125 0.5755208328125 0.49444444374999996 0.56875 0.497222221875 0.5666666671875 0.5083333328124999 0.5666666671875 0.51944444375 0.5677083328125 0.521296296875 0.5744791671875 0.5171296296875
11 0.53125 0.5240740734375 0.5322916671875 0.5259259265625 0.5375 0.527777778125 0.5427083328125 0.5240740734375 0.5421875 0.515740740625 0.5395833328124999 0.5046296296875 0.5369791671875 0.502777778125 0.5255208328125 0.502777778125 0.5239583328124999 0.5046296296875 0.5265625 0.5111111109375 0.5296875 0.5138888890625 0.53125 0.5240740734375
2 0.5085416671874999 0.5070370375000001 0.5083333328124999 0.509259259375 0.5067708328125 0.5074074078125 0.4994791671875 0.509259259375 0.4994791671875 0.5305555562500001 0.5072916671875001 0.5305555562500001 0.5088541671875 0.525 0.5086805562500001 0.5197530859375 0.5141927078124999 0.5215277781250001 0.5140625 0.5268518515625 0.5151041671875001 0.5287037031249999 0.5229166671875001 0.5296296296875 0.5260416671875 0.527777778125 0.5296875 0.527777778125 0.5307291671875001 0.5259259265625 0.5307291671875001 0.51851851875 0.5296875 0.5138888890625 0.5177083328125 0.5046296296875 0.5145833328125 0.50555555625 0.514453125 0.5108796296875 0.5115624999999999 0.506296296875 0.5085416671874999 0.5070370375000001
2 0.2682291671875 0.597222221875 0.271875 0.5981481484375 0.2744791671875 0.5944444437499999 0.275 0.578703703125 0.2765625 0.5740740734374999 0.2791666671875 0.5722222218749999 0.28854166718749996 0.5731481484375001 0.290625 0.577777778125 0.2916666671875 0.5879629625 0.29375 0.590740740625 0.2953125 0.5898148140624999 0.29739583281250004 0.5648148140625 0.29635416718749996 0.5527777781250001 0.2947916671875 0.55 0.2911458328125 0.5481481484375 0.2723958328125 0.5490740734374999 0.26875 0.5527777781250001 0.2677083328125 0.5583333328125 0.2666666671875 0.565740740625 0.2666666671875 0.5851851859375 0.2671875 0.5953703703125 0.2682291671875 0.597222221875
1 0.6541666671875 0.521296296875 0.6572916671875 0.521296296875 0.6609375 0.5240740734375 0.6630208328125 0.5240740734375 0.6666666671875 0.521296296875 0.6729166671875 0.521296296875 0.675 0.5175925921875 0.6755208328125 0.5074074078125 0.6765625 0.50555555625 0.678125 0.50555555625 0.6796875 0.509259259375 0.6807291671875 0.5175925921875 0.6848958328125 0.5101851859375001 0.6864583328125 0.5046296296875 0.6875 0.4824074078125 0.6864583328125 0.47407407343749997 0.684375 0.4703703703125 0.6807291671875 0.4675925921875 0.6630208328125 0.4675925921875 0.6598958328125 0.46944444374999994 0.6505208328125 0.46944444374999994 0.6479166671875001 0.4731481484375 0.6458333328125 0.49444444374999996 0.6453125 0.5120370375000001 0.65 0.5240740734375 0.6515625 0.5240740734375 0.6541666671875 0.521296296875
9 0.1708333328125 0.6166666671875001 0.1729166671875 0.6111111109375 0.1760416671875 0.5962962968750001 0.175 0.5666666671875 0.1729166671875 0.5583333328125 0.1697916671875 0.553703703125 0.1661458328125 0.5555555562500001 0.1630208328125 0.5638888890625 0.1625 0.5768518515625 0.1651041671875 0.5990740734375 0.1677083328125 0.615740740625 0.1708333328125 0.6166666671875001
9 0.35 0.5830246921875 0.3489583328125 0.5833333328125 0.34981060625 0.5880471375 0.3489583328125 0.5888888890625 0.35066287812499997 0.5927609421875 0.3494791671875 0.597222221875 0.35 0.6009259265625 0.35208333281250004 0.60648148125 0.353219696875 0.60690235625 0.355776515625 0.6210437718749999 0.3557291671875 0.6236111109375 0.353125 0.6231481484375 0.3515625 0.627777778125 0.353125 0.6351851859375001 0.3557291671875 0.6370370375000001 0.3572916671875 0.6370370375000001 0.3583333328125 0.6351851859375001 0.3566287875 0.6257575765625 0.3583333328125 0.6240740734375 0.3578125 0.6166666671875001 0.3557291671875 0.609259259375 0.3567708328125 0.603703703125 0.3556423609375 0.6013888890625 0.3583333328125 0.5953703703125 0.3614583328125 0.5935185187500001 0.3703125 0.5935185187500001 0.3734375 0.5953703703125 0.3760416671875 0.6 0.3776041671875 0.621296296875 0.3802083328125 0.63055555625 0.38125 0.628703703125 0.3828125 0.615740740625 0.3838541671875 0.5944444437499999 0.3838541671875 0.5824074078125 0.3807291671875 0.58055555625 0.3802083328125 0.5759259265625001 0.38125 0.5722222218749999 0.3848958328125 0.5703703703125 0.3854166671875 0.5629629625 0.38125 0.5490740734374999 0.3760416671875 0.5398148140625 0.3760416671875 0.5370370375 0.378125 0.5296296296875 0.378125 0.521296296875 0.3765625 0.515740740625 0.3729166671875 0.5120370375000001 0.3703125 0.515740740625 0.3645833328125 0.5175925921875 0.3625 0.5231481484375 0.3614583328125 0.5370370375 0.3572916671875 0.5416666671875 0.3526041671875 0.5527777781250001 0.353515625 0.5673611109375 0.35104166718749996 0.577777778125 0.3494791671875 0.58055555625 0.35 0.5830246921875
9 0.5140625 0.5305555562500001 0.5145833328125 0.51944444375 0.5140625 0.50555555625 0.5130208328125 0.503703703125 0.5098958328125 0.503703703125 0.5083333328124999 0.5074074078125 0.5083333328124999 0.525 0.5098958328125 0.5324074078125001 0.5130208328125 0.534259259375 0.5140625 0.5305555562500001
9 0.540625 0.5138888890625 0.5411458328125 0.51851851875 0.5421875 0.5240740734375 0.5442708328125 0.525 0.5453125 0.5240740734375 0.544140625 0.5192129624999999 0.5458333328125 0.5129629625 0.5458333328125 0.5083333328124999 0.5442708328125 0.5018518515625 0.5416666671875 0.502777778125 0.540625 0.5046296296875 0.540625 0.509259259375 0.541796875 0.509490740625 0.540625 0.5138888890625
9 0.1494791671875 0.6175925921875 0.1505208328125 0.615740740625 0.15 0.5916666671875 0.14791666718750002 0.5675925921875 0.1463541671875 0.559259259375 0.1463541671875 0.5509259265625001 0.1427083328125 0.546296296875 0.140625 0.55 0.1395833328125 0.5546296296875 0.1390625 0.5675925921875 0.1427083328125 0.603703703125 0.1447916671875 0.6129629624999999 0.1494791671875 0.6175925921875
9 0.5776041671875001 0.5083333328124999 0.5760416671875 0.503703703125 0.5723958328125 0.503703703125 0.571875 0.5175925921875 0.5760416671875 0.51851851875 0.5776041671875001 0.5138888890625 0.5776041671875001 0.5083333328124999
9 0.6322916671875001 0.525 0.6359375 0.521296296875 0.6359375 0.515740740625 0.6348958328125 0.5120370375000001 0.6322916671875001 0.5083333328124999 0.6302083328125 0.502777778125 0.6260416671875 0.5120370375000001 0.625 0.515740740625 0.625 0.5203703703125 0.6265625 0.5259259265625 0.6322916671875001 0.525
9 0.6765625 0.5398148140625 0.67625 0.543703703125 0.6770833328125 0.5453703703125 0.6770833328125 0.553703703125 0.6786458328125 0.5555555562500001 0.6807291671875 0.553703703125 0.6807291671875 0.547222221875 0.678125 0.5328703703125 0.6807291671875 0.5324074078125001 0.6822916671875 0.51944444375 0.6822916671875 0.5120370375000001 0.68125 0.5083333328124999 0.6791666671875001 0.50555555625 0.6765625 0.50555555625 0.6739583328125 0.5101851859375001 0.6739583328125 0.51944444375 0.6758333328125 0.538703703125 0.6765625 0.5398148140625
7 0.8583333328125 0.578703703125 0.8645833328125001 0.578703703125 0.8666666671875 0.5768518515625 0.8708333328125001 0.5694444437499999 0.8770833328125001 0.571296296875 0.8791666671874999 0.56851851875 0.884375 0.5666666671875 0.8916666671875 0.5675925921875 0.89375 0.5601851859375 0.8911458328125 0.5333333328125 0.8895833328125 0.5259259265625 0.8895833328125 0.515740740625 0.8885416671874999 0.5129629625 0.8848958328125001 0.5129629625 0.8828125 0.5166666671875 0.88125 0.5324074078125001 0.8729166671874999 0.534259259375 0.8692708328125001 0.5398148140625 0.8640625 0.54351851875 0.8604166671875 0.54351851875 0.8567708328125001 0.5379629625 0.8536458328125001 0.5370370375 0.8526041671875 0.5398148140625 0.85 0.5509259265625001 0.8515625 0.565740740625 0.8541666671874999 0.5731481484375001 0.8583333328125 0.578703703125
7 0.6364583328125 0.54444444375 0.6354166671875 0.525 0.634375 0.5231481484375 0.6307291671875 0.5240740734375 0.6291666671875 0.525 0.628125 0.527777778125 0.6276041671875 0.546296296875 0.6302083328125 0.5546296296875 0.6338541671875 0.5555555562500001 0.6364583328125 0.54444444375
9 0.2322916671875 0.6166666671875001 0.23958333281250002 0.615740740625 0.2401041671875 0.6101851859375 0.23697916718749998 0.5851851859375 0.23697916718749998 0.54444444375 0.2348958328125 0.5379629625 0.2322916671875 0.5333333328125 0.2286458328125 0.5305555562500001 0.2265625 0.5314814812499999 0.22552083281250002 0.534259259375 0.2252083328125 0.5498148140625 0.225 0.58148148125 0.2260416671875 0.5916666671875 0.23020833281250003 0.6138888890625 0.2322916671875 0.6166666671875001
7 0.5760416671875 0.5333333328125 0.5770833328125 0.5305555562500001 0.5765625 0.51944444375 0.5755208328125 0.5175925921875 0.5723958328125 0.5175925921875 0.5713541671875 0.5203703703125 0.5708333328124999 0.525 0.571875 0.5324074078125001 0.5729166671875 0.534259259375 0.5760416671875 0.5333333328125
9 0.2526041671875 0.602777778125 0.2536458328125 0.6009259265625 0.25625 0.578703703125 0.25625 0.5666666671875 0.2536458328125 0.5546296296875 0.2520833328125 0.5527777781250001 0.25052083281250004 0.553703703125 0.24739583281250002 0.5648148140625 0.246875 0.575 0.24895833281250002 0.6009259265625 0.25 0.602777778125 0.2526041671875 0.602777778125
1 0.6890625 0.5333333328125 0.6916666671875 0.5388888890625 0.6947916671875001 0.5416666671875 0.6984375 0.5416666671875 0.7020833328125 0.5379629625 0.7036458328124999 0.534259259375 0.7067708328125 0.515740740625 0.7083333328125 0.5111111109375 0.7114583328124999 0.50555555625 0.7177083328125 0.4981481484375 0.7473958328125 0.4861111109375 0.7526041671875 0.48333333281249996 0.7729166671875001 0.4796296296875 0.7723958328125 0.48333333281249996 0.778125 0.490740740625 0.7890625 0.49629629687500004 0.7911458328125 0.49629629687500004 0.7916666671875 0.49444444374999996 0.7916666671875 0.4879629625 0.7911458328125 0.48518518593750004 0.7895833328124999 0.48333333281249996 0.7833333328125 0.4824074078125 0.7760416671875 0.4768518515625 0.7499751984375 0.48324515 0.7496212124999999 0.48442760937499996 0.7473462296875 0.4831569671875 0.7470328281249999 0.48496071875 0.7447172625 0.4830687828125 0.74444444375 0.4854938265625 0.74375 0.4865740734375 0.74208829375 0.4829806 0.7418560609375 0.48602693593749996 0.739459325 0.48289241718750003 0.7392676765624999 0.48656004375000006 0.7368303578125001 0.4828042328125 0.7366792921875 0.487093153125 0.7372395828125 0.4888888890625 0.734375 0.490740740625 0.7342013890625 0.4827160484375 0.6973958328125 0.48148148125 0.6927083328125 0.48333333281249996 0.6890625 0.48981481406249994 0.690088384375 0.49668911250000003 0.6875 0.497222221875 0.6866319437499999 0.5030864187499999 0.6848958328125 0.5148148140625 0.6848958328125 0.525 0.6875 0.5324074078125001 0.6890625 0.5333333328125
7 0.3578125 0.6361111109375 0.3625 0.6583333328125 0.3645833328125 0.6611111109375 0.36666666718749996 0.6583333328125 0.3682291671875 0.6518518515625 0.3708333328125 0.6490740734375 0.378125 0.6361111109375 0.3802083328125 0.6296296296875 0.3802083328125 0.6268518515625 0.3776041671875 0.61944444375 0.3760416671875 0.6 0.3723958328125 0.5898148140624999 0.3661458328125 0.5870370375 0.3614583328125 0.5879629625 0.35885416718749996 0.5898148140624999 0.3572916671875 0.5962962968750001 0.3557291671875 0.60555555625 0.35625 0.6231481484375 0.3572916671875 0.6259259265625 0.3578125 0.6361111109375