9 0.754024621875 0.540740740625 0.7526041671875 0.5416666671875 0.7526041671875 0.546296296875 0.7536458328125 0.5518518515624999 0.7540625000000001 0.5694444437499999 0.7546875 0.571296296875 0.7541666671875 0.5879629625 0.75625 0.590740740625 0.7588541671875 0.590740740625 0.7604166671875 0.5888888890625 0.7604166671875 0.5824074078125 0.7589962124999999 0.5731481484375001 0.7572916671875001 0.5694444437499999 0.7598958328125 0.5675925921875 0.7630208328125 0.534259259375 0.7619791671875 0.51851851875 0.7598958328125 0.5129629625 0.7567708328125 0.5148148140625 0.753125 0.5287037031249999 0.7526041671875 0.5314814812499999 0.75331439375 0.5361111109375 0.7526041671875 0.5370370375 0.754024621875 0.540740740625
9 0.0286458328125 0.625 0.0283482140625 0.6272486765624999 0.029166667187500002 0.6268518515625 0.0296875 0.628703703125 0.028943453125 0.6320105828125 0.0302083328125 0.6361111109375 0.029538690625000003 0.6367724875 0.0317708328125 0.6555555562500001 0.0333333328125 0.659259259375 0.0380208328125 0.659259259375 0.0390625 0.6574074078125001 0.035056089062500004 0.6400284890625 0.0364583328125 0.63487654375 0.0395833328125 0.634259259375 0.040625 0.6240740734375 0.0427083328125 0.615740740625 0.0427083328125 0.5990740734375 0.0385416671875 0.5851851859375 0.0364583328125 0.58148148125 0.0333333328125 0.5833333328125 0.0270833328125 0.5953703703125 0.0260416671875 0.603703703125 0.028044871875 0.609615384375 0.0265625 0.6129629624999999 0.0286458328125 0.625
2 0.08645833281250001 0.64444444375 0.0880208328125 0.6490740734375 0.0927083328125 0.6490740734375 0.09375 0.647222221875 0.0958333328125 0.60555555625 0.0979166671875 0.5962962968750001 0.0979166671875 0.590740740625 0.096875 0.5870370375 0.0958333328125 0.575 0.09322916718749999 0.5703703703125 0.0838541671875 0.5722222218749999 0.0817708328125 0.5740740734374999 0.0796875 0.584259259375 0.0796875 0.603703703125 0.0817708328125 0.6148148140624999 0.08541666718749999 0.6240740734375 0.08645833281250001 0.64444444375
2 0.5036458328125 0.5370370375 0.5083333328124999 0.534259259375 0.5145833328125 0.534259259375 0.5182291671875 0.5361111109375 0.5203125 0.5314814812499999 0.5203125 0.525 0.5182291671875 0.515740740625 0.515625 0.5101851859375001 0.5104166671875 0.5046296296875 0.490625 0.5046296296875 0.48541666718750004 0.509259259375 0.4838541671875 0.5120370375000001 0.4828125 0.5175925921875 0.48229166718750005 0.534259259375 0.4838541671875 0.5370370375 0.4927083328125 0.5351851859375001 0.5036458328125 0.5370370375
2 0.6635416671875001 0.5111111109375 0.6625 0.5074074078125 0.659375 0.503703703125 0.653125 0.5018518515625 0.6505208328125 0.5018518515625 0.6484375 0.5046296296875 0.6484375 0.5324074078125001 0.6625 0.534259259375 0.6640625 0.5314814812499999 0.6635416671875001 0.5111111109375
2 0.9854166671875 0.6175925921875 0.9953125 0.61851851875 0.9984375 0.6138888890625 0.9994791671875 0.6138888890625 0.9692361109375 0.5801851859375 0.9684606484374999 0.5741769546875 0.987847221875 0.5422839515625 0.9880208328125001 0.5398148140625 0.9911458328125 0.5379629625 0.9927083328125 0.5333333328125 0.9994791671875 0.5231481484375 0.9958333328125001 0.5231481484375 0.9932291671875 0.525 0.9859375 0.5416666671875 0.9828125 0.5425925921875 0.978125 0.547222221875 0.9713541671874999 0.5490740734374999 0.9697916671875 0.5518518515624999 0.96875 0.559259259375 0.9651041671874999 0.571296296875 0.9645833328125001 0.602777778125 0.9661458328125001 0.60648148125 0.9786458328125001 0.609259259375 0.9854166671875 0.6175925921875
2 0.9296875 0.597222221875 0.9348958328125001 0.60555555625 0.9385416671875 0.60648148125 0.9453125 0.6009259265625 0.9619791671875 0.602777778125 0.9635416671874999 0.6009259265625 0.9651041671874999 0.5935185187500001 0.9666666671874999 0.5694444437499999 0.9692708328125 0.553703703125 0.971875 0.55 0.978125 0.5481481484375 0.9895833328125001 0.5398148140625 0.996875 0.5287037031249999 0.9994791671875 0.527777778125 0.9994791671875 0.522222221875 0.9776041671875 0.521296296875 0.9703125 0.522222221875 0.9671875 0.5240740734375 0.9651041671874999 0.5259259265625 0.9625 0.5314814812499999 0.9541666671875 0.540740740625 0.9489583328125001 0.54444444375 0.9458333328125 0.5490740734374999 0.9432291671874999 0.55 0.9307291671875 0.5611111109375 0.9265625 0.5675925921875 0.925 0.5722222218749999 0.9239583328125001 0.577777778125 0.9239583328125001 0.584259259375 0.9265625 0.5944444437499999 0.9296875 0.597222221875
2 0.8979166671875 0.5962962968750001 0.9020833328125001 0.5981481484375 0.9046875 0.5981481484375 0.9109375 0.5935185187500001 0.9145833328125 0.5925925921874999 0.9197916671874999 0.597222221875 0.9234375 0.5981481484375 0.9244791671874999 0.5953703703125 0.9234375 0.5851851859375 0.9239583328125001 0.5740740734374999 0.9255208328125001 0.5675925921875 0.9296875 0.5620370375 0.9463541671875 0.5481481484375 0.9479166671874999 0.5453703703125 0.9619791671875 0.5324074078125001 0.9635416671874999 0.525 0.959375 0.5231481484375 0.9526041671875 0.5231481484375 0.93125 0.5314814812499999 0.9171875 0.54351851875 0.9072916671875 0.546296296875 0.9010416671874999 0.5509259265625001 0.8958333328125001 0.5518518515624999 0.8916666671875 0.5555555562500001 0.8854166671874999 0.5574074078125 0.8822916671875 0.5620370375 0.88125 0.565740740625 0.88125 0.5870370375 0.8822916671875 0.5888888890625 0.8916666671875 0.5898148140624999 0.8979166671875 0.5962962968750001
2 0.8234375 0.5759259265625001 0.8338541671874999 0.5768518515625 0.8411458328125001 0.5824074078125 0.8463541671874999 0.5833333328125 0.8489583328125001 0.5824074078125 0.85 0.58055555625 0.8510416671875 0.5361111109375 0.8494791671874999 0.5259259265625 0.8453125 0.5268518515625 0.8338541671874999 0.5388888890625 0.8234375 0.5388888890625 0.8213541671875 0.540740740625 0.81875 0.546296296875 0.8161458328125001 0.5583333328125 0.8161458328125001 0.5675925921875 0.8177083328125001 0.5731481484375001 0.8234375 0.5759259265625001
2 0.659375 0.5351851859375001 0.6619791671875 0.5351851859375001 0.6640625 0.5333333328125 0.6645833328124999 0.515740740625 0.6630208328125 0.5074074078125 0.6598958328125 0.502777778125 0.653125 0.5009259265625 0.6494791671875 0.5018518515625 0.6479166671875001 0.5046296296875 0.6473958328125 0.5240740734375 0.6484375 0.5324074078125001 0.6494791671875 0.534259259375 0.659375 0.5351851859375001
7 0.5807291671875 0.547222221875 0.5828125 0.5370370375 0.5828125 0.5231481484375 0.5807291671875 0.5166666671875 0.5786458328124999 0.5166666671875 0.575 0.522222221875 0.5744791671875 0.5388888890625 0.5765625 0.5481481484375 0.5791666671875 0.55 0.5807291671875 0.547222221875
7 0.5973958328125 0.5166666671875 0.5947916671875 0.5138888890625 0.5921875 0.515740740625 0.5916666671875 0.51851851875 0.5927083328125 0.5305555562500001 0.5973958328125 0.5305555562500001 0.5973958328125 0.5166666671875
7 0.3729166671875 0.6324074078125 0.3802083328125 0.6203703703125 0.384375 0.6101851859375 0.3875 0.60648148125 0.3875 0.6009259265625 0.384375 0.5953703703125 0.38333333281250004 0.5796296296875 0.3796875 0.5722222218749999 0.3734375 0.5694444437499999 0.36770833281250004 0.5694444437499999 0.36666666718749996 0.571296296875 0.3651041671875 0.58055555625 0.3661458328125 0.609259259375 0.3703125 0.63055555625 0.3729166671875 0.6324074078125
11 0.1682291671875 0.6351851859375001 0.1734375 0.6425925921875 0.1776041671875 0.6416666671875 0.1848958328125 0.63055555625 0.1895833328125 0.6351851859375001 0.1927083328125 0.6351851859375001 0.19583333281249998 0.6240740734375 0.2026041671875 0.621296296875 0.20833333281250002 0.621296296875 0.2130208328125 0.627777778125 0.2171875 0.627777778125 0.2208333328125 0.622222221875 0.2260416671875 0.621296296875 0.2322916671875 0.6074074078125 0.23333333281250002 0.6 0.2328125 0.578703703125 0.23020833281250003 0.5509259265625001 0.2286458328125 0.5416666671875 0.22552083281250002 0.5305555562500001 0.2208333328125 0.5231481484375 0.2015625 0.521296296875 0.1916666671875 0.522222221875 0.1807291671875 0.527777778125 0.1697916671875 0.5296296296875 0.1625 0.5361111109375 0.1619791671875 0.5518518515624999 0.16354166718750002 0.5648148140625 0.1651041671875 0.622222221875 0.1682291671875 0.6351851859375001
11 0.8255208328125001 0.5333333328125 0.8291666671875 0.5398148140625 0.834375 0.5398148140625 0.8395833328125001 0.5324074078125001 0.8447916671875 0.527777778125 0.8494791671874999 0.527777778125 0.8510416671875 0.5203703703125 0.8510416671875 0.5138888890625 0.8489583328125001 0.5101851859375001 0.8463541671874999 0.5120370375000001 0.8411458328125001 0.5101851859375001 0.8291666671875 0.51851851875 0.8286458328125 0.5259259265625 0.8270833328125 0.5296296296875 0.8255208328125001 0.5305555562500001 0.8255208328125001 0.5333333328125
11 0.43958333281249995 0.54444444375 0.4401041671875 0.5351851859375001 0.4390625 0.5166666671875 0.4359375 0.5148148140625 0.43125 0.5148148140625 0.4296875 0.5166666671875 0.4291666671875 0.5231481484375 0.4291666671875 0.54444444375 0.43072916718750004 0.546296296875 0.4375 0.546296296875 0.43958333281249995 0.54444444375
11 0.4661458328125 0.5398148140625 0.475 0.5398148140625 0.48072916718750003 0.5370370375 0.48125 0.5240740734375 0.47760416718750004 0.5120370375000001 0.4760416671875 0.5101851859375001 0.46302083281249995 0.5101851859375001 0.46302083281249995 0.5203703703125 0.46510416718750003 0.5296296296875 0.4661458328125 0.5398148140625
11 0.5244791671875 0.5314814812499999 0.5291666671875 0.5305555562500001 0.53125 0.5240740734375 0.5307291671875001 0.5046296296875 0.5291666671875 0.5018518515625 0.5260416671875 0.5009259265625 0.515625 0.502777778125 0.5151041671875001 0.509259259375 0.51875 0.515740740625 0.5213541671875 0.527777778125 0.5244791671875 0.5314814812499999
11 0.5458333328125 0.5268518515625 0.546875 0.525 0.5473958328124999 0.5203703703125 0.5473958328124999 0.5101851859375001 0.5458333328125 0.5018518515625 0.5442708328125 0.4990740734375 0.5380208328125 0.5 0.5354166671875 0.5018518515625 0.534375 0.5046296296875 0.5333333328125 0.5111111109375 0.5338541671875 0.525 0.5364583328125 0.527777778125 0.5458333328125 0.5268518515625
11 0.09635416718749999 0.60648148125 0.09427083281250001 0.6351851859375001 0.0953125 0.6425925921875 0.10052083281249999 0.6555555562500001 0.10260416718750001 0.6583333328125 0.1078125 0.6583333328125 0.11041666718750001 0.6555555562500001 0.1119791671875 0.6509259265625 0.1197916671875 0.646296296875 0.1270833328125 0.647222221875 0.1291666671875 0.6453703703125 0.1328125 0.6453703703125 0.1348958328125 0.65 0.1432291671875 0.65 0.1463541671875 0.6453703703125 0.15 0.6361111109375 0.1572916671875 0.63148148125 0.1619791671875 0.63148148125 0.1640625 0.627777778125 0.16354166718750002 0.5981481484375 0.1609375 0.575 0.1604166671875 0.5453703703125 0.1588541671875 0.54351851875 0.14010416718750002 0.54351851875 0.12552083281249998 0.5453703703125 0.1125 0.55 0.1078125 0.5555555562500001 0.10260416718750001 0.5574074078125 0.0994791671875 0.565740740625 0.0958333328125 0.5722222218749999 0.0958333328125 0.58148148125 0.0979166671875 0.5870370375 0.0984375 0.5962962968750001 0.09635416718749999 0.60648148125
11 0.684375 0.5046296296875 0.6833333328125 0.5009259265625 0.6807291671875 0.4990740734375 0.6734375 0.5 0.6723958328124999 0.5018518515625 0.6720486109375 0.5129629625 0.671875 0.5287037031249999 0.6729166671875 0.5314814812499999 0.684375 0.5305555562500001 0.684375 0.5046296296875
11 0.6963541671875 0.553703703125 0.6979166671875 0.547222221875 0.6979166671875 0.5361111109375 0.7 0.51851851875 0.6994791671875 0.5101851859375001 0.6979166671875 0.5074074078125 0.6927083328125 0.5074074078125 0.6895833328125 0.509259259375 0.6875 0.5138888890625 0.687152778125 0.524382715625 0.6875 0.5379629625 0.6895833328125 0.5518518515624999 0.6921875 0.5555555562500001 0.6963541671875 0.553703703125
11 0.44947916718750003 0.54444444375 0.453125 0.54444444375 0.4557291671875 0.5425925921875 0.45677083281249997 0.5398148140625 0.45520833281249995 0.5138888890625 0.4546875 0.5120370375000001 0.4526041671875 0.5120370375000001 0.4505208328125 0.5129629625 0.44895833281249997 0.515740740625 0.44895833281249997 0.527777778125 0.4479166671875 0.5370370375 0.4484375 0.5425925921875 0.44947916718750003 0.54444444375
11 0.44375 0.5453703703125 0.4484375 0.54351851875 0.44947916718750003 0.5296296296875 0.4479166671875 0.521296296875 0.44427083281249996 0.5166666671875 0.4380208328125 0.5175925921875 0.4369791671875 0.5287037031249999 0.43958333281249995 0.5379629625 0.4401041671875 0.54444444375 0.44375 0.5453703703125
1 0.6119791671875 0.5509259265625001 0.6151041671875 0.546296296875 0.6192708328125 0.547222221875 0.6229166671875 0.5425925921875 0.6265625 0.5453703703125 0.6348958328125 0.5453703703125 0.6375 0.547222221875 0.6411458328124999 0.5527777781250001 0.64375 0.5527777781250001 0.6453125 0.5509259265625001 0.6473958328125 0.5333333328125 0.6473958328125 0.503703703125 0.6484375 0.4824074078125 0.6479166671875001 0.47592592656250005 0.6442708328125 0.4675925921875 0.6322916671875001 0.46388888906250003 0.6171875 0.46388888906250003 0.6119791671875 0.465740740625 0.6098958328124999 0.4675925921875 0.6088541671875001 0.4703703703125 0.6078125 0.48148148125 0.6057291671875 0.4888888890625 0.6057291671875 0.5083333328124999 0.6041666671875 0.5305555562500001 0.609375 0.5509259265625001 0.6119791671875 0.5509259265625001
9 0.5963541671875 0.521296296875 0.5984375 0.5175925921875 0.5984375 0.50555555625 0.5973958328125 0.5018518515625 0.5953125 0.5 0.5932291671875001 0.502777778125 0.5921875 0.50648148125 0.5916666671875 0.5111111109375 0.5927083328125 0.5166666671875 0.5947916671875 0.521296296875 0.5963541671875 0.521296296875
9 0.5833333328125 0.5287037031249999 0.5838541671875 0.5166666671875 0.5817708328125 0.50648148125 0.5786458328124999 0.503703703125 0.5770833328125 0.5046296296875 0.575 0.5101851859375001 0.5744791671875 0.51944444375 0.5760416671875 0.522222221875 0.58125 0.5240740734375 0.5833333328125 0.5287037031249999
9 0.4557291671875 0.540740740625 0.4583333328125 0.5453703703125 0.46197916718750004 0.54444444375 0.46302083281249995 0.540740740625 0.45746527812500004 0.5231481484375 0.46302083281249995 0.521296296875 0.4609375 0.50555555625 0.459375 0.502777778125 0.4583333328125 0.502777778125 0.4546875 0.5111111109375 0.45416666718750004 0.5138888890625 0.4556423609375 0.518364196875 0.45416666718750004 0.521296296875 0.4557291671875 0.540740740625
9 0.3614583328125 0.5854938265625 0.3608630953125 0.5871693125 0.3625 0.590740740625 0.36123511875 0.5920634921875 0.3614583328125 0.6018518515625 0.3635416671875 0.5824074078125 0.3661458328125 0.571296296875 0.3682291671875 0.5694444437499999 0.3796875 0.571296296875 0.3838541671875 0.58055555625 0.3848958328125 0.6 0.3880208328125 0.6 0.3895833328125 0.5898148140624999 0.390625 0.5638888890625 0.3890625 0.5611111109375 0.3864583328125 0.5601851859375 0.3864583328125 0.5546296296875 0.39010416718749996 0.5453703703125 0.39010416718749996 0.5361111109375 0.3864583328125 0.521296296875 0.3864583328125 0.502777778125 0.38229166718749996 0.497222221875 0.3770833328125 0.497222221875 0.3729166671875 0.5 0.3692708328125 0.5166666671875 0.3635416671875 0.5268518515625 0.3609375 0.5370370375 0.3619791671875 0.553703703125 0.359375 0.5675925921875 0.359375 0.575 0.3614583328125 0.5854938265625
14 0.778125 0.5648148140625 0.7833333328125 0.571296296875 0.7963541671875001 0.5759259265625001 0.8 0.5759259265625001 0.8041666671875 0.5731481484375001 0.8057291671875 0.5703703703125 0.8135416671875 0.5703703703125 0.8151041671874999 0.5666666671875 0.815625 0.5574074078125 0.8192708328125 0.5398148140625 0.8223958328125001 0.5314814812499999 0.8270833328125 0.525 0.8286458328125 0.515740740625 0.8328125 0.5120370375000001 0.8338541671874999 0.509259259375 0.8317708328125001 0.50648148125 0.7953125 0.50648148125 0.7895833328124999 0.5083333328124999 0.7859375 0.5111111109375 0.7817708328124999 0.5166666671875 0.7692708328125 0.5416666671875 0.76875 0.5481481484375 0.7697916671875 0.5601851859375 0.7723958328125 0.5629629625 0.778125 0.5648148140625
14 0.8515625 0.5552469140625 0.8494791671874999 0.559259259375 0.8510416671875 0.5629629625 0.8494791671874999 0.565740740625 0.85 0.56851851875 0.8510416671875 0.5666666671875 0.8536458328125001 0.5490740734374999 0.8567708328125001 0.5388888890625 0.8609375 0.5324074078125001 0.8666666671875 0.527777778125 0.8734375 0.5148148140625 0.8807291671874999 0.5148148140625 0.884375 0.5101851859375001 0.8854166671874999 0.5046296296875 0.8817708328125 0.502777778125 0.8557291671874999 0.502777778125 0.8541666671874999 0.503703703125 0.8526041671875 0.5083333328124999 0.8510416671875 0.522222221875 0.8510416671875 0.5453703703125 0.8526041671875 0.55 0.85078125 0.5541666671875001 0.8515625 0.5552469140625
14 0.8567708328125001 0.5888888890625 0.8604166671875 0.590740740625 0.8682291671875 0.5888888890625 0.8729166671874999 0.5925925921874999 0.8776041671874999 0.5916666671875 0.8822916671875 0.5870370375 0.8807291671874999 0.58148148125 0.8802083328125001 0.571296296875 0.8807291671874999 0.5648148140625 0.884375 0.5583333328125 0.8932291671874999 0.5555555562500001 0.9005208328125001 0.5481481484375 0.9041666671874999 0.547222221875 0.9088541671874999 0.54351851875 0.9130208328125 0.5416666671875 0.9197916671874999 0.5416666671875 0.9234375 0.534259259375 0.9380208328125 0.525 0.9442708328125 0.5259259265625 0.9463541671875 0.5240740734375 0.9520833328125 0.5231481484375 0.9567708328125001 0.5259259265625 0.959375 0.5259259265625 0.9604166671875 0.5240740734375 0.9604166671875 0.5166666671875 0.9588541671874999 0.5101851859375001 0.9557291671874999 0.502777778125 0.8963541671874999 0.502777778125 0.8869791671874999 0.5111111109375 0.8796875 0.5120370375000001 0.8760416671875 0.5148148140625 0.8697916671874999 0.5259259265625 0.8630208328125001 0.5314814812499999 0.8625 0.5379629625 0.8609375 0.540740740625 0.8552083328125001 0.54351851875 0.853125 0.5509259265625001 0.853125 0.5666666671875 0.8520833328125 0.5731481484375001 0.8526041671875 0.5796296296875 0.8567708328125001 0.5888888890625
1 0.7135416671875 0.5629629625 0.7223958328125 0.5638888890625 0.728125 0.5574074078125 0.7317708328125 0.5574074078125 0.7348958328124999 0.5601851859375 0.7453125 0.5601851859375 0.7510416671875 0.5620370375 0.7515625 0.534259259375 0.7552083328125 0.51944444375 0.7567708328125 0.5148148140625 0.7588541671875 0.5120370375000001 0.7598958328125 0.5120370375000001 0.7614583328125 0.5148148140625 0.7630208328125 0.525 0.7671875 0.5398148140625 0.7723958328125 0.5296296296875 0.7770833328125 0.5240740734375 0.7807291671875001 0.515740740625 0.7875 0.5083333328124999 0.80625 0.502777778125 0.825 0.503703703125 0.8348958328125 0.5074074078125 0.8421875 0.503703703125 0.85 0.503703703125 0.8510416671875 0.5018518515625 0.8510416671875 0.49444444374999996 0.8489583328125001 0.4888888890625 0.8442708328125 0.4861111109375 0.8234375 0.4861111109375 0.7932291671875 0.48333333281249996 0.7703125 0.48425925937500003 0.75625 0.48148148125 0.7265625 0.48148148125 0.7161458328125 0.48333333281249996 0.7130208328125 0.48425925937500003 0.7078125 0.48981481406249994 0.70625 0.5009259265625 0.7020833328125 0.5120370375000001 0.6989583328125 0.5287037031249999 0.6989583328125 0.5518518515624999 0.7005208328125 0.553703703125 0.7072916671875 0.55648148125 0.7135416671875 0.5629629625