9 0.8505208328125 0.47407407343749997 0.85 0.47592592656250005 0.8510416671875 0.47592592656250005 0.8502604171874999 0.48055555625 0.8515625 0.503703703125 0.8526041671875 0.5120370375000001 0.8541666671874999 0.5148148140625 0.8567708328125001 0.5120370375000001 0.8588541671875 0.50555555625 0.8625 0.503703703125 0.8635416671874999 0.4981481484375 0.8619791671874999 0.45 0.8609375 0.44166666718750003 0.8588541671875 0.4370370375 0.8567708328125001 0.4361111109375 0.8536458328125001 0.440740740625 0.8505208328125 0.45555555625000005 0.850347221875 0.46666666718750005 0.8494791671874999 0.46666666718750005 0.8494791671874999 0.4703703703125 0.8505208328125 0.47407407343749997
11 0.3651041671875 0.44166666718750003 0.3635416671875 0.42870370312499995 0.3609375 0.425 0.3578125 0.42592592656250006 0.3572916671875 0.45 0.359375 0.45370370312499997 0.3645833328125 0.4546296296875 0.3651041671875 0.44166666718750003
7 0.5796875 0.46296296249999996 0.5791666671875 0.45185185156249996 0.5770833328125 0.447222221875 0.5755208328125 0.447222221875 0.5744791671875 0.45 0.5734375 0.45648148125 0.5755208328125 0.465740740625 0.5776041671875001 0.46666666718750005 0.5796875 0.46296296249999996
7 0.7432291671875 0.5583333328125 0.7494791671875001 0.547222221875 0.7588541671875 0.5453703703125 0.7604166671875 0.5490740734374999 0.7630208328125 0.5648148140625 0.7671875 0.56851851875 0.7697916671875 0.5675925921875 0.7734375 0.5574074078125 0.775 0.547222221875 0.775 0.497222221875 0.7734375 0.48981481406249994 0.775 0.48333333281249996 0.7729166671875001 0.47407407343749997 0.7713541671875 0.471296296875 0.7692708328125 0.4703703703125 0.765625 0.4703703703125 0.759375 0.4731481484375 0.7567708328125 0.48055555625 0.7520833328125 0.4888888890625 0.7520833328125 0.4981481484375 0.7546875 0.4990740734375 0.75625 0.5018518515625 0.75625 0.5120370375000001 0.7541666671875 0.5129629625 0.7510416671875 0.5101851859375001 0.7484375 0.5129629625 0.7463541671875 0.5231481484375 0.7447916671875 0.5259259265625 0.7364583328125 0.5259259265625 0.7348958328124999 0.5287037031249999 0.734375 0.5379629625 0.7364583328125 0.5509259265625001 0.7395833328125 0.559259259375 0.7432291671875 0.5583333328125
7 0.35625 0.45555555625000005 0.3567708328125 0.4388888890625 0.3541666671875 0.434259259375 0.353125 0.434259259375 0.3515625 0.4370370375 0.35104166718749996 0.45648148125 0.35208333281250004 0.4583333328125 0.3546875 0.4583333328125 0.35625 0.45555555625000005
7 0.3848958328125 0.47592592656250005 0.3864583328125 0.46666666718750005 0.3864583328125 0.4583333328125 0.38333333281250004 0.45185185156249996 0.3802083328125 0.45 0.378125 0.45185185156249996 0.375 0.459259259375 0.375 0.47222222187499996 0.3786458328125 0.48148148125 0.38125 0.48333333281249996 0.3848958328125 0.47592592656250005
14 0.37447916718749996 0.4703703703125 0.3760416671875 0.45370370312499997 0.3760416671875 0.44629629687500005 0.375 0.44351851875000003 0.37447916718749996 0.434259259375 0.3802083328125 0.41944444374999995 0.38125 0.41944444374999995 0.38229166718749996 0.42222222187499997 0.3848958328125 0.43333333281249997 0.3875 0.43981481406249995 0.3864583328125 0.45555555625000005 0.3880208328125 0.4675925921875 0.3890625 0.46851851875 0.3927083328125 0.46666666718750005 0.3984375 0.4731481484375 0.40052083281249995 0.4731481484375 0.40208333281249997 0.4703703703125 0.40208333281249997 0.42592592656250006 0.4010416671875 0.41944444374999995 0.39895833281250004 0.4138888890625 0.3958333328125 0.41203703750000004 0.3770833328125 0.41203703750000004 0.375 0.4138888890625 0.3729166671875 0.41944444374999995 0.3713541671875 0.4370370375 0.3703125 0.46851851875 0.371875 0.47222222187499996 0.3734375 0.47222222187499996 0.37447916718749996 0.4703703703125
1 0.66875 0.48703703750000005 0.6734375 0.4953703703125 0.6791666671875001 0.4916666671875 0.6848958328125 0.4916666671875 0.6875 0.49351851875 0.6895833328125 0.5009259265625 0.69375 0.5101851859375001 0.6958333328124999 0.5120370375000001 0.7 0.5111111109375 0.7046875 0.502777778125 0.7088541671875 0.50648148125 0.7104166671875001 0.5101851859375001 0.7140625 0.5120370375000001 0.7161458328125 0.5111111109375 0.7171875 0.5074074078125 0.7203125 0.502777778125 0.7276041671875 0.5018518515625 0.7317708328125 0.4981481484375 0.7348958328124999 0.4768518515625 0.7328125 0.471296296875 0.7333333328125 0.459259259375 0.7354166671875 0.4509259265625 0.7369791671875 0.4481481484375 0.7380208328125 0.44166666718750003 0.7395833328125 0.43981481406249995 0.740625 0.43518518593750005 0.7453125 0.4268518515625 0.7473958328125 0.425 0.7520833328125 0.4240740734375 0.7567708328125 0.42592592656250006 0.7635416671875 0.44907407343749994 0.7666666671875 0.45648148125 0.7744791671875 0.46388888906250003 0.7755208328125 0.46388888906250003 0.7765625 0.4611111109375 0.7786458328125 0.384259259375 0.7770833328125 0.3796296296875 0.7770833328125 0.371296296875 0.7723958328125 0.36666666718749996 0.7604166671875 0.3620370375 0.753125 0.3620370375 0.7463541671875 0.3601851859375 0.728125 0.3601851859375 0.715625 0.365740740625 0.6994791671875 0.36851851875 0.6901041671875 0.3740740734375 0.6833333328125 0.375 0.6744791671875 0.3796296296875 0.665625 0.38148148125 0.6630208328125 0.38333333281250004 0.6630208328125 0.4240740734375 0.6645833328124999 0.4370370375 0.6671875 0.477777778125 0.66875 0.48703703750000005
1 0.2671875 0.48148148125 0.2703125 0.48425925937500003 0.2744791671875 0.49351851875 0.2765625 0.49444444374999996 0.28125 0.49259259218749996 0.2869791671875 0.48518518593750004 0.2890625 0.48425925937500003 0.2942708328125 0.48518518593750004 0.2979166671875 0.478703703125 0.3015625 0.48055555625 0.30625 0.478703703125 0.3140625 0.4796296296875 0.3171875 0.48148148125 0.3213541671875 0.490740740625 0.3270833328125 0.4916666671875 0.3328125 0.490740740625 0.33541666718749996 0.4861111109375 0.3385416671875 0.48425925937500003 0.3401041671875 0.48148148125 0.3427083328125 0.46481481406249997 0.3411458328125 0.38333333281250004 0.33541666718749996 0.3703703703125 0.3333333328125 0.36759259218749996 0.3302083328125 0.36666666718749996 0.3265625 0.36296296250000004 0.321875 0.352777778125 0.3182291671875 0.3490740734375 0.3088541671875 0.34629629687499996 0.278125 0.34629629687499996 0.2677083328125 0.3490740734375 0.2630208328125 0.3518518515625 0.2609375 0.35648148125 0.2595833328125 0.38240740781250004 0.259375 0.4296296296875 0.2614583328125 0.4611111109375 0.2640625 0.46666666718750005 0.2671875 0.48148148125
9 0.3817708328125 0.44907407343749994 0.3848958328125 0.45185185156249996 0.3875 0.44907407343749994 0.3875 0.43240740781250003 0.3864583328125 0.427777778125 0.384375 0.425 0.3802083328125 0.42314814843750004 0.375 0.42592592656250006 0.3729166671875 0.43240740781250003 0.3729166671875 0.4509259265625 0.3760416671875 0.45370370312499997 0.3796875 0.44907407343749994 0.3817708328125 0.44907407343749994
9 0.7880208328125 0.497222221875 0.7880208328125 0.45370370312499997 0.7869791671875 0.44907407343749994 0.7864583328125 0.4370370375 0.7848958328125 0.43240740781250003 0.7833333328125 0.43148148124999997 0.7822916671875 0.43333333281249997 0.7786458328125 0.447222221875 0.7786458328125 0.4953703703125 0.7807291671875001 0.4981481484375 0.7864583328125 0.4990740734375 0.7880208328125 0.497222221875
9 0.8177083328125001 0.4861111109375 0.8223958328125001 0.48518518593750004 0.8234375 0.48333333281249996 0.8239583328125001 0.4731481484375 0.8260416671874999 0.46851851875 0.825 0.43981481406249995 0.8239583328125001 0.43518518593750005 0.821875 0.43240740781250003 0.81875 0.43333333281249997 0.8161458328125001 0.4379629625 0.8125 0.45370370312499997 0.8119791671875 0.4620370375 0.815625 0.47407407343749997 0.815625 0.48425925937500003 0.8177083328125001 0.4861111109375
9 0.8442708328125 0.4879629625 0.8440104171874999 0.4893518515625 0.8458333328125001 0.49351851875 0.8442708328125 0.497222221875 0.8442708328125 0.503703703125 0.846875 0.5046296296875 0.8489583328125001 0.502777778125 0.8463541671874999 0.49351851875 0.8489583328125001 0.49259259218749996 0.85 0.48425925937500003 0.8494791671874999 0.471296296875 0.8526041671875 0.44166666718750003 0.8526041671875 0.434259259375 0.85 0.43240740781250003 0.8479166671874999 0.43333333281249997 0.8463541671874999 0.4361111109375 0.8416666671874999 0.45185185156249996 0.8416666671874999 0.47407407343749997 0.844097221875 0.483641975 0.8421875 0.48518518593750004 0.8442708328125 0.4879629625
9 0.8697916671874999 0.5083333328124999 0.875 0.5083333328124999 0.8770833328125001 0.5046296296875 0.8776041671874999 0.4879629625 0.8791666671874999 0.4768518515625 0.8776041671874999 0.44907407343749994 0.8765625 0.440740740625 0.875 0.4361111109375 0.871875 0.434259259375 0.8692708328125001 0.4370370375 0.8651041671874999 0.4574074078125 0.8640625 0.47407407343749997 0.8666666671875 0.503703703125 0.8682291671875 0.5074074078125 0.8697916671874999 0.5083333328124999
9 0.8401041671874999 0.4796296296875 0.84375 0.46296296249999996 0.8432291671875 0.4546296296875 0.8442708328125 0.44351851875000003 0.8432291671875 0.43333333281249997 0.8395833328125001 0.43240740781250003 0.8375 0.434259259375 0.8364583328125 0.43981481406249995 0.8317708328125001 0.45185185156249996 0.8317708328125001 0.471296296875 0.834375 0.478703703125 0.8380208328125001 0.4824074078125 0.8401041671874999 0.4796296296875
11 0.5875 0.48148148125 0.5921875 0.48148148125 0.5984375 0.48703703750000005 0.6020833328124999 0.48333333281249996 0.60625 0.48518518593750004 0.6072916671875 0.48425925937500003 0.6083333328125 0.465740740625 0.6083333328125 0.44444444375 0.6078125 0.4379629625 0.60625 0.43333333281249997 0.6041666671875 0.43148148124999997 0.596875 0.43055555625 0.5901041671875 0.43240740781250003 0.5864583328124999 0.440740740625 0.5838541671875 0.45555555625000005 0.5828125 0.46388888906250003 0.5828125 0.4824074078125 0.5838541671875 0.4861111109375 0.5875 0.48148148125
9 0.2338541671875 0.48425925937500003 0.2359375 0.48055555625 0.23697916718749998 0.471296296875 0.2364583328125 0.4601851859375 0.2348958328125 0.4509259265625 0.234375 0.43240740781250003 0.2322916671875 0.425 0.228125 0.4175925921875 0.2244791671875 0.42129629687500003 0.22239583281250003 0.4296296296875 0.22239583281250003 0.447222221875 0.225 0.47407407343749997 0.2286458328125 0.48425925937500003 0.2338541671875 0.48425925937500003
9 0.20677083281250003 0.48148148125 0.20833333281250002 0.48425925937500003 0.20989583281250002 0.48425925937500003 0.21197916718749998 0.48148148125 0.2125 0.477777778125 0.21510416718749997 0.44444444375 0.21510416718749997 0.43055555625 0.2109375 0.4175925921875 0.209375 0.415740740625 0.20677083281250003 0.41944444374999995 0.2046875 0.42592592656250006 0.20416666718749998 0.4379629625 0.20572916718749998 0.4509259265625 0.20625 0.47592592656250005 0.20677083281250003 0.48148148125
9 0.1166666671875 0.4888888890625 0.11614583281249999 0.5175925921875 0.1171875 0.51944444375 0.12291666718750001 0.51944444375 0.1270833328125 0.521296296875 0.128125 0.5175925921875 0.1302083328125 0.49629629687500004 0.1328125 0.4583333328125 0.1354166671875 0.44907407343749994 0.1354166671875 0.4388888890625 0.1338541671875 0.43148148124999997 0.1296875 0.4203703703125 0.128125 0.41111111093749997 0.1265625 0.40833333281249995 0.12291666718750001 0.40833333281249995 0.1208333328125 0.4129629625 0.11822916718750001 0.4240740734375 0.11510416718750001 0.42870370312499995 0.1140625 0.43240740781250003 0.1140625 0.44166666718750003 0.11510416718750001 0.4509259265625 0.1166666671875 0.4888888890625
9 0.9677083328125 0.48703703750000005 0.9668749999999999 0.489938271875 0.968695175 0.49259259218749996 0.9671875 0.4953703703125 0.9666666671874999 0.4990740734375 0.9683333328125 0.49944444375 0.9666666671874999 0.503703703125 0.9708333328125001 0.5111111109375 0.9705208328125 0.513703703125 0.9713541671874999 0.5148148140625 0.9712500000000001 0.5184567890625 0.9723958328125001 0.5203703703125 0.9719791671875001 0.5232098765625001 0.9734375 0.5268518515625 0.9727083328124999 0.5279629625 0.9739583328125001 0.5305555562500001 0.9734375 0.5327160484375 0.9744791671874999 0.5351851859375001 0.9741666671875 0.5374691359375 0.975 0.5388888890625 0.9770833328125 0.55648148125 0.9770833328125 0.5601851859375 0.9739583328125001 0.565740740625 0.9739583328125001 0.5675925921875 0.9802083328125001 0.56851851875 0.9822916671874999 0.5666666671875 0.9796875 0.5513888890625 0.9828125 0.5509259265625001 0.9833333328125 0.5490740734374999 0.9859375 0.51851851875 0.9869791671874999 0.5148148140625 0.990625 0.5101851859375001 0.9932291671875 0.503703703125 0.9921875 0.475 0.9901041671874999 0.46666666718750005 0.9848958328125 0.4601851859375 0.9828125 0.447222221875 0.98125 0.4453703703125 0.9776041671875 0.44444444375 0.975 0.4453703703125 0.9734375 0.4481481484375 0.9729166671874999 0.46388888906250003 0.9692708328125 0.46851851875 0.9666666671874999 0.47592592656250005 0.9661458328125001 0.478703703125 0.9669956140625 0.48333333281249996 0.9661458328125001 0.48518518593750004 0.9677083328125 0.48703703750000005
9 0.7442708328125 0.5268518515625 0.7453125 0.525 0.746875 0.5120370375000001 0.7494791671875001 0.5 0.7489583328125 0.4888888890625 0.75 0.48425925937500003 0.7520833328125 0.48055555625 0.7546875 0.478703703125 0.7598958328125 0.46851851875 0.765625 0.4675925921875 0.771875 0.4703703703125 0.7723958328125 0.4675925921875 0.7708333328125 0.4620370375 0.7661458328124999 0.4574074078125 0.7583333328124999 0.44351851875000003 0.7567708328125 0.42592592656250006 0.7557291671875 0.4240740734375 0.7520833328125 0.42314814843750004 0.746875 0.425 0.7442708328125 0.43333333281249997 0.7442708328125 0.440740740625 0.7401041671875 0.44629629687500005 0.7354166671875 0.45555555625000005 0.7348958328124999 0.46666666718750005 0.7390625 0.4888888890625 0.7411458328125 0.521296296875 0.7442708328125 0.5268518515625
9 0.3567708328125 0.43518518593750005 0.35625 0.42592592656250006 0.3541666671875 0.42314814843750004 0.3526041671875 0.42314814843750004 0.3505208328125 0.42592592656250006 0.35 0.4370370375 0.35104166718749996 0.43981481406249995 0.3541666671875 0.440740740625 0.3567708328125 0.43518518593750005
9 0.2390625 0.4703703703125 0.2427083328125 0.4796296296875 0.24375 0.4796296296875 0.246875 0.475 0.24739583281250002 0.4675925921875 0.246875 0.43148148124999997 0.24635416718749997 0.42870370312499995 0.24322916718749998 0.42314814843750004 0.2427083328125 0.4138888890625 0.240625 0.4138888890625 0.23854166718749997 0.41851851875 0.2390625 0.4379629625 0.2375 0.4481481484375 0.23854166718749997 0.46666666718750005 0.2390625 0.4703703703125
9 0.2498697921875 0.44629629687500005 0.25052083281250004 0.44629629687500005 0.2502604171875 0.45185185156249996 0.2515625 0.4675925921875 0.25052083281250004 0.47592592656250005 0.2515625 0.477777778125 0.259375 0.4768518515625 0.2598958328125 0.4731481484375 0.2529947921875 0.44594907343749995 0.25833333281250004 0.44351851875000003 0.2578125 0.4361111109375 0.2536458328125 0.42129629687500003 0.2520833328125 0.4203703703125 0.25052083281250004 0.42592592656250006 0.2494791671875 0.43240740781250003 0.2506510421875 0.43692129687500003 0.2494791671875 0.440740740625 0.2498697921875 0.44629629687500005
9 0.9432291671874999 0.4583333328125 0.9432291671874999 0.46296296249999996 0.9451736109375 0.4615432109375 0.9490624999999999 0.4790740734375 0.9469791671875001 0.4831481484375 0.94375 0.4796296296875 0.9453125 0.5175925921875 0.9484375 0.521296296875 0.9546875 0.522222221875 0.9572916671874999 0.5203703703125 0.9578125 0.51851851875 0.9510069437500001 0.48783950625 0.9523958328125 0.4846296296875 0.9551041671875 0.4853703703125 0.9583333328125001 0.48055555625 0.959375 0.47592592656250005 0.9598958328125 0.465740740625 0.9588541671874999 0.44351851875000003 0.9572916671874999 0.43333333281249997 0.9526041671875 0.4268518515625 0.9505208328125001 0.41851851875 0.9473958328125001 0.4175925921875 0.9463541671875 0.41944444374999995 0.9458333328125 0.43148148124999997 0.9432291671874999 0.45277777812500003 0.9442013890625001 0.45716049375 0.9432291671874999 0.4583333328125