11 0.66875 0.5333333328125 0.66875 0.5175925921875 0.6666666671875 0.5018518515625 0.6583333328125 0.5 0.6546875 0.503703703125 0.6541666671875 0.5324074078125001 0.6567708328124999 0.5351851859375001 0.6677083328125 0.5351851859375001 0.66875 0.5333333328125
11 0.6833333328125 0.559259259375 0.6859375 0.5583333328125 0.6885416671875 0.553703703125 0.6958333328124999 0.5527777781250001 0.6989583328125 0.51944444375 0.6984375 0.5120370375000001 0.696875 0.509259259375 0.6947916671875001 0.5083333328124999 0.6859375 0.5074074078125 0.6807291671875 0.5074074078125 0.6770833328125 0.5111111109375 0.6760416671875 0.5388888890625 0.678125 0.55648148125 0.6807291671875 0.559259259375 0.6833333328125 0.559259259375
11 0.4057291671875 0.5453703703125 0.40729166718750004 0.5425925921875 0.4078125 0.5148148140625 0.4057291671875 0.509259259375 0.3994791671875 0.5074074078125 0.3984375 0.509259259375 0.3994791671875 0.540740740625 0.4015625 0.5453703703125 0.4057291671875 0.5453703703125
11 0.4171875 0.5425925921875 0.41875 0.5398148140625 0.41875 0.5305555562500001 0.4125 0.5129629625 0.4078125 0.5129629625 0.40520833281249996 0.5203703703125 0.4046875 0.5268518515625 0.40625 0.54351851875 0.4140625 0.54444444375 0.4171875 0.5425925921875
11 0.44635416718750004 0.5379629625 0.453125 0.5351851859375001 0.45416666718750004 0.5333333328125 0.45416666718750004 0.5287037031249999 0.4526041671875 0.5175925921875 0.45 0.5074074078125 0.4479166671875 0.50555555625 0.4447916671875 0.50555555625 0.44114583281249997 0.509259259375 0.44114583281249997 0.51851851875 0.4390625 0.5296296296875 0.43958333281249995 0.5379629625 0.44635416718750004 0.5379629625
11 0.5177083328125 0.5268518515625 0.5239583328124999 0.5240740734375 0.5229166671875001 0.503703703125 0.5203125 0.49629629687500004 0.5151041671875001 0.4953703703125 0.5104166671875 0.497222221875 0.5078125 0.5 0.5072916671875001 0.50555555625 0.5098958328125 0.522222221875 0.5114583328125 0.5259259265625 0.5177083328125 0.5268518515625
11 0 0.66851851875 0.0109375 0.66944444375 0.0125 0.6703703703125 0.0140625 0.6759259265625001 0.015625 0.6777777781250001 0.021875 0.6768518515624999 0.0286458328125 0.6824074078125 0.0302083328125 0.6824074078125 0.0380208328125 0.678703703125 0.0416666671875 0.6675925921875 0.0484375 0.659259259375 0.05208333281250001 0.6574074078125001 0.05989583281250001 0.6564814812499999 0.0625 0.6546296296875 0.0635416671875 0.652777778125 0.0640625 0.647222221875 0.0625 0.6268518515625 0.0609375 0.54351851875 0.058854167187499994 0.5416666671875 0.0333333328125 0.5425925921875 0.0192708328125 0.546296296875 0.0052083328125 0.547222221875 0 0.5490740734374999 0 0.66851851875
11 0.0682291671875 0.6574074078125001 0.0713541671875 0.6648148140625 0.07552083281250001 0.66944444375 0.0802083328125 0.66944444375 0.08541666718749999 0.6666666671875 0.0895833328125 0.6611111109375 0.0927083328125 0.6518518515625 0.0947916671875 0.6490740734375 0.09895833281250001 0.6490740734375 0.1020833328125 0.6574074078125001 0.1046875 0.6583333328125 0.1067708328125 0.6574074078125001 0.1098958328125 0.647222221875 0.1145833328125 0.64444444375 0.11927083281249999 0.64351851875 0.1260416671875 0.646296296875 0.1296875 0.6518518515625 0.1348958328125 0.6518518515625 0.1364583328125 0.6509259265625 0.1390625 0.64444444375 0.1416666671875 0.640740740625 0.1453125 0.6425925921875 0.1505208328125 0.6425925921875 0.1515625 0.640740740625 0.1572916671875 0.621296296875 0.1583333328125 0.6111111109375 0.1541666671875 0.5509259265625001 0.1526041671875 0.547222221875 0.15 0.5314814812499999 0.1463541671875 0.5259259265625 0.1432291671875 0.51851851875 0.1338541671875 0.515740740625 0.1010416671875 0.515740740625 0.09635416718749999 0.51851851875 0.08645833281250001 0.5203703703125 0.0765625 0.5259259265625 0.0682291671875 0.5287037031249999 0.06510416718749999 0.5333333328125 0.06302083281250001 0.5425925921875 0.061979167187499996 0.5611111109375 0.0635416671875 0.6398148140625 0.0640625 0.64444444375 0.0682291671875 0.6574074078125001
9 0.3526041671875 0.5546296296875 0.35 0.5555555562500001 0.3489583328125 0.5583333328125 0.351116071875 0.5610449734375 0.3489583328125 0.5666666671875 0.35 0.5731481484375001 0.35208333281250004 0.5768518515625 0.353125 0.5824074078125 0.3526041671875 0.5828703703125 0.3546875 0.5870370375 0.353125 0.5888888890625 0.35104166718749996 0.5981481484375 0.35104166718749996 0.6018518515625 0.3526041671875 0.6046296296875 0.3552083328125 0.6046296296875 0.3572916671875 0.6018518515625 0.3567708328125 0.5898148140624999 0.3552083328125 0.5879629625 0.3546875 0.578703703125 0.35661458281249997 0.569722221875 0.3575892859375 0.56917989375 0.3597470234375 0.571891534375 0.36171875 0.571759259375 0.3619047625 0.574603175 0.37447916718749996 0.5898148140624999 0.3739583328125 0.5944444437499999 0.375 0.5990740734375 0.3760416671875 0.6009259265625 0.378125 0.6 0.3791666671875 0.5962962968750001 0.37700892812500003 0.59358465625 0.3770833328125 0.5875 0.3796875 0.5851851859375 0.3802083328125 0.58148148125 0.37447916718749996 0.5768518515625 0.3739583328125 0.5731481484375001 0.3807291671875 0.5675925921875 0.38125 0.5620370375 0.3807291671875 0.5574074078125 0.3765625 0.5527777781250001 0.3770833328125 0.5453703703125 0.3802083328125 0.5398148140625 0.38125 0.5333333328125 0.3796875 0.525 0.3760416671875 0.5175925921875 0.3776041671875 0.5120370375000001 0.3770833328125 0.4981481484375 0.371875 0.4916666671875 0.3671875 0.49259259218749996 0.3651041671875 0.4953703703125 0.3619791671875 0.5111111109375 0.3578125 0.5148148140625 0.35208333281250004 0.5259259265625 0.35104166718749996 0.5305555562500001 0.35104166718749996 0.534259259375 0.353125 0.5416666671875 0.353125 0.5490740734374999 0.3526041671875 0.5546296296875
7 0.3625 0.625 0.3645833328125 0.622222221875 0.3661458328125 0.6175925921875 0.36770833281250004 0.6175925921875 0.3697916671875 0.6148148140624999 0.3729166671875 0.6046296296875 0.37552083281250004 0.6 0.37552083281250004 0.5851851859375 0.37447916718749996 0.571296296875 0.3723958328125 0.5638888890625 0.3703125 0.5601851859375 0.3625 0.5620370375 0.35989583281250004 0.5611111109375 0.3567708328125 0.5574074078125 0.3560763890625 0.5638888890625 0.35625 0.5935185187500001 0.3604166671875 0.6231481484375 0.3609375 0.625 0.3625 0.625
7 0.5838541671875 0.5398148140625 0.5854166671875001 0.5305555562500001 0.5848958328125 0.51851851875 0.5833333328125 0.5138888890625 0.58125 0.5129629625 0.5802083328125 0.5129629625 0.5776041671875001 0.51851851875 0.5776041671875001 0.5388888890625 0.5791666671875 0.5416666671875 0.5822916671875 0.5416666671875 0.5838541671875 0.5398148140625
7 0.5645833328125 0.5527777781250001 0.5666666671875 0.546296296875 0.5671875 0.527777778125 0.5661458328125 0.522222221875 0.5625 0.5175925921875 0.5588541671875 0.51851851875 0.5567708328125 0.5231481484375 0.55625 0.547222221875 0.559375 0.5555555562500001 0.5609375 0.5574074078125 0.5645833328125 0.5527777781250001
1 0.7072916671875 0.5611111109375 0.7125 0.5675925921875 0.7166666671875 0.5694444437499999 0.7244791671875 0.5703703703125 0.7317708328125 0.5638888890625 0.7421875 0.5648148140625 0.746875 0.5666666671875 0.7692708328125 0.565740740625 0.7708333328125 0.5629629625 0.7697916671875 0.5370370375 0.7713541671875 0.5268518515625 0.7744791671875 0.5120370375000001 0.7786458328125 0.5074074078125 0.7833333328125 0.5129629625 0.7864583328125 0.5148148140625 0.790625 0.5111111109375 0.7932291671875 0.5148148140625 0.7958333328125 0.515740740625 0.803125 0.5083333328124999 0.8098958328125001 0.5083333328124999 0.8140625 0.50555555625 0.8239583328125001 0.50555555625 0.8286458328125 0.5083333328124999 0.8541666671874999 0.5083333328124999 0.8635416671874999 0.5074074078125 0.8661458328125 0.5046296296875 0.8661458328125 0.5018518515625 0.8645833328125001 0.49259259218749996 0.8619791671874999 0.4879629625 0.8598958328125 0.48703703750000005 0.8447916671875 0.48703703750000005 0.821875 0.48425925937500003 0.8135416671875 0.48518518593750004 0.7822916671875 0.48148148125 0.7796875 0.4796296296875 0.7291666671875 0.4796296296875 0.7166666671875 0.48148148125 0.7078125 0.4879629625 0.7052083328125 0.49259259218749996 0.6984375 0.5287037031249999 0.69756944375 0.54351851875 0.6973958328125 0.5527777781250001 0.6984375 0.5546296296875 0.7041666671875 0.5601851859375 0.7072916671875 0.5611111109375
9 0.5854166671875001 0.509259259375 0.584375 0.5018518515625 0.5833333328125 0.5 0.5802083328125 0.5 0.5791666671875 0.502777778125 0.5786458328124999 0.5138888890625 0.584375 0.5231481484375 0.5854166671875001 0.51944444375 0.5854166671875001 0.509259259375
9 0.5567708328125 0.5259259265625 0.5604166671875 0.522222221875 0.5645833328125 0.522222221875 0.5677083328125 0.527777778125 0.56875 0.522222221875 0.56875 0.515740740625 0.5666666671875 0.5046296296875 0.5651041671875 0.5018518515625 0.5609375 0.503703703125 0.559375 0.5083333328124999 0.5541666671875001 0.515740740625 0.5541666671875001 0.51851851875 0.5567708328125 0.5259259265625
9 0.4609375 0.5333333328125 0.4614583328125 0.521296296875 0.45859375 0.509259259375 0.4614583328125 0.50648148125 0.45885416718750005 0.5009259265625 0.45625 0.5046296296875 0.45625 0.5324074078125001 0.45729166718750003 0.5351851859375001 0.45885416718750005 0.5361111109375 0.4609375 0.5333333328125
9 0.4348958328125 0.546296296875 0.4359375 0.5453703703125 0.43854166718750004 0.5361111109375 0.4401041671875 0.5203703703125 0.4401041671875 0.5111111109375 0.43645833281249996 0.497222221875 0.4348958328125 0.497222221875 0.4322916671875 0.5009259265625 0.4302083328125 0.50648148125 0.4296875 0.5129629625 0.43177083281249995 0.5370370375 0.4328125 0.5425925921875 0.4348958328125 0.546296296875
9 0.784375 0.5490740734374999 0.7869791671875 0.590740740625 0.7854166671875 0.6074074078125 0.7916666671875 0.609259259375 0.7942708328125 0.6083333328125 0.7947916671875 0.60555555625 0.7953125 0.5851851859375 0.7947916671875 0.578703703125 0.7881944437499999 0.554938271875 0.7947916671875 0.5555555562500001 0.7963541671875001 0.540740740625 0.7963541671875001 0.5314814812499999 0.7953125 0.51944444375 0.7916666671875 0.5120370375000001 0.7895833328124999 0.5120370375000001 0.7885416671875001 0.5138888890625 0.7864583328125 0.525 0.7864583328125 0.5314814812499999 0.784375 0.54444444375 0.7856770828124999 0.5487268515625 0.784375 0.5490740734374999
14 0.8885416671874999 0.5879629625 0.8895833328125 0.5851851859375 0.8911458328125 0.571296296875 0.8932291671874999 0.5666666671875 0.89375 0.553703703125 0.8947916671874999 0.5481481484375 0.8994791671875 0.547222221875 0.903125 0.54444444375 0.909375 0.5296296296875 0.9161458328125001 0.5175925921875 0.9203125 0.5148148140625 0.921875 0.5120370375000001 0.921875 0.509259259375 0.9166666671874999 0.50648148125 0.8963541671874999 0.50648148125 0.8885416671874999 0.5083333328124999 0.8875 0.5101851859375001 0.884375 0.5314814812499999 0.8838541671875 0.5509259265625001 0.884375 0.5611111109375 0.8833333328125 0.58148148125 0.8848958328125001 0.5870370375 0.8885416671874999 0.5879629625
14 0.7973958328124999 0.5824074078125 0.80625 0.5833333328125 0.8098958328125001 0.5861111109375 0.815625 0.5870370375 0.8182291671874999 0.5861111109375 0.8229166671874999 0.58148148125 0.8296875 0.58148148125 0.8333333328125001 0.5768518515625 0.8354166671875 0.5694444437499999 0.8380208328125001 0.5648148140625 0.840625 0.5453703703125 0.8432291671875 0.5379629625 0.84375 0.5296296296875 0.846875 0.5231481484375 0.8479166671874999 0.51851851875 0.8479166671874999 0.5129629625 0.846875 0.5111111109375 0.8416666671874999 0.509259259375 0.8067708328125001 0.509259259375 0.8026041671874999 0.5111111109375 0.7979166671875 0.515740740625 0.796875 0.5175925921875 0.7963541671875001 0.5231481484375 0.7963541671875001 0.5388888890625 0.7942708328125 0.5638888890625 0.7958333328125 0.58055555625 0.7973958328124999 0.5824074078125
9 0.7760416671875 0.577777778125 0.7791666671875 0.578703703125 0.78125 0.5740740734374999 0.784375 0.5601851859375 0.7833333328125 0.5509259265625001 0.7848958328125 0.5398148140625 0.7848958328125 0.5324074078125001 0.7828125 0.525 0.7838541671875 0.521296296875 0.7838541671875 0.5148148140625 0.7822916671875 0.5111111109375 0.7786458328125 0.509259259375 0.7744791671875 0.5148148140625 0.7739583328124999 0.5259259265625 0.7713541671875 0.5361111109375 0.77100694375 0.5459876546875 0.7708333328125 0.5518518515624999 0.7734375 0.5601851859375 0.7744791671875 0.5740740734374999 0.7760416671875 0.577777778125
14 0.8984375 0.6074074078125 0.9041666671874999 0.6083333328125 0.9114583328125001 0.6046296296875 0.9192708328125001 0.6120370375 0.928125 0.6111111109375 0.93125 0.6083333328125 0.934375 0.6018518515625 0.9359375 0.5870370375 0.9385416671875 0.575 0.9401041671874999 0.5722222218749999 0.9463541671875 0.5694444437499999 0.9510416671874999 0.5638888890625 0.9578125 0.559259259375 0.9640625 0.5583333328125 0.9692708328125 0.5527777781250001 0.975 0.5527777781250001 0.9791666671874999 0.5481481484375 0.9875 0.54444444375 0.9911458328125 0.540740740625 0.9994791671875 0.5379629625 0.9994791671875 0.5083333328124999 0.9411458328125001 0.5074074078125 0.9291666671875 0.509259259375 0.9260416671874999 0.5111111109375 0.915625 0.509259259375 0.9145833328125 0.5101851859375001 0.9145833328125 0.5175925921875 0.9130208328125 0.5305555562500001 0.90625 0.5416666671875 0.9 0.5453703703125 0.8958333328125001 0.55 0.8942708328125001 0.5583333328125 0.8901041671875 0.5694444437499999 0.8880208328125001 0.5722222218749999 0.8854166671874999 0.5731481484375001 0.8854166671874999 0.5824074078125 0.8901041671875 0.5898148140624999 0.8916666671875 0.597222221875 0.8984375 0.6074074078125
2 0.8473958328125001 0.5870370375 0.8609375 0.5861111109375 0.8645833328125001 0.5925925921874999 0.8682291671875 0.5953703703125 0.8723958328125001 0.5962962968750001 0.878125 0.5953703703125 0.8802083328125001 0.5935185187500001 0.8828125 0.5870370375 0.8833333328125 0.5361111109375 0.8817708328125 0.5333333328125 0.8760416671875 0.5333333328125 0.8729166671874999 0.5361111109375 0.8692708328125001 0.5370370375 0.8614583328125001 0.547222221875 0.8567708328125001 0.547222221875 0.8546875 0.5490740734374999 0.8458333328125001 0.547222221875 0.8427083328125 0.5490740734374999 0.8411458328125001 0.5518518515624999 0.8390625 0.5759259265625001 0.8401041671874999 0.58148148125 0.8416666671874999 0.584259259375 0.8473958328125001 0.5870370375
2 0.96875 0.6138888890625 0.9791666671874999 0.6129629624999999 0.9828125 0.6148148140624999 0.9869791671874999 0.621296296875 0.9895833328125001 0.6231481484375 0.9994791671875 0.6240740734375 0.9847291671875 0.55 0.9994791671875 0.5388888890625 0.9973958328125001 0.5388888890625 0.9932291671875 0.5425925921875 0.9916666671875 0.5425925921875 0.971875 0.5574074078125 0.9671875 0.5583333328125 0.9640625 0.5611111109375 0.9588541671874999 0.5611111109375 0.9546875 0.5629629625 0.946875 0.571296296875 0.940625 0.5740740734374999 0.9385416671875 0.578703703125 0.9385416671875 0.6018518515625 0.9552083328125001 0.61851851875 0.9635416671874999 0.61944444375 0.96875 0.6138888890625
2 0.47447916718750005 0.5333333328125 0.47760416718750004 0.5314814812499999 0.48541666718750004 0.5314814812499999 0.4875 0.5333333328125 0.4921875 0.5333333328125 0.49635416718750003 0.5314814812499999 0.50625 0.5324074078125001 0.509375 0.525 0.5083333328124999 0.5129629625 0.50625 0.5083333328124999 0.5046875 0.5009259265625 0.5020833328125 0.497222221875 0.478125 0.4990740734375 0.47552083281249996 0.5018518515625 0.4734375 0.509259259375 0.47239583281249997 0.5166666671875 0.47239583281249997 0.5268518515625 0.47291666718750003 0.5305555562500001 0.47447916718750005 0.5333333328125
1 0.5953125 0.5546296296875 0.5963541671875 0.55648148125 0.6 0.55648148125 0.6052083328125 0.5518518515624999 0.6078125 0.547222221875 0.6213541671875 0.5481481484375 0.6239583328125 0.5490740734374999 0.6291666671875 0.5583333328125 0.6322916671875001 0.5601851859375 0.6359375 0.5601851859375 0.6380208328125 0.553703703125 0.640625 0.5379629625 0.6420138890625 0.50648148125 0.64375 0.4953703703125 0.64375 0.478703703125 0.6401041671875001 0.46481481406249997 0.6364583328125 0.4601851859375 0.6322916671875001 0.4583333328125 0.6145833328125 0.45555555625000005 0.6026041671875 0.45648148125 0.5989583328125 0.4601851859375 0.596875 0.48333333281249996 0.596875 0.50555555625 0.5932291671875001 0.525 0.5932291671875001 0.5351851859375001 0.5953125 0.5546296296875