14 0.2921875 0.51851851875 0.2942708328125 0.5314814812499999 0.2953125 0.5333333328125 0.3026041671875 0.534259259375 0.3135416671875 0.5324074078125001 0.3182291671875 0.5398148140625 0.321875 0.5425925921875 0.3255208328125 0.5416666671875 0.3270833328125 0.5324074078125001 0.32760416718749996 0.48981481406249994 0.3234375 0.46388888906250003 0.3203125 0.4601851859375 0.315625 0.4583333328125 0.2942708328125 0.4583333328125 0.2901041671875 0.4620370375 0.2880208328125 0.4675925921875 0.2880208328125 0.48333333281249996 0.2932291671875 0.5018518515625 0.2921875 0.51851851875
1 0 0.8333333328125001 0.0057291671875 0.8333333328125001 0.0135416671875 0.8296296296874999 0.0182291671875 0.8203703703125 0.0229166671875 0.8148148140625 0.025 0.8083333328125001 0.028125 0.803703703125 0.029166667187500002 0.8 0.0380208328125 0.74351851875 0.0380208328125 0.7379629624999999 0.0359375 0.73148148125 0.0385416671875 0.7185185187500001 0.0395833328125 0.7046296296875 0.0395833328125 0.684259259375 0.040625 0.6796296296875 0.0645833328125 0.678703703125 0.06875 0.6805555562500001 0.0744791671875 0.678703703125 0.0760416671875 0.6768518515624999 0.0765625 0.6740740734374999 0.07760416718749999 0.6509259265625 0.0770833328125 0.603703703125 0.07552083281250001 0.5953703703125 0.0734375 0.5527777781250001 0.0744791671875 0.4953703703125 0.0734375 0.4509259265625 0.0723958328125 0.4379629625 0.07291666718749999 0.40555555625000006 0.0713541671875 0.396296296875 0.07083333281250001 0.3759259265625 0.071875 0.371296296875 0.0739583328125 0.36759259218749996 0.0822916671875 0.3574074078125 0.0822916671875 0.34351851875 0.0817708328125 0.3240740734375 0.0802083328125 0.3120370375 0.07760416718749999 0.303703703125 0.0760416671875 0.29351851875 0.071875 0.2870370375 0.0640625 0.2888888890625 0.0625 0.2851851859375 0.06302083281250001 0.271296296875 0.0614583328125 0.24259259218749998 0.05989583281250001 0.18055555625 0.058854167187499994 0.1703703703125 0.054166667187499996 0.1546296296875 0.05208333281250001 0.1518518515625 0.0479166671875 0.15 0.04375 0.1453703703125 0.0401041671875 0.14351851875 0.0375 0.13981481406250001 0.0317708328125 0.13703703750000001 0.029166667187500002 0.13148148125 0.0244791671875 0.12870370312499999 0.021354167187500002 0.12407407343750002 0.0171875 0.12222222187500001 0.0135416671875 0.11574074062499999 0.0026041671875 0.10833333281249999 0 0.10833333281249999 0 0.1296296296875 0.0005918562500000001 0.13190235625 0 0.134259259375 0.0007102265624999999 0.1366161625 0 0.13888888906250002 0.0008285984374999999 0.1413299671875 0 0.14351851875 0.0009469703124999999 0.146043771875 0 0.1481481484375 0.001065340625 0.1507575765625 0 0.15277777812499999 0.0009920640625 0.1534832453125 0.0011837125000000001 0.15547138124999998 0 0.1574074078125 0.001116071875 0.1582010578125 0.0013020828125 0.1601851859375 0 0.1620370375 0.0012400796875 0.162918871875 0.001538825 0.16961279375 0 0.171296296875 0.0014880953125 0.17235449687499999 0.0016571968749999999 0.1743265984375 0 0.1759259265625 0 0.8333333328125001
1 0.8932291671874999 0.502777778125 0.896875 0.4981481484375 0.9057291671875 0.4953703703125 0.9114583328125001 0.490740740625 0.9166666671874999 0.490740740625 0.9203125 0.49629629687500004 0.9234375 0.49629629687500004 0.9260416671874999 0.49444444374999996 0.9286458328125 0.49444444374999996 0.9317708328125001 0.497222221875 0.9338541671874999 0.4953703703125 0.9453125 0.4953703703125 0.9505208328125001 0.5101851859375001 0.9755208328125 0.5101851859375001 0.9817708328125001 0.5074074078125 0.9942708328125001 0.5074074078125 0.996875 0.502777778125 0.9979166671874999 0.497222221875 0.9983072921874999 0.48194444374999995 0.9994791671875 0.4768518515625 0.9994791671875 0.4388888890625 0.9958333328125001 0.4361111109375 0.934375 0.43055555625 0.9265625 0.427777778125 0.90625 0.42870370312499995 0.9015625 0.43055555625 0.8963541671874999 0.43055555625 0.89375 0.43240740781250003 0.8927083328125001 0.4361111109375 0.8890625 0.4879629625 0.8895833328125 0.49629629687500004 0.8916666671875 0.502777778125 0.8932291671874999 0.502777778125
14 0.2364583328125 0.4981481484375 0.23958333281250002 0.497222221875 0.2416666671875 0.48703703750000005 0.2416666671875 0.48055555625 0.2401041671875 0.47222222187499996 0.2364583328125 0.46851851875 0.22916666718749998 0.46851851875 0.22760416718749998 0.4703703703125 0.2265625 0.47407407343749997 0.2270833328125 0.478703703125 0.2328125 0.4888888890625 0.2364583328125 0.4981481484375
9 0.5270833328125 0.6083333328125 0.5286458328125 0.61944444375 0.5265625 0.61944444375 0.5260416671875 0.6231481484375 0.5234375 0.6296296296875 0.5203125 0.634259259375 0.5203125 0.6361111109375 0.5276041671875 0.6379629625 0.5302083328125 0.6361111109375 0.5309606484375 0.637551440625 0.5333333328125 0.6361111109375 0.5336226859375001 0.6383744859375 0.5359375 0.6361111109375 0.536284721875 0.63919753125 0.5442708328125 0.6416666671875 0.5520833328125 0.6416666671875 0.5541666671875001 0.6370370375000001 0.5515625 0.625 0.5515625 0.5981481484375 0.553125 0.5898148140624999 0.5520833328125 0.5740740734374999 0.553125 0.54351851875 0.5552083328124999 0.5398148140625 0.5651041671875 0.5324074078125001 0.5661458328125 0.5287037031249999 0.5661458328125 0.522222221875 0.5630208328124999 0.5148148140625 0.5578125 0.5111111109375 0.5541666671875001 0.50648148125 0.5526041671875 0.497222221875 0.5453125 0.48425925937500003 0.5447916671875 0.46666666718750005 0.5411458328125 0.46388888906250003 0.5359375 0.46851851875 0.5359375 0.49351851875 0.5354166671875 0.497222221875 0.5328125 0.502777778125 0.5317708328124999 0.509259259375 0.5307291671875001 0.5527777781250001 0.5296875 0.5574074078125 0.5276041671875 0.584259259375 0.5270833328125 0.6083333328125
7 0.3536458328125 0.525 0.3536458328125 0.5074074078125 0.35 0.50648148125 0.3479166671875 0.5083333328124999 0.3447916671875 0.5148148140625 0.34427083281250004 0.525 0.3463541671875 0.5314814812499999 0.3489583328125 0.5324074078125001 0.3536458328125 0.525
11 0.3692708328125 0.509259259375 0.3734375 0.509259259375 0.3770833328125 0.49444444374999996 0.3770833328125 0.477777778125 0.3682291671875 0.477777778125 0.3640625 0.48055555625 0.3630208328125 0.48333333281249996 0.3619791671875 0.49629629687500004 0.3625 0.5101851859375001 0.365625 0.5120370375000001 0.3692708328125 0.509259259375
11 0.2744791671875 0.48148148125 0.2744791671875 0.475 0.2666666671875 0.47407407343749997 0.2630208328125 0.477777778125 0.2625 0.4861111109375 0.2666666671875 0.48981481406249994 0.271875 0.48703703750000005 0.2744791671875 0.48148148125
7 0.8203125 0.5361111109375 0.821875 0.5314814812499999 0.821875 0.5166666671875 0.8192708328125 0.5138888890625 0.8130208328125 0.5138888890625 0.8130208328125 0.534259259375 0.8140625 0.5361111109375 0.8171875 0.5370370375 0.8203125 0.5361111109375
7 0.2708333328125 0.5629629625 0.2744791671875 0.5675925921875 0.2776041671875 0.575 0.2796875 0.5759259265625001 0.28177083281250004 0.5740740734374999 0.284375 0.5675925921875 0.2869791671875 0.565740740625 0.28958333281250004 0.5611111109375 0.2916666671875 0.5518518515624999 0.2911458328125 0.5425925921875 0.2880208328125 0.5259259265625 0.2828125 0.5175925921875 0.2786458328125 0.51851851875 0.2765625 0.522222221875 0.27395833281250004 0.5305555562500001 0.271875 0.5453703703125 0.2697916671875 0.5509259265625001 0.2697916671875 0.559259259375 0.2708333328125 0.5629629625
2 0.8114583328125 0.534259259375 0.8125 0.5324074078125001 0.8213541671875 0.5324074078125001 0.8234375 0.534259259375 0.83125 0.5324074078125001 0.8322916671874999 0.5138888890625 0.8348958328125 0.5046296296875 0.834375 0.5 0.8296875 0.4953703703125 0.8203125 0.49629629687500004 0.8197916671875 0.4981481484375 0.81805555625 0.49866255156249994 0.8157986109375001 0.50102880625 0.8140625 0.5046296296875 0.8135416671875 0.5033950625 0.8135416671875 0.5 0.8104166671874999 0.4990740734375 0.8078125 0.5018518515625 0.811284721875 0.5057613171875001 0.8119791671875 0.5101851859375001 0.809027778125 0.508127571875 0.8067708328125001 0.5104938265625 0.8046875 0.5083333328124999 0.8020833328125001 0.5101851859375001 0.80225694375 0.5152263375 0.8 0.5175925921875 0.7979166671875 0.5287037031249999 0.7984375 0.5324074078125001 0.8036458328125 0.534259259375 0.8114583328125 0.534259259375
9 0.23072916718749997 0.521296296875 0.2322916671875 0.5175925921875 0.23541666718749998 0.50555555625 0.23541666718749998 0.497222221875 0.23333333281250002 0.48981481406249994 0.2286458328125 0.4796296296875 0.2265625 0.48055555625 0.22395833281250002 0.490740740625 0.2234375 0.5120370375000001 0.2260416671875 0.51944444375 0.2286458328125 0.5231481484375 0.23072916718749997 0.521296296875
9 0.6010416671875001 0.5425925921875 0.6010416671875001 0.546296296875 0.6052083328125 0.5481481484375 0.6072916671875 0.5518518515624999 0.6046875 0.577777778125 0.6046875 0.5879629625 0.6098958328124999 0.5990740734375 0.6109375 0.6120370375 0.6125 0.6175925921875 0.615625 0.6175925921875 0.6177083328124999 0.6111111109375 0.6192708328125 0.6101851859375 0.6260416671875 0.625 0.6276041671875 0.625 0.6302083328125 0.621296296875 0.6302083328125 0.6138888890625 0.6182291671875 0.5962962968750001 0.615625 0.5879629625 0.6171875 0.5648148140625 0.6208333328125 0.5527777781250001 0.6239583328125 0.534259259375 0.6255208328124999 0.502777778125 0.6239583328125 0.48981481406249994 0.6234375 0.47407407343749997 0.6213541671875 0.465740740625 0.61875 0.4611111109375 0.6114583328125 0.46388888906250003 0.609375 0.4675925921875 0.609375 0.50555555625 0.6046875 0.5305555562500001 0.6026041671875 0.534259259375 0.6010416671875001 0.5425925921875
9 0.196875 0.5425925921875 0.1984375 0.5425925921875 0.20052083281250002 0.5398148140625 0.20416666718749998 0.5129629625 0.20729166718749997 0.4990740734375 0.2078125 0.48333333281249996 0.20572916718749998 0.47592592656250005 0.2010416671875 0.46666666718750005 0.1973958328125 0.46666666718750005 0.1932291671875 0.4768518515625 0.1916666671875 0.48425925937500003 0.1911458328125 0.49629629687500004 0.1942708328125 0.5166666671875 0.1953125 0.5379629625 0.196875 0.5425925921875
9 0.21510416718749997 0.5046296296875 0.215625 0.5240740734375 0.21770833281250002 0.5259259265625 0.2203125 0.525 0.2208333328125 0.5231481484375 0.22135416718749998 0.5138888890625 0.2201388890625 0.5091049375 0.221875 0.5083333328124999 0.22395833281250002 0.4824074078125 0.2208333328125 0.46944444374999994 0.21979166718749998 0.4675925921875 0.2171875 0.46851851875 0.21354166718749998 0.490740740625 0.21458333281250003 0.497222221875 0.21443452343749997 0.503439153125 0.21510416718749997 0.5046296296875
9 0.20510416718750002 0.48 0.20407197031250002 0.48265993281249997 0.20464015156249998 0.5015151515625 0.20572916718749998 0.5046296296875 0.20478219687500002 0.50622895625 0.2052083328125 0.5203703703125 0.20625 0.5231481484375 0.209375 0.5231481484375 0.2109375 0.51851851875 0.2102083328125 0.513703703125 0.21354166718749998 0.502777778125 0.2130208328125 0.4981481484375 0.20989583281250002 0.490277778125 0.21015625 0.4875 0.2130208328125 0.48703703750000005 0.2130208328125 0.48055555625 0.20833333281250002 0.46851851875 0.20416666718749998 0.4675925921875 0.203787878125 0.47323232343750005 0.2052083328125 0.47592592656250005 0.203929925 0.477946128125 0.20510416718750002 0.48
9 0.2677083328125 0.5203703703125 0.26614583281250004 0.5231481484375 0.26614583281250004 0.5333333328125 0.2677083328125 0.5425925921875 0.2697916671875 0.5490740734374999 0.2713541671875 0.55 0.271875 0.5481481484375 0.27291666718749996 0.5351851859375001 0.2760416671875 0.5240740734375 0.2786458328125 0.51851851875 0.2802083328125 0.5175925921875 0.2838541671875 0.51851851875 0.2875 0.525 0.2911458328125 0.54444444375 0.2942708328125 0.5333333328125 0.2927083328125 0.51944444375 0.2927083328125 0.5138888890625 0.29375 0.5111111109375 0.2942708328125 0.503703703125 0.2875 0.48148148125 0.2854166671875 0.471296296875 0.2838541671875 0.46944444374999994 0.2786458328125 0.46944444374999994 0.2765625 0.4731481484375 0.2755208328125 0.4824074078125 0.2703125 0.48981481406249994 0.2677083328125 0.497222221875 0.2671875 0.5018518515625 0.2677083328125 0.5083333328124999 0.2713541671875 0.5148148140625 0.2703125 0.5203703703125 0.2677083328125 0.5203703703125
9 0.3838541671875 0.5083333328124999 0.3854166671875 0.4953703703125 0.3848958328125 0.48333333281249996 0.38125 0.475 0.3802083328125 0.475 0.3791666671875 0.477777778125 0.3776041671875 0.48703703750000005 0.3765625 0.509259259375 0.3786458328125 0.5120370375000001 0.38125 0.5129629625 0.3838541671875 0.5083333328124999
9 0.3453125 0.5129629625 0.3489583328125 0.50648148125 0.35104166718749996 0.50648148125 0.3536458328125 0.503703703125 0.3546875 0.49351851875 0.3536458328125 0.48425925937500003 0.3526041671875 0.48055555625 0.3505208328125 0.477777778125 0.3473958328125 0.477777778125 0.34375 0.48703703750000005 0.3427083328125 0.49259259218749996 0.3427083328125 0.509259259375 0.34375 0.5120370375000001 0.3453125 0.5129629625
9 0.3395833328125 0.5138888890625 0.3447916671875 0.4824074078125 0.3421875 0.4768518515625 0.340625 0.4768518515625 0.3380208328125 0.48148148125 0.3359375 0.4888888890625 0.33541666718749996 0.503703703125 0.3369791671875 0.5120370375000001 0.3385416671875 0.515740740625 0.3395833328125 0.5138888890625
9 0.9078125 0.5370370375 0.909375 0.5601851859375 0.9109375 0.5703703703125 0.9104166671874999 0.5768518515625 0.9046875 0.5916666671875 0.903125 0.6074074078125 0.8994791671875 0.621296296875 0.9 0.6259259265625 0.9015625 0.627777778125 0.9052083328125 0.627777778125 0.9067708328125 0.625 0.9098958328125001 0.6129629624999999 0.9119791671874999 0.5962962968750001 0.9140625 0.5888888890625 0.915625 0.5861111109375 0.9192708328125001 0.5833333328125 0.9234375 0.5546296296875 0.9286458328125 0.5361111109375 0.9286458328125 0.5305555562500001 0.9234375 0.5120370375000001 0.9229166671875 0.502777778125 0.9208333328125 0.4981481484375 0.9161458328125001 0.49259259218749996 0.9114583328125001 0.49259259218749996 0.9078125 0.4953703703125 0.90625 0.5009259265625 0.90625 0.5046296296875 0.9098958328125001 0.5111111109375 0.9109375 0.521296296875 0.9078125 0.5370370375
9 0.946875 0.4879629625 0.9479166671874999 0.4731481484375 0.946875 0.4601851859375 0.9369791671875 0.4601851859375 0.9359375 0.4611111109375 0.9348958328125001 0.46851851875 0.9348958328125001 0.49259259218749996 0.940625 0.4953703703125 0.9453125 0.49444444374999996 0.946875 0.4879629625
9 0.8223958328125001 0.515740740625 0.8229166671874999 0.5083333328124999 0.81875 0.4981481484375 0.815625 0.4981481484375 0.8125 0.503703703125 0.8119791671875 0.5120370375000001 0.8135416671875 0.5148148140625 0.8208333328125 0.5166666671875 0.8223958328125001 0.515740740625
2 0.8947916671874999 0.553703703125 0.896875 0.553703703125 0.9 0.5509259265625001 0.9057291671875 0.5509259265625001 0.9078125 0.553703703125 0.9083333328125001 0.5527777781250001 0.9083333328125001 0.5361111109375 0.9109375 0.525 0.9109375 0.521296296875 0.9096354171875 0.515277778125 0.9239583328125001 0.5067901234375001 0.9239583328125001 0.5120370375000001 0.9276041671874999 0.5287037031249999 0.9302083328125 0.5314814812499999 0.9328125 0.5305555562500001 0.9348958328125001 0.5268518515625 0.9364583328125 0.515740740625 0.9375 0.5138888890625 0.9463541671875 0.5129629625 0.9484375 0.5111111109375 0.9479166671874999 0.502777778125 0.94375 0.49629629687500004 0.9369791671875 0.49444444374999996 0.9276041671874999 0.49444444374999996 0.9080929484375 0.502706553125 0.9041666671874999 0.5 0.9057291671875 0.50555555625 0.9028044875000001 0.5048433046875 0.9001602562500001 0.50591168125 0.8994791671875 0.4990740734375 0.8971354171874999 0.5023148140625 0.897516025 0.5069800578125 0.8947916671874999 0.50555555625 0.8948717953124999 0.5080484328125 0.8922275640624999 0.509116809375 0.890625 0.5074074078125 0.8895833328125 0.5101851859375001 0.8895833328125 0.5398148140625 0.8921875 0.5509259265625001 0.8947916671874999 0.553703703125
2 0.8458333328125001 0.5268518515625 0.8455729171874999 0.5120370375000001 0.843171296875 0.5077160484375 0.8567708328125001 0.5052469140625 0.8567708328125001 0.5314814812499999 0.859375 0.5351851859375001 0.8692708328125001 0.534259259375 0.8760416671875 0.5361111109375 0.8770833328125001 0.5333333328125 0.8776041671874999 0.5259259265625 0.8770833328125001 0.5148148140625 0.8708333328125001 0.5046296296875 0.8661458328125 0.5 0.8625 0.4981481484375 0.8572916671874999 0.4981481484375 0.8567708328125001 0.5 0.845891203125 0.5061728390625 0.8453125 0.497222221875 0.8401041671874999 0.497222221875 0.8380208328125001 0.4990740734375 0.8342013890625 0.5089506171875 0.8350115734375001 0.512345678125 0.8322916671874999 0.5138888890625 0.83194444375 0.5231481484375 0.8317708328125001 0.527777778125 0.8333333328125001 0.5324074078125001 0.8442708328125 0.5305555562500001 0.8458333328125001 0.5268518515625
2 0.878125 0.5370370375 0.8822916671875 0.540740740625 0.8885416671874999 0.540740740625 0.8890625 0.5333333328125 0.8777083328125 0.5098148140625 0.8885416671874999 0.5009259265625 0.8880208328125001 0.4990740734375 0.8838541671875 0.497222221875 0.8739583328125 0.497222221875 0.8729166671874999 0.4990740734375 0.8723958328125001 0.5046296296875 0.8760416671875 0.515740740625 0.8765625 0.5305555562500001 0.878125 0.5370370375