9 0.1833333328125 0.3779629625 0.1817708328125 0.38240740781250004 0.1822916671875 0.3925925921875 0.1833333328125 0.39444444375 0.1859375 0.39444444375 0.1864583328125 0.39351851875 0.184375 0.3831481484375 0.18697916718750002 0.3759259265625 0.18697916718750002 0.3648148140625 0.1859375 0.3620370375 0.1833333328125 0.3620370375 0.1817708328125 0.3638888890625 0.18125 0.372222221875 0.1822916671875 0.372777778125 0.18125 0.3768518515625 0.1833333328125 0.3779629625
9 0.0416666671875 0.4731481484375 0.0401041671875 0.48425925937500003 0.0411458328125 0.48703703750000005 0.0463541671875 0.4861111109375 0.0484375 0.490740740625 0.052604167187499995 0.4916666671875 0.0536458328125 0.490740740625 0.0546875 0.45370370312499997 0.058333332812500006 0.44907407343749994 0.0609375 0.43240740781250003 0.0645833328125 0.4296296296875 0.06510416718749999 0.409259259375 0.0640625 0.3898148140625 0.0609375 0.3759259265625 0.0578125 0.371296296875 0.0557291671875 0.3601851859375 0.0489583328125 0.3509259265625 0.046875 0.3509259265625 0.0442708328125 0.3546296296875 0.0427083328125 0.36759259218749996 0.0401041671875 0.371296296875 0.0380208328125 0.377777778125 0.0364583328125 0.3879629625 0.0385416671875 0.4148148140625 0.0390625 0.45185185156249996 0.0416666671875 0.4731481484375
9 0.08854166718749999 0.3898148140625 0.08854166718749999 0.43148148124999997 0.093402778125 0.4395061734375 0.0919270828125 0.44629629687500005 0.08854166718749999 0.44444444375 0.0901041671875 0.4731481484375 0.090625 0.47592592656250005 0.0916666671875 0.4768518515625 0.0953125 0.47222222187499996 0.0973958328125 0.47592592656250005 0.1 0.4768518515625 0.1010416671875 0.475 0.1015625 0.4703703703125 0.10052083281249999 0.4601851859375 0.103125 0.45648148125 0.10625 0.44259259218749997 0.1067708328125 0.43240740781250003 0.1057291671875 0.41203703750000004 0.10729166718750001 0.3953703703125 0.10729166718750001 0.3851851859375 0.1041666671875 0.3731481484375 0.1015625 0.36851851875 0.0973958328125 0.3648148140625 0.0973958328125 0.35648148125 0.09635416718749999 0.3509259265625 0.09427083281250001 0.35 0.0921875 0.3518518515625 0.090625 0.35555555625 0.0890625 0.365740740625 0.08645833281250001 0.371296296875 0.08645833281250001 0.3796296296875 0.08854166718749999 0.3898148140625
9 0.10833333281249999 0.45 0.11041666718750001 0.45370370312499997 0.1119791671875 0.45370370312499997 0.11510416718750001 0.45 0.115625 0.44629629687500005 0.1166666671875 0.4268518515625 0.1213541671875 0.4 0.1213541671875 0.384259259375 0.1197916671875 0.375 0.1119791671875 0.35925925937500003 0.1088541671875 0.3601851859375 0.1078125 0.3648148140625 0.10729166718750001 0.3759259265625 0.10729166718750001 0.3981481484375 0.10625 0.41018518593750003 0.10729166718750001 0.44259259218749997 0.10833333281249999 0.45
9 0.10798611093749999 0.4225308640625 0.10798611093749999 0.42654321093750003 0.1087239578125 0.427546296875 0.109809028125 0.43719135781249996 0.11019965312499999 0.4375771609375 0.11041666718750001 0.44351851875000003 0.1088541671875 0.447222221875 0.1098958328125 0.45 0.1140625 0.45 0.11510416718750001 0.4481481484375 0.1145833328125 0.44444444375 0.1109375 0.44259259218749997 0.11343005937499999 0.40218253906249996 0.13389136875000002 0.3724206359375 0.1356770828125 0.3754629625 0.1354166671875 0.38148148125 0.1390625 0.4148148140625 0.14010416718750002 0.41851851875 0.1442708328125 0.41944444374999995 0.1453125 0.4175925921875 0.1463541671875 0.4018518515625 0.14895833281249998 0.3888888890625 0.1484375 0.371296296875 0.1453125 0.3620370375 0.1447916671875 0.35648148125 0.1432291671875 0.3546296296875 0.1416666671875 0.3546296296875 0.140625 0.35648148125 0.1390625 0.3638888890625 0.10729166718750001 0.41111111093749997 0.10833333281249999 0.415740740625 0.10703125 0.4166666671875 0.1067708328125 0.42222222187499997 0.10798611093749999 0.4225308640625
9 0.1692708328125 0.3861111109375 0.1692708328125 0.3759259265625 0.1661458328125 0.3638888890625 0.1651041671875 0.36296296250000004 0.16354166718750002 0.365740740625 0.1614583328125 0.375 0.1609375 0.3888888890625 0.1625 0.40555555625000006 0.1651041671875 0.40555555625000006 0.1692708328125 0.3861111109375
9 0.8963541671874999 0.48703703750000005 0.8947916671874999 0.522222221875 0.8953125 0.5296296296875 0.8958333328125001 0.5324074078125001 0.8979166671875 0.5351851859375001 0.9052083328125 0.5370370375 0.9072916671875 0.5333333328125 0.9088541671874999 0.5083333328124999 0.9145833328125 0.471296296875 0.9135416671875 0.43240740781250003 0.9109375 0.41944444374999995 0.9083333328125001 0.41203703750000004 0.9046875 0.4129629625 0.9 0.41944444374999995 0.8984375 0.43055555625 0.8927083328125001 0.45370370312499997 0.8921875 0.478703703125 0.89375 0.4824074078125 0.8953125 0.48333333281249996 0.8963541671874999 0.48703703750000005
9 0.8651041671874999 0.49629629687500004 0.8625 0.50555555625 0.8598958328125 0.5101851859375001 0.8588541671875 0.515740740625 0.8615327374999999 0.5162698421874999 0.8635416671874999 0.51851851875 0.8625 0.5231481484375 0.8588541671875 0.5231481484375 0.8604166671875 0.527777778125 0.8640625 0.525 0.871875 0.527777778125 0.8734375 0.5296296296875 0.8760416671875 0.527777778125 0.8776041671874999 0.51944444375 0.8695684531250001 0.5178571421875 0.8713541671874999 0.5074074078125 0.8747395828125001 0.50555555625 0.8786458328125001 0.5 0.8817708328125 0.46296296249999996 0.884375 0.45185185156249996 0.8848958328125001 0.4388888890625 0.8817708328125 0.4138888890625 0.8776041671874999 0.41203703750000004 0.8765625 0.4129629625 0.8744791671875 0.41944444374999995 0.8677083328125 0.42870370312499995 0.8651041671874999 0.4453703703125 0.8651041671874999 0.46851851875 0.8661458328125 0.4796296296875 0.865625 0.4916666671875 0.8651041671874999 0.49629629687500004
9 0.809375 0.47407407343749997 0.8109375 0.4731481484375 0.8135416671875 0.46296296249999996 0.8140625 0.4509259265625 0.8135416671875 0.440740740625 0.8119791671875 0.43240740781250003 0.809375 0.425 0.8067708328125001 0.42129629687500003 0.8046875 0.42129629687500003 0.8020833328125001 0.4240740734375 0.7979166671875 0.4388888890625 0.7979166671875 0.45277777812500003 0.8036458328125 0.4611111109375 0.8057291671875 0.47222222187499996 0.809375 0.47407407343749997
9 0.2567708328125 0.396296296875 0.2588541671875 0.39351851875 0.25729166718749996 0.384259259375 0.2520833328125 0.3740740734375 0.2494791671875 0.375 0.24583333281250003 0.38333333281250004 0.2453125 0.3898148140625 0.24739583281250002 0.3990740734375 0.25052083281250004 0.396296296875 0.2567708328125 0.396296296875
9 0.4692708328125 0.440740740625 0.4703125 0.4379629625 0.4713541671875 0.409259259375 0.47083333281249995 0.403703703125 0.46979166718750004 0.4018518515625 0.4671875 0.4018518515625 0.4661458328125 0.403703703125 0.46458333281249997 0.4148148140625 0.4640625 0.4361111109375 0.46510416718750003 0.440740740625 0.46770833281249996 0.44166666718750003 0.4692708328125 0.440740740625
9 0.49010416718750005 0.4453703703125 0.4916666671875 0.440740740625 0.4916666671875 0.43148148124999997 0.48836805625 0.42746913593749997 0.4921875 0.4175925921875 0.4921875 0.4129629625 0.490625 0.409259259375 0.4875 0.41018518593750003 0.48645833281249995 0.41944444374999995 0.4869791671875 0.42870370312499995 0.4859375 0.44166666718750003 0.4869791671875 0.44444444375 0.49010416718750005 0.4453703703125
9 0.5067708328125 0.4546296296875 0.509375 0.44444444375 0.5041666671875 0.44259259218749997 0.5036458328125 0.43819444374999994 0.5098958328125 0.427777778125 0.5098958328125 0.4138888890625 0.5088541671875 0.40555555625000006 0.50625 0.4046296296875 0.5026041671875 0.4166666671875 0.50125 0.4411111109375 0.5010416671875 0.44907407343749994 0.5020833328125 0.45370370312499997 0.5046875 0.45555555625000005 0.5067708328125 0.4546296296875
9 0.4770833328125 0.44351851875000003 0.4791666671875 0.44351851875000003 0.48125 0.43055555625 0.48125 0.41851851875 0.47864583281249995 0.40092592656250003 0.4739583328125 0.41111111093749997 0.4734375 0.4148148140625 0.475 0.427777778125 0.475 0.440740740625 0.4770833328125 0.44351851875000003
9 0.1770833328125 0.3851851859375 0.1776041671875 0.3888888890625 0.18020833281249998 0.3953703703125 0.1822916671875 0.3953703703125 0.1833333328125 0.39444444375 0.1833333328125 0.39074074062499997 0.180859375 0.3828703703125 0.1805989578125 0.371990740625 0.1817708328125 0.36759259218749996 0.1807291671875 0.3601851859375 0.1786458328125 0.3611111109375 0.1770833328125 0.3648148140625 0.1765625 0.3731481484375 0.1794270828125 0.3763888890625 0.1794270828125 0.378703703125 0.1770833328125 0.3851851859375
9 0.20416666718749998 0.39351851875 0.20572916718749998 0.3768518515625 0.203125 0.3740740734375 0.203125 0.36805555624999997 0.20572916718749998 0.3648148140625 0.20416666718749998 0.3620370375 0.2010416671875 0.36296296250000004 0.20052083281250002 0.3925925921875 0.2010416671875 0.3953703703125 0.20208333281250002 0.3953703703125 0.20416666718749998 0.39351851875
1 0.44427083281249996 0.3861111109375 0.44635416718750004 0.3898148140625 0.44947916718750003 0.4 0.45 0.41944444374999995 0.45104166718750005 0.427777778125 0.4526041671875 0.427777778125 0.45416666718750004 0.425 0.453125 0.403703703125 0.4546875 0.39351851875 0.4546875 0.38055555625 0.45416666718750004 0.3740740734375 0.4526041671875 0.3703703703125 0.4421875 0.365740740625 0.43177083281249995 0.3648148140625 0.4244791671875 0.36759259218749996 0.41822916718750003 0.3731481484375 0.4171875 0.3768518515625 0.41822916718750003 0.3796296296875 0.4348958328125 0.38148148125 0.44427083281249996 0.3861111109375
14 0.27291666718749996 0.4129629625 0.275 0.409259259375 0.28854166718749996 0.41018518593750003 0.2916666671875 0.4148148140625 0.29375 0.415740740625 0.2953125 0.4138888890625 0.2958333328125 0.384259259375 0.2947916671875 0.3740740734375 0.29375 0.3703703703125 0.2921875 0.36851851875 0.275 0.36666666718749996 0.271875 0.3731481484375 0.2703125 0.3861111109375 0.2692708328125 0.4018518515625 0.2692708328125 0.41111111093749997 0.2703125 0.4138888890625 0.27291666718749996 0.4129629625
14 0.4140625 0.4481481484375 0.41875 0.45185185156249996 0.43177083281249995 0.4509259265625 0.4348958328125 0.4546296296875 0.44322916718750005 0.45370370312499997 0.4447916671875 0.45648148125 0.446875 0.4574074078125 0.4479166671875 0.45555555625000005 0.44895833281249997 0.447222221875 0.44895833281249997 0.4175925921875 0.4484375 0.4074074078125 0.4453125 0.3879629625 0.43385416718750003 0.38055555625 0.41979166718750005 0.3796296296875 0.4145833328125 0.38240740781250004 0.4135416671875 0.384259259375 0.41302083281249996 0.3879629625 0.4145833328125 0.40277777812500004 0.4135416671875 0.41851851875 0.4140625 0.4481481484375
1 0.2130208328125 0.403703703125 0.21770833281250002 0.4046296296875 0.22135416718749998 0.4018518515625 0.22552083281250002 0.40092592656250003 0.2338541671875 0.4018518515625 0.23697916718749998 0.40555555625000006 0.24114583281250002 0.40648148125 0.24479166718749998 0.4018518515625 0.24635416718749997 0.39444444375 0.24895833281250002 0.36296296250000004 0.2479166671875 0.35 0.24375 0.3416666671875 0.24114583281250002 0.340740740625 0.2390625 0.33703703749999997 0.2338541671875 0.3333333328125 0.2203125 0.3333333328125 0.21510416718749997 0.33703703749999997 0.2125 0.34351851875 0.2109375 0.3509259265625 0.209375 0.3703703703125 0.2078125 0.377777778125 0.2078125 0.3916666671875 0.2130208328125 0.403703703125
2 0.5119791671875 0.47222222187499996 0.5139727015625 0.47755427812500006 0.5119791671875 0.48055555625 0.5125 0.49259259218749996 0.5130208328125 0.49629629687500004 0.5145833328125 0.4990740734375 0.5192708328125 0.5 0.5244791671875 0.49444444374999996 0.5317708328124999 0.49629629687500004 0.5369791671875 0.4990740734375 0.5416666671875 0.509259259375 0.5453125 0.5120370375000001 0.5494791671875 0.5120370375000001 0.5526041671875 0.50648148125 0.5546875 0.50555555625 0.5880208328125 0.50555555625 0.5901041671875 0.50648148125 0.5927083328125 0.5129629625 0.5958333328125 0.5175925921875 0.5989583328125 0.51851851875 0.6020833328124999 0.5138888890625 0.6046875 0.502777778125 0.6052083328125 0.48148148125 0.6067708328125 0.471296296875 0.60625 0.4583333328125 0.6041666671875 0.4546296296875 0.6020833328124999 0.44629629687500005 0.5953125 0.43148148124999997 0.5869791671875 0.40833333281249995 0.58125 0.4018518515625 0.5713541671875 0.4 0.5713541671875 0.39444444375 0.5723958328125 0.39351851875 0.5723958328125 0.3898148140625 0.5713541671875 0.3888888890625 0.5703125 0.39074074062499997 0.568359375 0.38819444375 0.5654947921875 0.3793981484375 0.562769396875 0.3774584921875 0.5645833328125 0.3740740734375 0.5640625 0.3703703703125 0.5625 0.372222221875 0.5630208328124999 0.3740740734375 0.560955459375 0.3808429125 0.55551365 0.39099616875 0.5552083328124999 0.3953703703125 0.5536997125 0.3943805875 0.5526041671875 0.396296296875 0.5359375 0.3953703703125 0.5276041671875 0.396296296875 0.5244791671875 0.3981481484375 0.5203125 0.4074074078125 0.5177083328125 0.41851851875 0.5161458328124999 0.43240740781250003 0.5140625 0.4583333328125 0.5125 0.4675925921875 0.513793103125 0.468837803125 0.5119791671875 0.47222222187499996
9 0 0.4453703703125 0.0052083328125 0.44629629687500005 0.0075 0.4501851859375 0.00848524375 0.455516975 0.009375 0.477777778125 0.008854167187500001 0.48518518593750004 0.0098958328125 0.48703703750000005 0.0135416671875 0.48703703750000005 0.0151041671875 0.48333333281249996 0.014583332812499999 0.46851851875 0.009375 0.46296296249999996 0.008854167187500001 0.4601851859375 0.0111979171875 0.45601851875 0.0140625 0.4546296296875 0.013020832812499999 0.44907407343749994 0.0140625 0.44629629687500005 0.0182291671875 0.44444444375 0.0192708328125 0.44259259218749997 0.0192708328125 0.4240740734375 0.0171875 0.3981481484375 0.021354167187500002 0.3916666671875 0.021875 0.38240740781250004 0.0197916671875 0.371296296875 0.014583332812499999 0.3638888890625 0.0109375 0.3611111109375 0.0083333328125 0.34444444375 0.0052083328125 0.33888888906250003 0 0.3398148140625 0 0.3481481484375 0.000625 0.34901234531249997 0 0.3574074078125 0.00125 0.35820987656250003 0 0.3620370375 0.0015625 0.3628086421875 0.00147569375 0.36682098750000003 0 0.36666666718749996 0 0.4453703703125
7 0.2515625 0.42129629687500003 0.2546875 0.4166666671875 0.2557291671875 0.4129629625 0.2567708328125 0.4074074078125 0.2567708328125 0.397222221875 0.2552083328125 0.39444444375 0.24739583281250002 0.396296296875 0.2453125 0.403703703125 0.2453125 0.4138888890625 0.24739583281250002 0.41944444374999995 0.2515625 0.42129629687500003