11 0.2609375 0.5166666671875 0.2619791671875 0.5148148140625 0.2619791671875 0.50555555625 0.2598958328125 0.48981481406249994 0.2552083328125 0.4888888890625 0.25 0.49259259218749996 0.24895833281250002 0.49444444374999996 0.24895833281250002 0.5 0.25052083281250004 0.5166666671875 0.2609375 0.5166666671875
11 0.9744791671874999 0.5990740734375 0.9760416671875 0.6111111109375 0.9765625 0.6240740734375 0.9796875 0.6379629625 0.9817708328125001 0.6416666671875 0.9869791671874999 0.6416666671875 0.9916666671875 0.6296296296875 0.9994791671875 0.628703703125 0.9765625 0.5930555562500001 0.97579495625 0.5902534109375 0.9994791671875 0.5148148140625 0.9895833328125001 0.515740740625 0.9859375 0.5240740734375 0.9822916671874999 0.5583333328125 0.978125 0.571296296875 0.9744791671874999 0.5898148140624999 0.9744791671874999 0.5990740734375
11 0.9229166671875 0.5833333328125 0.9236653640625001 0.5872106484375 0.9223958328125 0.5870370375 0.921875 0.5962962968750001 0.9234375 0.6074074078125 0.9244791671874999 0.609259259375 0.928125 0.609259259375 0.9317708328125001 0.6018518515625 0.9458333328125 0.6018518515625 0.9548177078125001 0.6053240734374999 0.9560165234375001 0.6009578546875 0.9578125 0.60648148125 0.9581537359375 0.6037994890625 0.9602909484375 0.6066411234375 0.9635416671874999 0.60648148125 0.9624281609375 0.6094827578124999 0.9645653734374999 0.61232439375 0.9653645828125 0.6115740734374999 0.9671875 0.6166666671875001 0.9709770109375 0.620849296875 0.9734375 0.61944444375 0.9731142234375 0.6236909328125 0.9838002875 0.63789910625 0.9854166671875 0.6416666671875 0.9859375 0.640740740625 0.9760416671875 0.615740740625 0.9755208328125 0.60648148125 0.9786458328125001 0.5962962968750001 0.9786458328125001 0.5935185187500001 0.9760416671875 0.5916666671875 0.9760416671875 0.584259259375 0.975 0.578703703125 0.9786458328125001 0.5731481484375001 0.9817708328125001 0.5620370375 0.984375 0.540740740625 0.984375 0.527777778125 0.9833333328125 0.525 0.946875 0.521296296875 0.9442708328125 0.5175925921875 0.9395833328125001 0.5166666671875 0.9359375 0.5203703703125 0.9317708328125001 0.522222221875 0.9276041671874999 0.5305555562500001 0.9255208328125001 0.540740740625 0.9239583328125001 0.5583333328125 0.9260955453124999 0.56117496875 0.9239583328125001 0.5641975312499999 0.9239583328125001 0.5759259265625001 0.9229166671875 0.5833333328125
9 0.3557291671875 0.5259259265625 0.35625 0.522222221875 0.3572916671875 0.502777778125 0.35625 0.49629629687500004 0.3541666671875 0.49259259218749996 0.3526041671875 0.49259259218749996 0.35104166718749996 0.4981481484375 0.3505208328125 0.5231481484375 0.3526041671875 0.527777778125 0.3541666671875 0.527777778125 0.3557291671875 0.5259259265625
14 0.2104166671875 0.49259259218749996 0.21354166718749998 0.490740740625 0.21510416718749997 0.49351851875 0.2166666671875 0.5009259265625 0.2182291671875 0.49444444374999996 0.2182291671875 0.4888888890625 0.2171875 0.48703703750000005 0.21197916718749998 0.4861111109375 0.2078125 0.4861111109375 0.20572916718749998 0.4879629625 0.20416666718749998 0.49351851875 0.20381944375 0.5033950625 0.2036458328125 0.5111111109375 0.2052083328125 0.5166666671875 0.2078125 0.5101851859375001 0.2104166671875 0.49259259218749996
9 0.21354166718749998 0.5361111109375 0.21510416718749997 0.5324074078125001 0.2166666671875 0.5018518515625 0.2125 0.48981481406249994 0.209375 0.49259259218749996 0.2078125 0.497222221875 0.20729166718749997 0.5101851859375001 0.20989583281250002 0.5324074078125001 0.2114583328125 0.5361111109375 0.21354166718749998 0.5361111109375
9 0.195138325 0.504055415625 0.2036458328125 0.5018518515625 0.20208333281250002 0.49259259218749996 0.1984375 0.48981481406249994 0.1953125 0.490740740625 0.195138325 0.504055415625
9 0.1950540125 0.5105006859375 0.19479166718750002 0.5305555562500001 0.1963541671875 0.547222221875 0.1989583328125 0.5370370375 0.2026041671875 0.5314814812499999 0.2036458328125 0.525 0.19537037031249999 0.5242798359374999 0.1950540125 0.5105006859375
7 0.3369791671875 0.55 0.3416666671875 0.5481481484375 0.34427083281250004 0.54351851875 0.3453125 0.5388888890625 0.34375 0.525 0.3411458328125 0.5231481484375 0.3338541671875 0.5268518515625 0.3328125 0.5305555562500001 0.3328125 0.5361111109375 0.33541666718749996 0.5481481484375 0.3369791671875 0.55
7 0.2833333328125 0.5935185187500001 0.2911458328125 0.597222221875 0.2921875 0.5962962968750001 0.2942708328125 0.5888888890625 0.2984375 0.584259259375 0.3010416671875 0.578703703125 0.3015625 0.5722222218749999 0.2994791671875 0.546296296875 0.2958333328125 0.5388888890625 0.290625 0.5379629625 0.2838541671875 0.55 0.2828125 0.553703703125 0.28072916718749996 0.5675925921875 0.2791666671875 0.5722222218749999 0.2802083328125 0.58055555625 0.2833333328125 0.5935185187500001
2 0.8375 0.5759259265625001 0.8458333328125001 0.575 0.8489583328125001 0.5870370375 0.8536458328125001 0.5879629625 0.8572916671874999 0.584259259375 0.865625 0.584259259375 0.8692708328125001 0.5870370375 0.8791666671874999 0.5861111109375 0.8838541671875 0.5870370375 0.8885416671874999 0.5935185187500001 0.8927083328125001 0.5935185187500001 0.8958333328125001 0.5796296296875 0.8958333328125001 0.5731481484375001 0.89375 0.5601851859375 0.8864583328125001 0.5398148140625 0.8807291671874999 0.5296296296875 0.8755208328125 0.5240740734375 0.865625 0.5203703703125 0.8526041671875 0.51851851875 0.8505208328125 0.5166666671875 0.8447916671875 0.5166666671875 0.8385416671874999 0.5268518515625 0.834375 0.540740740625 0.8328125 0.5481481484375 0.8328125 0.553703703125 0.8354166671875 0.5703703703125 0.8375 0.5759259265625001
14 0.2833333328125 0.4990740734375 0.2864583328125 0.4888888890625 0.28958333281250004 0.48703703750000005 0.2932291671875 0.4879629625 0.2947916671875 0.490740740625 0.29635416718749996 0.502777778125 0.3010416671875 0.5101851859375001 0.3036458328125 0.521296296875 0.3036458328125 0.5268518515625 0.3015625 0.5361111109375 0.3026041671875 0.5509259265625001 0.3125 0.5509259265625001 0.315625 0.5574074078125 0.3182291671875 0.5583333328125 0.3203125 0.5611111109375 0.3244791671875 0.5611111109375 0.3265625 0.553703703125 0.32864583281250004 0.5166666671875 0.3229166671875 0.478703703125 0.32083333281250004 0.475 0.3177083328125 0.4731481484375 0.3135416671875 0.4731481484375 0.3098958328125 0.471296296875 0.290625 0.47222222187499996 0.284375 0.4768518515625 0.2822916671875 0.48148148125 0.28072916718749996 0.48981481406249994 0.28072916718749996 0.4981481484375 0.28177083281250004 0.5 0.2833333328125 0.4990740734375
1 0.8140625 0.522222221875 0.8265625 0.5268518515625 0.8286458328125 0.5305555562500001 0.8286458328125 0.5398148140625 0.83125 0.54444444375 0.8333333328125001 0.5425925921875 0.8348958328125 0.5324074078125001 0.8369791671875 0.5259259265625 0.8359375 0.5175925921875 0.8354166671875 0.497222221875 0.8364583328125 0.48981481406249994 0.8385416671874999 0.4861111109375 0.8416666671874999 0.48518518593750004 0.8463541671874999 0.48981481406249994 0.8463541671874999 0.5101851859375001 0.8479166671874999 0.5148148140625 0.8572916671874999 0.515740740625 0.8635416671874999 0.51851851875 0.8765625 0.521296296875 0.8838541671875 0.5296296296875 0.8859375 0.5296296296875 0.8885416671874999 0.5231481484375 0.8911458328125 0.51944444375 0.89375 0.51944444375 0.8963541671874999 0.5268518515625 0.8984375 0.5296296296875 0.9036458328125001 0.5296296296875 0.9072916671875 0.4861111109375 0.9067708328125 0.47407407343749997 0.9052083328125 0.47222222187499996 0.8692708328125001 0.46666666718750005 0.834375 0.46388888906250003 0.8239583328125001 0.4611111109375 0.8119791671875 0.4611111109375 0.8057291671875 0.46296296249999996 0.8046875 0.46666666718750005 0.8046875 0.475 0.8026041671874999 0.49351851875 0.8020833328125001 0.51851851875 0.8036458328125 0.521296296875 0.8057291671875 0.522222221875 0.8140625 0.522222221875
1 0.9057291671875 0.565740740625 0.9072916671875 0.5675925921875 0.9151041671875 0.5694444437499999 0.9208333328125 0.5694444437499999 0.9223958328125 0.5675925921875 0.9244791671874999 0.5361111109375 0.9270833328125001 0.5314814812499999 0.9317708328125001 0.515740740625 0.940625 0.5129629625 0.959375 0.5129629625 0.9625 0.515740740625 0.9770833328125 0.515740740625 0.9817708328125001 0.5231481484375 0.9854166671875 0.5166666671875 0.9901041671874999 0.5120370375000001 0.9994791671875 0.509259259375 0.9994791671875 0.44444444375 0.95 0.45185185156249996 0.9427083328125001 0.45185185156249996 0.9182291671874999 0.45648148125 0.9114583328125001 0.4601851859375 0.9083333328125001 0.471296296875 0.9067708328125 0.5046296296875 0.9041666671874999 0.5305555562500001 0.9046875 0.5601851859375 0.9057291671875 0.565740740625
1 0 0.7768518515625 0.025520832812499998 0.7759259265625 0.0302083328125 0.7805555562500001 0.0328125 0.7851851859375001 0.0364583328125 0.7879629625 0.0463541671875 0.7888888890625 0.053125 0.7861111109375 0.0625 0.7740740734375 0.0645833328125 0.7638888890625 0.0671875 0.7574074078125 0.0703125 0.74444444375 0.0723958328125 0.725 0.07552083281250001 0.7203703703125 0.0765625 0.6972222218749999 0.07760416718749999 0.6925925921875 0.0802083328125 0.6879629625 0.08541666718749999 0.690740740625 0.0901041671875 0.690740740625 0.0953125 0.6861111109375 0.09895833281250001 0.6851851859375 0.103125 0.68148148125 0.10729166718750001 0.6805555562500001 0.1130208328125 0.675 0.1213541671875 0.6703703703125 0.1260416671875 0.665740740625 0.1390625 0.6620370375 0.14114583281249998 0.659259259375 0.1458333328125 0.6574074078125001 0.153125 0.6583333328125 0.1588541671875 0.6703703703125 0.1609375 0.671296296875 0.1703125 0.6703703703125 0.1776041671875 0.6629629625 0.18020833281249998 0.6509259265625 0.1828125 0.627777778125 0.18697916718750002 0.602777778125 0.18802083281249998 0.6009259265625 0.1927083328125 0.5990740734375 0.19479166718750002 0.590740740625 0.19479166718750002 0.54444444375 0.19375 0.5388888890625 0.19375 0.49351851875 0.1916666671875 0.4546296296875 0.1921875 0.4388888890625 0.1890625 0.40092592656250003 0.1895833328125 0.352777778125 0.1875 0.3379629625 0.1848958328125 0.3296296296875 0.1828125 0.32685185156249996 0.1708333328125 0.3166666671875 0.1661458328125 0.3111111109375 0.1614583328125 0.3083333328125 0.15572916718750002 0.3 0.1494791671875 0.29444444375 0.1463541671875 0.2898148140625 0.1380208328125 0.2833333328125 0.1302083328125 0.2740740734375 0.1244791671875 0.26944444375 0.1145833328125 0.25740740781250004 0.1088541671875 0.252777778125 0.09322916718749999 0.23518518593749999 0.0880208328125 0.23148148124999998 0.0838541671875 0.2259259265625 0.078125 0.221296296875 0.07552083281250001 0.2166666671875 0.0713541671875 0.2138888890625 0.0682291671875 0.209259259375 0.0635416671875 0.20648148125 0.060416667187499995 0.2009259265625 0.056770832812500005 0.1981481484375 0.0536458328125 0.19351851874999998 0.0489583328125 0.190740740625 0.04375 0.1833333328125 0.0390625 0.17962962968750001 0.0364583328125 0.175 0.0317708328125 0.171296296875 0.0286458328125 0.1666666671875 0.0239583328125 0.16388888906250001 0.021354167187500002 0.15925925937500002 0.0182291671875 0.1574074078125 0.014583332812499999 0.1518518515625 0.0098958328125 0.1490740734375 0.00625 0.1425925921875 0.0020833328125000002 0.13981481406250001 0 0.13981481406250001 0 0.7768518515625
9 0.47291666718750003 0.5453703703125 0.47291666718750003 0.5481481484375 0.4703125 0.55 0.47239583281249997 0.5518518515624999 0.4703125 0.5555555562500001 0.4751736109375 0.5574074078125 0.47760416718750004 0.5611111109375 0.47760416718750004 0.5703703703125 0.48072916718750003 0.5824074078125 0.48125 0.5962962968750001 0.48333333281249996 0.597222221875 0.48541666718750004 0.5953703703125 0.48645833281249995 0.5925925921874999 0.4869791671875 0.5759259265625001 0.4927083328125 0.540740740625 0.4947916671875 0.5370370375 0.4984375 0.5351851859375001 0.5010416671875 0.5314814812499999 0.5010416671875 0.5240740734375 0.4973958328125 0.5175925921875 0.4947916671875 0.5175925921875 0.4921875 0.5138888890625 0.49010416718750005 0.50555555625 0.48541666718750004 0.49351851875 0.4828125 0.4953703703125 0.4817708328125 0.4981481484375 0.48020833281249997 0.5101851859375001 0.478125 0.51851851875 0.4765625 0.534259259375 0.47291666718750003 0.5453703703125
9 0.5348958328125 0.540740740625 0.5358173078124999 0.5415954421875 0.535894096875 0.545061728125 0.538715278125 0.5546296296875 0.5388888890625 0.5601851859375 0.5395032046875 0.5598290609375 0.5404246796875001 0.5643874640625001 0.5390625 0.565740740625 0.5408854171875 0.5666666671875 0.5422676281250001 0.5735042734375 0.5395833328124999 0.5731481484375001 0.540625 0.5888888890625 0.5385416671875001 0.603703703125 0.5401041671875 0.60555555625 0.5432291671875 0.6046296296875 0.5442708328125 0.602777778125 0.5510416671875 0.6018518515625 0.553125 0.597222221875 0.553125 0.5898148140624999 0.5520833328125 0.5870370375 0.55 0.5851851859375 0.5463541671875001 0.575 0.5453125 0.5703703703125 0.5453125 0.5648148140625 0.55 0.547222221875 0.5526041671875 0.540740740625 0.5541666671875001 0.5324074078125001 0.5541666671875001 0.5175925921875 0.5510416671875 0.50555555625 0.5489583328125 0.490740740625 0.5442708328125 0.49444444374999996 0.5411458328125 0.5 0.5401041671875 0.5148148140625 0.5375 0.5287037031249999 0.5348958328125 0.5370370375 0.5348958328125 0.540740740625
9 0.9010416671874999 0.5453703703125 0.9005208328125001 0.5361111109375 0.8989583328125 0.5324074078125001 0.896875 0.5305555562500001 0.8942708328125001 0.521296296875 0.8901041671875 0.522222221875 0.8885416671874999 0.527777778125 0.8880208328125001 0.54444444375 0.8927083328125001 0.5546296296875 0.8958333328125001 0.553703703125 0.9010416671874999 0.5453703703125
9 0.8421875 0.5175925921875 0.8458333328125001 0.515740740625 0.846875 0.5138888890625 0.8479166671874999 0.502777778125 0.846875 0.49629629687500004 0.8453125 0.49259259218749996 0.8395833328125001 0.48981481406249994 0.8380208328125001 0.48981481406249994 0.8359375 0.4990740734375 0.8354166671875 0.5240740734375 0.8359375 0.5287037031249999 0.8369791671875 0.5305555562500001 0.8421875 0.5175925921875
9 0.3380208328125 0.521296296875 0.3411458328125 0.522222221875 0.34375 0.5203703703125 0.34375 0.50648148125 0.3395833328125 0.49444444374999996 0.3359375 0.49351851875 0.33125 0.5046296296875 0.3307291671875 0.5203703703125 0.3328125 0.5259259265625 0.334375 0.5259259265625 0.3380208328125 0.521296296875
9 0.2744791671875 0.54444444375 0.2744791671875 0.5481481484375 0.278125 0.5740740734374999 0.2796875 0.575 0.28125 0.571296296875 0.2833333328125 0.553703703125 0.2989583328125 0.5675925921875 0.2984375 0.5629629625 0.2994791671875 0.5629629625 0.3010416671875 0.5481481484375 0.3010416671875 0.5388888890625 0.3036458328125 0.527777778125 0.3036458328125 0.522222221875 0.3026041671875 0.5166666671875 0.2994791671875 0.5083333328124999 0.2958333328125 0.503703703125 0.2942708328125 0.4916666671875 0.2921875 0.4888888890625 0.2869791671875 0.48981481406249994 0.2848958328125 0.4953703703125 0.284375 0.5018518515625 0.2791666671875 0.5083333328124999 0.2760416671875 0.5175925921875 0.2760416671875 0.5287037031249999 0.2770833328125 0.5314814812499999 0.2770833328125 0.5379629625 0.2744791671875 0.54444444375
9 0.22239583281250003 0.5379629625 0.2234375 0.5305555562500001 0.2260416671875 0.521296296875 0.2265625 0.5101851859375001 0.22239583281250003 0.48981481406249994 0.2203125 0.4888888890625 0.2192708328125 0.490740740625 0.2182291671875 0.4981481484375 0.2171875 0.50648148125 0.21770833281250002 0.534259259375 0.21979166718749998 0.5379629625 0.22239583281250003 0.5379629625
7 0.9 0.5824074078125 0.9026041671874999 0.5768518515625 0.9041666671874999 0.56851851875 0.9041666671874999 0.5620370375 0.9036458328125001 0.5509259265625001 0.9015625 0.5481481484375 0.8994791671875 0.5481481484375 0.8973958328125 0.5518518515624999 0.8973958328125 0.5666666671875 0.8979166671875 0.58055555625 0.9 0.5824074078125