7 0.3421875 0.6 0.34322916718749996 0.6111111109375 0.34427083281250004 0.6129629624999999 0.346875 0.6129629624999999 0.3489583328125 0.6083333328125 0.35 0.5962962968750001 0.3515625 0.5935185187500001 0.359375 0.5879629625 0.3609375 0.5851851859375 0.3614583328125 0.5768518515625 0.3583333328125 0.5666666671875 0.3583333328125 0.5518518515624999 0.35625 0.5388888890625 0.3552083328125 0.5370370375 0.34322916718749996 0.5361111109375 0.3385416671875 0.5388888890625 0.3375 0.5509259265625001 0.3385416671875 0.5879629625 0.3401041671875 0.5962962968750001 0.3421875 0.6
11 0.8895833328125 0.5148148140625 0.8921875 0.5148148140625 0.9 0.5111111109375 0.9026041671874999 0.5083333328124999 0.9119791671874999 0.50555555625 0.9171875 0.49259259218749996 0.9192708328125001 0.48981481406249994 0.9197916671874999 0.48333333281249996 0.9083333328125001 0.4824074078125 0.9057291671875 0.48518518593750004 0.9015625 0.48518518593750004 0.8958333328125001 0.4824074078125 0.8864583328125001 0.48333333281249996 0.8822916671875 0.48703703750000005 0.8791666671874999 0.49444444374999996 0.8786458328125001 0.502777778125 0.8807291671874999 0.509259259375 0.8848958328125001 0.5101851859375001 0.8895833328125 0.5148148140625
2 0.8848958328125001 0.5638888890625 0.8885416671874999 0.559259259375 0.9 0.5620370375 0.9010416671874999 0.5601851859375 0.9015625 0.5398148140625 0.9036458328125001 0.522222221875 0.9067708328125 0.509259259375 0.9036458328125001 0.5083333328124999 0.8916666671875 0.5175925921875 0.8765625 0.5240740734375 0.8723958328125001 0.527777778125 0.8703125 0.5314814812499999 0.8682291671875 0.5398148140625 0.8677083328125 0.5481481484375 0.8692708328125001 0.5546296296875 0.8765625 0.5629629625 0.8848958328125001 0.5638888890625
7 0.5088541671875 0.5009259265625 0.5098958328125 0.502777778125 0.5125 0.502777778125 0.5140625 0.5009259265625 0.512152778125 0.4966049375 0.5111979171875001 0.490277778125 0.5140625 0.48703703750000005 0.5130208328125 0.48425925937500003 0.5098958328125 0.48425925937500003 0.5088541671875 0.4861111109375 0.5083333328124999 0.4879629625 0.51024305625 0.49228395156250004 0.5083333328124999 0.49351851875 0.5088541671875 0.5009259265625
11 0.42395833281249995 0.5009259265625 0.42604166718750003 0.4981481484375 0.4265625 0.4879629625 0.42291666718750004 0.46944444374999994 0.4192708328125 0.4675925921875 0.41041666718750003 0.4675925921875 0.40833333281249995 0.46944444374999994 0.40625 0.47407407343749997 0.40625 0.5 0.40729166718750004 0.502777778125 0.4203125 0.5018518515625 0.42395833281249995 0.5009259265625
11 0.6125 0.477777778125 0.6145833328125 0.4796296296875 0.6208333328125 0.4796296296875 0.6234375 0.4768518515625 0.6192708328125 0.4620370375 0.6104166671875 0.4611111109375 0.609375 0.4620370375 0.609375 0.46388888906250003 0.6109375 0.4675925921875 0.6125 0.477777778125
11 0.6057291671875 0.475 0.6057291671875 0.46666666718750005 0.603125 0.4620370375 0.5958333328125 0.46296296249999996 0.59375 0.46481481406249997 0.5921875 0.471296296875 0.5921875 0.478703703125 0.5942708328124999 0.48055555625 0.6015625 0.4796296296875 0.6057291671875 0.475
14 0.8625 0.5018518515625 0.8692708328125001 0.5240740734375 0.8729166671874999 0.522222221875 0.8770833328125001 0.515740740625 0.8796875 0.48981481406249994 0.8786458328125001 0.48333333281249996 0.8744791671875 0.48055555625 0.8567708328125001 0.48148148125 0.8526041671875 0.4796296296875 0.85 0.48055555625 0.85 0.4824074078125 0.853125 0.48518518593750004 0.8625 0.5018518515625
14 0.8348958328125 0.47592592656250005 0.8421875 0.48055555625 0.8510416671875 0.4824074078125 0.8536458328125001 0.48425925937500003 0.8614583328125001 0.4824074078125 0.8770833328125001 0.48425925937500003 0.88125 0.48703703750000005 0.8838541671875 0.48333333281249996 0.88125 0.47222222187499996 0.878125 0.46944444374999994 0.8125 0.46851851875 0.809375 0.4703703703125 0.8151041671874999 0.475 0.8291666671875 0.47407407343749997 0.8348958328125 0.47592592656250005
14 0.7442708328125 0.5009259265625 0.7484375 0.48703703750000005 0.7536458328125 0.4824074078125 0.7588541671875 0.48055555625 0.7635416671875 0.47592592656250005 0.7640625 0.47407407343749997 0.7515625 0.4731481484375 0.7453125 0.475 0.7432291671875 0.4768518515625 0.7333333328125 0.49444444374999996 0.7333333328125 0.503703703125 0.7348958328124999 0.5074074078125 0.7416666671875001 0.5046296296875 0.7442708328125 0.5009259265625
11 0.4046875 0.502777778125 0.4046875 0.48148148125 0.403125 0.47592592656250005 0.3947916671875 0.475 0.3864583328125 0.477777778125 0.3848958328125 0.48055555625 0.384375 0.502777778125 0.3854166671875 0.50555555625 0.3895833328125 0.50648148125 0.4046875 0.502777778125
9 0.3303385421875 0.54351851875 0.3291666671875 0.546296296875 0.3317708328125 0.5527777781250001 0.3308333328125 0.5546296296875 0.33255208281250004 0.5574074078125 0.3315625 0.559259259375 0.33328993125 0.5620370375 0.3322916671875 0.5638888890625 0.3307291671875 0.578703703125 0.33125 0.5861111109375 0.3322916671875 0.5879629625 0.3359375 0.5879629625 0.3369791671875 0.5851851859375 0.334027778125 0.5666666671875 0.3346354171875 0.553240740625 0.3375 0.553703703125 0.3390625 0.5398148140625 0.3421875 0.5370370375 0.35625 0.5379629625 0.35885416718749996 0.5546296296875 0.35885416718749996 0.5694444437499999 0.3604166671875 0.5759259265625001 0.3614583328125 0.5759259265625001 0.3645833328125 0.5611111109375 0.36666666718749996 0.5361111109375 0.36666666718749996 0.5287037031249999 0.3640625 0.5240740734375 0.3640625 0.522222221875 0.3671875 0.5111111109375 0.36770833281250004 0.502777778125 0.3635416671875 0.4861111109375 0.3604166671875 0.4824074078125 0.3583333328125 0.4768518515625 0.3609375 0.46666666718750005 0.3609375 0.4574074078125 0.35885416718749996 0.45277777812500003 0.3567708328125 0.4509259265625 0.3484375 0.4509259265625 0.3453125 0.4546296296875 0.3421875 0.4768518515625 0.33541666718749996 0.48518518593750004 0.3333333328125 0.4888888890625 0.33125 0.49629629687500004 0.3291666671875 0.5148148140625 0.328125 0.5314814812499999 0.32960069375 0.5388888890625 0.32864583281250004 0.540740740625 0.3303385421875 0.54351851875
9 0.2125 0.5101851859375001 0.2125 0.4981481484375 0.20677083281250003 0.4879629625 0.2036458328125 0.475 0.2015625 0.471296296875 0.1973958328125 0.47222222187499996 0.19583333281249998 0.47407407343749997 0.19479166718750002 0.48703703750000005 0.1942708328125 0.5046296296875 0.1963541671875 0.509259259375 0.2052083328125 0.5111111109375 0.2125 0.5101851859375001
9 0.296875 0.5101851859375001 0.29739583281250004 0.4981481484375 0.28854166718749996 0.49629629687500004 0.2890625 0.4879629625 0.29739583281250004 0.47592592656250005 0.2911458328125 0.4583333328125 0.2901041671875 0.4611111109375 0.2880208328125 0.49888888906249995 0.2875 0.5101851859375001 0.28854166718749996 0.5120370375000001 0.2942708328125 0.5129629625 0.296875 0.5101851859375001
9 0.3161458328125 0.50555555625 0.3166666671875 0.5009259265625 0.3177083328125 0.48055555625 0.3161458328125 0.478703703125 0.3135416671875 0.478703703125 0.309375 0.4824074078125 0.309375 0.50555555625 0.3114583328125 0.509259259375 0.3145833328125 0.509259259375 0.3161458328125 0.50555555625
9 0.5130208328125 0.48518518593750004 0.5151041671875001 0.4796296296875 0.515625 0.4675925921875 0.5145833328125 0.465740740625 0.5119791671875 0.46666666718750005 0.5083333328124999 0.4731481484375 0.5083333328124999 0.4796296296875 0.5098958328125 0.48425925937500003 0.5130208328125 0.48518518593750004
9 0.7291666671875 0.5425925921875 0.73125 0.5388888890625 0.734375 0.502777778125 0.7317708328125 0.49351851875 0.7286458328125 0.48703703750000005 0.7276041671875 0.48703703750000005 0.7260416671875001 0.48981481406249994 0.7229166671875 0.5046296296875 0.7223958328125 0.5120370375000001 0.7265625 0.540740740625 0.7276041671875 0.5425925921875 0.7291666671875 0.5425925921875
9 0.7129166671875 0.5083333328124999 0.7141666671875 0.5268518515625 0.715625 0.527777778125 0.7144791671874999 0.5314814812499999 0.7151041671875 0.5324074078125001 0.7151041671875 0.540740740625 0.7161458328125 0.5425925921875 0.7177083328125 0.5388888890625 0.7197916671875 0.5148148140625 0.715625 0.5138888890625 0.7140625 0.5074074078125 0.7171875 0.50648148125 0.7197916671875 0.503703703125 0.7177083328125 0.4981481484375 0.7161458328125 0.4879629625 0.7130208328125 0.490740740625 0.7119791671875 0.49444444374999996 0.7119791671875 0.502777778125 0.7135416671875 0.5069444437499999 0.7129166671875 0.5083333328124999
11 0.7208333328125 0.5138888890625 0.725 0.4981481484375 0.7276041671875 0.49351851875 0.7322916671875 0.4953703703125 0.7364583328125 0.4888888890625 0.7385416671875 0.48333333281249996 0.7385416671875 0.478703703125 0.7375 0.47407407343749997 0.7359375 0.47222222187499996 0.7328125 0.4768518515625 0.7265625 0.47592592656250005 0.7223958328125 0.4796296296875 0.7208333328125 0.4796296296875 0.7171875 0.48703703750000005 0.7161458328125 0.490740740625 0.7171875 0.509259259375 0.7192708328124999 0.5138888890625 0.7208333328125 0.5138888890625
9 0.9875 0.5694444437499999 0.9880208328125001 0.5490740734374999 0.9901041671874999 0.5388888890625 0.9921875 0.5148148140625 0.9916666671875 0.509259259375 0.9875 0.4981481484375 0.9875 0.48981481406249994 0.9833333328125 0.48703703750000005 0.9817708328125001 0.48703703750000005 0.9807291671874999 0.48981481406249994 0.9807291671874999 0.503703703125 0.9791666671874999 0.5296296296875 0.9791666671874999 0.5722222218749999 0.9828125 0.575 0.9859375 0.575 0.9875 0.5694444437499999
9 0.9942708328125001 0.5722222218749999 0.9958333328125001 0.575 0.9994791671875 0.5759259265625001 0.9966666671875 0.5609259265625 0.9955729171875 0.54398148125 0.9994791671875 0.48703703750000005 0.9973958328125001 0.48703703750000005 0.9953125 0.48981481406249994 0.9947916671874999 0.5083333328124999 0.9947916671874999 0.5509259265625001 0.9957291671874999 0.5559259265625001 0.9945963546875 0.5582175921875 0.9942708328125001 0.5722222218749999
14 0.9119791671874999 0.5694444437499999 0.9161458328125001 0.565740740625 0.9296875 0.565740740625 0.9333333328125001 0.5675925921875 0.9354166671874999 0.5722222218749999 0.9375 0.5740740734374999 0.9442708328125 0.575 0.9473958328125001 0.5731481484375001 0.9515625 0.5666666671875 0.9760416671875 0.565740740625 0.9770833328125 0.5648148140625 0.978125 0.5601851859375 0.9807291671874999 0.49444444374999996 0.9817708328125001 0.48703703750000005 0.9833333328125 0.48518518593750004 0.9885416671874999 0.48518518593750004 0.9927083328125 0.4861111109375 0.996875 0.490740740625 0.9994791671875 0.490740740625 0.9994791671875 0.475 0.9489583328125001 0.4731481484375 0.9385416671875 0.47407407343749997 0.93125 0.4768518515625 0.9239583328125001 0.48333333281249996 0.9192708328125001 0.4916666671875 0.9171875 0.4981481484375 0.9119791671874999 0.5083333328124999 0.909375 0.509259259375 0.90625 0.5129629625 0.9020833328125001 0.5370370375 0.9015625 0.559259259375 0.9057291671875 0.5666666671875 0.9078125 0.56851851875 0.9119791671874999 0.5694444437499999