9 0.6520833328125 0.4601851859375 0.6505208328125 0.47592592656250005 0.6489583328124999 0.478703703125 0.6458333328125 0.48055555625 0.6447916671875 0.48333333281249996 0.6453125 0.490740740625 0.6442708328125 0.49351851875 0.6421875 0.521296296875 0.640625 0.602777778125 0.6369791671875 0.6083333328125 0.6265625 0.646296296875 0.6239583328125 0.6574074078125001 0.6223958328125 0.671296296875 0.6151041671875 0.7101851859375 0.6098958328124999 0.7324074078125 0.6067708328125 0.7398148140624999 0.6036458328125 0.740740740625 0.6 0.7453703703125 0.59375 0.75 0.5875 0.7518518515625 0.5869791671875 0.7546296296875 0.5916666671875 0.7629629625 0.60625 0.775 0.6104166671875 0.7768518515625 0.615625 0.7759259265625 0.6171875 0.7740740734375 0.6203125 0.7648148140625 0.6203125 0.759259259375 0.6182291671875 0.7546296296875 0.6182291671875 0.7518518515625 0.6239583328125 0.725 0.6322916671875001 0.70648148125 0.6380208328125 0.684259259375 0.6395833328125 0.68148148125 0.6458333328125 0.6805555562500001 0.6588541671875 0.6851851859375 0.6776041671875 0.6879629625 0.6817708328125 0.69351851875 0.6869791671875001 0.7101851859375 0.6885416671875 0.7203703703125 0.6864583328125 0.7240740734375 0.6864583328125 0.727777778125 0.6895833328125 0.7324074078125 0.6932291671875 0.73148148125 0.6953125 0.7351851859375 0.6984375 0.7453703703125 0.7 0.7546296296875 0.7 0.7740740734375 0.6984375 0.777777778125 0.6942708328125 0.7814814812499999 0.6890625 0.790740740625 0.6880208328124999 0.79444444375 0.6885416671875 0.7990740734374999 0.6901041671875 0.8018518515625 0.6927083328125 0.8027777781250001 0.7161458328125 0.8027777781250001 0.7177083328125 0.8009259265625 0.71875 0.797222221875 0.7197916671875 0.7916666671875 0.7197916671875 0.7851851859375001 0.7114583328124999 0.75648148125 0.7083333328125 0.7416666671875001 0.7052083328125 0.7148148140624999 0.7015625 0.696296296875 0.6984375 0.6851851859375 0.6984375 0.68148148125 0.7 0.6768518515624999 0.7 0.6703703703125 0.6958333328124999 0.6648148140625 0.6932291671875 0.6518518515625 0.6921875 0.6425925921875 0.6921875 0.6138888890625 0.6947916671875001 0.6018518515625 0.6953125 0.5953703703125 0.69375 0.5888888890625 0.6942708328125 0.5851851859375 0.6963541671875 0.58148148125 0.7015625 0.577777778125 0.7046875 0.5722222218749999 0.709375 0.571296296875 0.7114583328124999 0.5694444437499999 0.7177083328125 0.5583333328125 0.7244791671875 0.5518518515624999 0.7265625 0.547222221875 0.7265625 0.5379629625 0.7255208328125 0.534259259375 0.7197916671875 0.5240740734375 0.7171875 0.5138888890625 0.7145833328125 0.5083333328124999 0.7104166671875001 0.5046296296875 0.703125 0.5018518515625 0.7 0.49629629687500004 0.6942708328125 0.49351851875 0.690625 0.48703703750000005 0.684375 0.46666666718750005 0.6760416671875 0.45277777812500003 0.6729166671875 0.45 0.6708333328125 0.4148148140625 0.6697916671875 0.41018518593750003 0.6645833328124999 0.3981481484375 0.6609375 0.3953703703125 0.6505208328125 0.397222221875 0.6453125 0.40277777812500004 0.6416666671875 0.41111111093749997 0.6421875 0.425 0.6453125 0.44444444375 0.6484375 0.45370370312499997 0.6520833328125 0.4601851859375
9 0.6973958328125 0.48425925937500003 0.69686391875 0.48530338906250003 0.6986979171875001 0.4888888890625 0.6965979609375 0.48999211875000004 0.6888851953125 0.6259653265625 0.6770833328125 0.7194444437499999 0.67569444375 0.7199074078125001 0.6760416671875 0.722222221875 0.6739583328125 0.7240740734375 0.6744791671875 0.727777778125 0.6828125 0.7324074078125 0.6859375 0.73148148125 0.6869791671875001 0.725 0.6854166671875 0.722222221875 0.6833333328125 0.722222221875 0.6833333328125 0.716358025 0.6786458328125 0.715740740625 0.6791666671875001 0.7115740734375 0.6802083328124999 0.7120370375 0.680902778125 0.7074074078125 0.6833333328125 0.7104938265625 0.6833333328125 0.7046296296875 0.6828993062500001 0.7018518515625 0.6859375 0.7 0.6848958328125 0.696296296875 0.6886192375 0.6306540578125001 0.6932291671875 0.627777778125 0.6932291671875 0.6416666671875 0.6953125 0.6601851859375001 0.6958333328124999 0.6629629625 0.7 0.6703703703125 0.70069444375 0.6759259265625001 0.7000868062500001 0.6805555562500001 0.7013888890625 0.68148148125 0.6994791671875 0.6851851859375 0.7020833328125 0.6870370375 0.7005208328125 0.690740740625 0.7015625 0.690740740625 0.7046875 0.672222221875 0.7057291671875 0.6648148140625 0.7067708328125 0.6388888890625 0.7083333328125 0.6361111109375 0.709375 0.6370370375000001 0.7114583328124999 0.647222221875 0.7177083328125 0.6675925921875 0.7185763890625 0.672222221875 0.728125 0.7231481484375 0.7276041671875 0.7296296296875 0.7265625 0.7324074078125 0.7208333328125 0.7370370375 0.7161458328125 0.74444444375 0.715625 0.747222221875 0.7203125 0.752777778125 0.725 0.7546296296875 0.7401041671875 0.752777778125 0.74375 0.7490740734375 0.7442708328125 0.7416666671875001 0.7395833328125 0.722222221875 0.7322916671875 0.6731481484375 0.7260416671875001 0.647222221875 0.7234375 0.628703703125 0.7223958328125 0.5916666671875 0.728125 0.571296296875 0.73125 0.56851851875 0.7359375 0.5675925921875 0.7395833328125 0.5398148140625 0.7395833328125 0.5231481484375 0.7385416671875 0.509259259375 0.7348958328124999 0.502777778125 0.7375 0.4879629625 0.7375 0.4601851859375 0.734375 0.44907407343749994 0.7302083328125 0.4268518515625 0.7276041671875 0.4046296296875 0.7244791671875 0.397222221875 0.7203125 0.3953703703125 0.715625 0.3953703703125 0.7119791671875 0.397222221875 0.7098958328125 0.3990740734375 0.7010416671875 0.4148148140625 0.7005208328125 0.4296296296875 0.6984375 0.447222221875 0.6971298765625 0.4806146578125 0.6973958328125 0.48425925937500003
9 0.1421875 0.4861111109375 0.14375 0.48703703750000005 0.1421875 0.49259259218749996 0.14375 0.49351851875 0.14375 0.497222221875 0.1421875 0.4981481484375 0.1432291671875 0.4990740734375 0.1484375 0.497222221875 0.1505208328125 0.5120370375000001 0.1515625 0.5138888890625 0.1541666671875 0.5148148140625 0.15572916718750002 0.5129629625 0.15625 0.5101851859375001 0.1609375 0.46666666718750005 0.1640625 0.44907407343749994 0.1630208328125 0.440740740625 0.1588541671875 0.4268518515625 0.15625 0.42592592656250006 0.153125 0.42870370312499995 0.1473958328125 0.43981481406249995 0.1442708328125 0.45185185156249996 0.1442708328125 0.46388888906250003 0.1463541671875 0.478703703125 0.1427083328125 0.478703703125 0.1421875 0.4861111109375
9 0.1786458328125 0.48333333281249996 0.1822916671875 0.477777778125 0.1838541671875 0.46296296249999996 0.1833333328125 0.45370370312499997 0.1796875 0.4379629625 0.175 0.4296296296875 0.1729166671875 0.4296296296875 0.171875 0.43240740781250003 0.1703125 0.44907407343749994 0.1697916671875 0.47592592656250005 0.1729166671875 0.49351851875 0.1765625 0.49444444374999996 0.1786458328125 0.48333333281249996
9 0.1609375 0.46296296249999996 0.1609375 0.4879629625 0.1625 0.49351851875 0.1651041671875 0.49444444374999996 0.1661458328125 0.49259259218749996 0.16354166718750002 0.48333333281249996 0.1638020828125 0.4796296296875 0.1666666671875 0.48055555625 0.1692708328125 0.4611111109375 0.1708333328125 0.440740740625 0.1661458328125 0.42129629687500003 0.1625 0.42129629687500003 0.1614583328125 0.4240740734375 0.1614583328125 0.4370370375 0.1630208328125 0.4453703703125 0.1630208328125 0.4509259265625 0.1609375 0.46296296249999996
9 0.2510416671875 0.48333333281249996 0.2526041671875 0.475 0.2546875 0.46944444374999994 0.25729166718749996 0.46944444374999994 0.259375 0.471296296875 0.2609375 0.47407407343749997 0.2630208328125 0.4824074078125 0.2640625 0.48333333281249996 0.2666666671875 0.4768518515625 0.2666666671875 0.47222222187499996 0.265625 0.46944444374999994 0.26614583281250004 0.45370370312499997 0.2609375 0.44259259218749997 0.2588541671875 0.43333333281249997 0.2567708328125 0.43055555625 0.2536458328125 0.43148148124999997 0.25052083281250004 0.44166666718750003 0.24583333281250003 0.447222221875 0.2453125 0.465740740625 0.24739583281250002 0.47407407343749997 0.2484375 0.48703703750000005 0.2510416671875 0.48333333281249996
9 0.190625 0.45 0.19375 0.44629629687500005 0.19375 0.434259259375 0.1927083328125 0.43148148124999997 0.18802083281249998 0.43148148124999997 0.18697916718750002 0.43333333281249997 0.18697916718750002 0.44259259218749997 0.1885416671875 0.4481481484375 0.190625 0.45
9 0.3963541671875 0.45648148125 0.3973958328125 0.45 0.396875 0.43981481406249995 0.3953125 0.4370370375 0.3927083328125 0.4370370375 0.390625 0.440740740625 0.3890625 0.44629629687500005 0.3890625 0.45277777812500003 0.3921875 0.45277777812500003 0.3963541671875 0.45648148125
9 0.38125 0.46666666718750005 0.38333333281250004 0.45 0.38229166718749996 0.44166666718750003 0.3796875 0.434259259375 0.3760416671875 0.434259259375 0.3734375 0.44629629687500005 0.3732638890625 0.4509259265625 0.3734375 0.4703703703125 0.3760416671875 0.47407407343749997 0.3791666671875 0.4731481484375 0.38125 0.46666666718750005
9 0.3453125 0.459259259375 0.3473958328125 0.45648148125 0.3484375 0.44629629687500005 0.346875 0.43981481406249995 0.3453125 0.4370370375 0.3411458328125 0.43240740781250003 0.33645833281250004 0.44166666718750003 0.33541666718749996 0.44907407343749994 0.3369791671875 0.45370370312499997 0.3421875 0.45277777812500003 0.3453125 0.459259259375
9 0.3291666671875 0.4620370375 0.3302083328125 0.46481481406249997 0.3328125 0.4574074078125 0.3328125 0.44629629687500005 0.3302083328125 0.43518518593750005 0.3260416671875 0.43333333281249997 0.3223958328125 0.4379629625 0.3213541671875 0.44259259218749997 0.32083333281250004 0.4509259265625 0.321875 0.459259259375 0.3270833328125 0.4601851859375 0.3291666671875 0.4620370375
1 0.3552083328125 0.4379629625 0.371875 0.43981481406249995 0.3734375 0.4361111109375 0.3729166671875 0.427777778125 0.3713541671875 0.42592592656250006 0.34375 0.42222222187499997 0.3421875 0.42222222187499997 0.340625 0.425 0.3401041671875 0.43333333281249997 0.3489583328125 0.44259259218749997 0.3505208328125 0.44259259218749997 0.3552083328125 0.4379629625
14 0.24375 0.48518518593750004 0.246875 0.48518518593750004 0.2494791671875 0.477777778125 0.2484375 0.4675925921875 0.2635416671875 0.46296296249999996 0.26510416718749996 0.4731481484375 0.26875 0.48148148125 0.27395833281250004 0.4861111109375 0.278125 0.48518518593750004 0.278125 0.4370370375 0.2776041671875 0.43240740781250003 0.2744791671875 0.42314814843750004 0.271875 0.42129629687500003 0.2598958328125 0.42129629687500003 0.2541666671875 0.4240740734375 0.25052083281250004 0.4240740734375 0.2479166671875 0.42592592656250006 0.24479166718749998 0.434259259375 0.2442708328125 0.44166666718750003 0.2451388890625 0.44351851875000003 0.24322916718749998 0.447222221875 0.24375 0.48518518593750004
14 0.21770833281250002 0.45370370312499997 0.21979166718749998 0.45277777812500003 0.2208333328125 0.45 0.22135416718749998 0.4361111109375 0.2192708328125 0.427777778125 0.2130208328125 0.425 0.2088541671875 0.42592592656250006 0.20677083281250003 0.427777778125 0.20416666718749998 0.43333333281249997 0.2036458328125 0.447222221875 0.2052083328125 0.45185185156249996 0.2140625 0.45185185156249996 0.21770833281250002 0.45370370312499997
7 0.2557291671875 0.5101851859375001 0.2567708328125 0.5101851859375001 0.2640625 0.4981481484375 0.2640625 0.48981481406249994 0.2598958328125 0.471296296875 0.2552083328125 0.4703703703125 0.2520833328125 0.47592592656250005 0.2494791671875 0.48981481406249994 0.2494791671875 0.49629629687500004 0.2510416671875 0.502777778125 0.2557291671875 0.5101851859375001
7 0.3296875 0.475 0.33125 0.4620370375 0.3302083328125 0.4601851859375 0.3244791671875 0.4601851859375 0.3223958328125 0.4611111109375 0.3213541671875 0.465740740625 0.3213541671875 0.4768518515625 0.3234375 0.48148148125 0.3265625 0.48148148125 0.3296875 0.475
7 0.34322916718749996 0.477777778125 0.3458333328125 0.4703703703125 0.346875 0.4546296296875 0.3380208328125 0.4546296296875 0.33645833281250004 0.45648148125 0.3359375 0.46666666718750005 0.3375 0.47592592656250005 0.3385416671875 0.477777778125 0.34322916718749996 0.477777778125
7 0.39791666718749996 0.46851851875 0.39791666718749996 0.4611111109375 0.3958333328125 0.4574074078125 0.3916666671875 0.4583333328125 0.3885416671875 0.4546296296875 0.3875 0.4611111109375 0.3869791671875 0.46851851875 0.3880208328125 0.471296296875 0.396875 0.4703703703125 0.39791666718749996 0.46851851875
11 0.24375 0.45277777812500003 0.2442708328125 0.45 0.2442708328125 0.4296296296875 0.2401041671875 0.43055555625 0.23802083281250003 0.43333333281249997 0.2375 0.44259259218749997 0.2390625 0.45277777812500003 0.2421875 0.4546296296875 0.24375 0.45277777812500003
11 0.503125 0.465740740625 0.5057291671875 0.46388888906250003 0.5057291671875 0.45555555625000005 0.5046875 0.4481481484375 0.5026041671875 0.44351851875000003 0.4947916671875 0.44259259218749997 0.4921875 0.4453703703125 0.4916666671875 0.44907407343749994 0.4947916671875 0.46388888906250003 0.5 0.465740740625 0.503125 0.465740740625