9 0.70625 0.49351851875 0.7151041671875 0.515740740625 0.715625 0.5268518515625 0.709375 0.5388888890625 0.7041666671875 0.54351851875 0.7036458328124999 0.5453703703125 0.7020833328125 0.5611111109375 0.6973958328125 0.5879629625 0.6963541671875 0.6018518515625 0.6958333328124999 0.627777778125 0.7055059531250001 0.6110229281249999 0.7088541671875 0.6111111109375 0.7067708328125 0.6268518515625 0.7065625 0.6375925921875 0.7079391890625 0.6414914921875 0.7064583328125 0.6429629625 0.7063541671875 0.6483333328125 0.7051238734374999 0.6494994984375 0.68823198125 0.697547546875 0.68828125 0.7 0.686824325 0.7015515515625 0.6854166671875 0.70648148125 0.6880208328124999 0.7120370375 0.6932291671875 0.7129629625 0.7020833328125 0.7120370375 0.70625 0.7101851859375 0.7067708328125 0.7083333328125 0.7354166671875 0.7111111109375 0.7354166671875 0.7148148140624999 0.7375 0.7185185187500001 0.7447916671875 0.7185185187500001 0.753125 0.702777778125 0.7536458328125 0.6972222218749999 0.7505208328124999 0.6888888890625 0.7395833328125 0.64351851875 0.7317708328125 0.6231481484375 0.7302083328125 0.6148148140624999 0.7302083328125 0.60648148125 0.7322916671875 0.584259259375 0.7395833328125 0.5879629625 0.7427083328124999 0.5824074078125 0.7427083328124999 0.578703703125 0.7369791671875 0.5666666671875 0.7360923421875001 0.5614114109375 0.7369791671875 0.5574074078125 0.7395833328125 0.5583333328125 0.7432291671875 0.5546296296875 0.7442708328125 0.5518518515624999 0.7458333328125 0.540740740625 0.7458333328125 0.5287037031249999 0.7442708328125 0.509259259375 0.7432291671875 0.503703703125 0.7375 0.4888888890625 0.7359375 0.4768518515625 0.7338541671875001 0.471296296875 0.7291666671875 0.425 0.725 0.4129629625 0.7203125 0.40648148125 0.7135416671875 0.40648148125 0.7067708328125 0.41203703750000004 0.7046875 0.4175925921875 0.7078125 0.45370370312499997 0.7078125 0.46296296249999996 0.70625 0.471296296875 0.70625 0.49351851875
9 0.18802083281249998 0.46666666718750005 0.1890625 0.48981481406249994 0.190625 0.497222221875 0.19375 0.5 0.196875 0.497222221875 0.1984375 0.49259259218749996 0.19275568125 0.4663299671875 0.1989583328125 0.465740740625 0.2 0.44629629687500005 0.1989583328125 0.440740740625 0.19375 0.43055555625 0.1916666671875 0.43240740781250003 0.1885416671875 0.44166666718750003 0.18802083281249998 0.44444444375 0.188967803125 0.4488215484375 0.18802083281249998 0.45277777812500003 0.18802083281249998 0.46666666718750005
9 0.1994791671875 0.477777778125 0.20052083281250002 0.4824074078125 0.203125 0.4861111109375 0.2046875 0.4990740734375 0.2052083328125 0.5009259265625 0.20625 0.5009259265625 0.2078125 0.4990740734375 0.2061458328125 0.49000000000000005 0.20833333281250002 0.4879629625 0.21354166718749998 0.47407407343749997 0.21458333281250003 0.46666666718750005 0.21197916718749998 0.45 0.20833333281250002 0.4388888890625 0.2036458328125 0.4379629625 0.2015625 0.44166666718750003 0.20052083281250002 0.44629629687500005 0.1994791671875 0.45370370312499997 0.20031249999999998 0.458240740625 0.1994791671875 0.459259259375 0.1994791671875 0.477777778125
9 0.6427083328125 0.49351851875 0.6432291671875 0.5166666671875 0.6416666671875 0.5324074078125001 0.6401041671875001 0.5453703703125 0.6348958328125 0.565740740625 0.6354166671875 0.5731481484375001 0.63125 0.5861111109375 0.6307291671875 0.5962962968750001 0.6338541671875 0.597222221875 0.6384114578125 0.5921296296875 0.6388020828125 0.5983796296875 0.6458333328125 0.6101851859375 0.646875 0.65 0.6479166671875001 0.6518518515625 0.653125 0.6537037031249999 0.6546875 0.6564814812499999 0.6588541671875 0.672222221875 0.6625 0.6805555562500001 0.6645833328124999 0.6888888890625 0.6645833328124999 0.715740740625 0.6614583328125 0.725 0.6583333328125 0.7259259265625 0.65625 0.73148148125 0.6520833328125 0.7370370375 0.6520833328125 0.7416666671875001 0.653125 0.74351851875 0.6578125 0.74444444375 0.6598958328125 0.746296296875 0.6734375 0.747222221875 0.6770833328125 0.7453703703125 0.6791666671875001 0.7416666671875001 0.68125 0.7324074078125 0.6848958328125 0.73055555625 0.6864583328125 0.7268518515625 0.6854166671875 0.7148148140624999 0.6786458328125 0.702777778125 0.6760416671875 0.6916666671875 0.675 0.6601851859375001 0.6755208328125 0.6509259265625 0.6796875 0.647222221875 0.6817708328125 0.6333333328124999 0.6828125 0.6083333328125 0.6875 0.565740740625 0.6864583328125 0.559259259375 0.6953125 0.5490740734374999 0.7098958328125 0.5370370375 0.715625 0.5259259265625 0.715625 0.5203703703125 0.7119791671875 0.5074074078125 0.7052083328125 0.49629629687500004 0.7015625 0.49351851875 0.6979166671875 0.49351851875 0.6953125 0.490740740625 0.6921875 0.48333333281249996 0.6864583328125 0.46296296249999996 0.6822916671875 0.45370370312499997 0.6765625 0.45 0.6713541671875001 0.44259259218749997 0.671875 0.4138888890625 0.6703125 0.40648148125 0.6666666671875 0.4 0.6614583328125 0.397222221875 0.6567708328124999 0.3990740734375 0.6536458328125 0.40277777812500004 0.6520833328125 0.41018518593750003 0.6526041671875 0.434259259375 0.6541666671875 0.44629629687500005 0.653125 0.4611111109375 0.6427083328125 0.49351851875
11 0.5130208328125 0.4703703703125 0.51875 0.4703703703125 0.5213541671875 0.46851851875 0.5213541671875 0.459259259375 0.5192708328125 0.4509259265625 0.5130208328125 0.4453703703125 0.5072916671875001 0.447222221875 0.50625 0.44907407343749994 0.50625 0.459259259375 0.5072916671875001 0.46851851875 0.5130208328125 0.4703703703125
11 0.26875 0.4453703703125 0.26875 0.43981481406249995 0.2635416671875 0.4370370375 0.2609375 0.440740740625 0.2604166671875 0.45 0.2614583328125 0.4574074078125 0.2630208328125 0.4611111109375 0.26875 0.4453703703125
1 0.3739583328125 0.44259259218749997 0.38125 0.44259259218749997 0.38333333281250004 0.44444444375 0.3864583328125 0.44444444375 0.3880208328125 0.44351851875000003 0.39010416718749996 0.4379629625 0.39010416718749996 0.434259259375 0.3890625 0.43240740781250003 0.3864583328125 0.43148148124999997 0.371875 0.43055555625 0.365625 0.4268518515625 0.359375 0.4268518515625 0.3578125 0.427777778125 0.3572916671875 0.4296296296875 0.3572916671875 0.44444444375 0.3583333328125 0.447222221875 0.3614583328125 0.45 0.3739583328125 0.44259259218749997
7 0.3567708328125 0.475 0.3567708328125 0.46944444374999994 0.3546875 0.4620370375 0.3494791671875 0.4620370375 0.3479166671875 0.4675925921875 0.3484375 0.4824074078125 0.353125 0.48333333281249996 0.3567708328125 0.475
7 0.346875 0.48333333281249996 0.3484375 0.4675925921875 0.3385416671875 0.465740740625 0.3375 0.46851851875 0.3375 0.4861111109375 0.3395833328125 0.48981481406249994 0.3421875 0.48981481406249994 0.346875 0.48333333281249996
7 0.2755208328125 0.522222221875 0.2770833328125 0.521296296875 0.2796875 0.515740740625 0.2838541671875 0.5101851859375001 0.2854166671875 0.5046296296875 0.2854166671875 0.5009259265625 0.2802083328125 0.48055555625 0.2765625 0.47592592656250005 0.2744791671875 0.47592592656250005 0.27291666718749996 0.478703703125 0.2697916671875 0.48981481406249994 0.2677083328125 0.5018518515625 0.2682291671875 0.509259259375 0.27291666718749996 0.5203703703125 0.2755208328125 0.522222221875
9 0.21614583281250002 0.44907407343749994 0.21614583281250002 0.44629629687500005 0.21458333281250003 0.43518518593750005 0.21354166718749998 0.43333333281249997 0.21197916718749998 0.43333333281249997 0.2104166671875 0.4361111109375 0.20989583281250002 0.4453703703125 0.21197916718749998 0.4574074078125 0.2130208328125 0.4574074078125 0.21614583281250002 0.44907407343749994
14 0.2864583328125 0.47592592656250005 0.2880208328125 0.4861111109375 0.2901041671875 0.4888888890625 0.2953125 0.4879629625 0.2994791671875 0.4953703703125 0.3036458328125 0.49629629687500004 0.30520833281250004 0.490740740625 0.30625 0.4703703703125 0.3057291671875 0.4453703703125 0.3036458328125 0.43333333281249997 0.3010416671875 0.42870370312499995 0.2953125 0.42592592656250006 0.2765625 0.4268518515625 0.2765625 0.4370370375 0.2796875 0.44629629687500005 0.2854166671875 0.45555555625000005 0.2864583328125 0.47592592656250005
14 0.240625 0.4601851859375 0.2421875 0.4583333328125 0.24322916718749998 0.4453703703125 0.2416666671875 0.434259259375 0.23697916718749998 0.43148148124999997 0.2322916671875 0.43148148124999997 0.22916666718749998 0.43518518593750005 0.22760416718749998 0.440740740625 0.2270833328125 0.45648148125 0.228125 0.459259259375 0.2359375 0.4583333328125 0.240625 0.4601851859375
1 0.9786458328125001 0.50555555625 0.9880208328125001 0.50555555625 0.9895833328125001 0.503703703125 0.9953125 0.503703703125 0.9994791671875 0.50555555625 0.9994791671875 0.5 0.9979166671874999 0.4990740734375 0.9953414359374999 0.48034979375000003 0.9979166671874999 0.4796296296875 0.9984375 0.4768518515625 0.9994791671875 0.4768518515625 0.9994791671875 0.4576388890625 0.9979166671874999 0.4574074078125 0.996875 0.45277777812500003 0.9994791671875 0.4528356484375 0.9994791671875 0.4 0.996875 0.40092592656250003 0.9953125 0.4046296296875 0.9984375 0.4453703703125 0.9963541671874999 0.4509259265625 0.990625 0.44907407343749994 0.9890625 0.475 0.987615740625 0.48251028749999997 0.9854166671875 0.48194444374999995 0.985040509375 0.483230453125 0.9776041671875 0.48518518593750004 0.9776041671875 0.477777778125 0.9744791671874999 0.46481481406249997 0.971875 0.46296296249999996 0.9682291671875 0.46296296249999996 0.9583333328125001 0.46944444374999994 0.9520833328125 0.48981481406249994 0.9515625 0.5 0.9536458328125 0.502777778125 0.9755208328125 0.5018518515625 0.9786458328125001 0.50555555625
9 0.3916666671875 0.477777778125 0.3963541671875 0.477777778125 0.39791666718749996 0.44907407343749994 0.3958333328125 0.440740740625 0.3927083328125 0.4388888890625 0.39114583281250004 0.44166666718750003 0.3890625 0.45 0.3885416671875 0.45555555625000005 0.3895833328125 0.4620370375 0.3895833328125 0.47592592656250005 0.3916666671875 0.477777778125
9 0.3572916671875 0.4620370375 0.3578125 0.4509259265625 0.3546875 0.43981481406249995 0.3505208328125 0.4388888890625 0.3484375 0.440740740625 0.3479166671875 0.4481481484375 0.35 0.459259259375 0.3536458328125 0.459259259375 0.3572916671875 0.4620370375
9 0.3463541671875 0.4675925921875 0.3484375 0.46481481406249997 0.3489583328125 0.45370370312499997 0.3473958328125 0.44351851875000003 0.3458333328125 0.43981481406249995 0.3416666671875 0.44259259218749997 0.3380208328125 0.4509259265625 0.3380208328125 0.46481481406249997 0.3427083328125 0.465740740625 0.34427083281250004 0.4675925921875 0.3463541671875 0.4675925921875
9 0.26510416718749996 0.4861111109375 0.2671875 0.502777778125 0.2677083328125 0.503703703125 0.2682291671875 0.5018518515625 0.2703125 0.48425925937500003 0.2744791671875 0.4768518515625 0.2770833328125 0.4768518515625 0.2796875 0.48055555625 0.28177083281250004 0.48981481406249994 0.2822916671875 0.497222221875 0.2828125 0.4990740734375 0.2838541671875 0.4990740734375 0.2864583328125 0.4879629625 0.2864583328125 0.4620370375 0.2848958328125 0.45555555625000005 0.2796875 0.447222221875 0.278125 0.4379629625 0.2755208328125 0.434259259375 0.271875 0.4361111109375 0.2703125 0.440740740625 0.2692708328125 0.4481481484375 0.26614583281250004 0.45370370312499997 0.2645833328125 0.459259259375 0.2645833328125 0.46666666718750005 0.2666666671875 0.47407407343749997 0.26510416718749996 0.4861111109375
9 0.17135416718750002 0.5046296296875 0.17239583281249998 0.5129629625 0.1744791671875 0.5148148140625 0.1760416671875 0.5101851859375001 0.18020833281249998 0.515740740625 0.1828125 0.515740740625 0.1838541671875 0.5138888890625 0.1838541671875 0.5074074078125 0.180133928125 0.49973545 0.1776041671875 0.48703703750000005 0.1838541671875 0.478703703125 0.1864583328125 0.46296296249999996 0.18697916718750002 0.45185185156249996 0.1854166671875 0.440740740625 0.1817708328125 0.4268518515625 0.18020833281249998 0.4268518515625 0.178125 0.4296296296875 0.1739583328125 0.4388888890625 0.1708333328125 0.44166666718750003 0.1697916671875 0.4453703703125 0.1692708328125 0.4583333328125 0.1708333328125 0.48055555625 0.17827380937499998 0.49589947187499994 0.17135416718750002 0.5046296296875