1 0.5020833328125 0.46388888906250003 0.5052083328125 0.46851851875 0.5166666671875 0.4703703703125 0.5338541671875 0.46851851875 0.5348958328125 0.45185185156249996 0.5364583328125 0.44166666718750003 0.5375 0.4379629625 0.540625 0.43333333281249997 0.540625 0.42592592656250006 0.5395833328124999 0.4240740734375 0.5171875 0.42222222187499997 0.5125 0.4203703703125 0.5005208328124999 0.4203703703125 0.49791666718750005 0.425 0.4973958328125 0.44444444375 0.49791666718750005 0.447222221875 0.5020833328125 0.45370370312499997 0.5020833328125 0.46388888906250003
9 0.20677083281250003 0.5240740734375 0.209375 0.5287037031249999 0.21354166718749998 0.5296296296875 0.215625 0.5259259265625 0.2166666671875 0.5203703703125 0.21770833281250002 0.4861111109375 0.2192708328125 0.4703703703125 0.22395833281250002 0.46851851875 0.225 0.4703703703125 0.2270833328125 0.46851851875 0.225 0.42870370312499995 0.22291666718749997 0.4203703703125 0.2182291671875 0.4138888890625 0.2166666671875 0.3990740734375 0.21354166718749998 0.3953703703125 0.21197916718749998 0.3953703703125 0.209375 0.3981481484375 0.2078125 0.4129629625 0.20416666718749998 0.415740740625 0.20208333281250002 0.41944444374999995 0.1989583328125 0.4296296296875 0.1984375 0.4379629625 0.2015625 0.45277777812500003 0.2026041671875 0.48518518593750004 0.20677083281250003 0.5240740734375
9 0.359375 0.48425925937500003 0.36052083281249997 0.488703703125 0.359375 0.4888888890625 0.359375 0.49351851875 0.36109375 0.493240740625 0.3616666671875 0.497777778125 0.35989583281250004 0.4990740734375 0.3609375 0.509259259375 0.3609375 0.5240740734375 0.3651041671875 0.525 0.3639583328125 0.5159259265625 0.365625 0.5129629625 0.365625 0.5 0.36666666718749996 0.497222221875 0.3739583328125 0.490740740625 0.3786458328125 0.490740740625 0.38125 0.49259259218749996 0.38333333281250004 0.4990740734375 0.3848958328125 0.5009259265625 0.3880208328125 0.490740740625 0.3875 0.4824074078125 0.3895833328125 0.4703703703125 0.3895833328125 0.465740740625 0.3880208328125 0.45277777812500003 0.3848958328125 0.44351851875000003 0.3859375 0.4361111109375 0.3854166671875 0.4296296296875 0.3817708328125 0.425 0.3729166671875 0.4240740734375 0.3708333328125 0.42592592656250006 0.3692708328125 0.43055555625 0.3692708328125 0.4370370375 0.3703125 0.44166666718750003 0.3630208328125 0.45370370312499997 0.3604166671875 0.4620370375 0.3609375 0.4731481484375 0.359375 0.4796296296875 0.3599479171875 0.4841666671875 0.359375 0.48425925937500003
9 0.44739583281249995 0.4675925921875 0.44739583281249995 0.4703703703125 0.44635416718750004 0.47148148125 0.446875 0.47222222187499996 0.4458333328125 0.47592592656250005 0.4472064390625 0.4769360265625 0.447679925 0.48181818125 0.4458333328125 0.48425925937500003 0.446875 0.490740740625 0.4484375 0.4903703703125 0.44895833281249997 0.4950925921875 0.44739583281249995 0.4953703703125 0.44739583281249995 0.502777778125 0.44947916718750003 0.5009259265625 0.45104166718750005 0.5111111109375 0.4505208328125 0.5 0.4515625 0.49629629687500004 0.453125 0.48055555625 0.4583333328125 0.46851851875 0.46302083281249995 0.46851851875 0.4635416671875 0.46666666718750005 0.46510416718750003 0.4481481484375 0.4625 0.44166666718750003 0.4614583328125 0.425 0.459375 0.42129629687500003 0.45520833281249995 0.42222222187499997 0.4536458328125 0.4268518515625 0.45208333281249996 0.43981481406249995 0.44947916718750003 0.44259259218749997 0.44635416718750004 0.45185185156249996 0.4453125 0.4620370375 0.44635416718750004 0.46481481406249997 0.4458333328125 0.466759259375 0.44739583281249995 0.4675925921875
7 0.371875 0.546296296875 0.3739583328125 0.546296296875 0.3765625 0.534259259375 0.3838541671875 0.5259259265625 0.3838541671875 0.503703703125 0.3807291671875 0.4916666671875 0.37447916718749996 0.48981481406249994 0.3697916671875 0.49351851875 0.3671875 0.4990740734375 0.365972221875 0.512345678125 0.365625 0.5240740734375 0.36666666718749996 0.5268518515625 0.3682291671875 0.5388888890625 0.371875 0.546296296875
7 0.44947916718750003 0.5166666671875 0.4515625 0.51851851875 0.45416666718750004 0.5129629625 0.45520833281249995 0.5129629625 0.45625 0.51851851875 0.4578125 0.521296296875 0.4609375 0.521296296875 0.4625 0.5175925921875 0.4640625 0.5083333328124999 0.4671875 0.503703703125 0.4682291671875 0.4990740734375 0.4682291671875 0.49351851875 0.465625 0.48703703750000005 0.46458333281249997 0.46851851875 0.46302083281249995 0.465740740625 0.4578125 0.46666666718750005 0.4546875 0.4703703703125 0.45208333281249996 0.4796296296875 0.4505208328125 0.48981481406249994 0.4479166671875 0.4990740734375 0.4479166671875 0.5074074078125 0.44947916718750003 0.5166666671875
7 0.8489583328125001 0.5138888890625 0.8515625 0.5129629625 0.8526041671875 0.5111111109375 0.8536458328125001 0.49444444374999996 0.853125 0.490740740625 0.8489583328125001 0.48055555625 0.8458333328125001 0.4861111109375 0.8385416671874999 0.48703703750000005 0.8328125 0.49629629687500004 0.8296875 0.4990740734375 0.8260416671874999 0.5 0.825 0.5018518515625 0.825 0.50555555625 0.8276041671875 0.509259259375 0.8489583328125001 0.5138888890625
1 0.49427083281249995 0.4453703703125 0.496875 0.44166666718750003 0.49791666718750005 0.43240740781250003 0.49583333281249997 0.425 0.4875 0.42314814843750004 0.48229166718750005 0.42314814843750004 0.48072916718750003 0.425 0.48020833281249997 0.43518518593750005 0.48333333281249996 0.44259259218749997 0.48645833281249995 0.44444444375 0.49427083281249995 0.4453703703125
1 0.6494791671875 0.45185185156249996 0.6520833328125 0.45 0.653125 0.44259259218749997 0.653125 0.43333333281249997 0.6520833328125 0.43055555625 0.6380208328125 0.4268518515625 0.6322916671875001 0.427777778125 0.6317708328125 0.4453703703125 0.6328125 0.447222221875 0.646875 0.45 0.6494791671875 0.45185185156249996
14 0.540625 0.471296296875 0.5473958328124999 0.4703703703125 0.5484375 0.45555555625000005 0.5479166671875 0.4379629625 0.5458333328125 0.43518518593750005 0.5411458328125 0.434259259375 0.5375 0.4379629625 0.5364583328125 0.440740740625 0.5354166671875 0.4509259265625 0.5359375 0.46851851875 0.5369791671875 0.4703703703125 0.540625 0.471296296875
14 0.6380208328125 0.477777778125 0.6395833328125 0.4703703703125 0.6411458328124999 0.4675925921875 0.64375 0.45370370312499997 0.6411458328124999 0.44907407343749994 0.6333333328124999 0.4481481484375 0.63125 0.45 0.6307291671875 0.477777778125 0.6322916671875001 0.48055555625 0.6354166671875 0.48148148125 0.6380208328125 0.477777778125
11 0.64375 0.4861111109375 0.6515625 0.48703703750000005 0.6583333328125 0.48703703750000005 0.6604166671875 0.48425925937500003 0.6635416671875001 0.465740740625 0.6635416671875001 0.4611111109375 0.6614583328125 0.4546296296875 0.6583333328125 0.45277777812500003 0.6494791671875 0.45277777812500003 0.6442708328125 0.45555555625000005 0.6421875 0.4611111109375 0.6395833328125 0.47592592656250005 0.6395833328125 0.4824074078125 0.640625 0.48425925937500003 0.64375 0.4861111109375
11 0.6942708328125 0.4916666671875 0.7171875 0.4953703703125 0.7208333328125 0.4953703703125 0.7223958328125 0.49444444374999996 0.7234375 0.4916666671875 0.7229166671875 0.4675925921875 0.7223958328125 0.4620370375 0.7208333328125 0.4583333328125 0.7083333328125 0.45555555625000005 0.6994791671875 0.45555555625000005 0.6947916671875001 0.4601851859375 0.690625 0.4675925921875 0.6901041671875 0.4703703703125 0.6916666671875 0.4768518515625 0.6927083328125 0.4888888890625 0.6942708328125 0.4916666671875
11 0.8947916671874999 0.5120370375000001 0.9109375 0.50555555625 0.9161458328125001 0.5009259265625 0.9192708328125001 0.49351851875 0.9192708328125001 0.46851851875 0.9182291671874999 0.465740740625 0.9151041671875 0.46388888906250003 0.9026041671874999 0.46388888906250003 0.89375 0.4675925921875 0.8796875 0.4675925921875 0.8760416671875 0.475 0.8739583328125 0.48703703750000005 0.8734375 0.5120370375000001 0.875 0.5148148140625 0.8885416671874999 0.5166666671875 0.8947916671874999 0.5120370375000001
11 0.8739583328125 0.503703703125 0.8739583328125 0.48703703750000005 0.8755208328125 0.4768518515625 0.8786458328125001 0.4703703703125 0.8786458328125001 0.46851851875 0.8739583328125 0.465740740625 0.8614583328125001 0.4675925921875 0.8578125 0.477777778125 0.8546875 0.497222221875 0.8546875 0.5120370375000001 0.8567708328125001 0.5138888890625 0.8723958328125001 0.5138888890625 0.8739583328125 0.503703703125
11 0.7510416671875 0.497222221875 0.7520833328125 0.49629629687500004 0.753125 0.4916666671875 0.7552083328125 0.4768518515625 0.7557291671875 0.46666666718750005 0.7552083328125 0.46481481406249997 0.75 0.465740740625 0.7473958328125 0.46851851875 0.7463541671875 0.4731481484375 0.7458333328125 0.4768518515625 0.746875 0.49629629687500004 0.7484375 0.4981481484375 0.7510416671875 0.497222221875
11 0.8072916671874999 0.5046296296875 0.8083333328125001 0.502777778125 0.8098958328125001 0.4703703703125 0.8088541671874999 0.46666666718750005 0.7958333328125 0.4620370375 0.7895833328124999 0.46296296249999996 0.7875 0.465740740625 0.784375 0.48055555625 0.7822916671875 0.49351851875 0.7828125 0.502777778125 0.7864583328125 0.5046296296875 0.8072916671874999 0.5046296296875
11 0.815625 0.50648148125 0.8223958328125001 0.50648148125 0.825 0.5046296296875 0.8270833328125 0.5 0.834375 0.4953703703125 0.8380208328125001 0.4861111109375 0.8453125 0.4879629625 0.8479166671874999 0.48425925937500003 0.85 0.477777778125 0.85 0.475 0.8458333328125001 0.46851851875 0.8328125 0.4675925921875 0.8302083328125001 0.465740740625 0.8197916671875 0.46388888906250003 0.8130208328125 0.46481481406249997 0.8109375 0.4675925921875 0.8098958328125001 0.47222222187499996 0.8083333328125001 0.48148148125 0.809375 0.503703703125 0.8109375 0.50555555625 0.815625 0.50648148125
11 0.7697916671875 0.5 0.7734375 0.5018518515625 0.7776041671875 0.5018518515625 0.7807291671875001 0.4981481484375 0.7880208328125 0.4675925921875 0.7848958328125 0.46296296249999996 0.7822916671875 0.4620370375 0.759375 0.4601851859375 0.7567708328125 0.4620370375 0.7552083328125 0.4703703703125 0.7526041671875 0.49444444374999996 0.753125 0.4981481484375 0.7572916671875001 0.5 0.7697916671875 0.5