11 0.8515625 0.5481481484375 0.8546875 0.540740740625 0.8567708328125001 0.5388888890625 0.8723958328125001 0.540740740625 0.8786458328125001 0.5398148140625 0.8807291671874999 0.540740740625 0.8838541671875 0.546296296875 0.89375 0.546296296875 0.8947916671874999 0.54444444375 0.8958333328125001 0.5379629625 0.896875 0.525 0.8994791671875 0.5101851859375001 0.9015625 0.50555555625 0.9041666671874999 0.5046296296875 0.9057291671875 0.5018518515625 0.9046875 0.48425925937500003 0.9020833328125001 0.4768518515625 0.8973958328125 0.475 0.8578125 0.4768518515625 0.8536458328125001 0.48055555625 0.8520833328125 0.48425925937500003 0.846875 0.503703703125 0.8447916671875 0.515740740625 0.8432291671875 0.540740740625 0.8447916671875 0.546296296875 0.846875 0.5481481484375 0.8515625 0.5481481484375
11 0.7921875 0.502777778125 0.796875 0.50648148125 0.7994791671875 0.5111111109375 0.8046875 0.5148148140625 0.8104166671874999 0.5138888890625 0.8171875 0.5083333328124999 0.8270833328125 0.5074074078125 0.828125 0.5046296296875 0.8291666671875 0.49444444374999996 0.8348958328125 0.49444444374999996 0.8359375 0.4916666671875 0.8354166671875 0.4824074078125 0.834375 0.478703703125 0.8333333328125001 0.4768518515625 0.8307291671874999 0.47592592656250005 0.7916666671875 0.4768518515625 0.7875 0.477777778125 0.7807291671875001 0.4824074078125 0.7791666671875 0.490740740625 0.7817708328124999 0.490740740625 0.7869791671875 0.4953703703125 0.7921875 0.502777778125
11 0.6109375 0.4953703703125 0.6114583328125 0.48333333281249996 0.6104166671875 0.477777778125 0.6088541671875001 0.475 0.6015625 0.475 0.5973958328125 0.4796296296875 0.596875 0.49351851875 0.5979166671875 0.49629629687500004 0.6046875 0.497222221875 0.6109375 0.4953703703125
11 0.5942708328124999 0.4981481484375 0.5947916671875 0.4824074078125 0.5932291671875001 0.4768518515625 0.590625 0.47592592656250005 0.5828125 0.477777778125 0.5807291671875 0.48055555625 0.5802083328125 0.48333333281249996 0.5796875 0.4981481484375 0.5807291671875 0.5009259265625 0.5927083328125 0.5 0.5942708328124999 0.4981481484375
11 0.3375 0.5601851859375 0.3453125 0.5583333328125 0.35 0.546296296875 0.3505208328125 0.527777778125 0.353125 0.5203703703125 0.3557291671875 0.5166666671875 0.3552083328125 0.5111111109375 0.353125 0.509259259375 0.346875 0.509259259375 0.32864583281250004 0.515740740625 0.32760416718749996 0.5175925921875 0.328125 0.5583333328125 0.3291666671875 0.5601851859375 0.3375 0.5601851859375
11 0.5505208328125 0.50648148125 0.5541666671875001 0.50555555625 0.5557291671875 0.503703703125 0.5552083328124999 0.48981481406249994 0.553125 0.4861111109375 0.546875 0.48425925937500003 0.5401041671875 0.48518518593750004 0.5380208328125 0.48703703750000005 0.5375 0.4916666671875 0.5395833328124999 0.4953703703125 0.5401041671875 0.50555555625 0.5505208328125 0.50648148125
11 0.5395833328124999 0.50648148125 0.5395833328124999 0.5 0.5375 0.4916666671875 0.5348958328125 0.4879629625 0.5322916671875 0.4879629625 0.5307291671875001 0.490740740625 0.5302083328125 0.50648148125 0.5322916671875 0.509259259375 0.5385416671875001 0.5083333328124999 0.5395833328124999 0.50648148125
2 0.521875 0.5101851859375001 0.5215277781250001 0.5003086421875 0.5265625 0.502777778125 0.528125 0.5074074078125 0.5296875 0.5074074078125 0.5307291671875001 0.502777778125 0.5307291671875001 0.4953703703125 0.5291666671875 0.49259259218749996 0.5270833328125 0.49351851875 0.5260416671875 0.4953703703125 0.524181546875 0.49312169375000003 0.5213541671875 0.4953703703125 0.5212797625000001 0.49272486718749997 0.5183779765625001 0.4923280421875 0.51875 0.4888888890625 0.515625 0.4888888890625 0.515476190625 0.4919312171875 0.5125744046875 0.49153439218750006 0.5125 0.4888888890625 0.5096354171875 0.48981481406249994 0.50967261875 0.491137565625 0.5067708328125 0.490740740625 0.50625 0.509259259375 0.5072916671875001 0.5111111109375 0.5109375 0.5120370375000001 0.521875 0.5101851859375001
9 0.5265625 0.5074074078125 0.525 0.48703703750000005 0.5239583328124999 0.48425925937500003 0.5213541671875 0.48425925937500003 0.5208333328125 0.497222221875 0.521875 0.5101851859375001 0.525 0.5129629625 0.5265625 0.5074074078125
9 0.559375 0.502777778125 0.5588541671875 0.48703703750000005 0.5567708328125 0.48055555625 0.5541666671875001 0.48425925937500003 0.5536458328125 0.49351851875 0.5557291671875 0.502777778125 0.5572916671875 0.5046296296875 0.559375 0.502777778125
9 0.5713541671875 0.502777778125 0.5723958328125 0.5009259265625 0.5723958328125 0.4888888890625 0.5713541671875 0.48148148125 0.56875 0.48148148125 0.5682291671875 0.48333333281249996 0.5666666671875 0.48981481406249994 0.5666666671875 0.4981481484375 0.5671875 0.5 0.5713541671875 0.502777778125
9 0.0817708328125 0.590740740625 0.08072916718749999 0.6074074078125 0.078125 0.61944444375 0.078125 0.6231481484375 0.08072916718749999 0.6268518515625 0.084375 0.6268518515625 0.0859375 0.625 0.0869791671875 0.61851851875 0.0927083328125 0.6166666671875001 0.09375 0.622222221875 0.0958333328125 0.6231481484375 0.0979166671875 0.6175925921875 0.0984375 0.609259259375 0.0921875 0.6046296296875 0.09114583281250001 0.6 0.0984375 0.5925925921874999 0.0979166671875 0.5648148140625 0.1 0.5601851859375 0.1010416671875 0.546296296875 0.1010416671875 0.5268518515625 0.09895833281250001 0.51851851875 0.0927083328125 0.5120370375000001 0.0921875 0.5009259265625 0.09114583281250001 0.49629629687500004 0.0895833328125 0.4953703703125 0.0869791671875 0.4953703703125 0.0848958328125 0.4990740734375 0.084375 0.5120370375000001 0.08072916718749999 0.5166666671875 0.0791666671875 0.521296296875 0.0802083328125 0.5370370375 0.0802083328125 0.5722222218749999 0.0817708328125 0.5833333328125 0.0817708328125 0.590740740625
9 0.196875 0.5620370375 0.1979166671875 0.5740740734374999 0.1989583328125 0.5759259265625001 0.2010416671875 0.5759259265625001 0.20208333281250002 0.5731481484375001 0.19921875 0.565277778125 0.19973958281249998 0.5606481484375 0.2026041671875 0.559259259375 0.2052083328125 0.5518518515624999 0.20833333281250002 0.5527777781250001 0.20989583281250002 0.5453703703125 0.209375 0.54351851875 0.20729166718749997 0.54351851875 0.2052083328125 0.546296296875 0.20208333281250002 0.5324074078125001 0.20208333281250002 0.5231481484375 0.2010416671875 0.521296296875 0.1973958328125 0.5203703703125 0.1942708328125 0.5333333328125 0.1963541671875 0.5574074078125 0.19778645781249998 0.5613425921874999 0.196875 0.5620370375
9 0.9863541671875 0.5340740734375 0.9864583328125001 0.5398148140625 0.9895833328125001 0.546296296875 0.9924479171874999 0.5754629625 0.9932291671875 0.5953703703125 0.9942708328125001 0.597222221875 0.9973958328125001 0.597222221875 0.9994791671875 0.5962962968750001 0.9938541671875001 0.5696296296875001 0.9923177078125001 0.5706018515625 0.9921875 0.565740740625 0.9929166671875 0.5651851859375 0.9916666671875 0.5629629625 0.9919791671875 0.560740740625 0.9911458328125 0.559259259375 0.9901041671874999 0.5509259265625001 0.9901041671874999 0.5209876546875 0.9994791671875 0.49629629687500004 0.9963541671874999 0.4990740734375 0.99375 0.509259259375 0.9911458328125 0.5120370375000001 0.9869791671874999 0.5268518515625 0.9854166671875 0.5296296296875 0.9854166671875 0.5333333328125 0.9863541671875 0.5340740734375
9 0.9680803578124999 0.5351851859375001 0.96710069375 0.537345678125 0.968787203125 0.5398148140625 0.967534721875 0.5422839515625 0.96883680625 0.5570987656249999 0.9703125 0.5583333328125 0.9692708328125 0.5620370375 0.9697916671875 0.5759259265625001 0.971875 0.58055555625 0.97100694375 0.5817901234375 0.971875 0.5990740734375 0.9744791671874999 0.6 0.9765625 0.597222221875 0.9758556546875001 0.5861111109375 0.9765625 0.5796296296875 0.978125 0.577777778125 0.9822916671874999 0.577777778125 0.9869791671874999 0.5833333328125 0.9885416671874999 0.6 0.9895833328125001 0.6018518515625 0.9911458328125 0.6009259265625 0.9927083328125 0.5962962968750001 0.9927083328125 0.5916666671875 0.990625 0.5824074078125 0.9890625 0.5796296296875 0.9854166671875 0.5527777781250001 0.9859375 0.5305555562500001 0.9885416671874999 0.5259259265625 0.9885416671874999 0.5175925921875 0.9838541671875 0.503703703125 0.9828125 0.49259259218749996 0.9817708328125001 0.48981481406249994 0.9744791671874999 0.48981481406249994 0.9734375 0.4953703703125 0.9734375 0.503703703125 0.9703125 0.5101851859375001 0.9671875 0.5231481484375 0.9666666671874999 0.5259259265625 0.9673735125 0.5305555562500001 0.9666666671874999 0.5324074078125001 0.9680803578124999 0.5351851859375001
1 0.684375 0.490740740625 0.6859375 0.4888888890625 0.6880208328124999 0.4768518515625 0.6916666671875 0.46666666718750005 0.7026041671875001 0.4611111109375 0.7020833328125 0.45648148125 0.7010416671875 0.4546296296875 0.6973958328125 0.4509259265625 0.6942708328125 0.45 0.675 0.44907407343749994 0.6630208328125 0.45185185156249996 0.6614583328125 0.4546296296875 0.6609375 0.46481481406249997 0.6640625 0.471296296875 0.671875 0.4768518515625 0.684375 0.490740740625
14 0.9041666671874999 0.55648148125 0.9125 0.5546296296875 0.9151041671875 0.5518518515624999 0.9171875 0.5518518515624999 0.9234375 0.5583333328125 0.9276041671874999 0.559259259375 0.934375 0.5546296296875 0.9380208328125 0.5490740734374999 0.9463541671875 0.55 0.9583333328125001 0.547222221875 0.9630208328125001 0.5361111109375 0.9677083328125 0.5203703703125 0.9723958328125001 0.48981481406249994 0.9765625 0.477777778125 0.9807291671874999 0.4731481484375 0.9994791671875 0.47222222187499996 0.9994791671875 0.46666666718750005 0.9458333328125 0.46666666718750005 0.9322916671874999 0.46944444374999994 0.9265625 0.47222222187499996 0.9203125 0.4768518515625 0.9166666671874999 0.48333333281249996 0.9088541671874999 0.5018518515625 0.9072916671875 0.5046296296875 0.9005208328125001 0.5101851859375001 0.8984375 0.515740740625 0.8973958328125 0.5296296296875 0.8979166671875 0.5425925921875 0.8994791671875 0.5518518515624999 0.9041666671874999 0.55648148125
14 0.7677083328125 0.4916666671875 0.7697916671875 0.4879629625 0.7755208328125 0.48333333281249996 0.7760416671875 0.48055555625 0.771875 0.477777778125 0.7510416671875 0.478703703125 0.7479166671875 0.48055555625 0.746875 0.48333333281249996 0.7463541671875 0.490740740625 0.7473958328125 0.49259259218749996 0.7625 0.490740740625 0.7677083328125 0.4916666671875
7 0.8145833328125001 0.55 0.81875 0.55 0.825 0.5416666671875 0.8302083328125001 0.5425925921875 0.8333333328125001 0.5398148140625 0.8416666671874999 0.5398148140625 0.8432291671875 0.5240740734375 0.8432291671875 0.515740740625 0.8416666671874999 0.5120370375000001 0.8390625 0.509259259375 0.8354166671875 0.4953703703125 0.8322916671874999 0.49259259218749996 0.8296875 0.49259259218749996 0.8286458328125 0.4953703703125 0.8276041671875 0.5046296296875 0.8265625 0.50648148125 0.8177083328125001 0.5074074078125 0.8145833328125001 0.509259259375 0.8067708328125001 0.5231481484375 0.80625 0.5351851859375001 0.8072916671874999 0.5398148140625 0.8119791671875 0.5481481484375 0.8145833328125001 0.55
7 0.35885416718749996 0.63055555625 0.3604166671875 0.6416666671875 0.3635416671875 0.6416666671875 0.365625 0.6333333328124999 0.36875 0.6259259265625 0.3776041671875 0.6138888890625 0.378125 0.6083333328125 0.3776041671875 0.60555555625 0.375 0.6018518515625 0.375 0.5870370375 0.3703125 0.5722222218749999 0.3572916671875 0.571296296875 0.3557291671875 0.5740740734374999 0.3541666671875 0.5870370375 0.3552083328125 0.6 0.3552083328125 0.6148148140624999 0.35885416718749996 0.63055555625
7 0.571875 0.5138888890625 0.571875 0.503703703125 0.5703125 0.5009259265625 0.5677083328125 0.5009259265625 0.5666666671875 0.502777778125 0.5661458328125 0.5148148140625 0.5671875 0.5175925921875 0.5697916671875001 0.5175925921875 0.571875 0.5138888890625
11 0.9838541671875 0.5046296296875 0.9869791671874999 0.509259259375 0.9895833328125001 0.5166666671875 0.990625 0.5166666671875 0.99375 0.5111111109375 0.9953125 0.503703703125 0.9984375 0.497222221875 0.9994791671875 0.497222221875 0.9994791671875 0.4731481484375 0.9838541671875 0.47407407343749997 0.9791666671874999 0.47592592656250005 0.9755208328125 0.48055555625 0.975 0.48981481406249994 0.9791666671874999 0.48981481406249994 0.9817708328125001 0.49259259218749996 0.9838541671875 0.5046296296875
9 0.3494791671875 0.553703703125 0.346875 0.5629629625 0.3489583328125 0.5659876546875 0.346875 0.5703703703125 0.346875 0.575 0.348046875 0.57569444375 0.346875 0.5796296296875 0.35208333281250004 0.5944444437499999 0.353125 0.5953703703125 0.3505208328125 0.603703703125 0.3489583328125 0.60555555625 0.3494791671875 0.6120370375 0.3505208328125 0.6120370375 0.35208333281250004 0.6083333328125 0.3542708328125 0.6098148140624999 0.3728645828125 0.60851851875 0.3770833328125 0.6101851859375 0.378125 0.6083333328125 0.37552083281250004 0.6083333328125 0.3760416671875 0.6053086421875 0.3802083328125 0.5962962968750001 0.38229166718749996 0.56851851875 0.38229166718749996 0.5648148140625 0.3791666671875 0.5629629625 0.3776041671875 0.5601851859375 0.3776041671875 0.5555555562500001 0.3786458328125 0.55 0.38125 0.546296296875 0.3828125 0.5370370375 0.38125 0.5351851859375001 0.378125 0.525 0.37447916718749996 0.5175925921875 0.3770833328125 0.5046296296875 0.3765625 0.497222221875 0.3723958328125 0.49444444374999996 0.36770833281250004 0.49444444374999996 0.3625 0.5018518515625 0.3609375 0.5129629625 0.3541666671875 0.5203703703125 0.3515625 0.525 0.35 0.5314814812499999 0.35 0.5388888890625 0.3515625 0.54444444375 0.35104166718749996 0.5518518515624999 0.3494791671875 0.553703703125
1 0.6921875 0.5148148140625 0.69375 0.5148148140625 0.6994791671875 0.50648148125 0.7052083328125 0.4953703703125 0.7104166671875001 0.4953703703125 0.7145833328125 0.49351851875 0.71875 0.4879629625 0.7239583328125 0.48425925937500003 0.7265625 0.478703703125 0.7291666671875 0.4768518515625 0.734375 0.47592592656250005 0.740625 0.4768518515625 0.7427083328124999 0.478703703125 0.7484375 0.478703703125 0.7520833328125 0.4768518515625 0.778125 0.4768518515625 0.7828125 0.4731481484375 0.7838541671875 0.4675925921875 0.7817708328124999 0.46296296249999996 0.7786458328125 0.4611111109375 0.7697916671875 0.46388888906250003 0.7552083328125 0.46388888906250003 0.7453125 0.465740740625 0.6973958328125 0.46388888906250003 0.690625 0.4675925921875 0.6880208328124999 0.477777778125 0.6859375 0.4888888890625 0.6859375 0.4953703703125 0.6895833328125 0.5111111109375 0.6921875 0.5148148140625
9 0.21197916718749998 0.5481481484375 0.21458333281250003 0.5629629625 0.21458333281250003 0.58055555625 0.2203125 0.58148148125 0.221875 0.5759259265625001 0.21857638906250001 0.5629629625 0.22239583281250003 0.5620370375 0.2234375 0.54351851875 0.21979166718749998 0.5314814812499999 0.21770833281250002 0.527777778125 0.215625 0.527777778125 0.2130208328125 0.5333333328125 0.21197916718749998 0.5370370375 0.21307870312500002 0.541358025 0.21197916718749998 0.54351851875 0.21197916718749998 0.5481481484375
9 0.28125 0.577777778125 0.2828125 0.575 0.2828125 0.565740740625 0.28177083281250004 0.55 0.2802083328125 0.5398148140625 0.2802083328125 0.51944444375 0.278125 0.5138888890625 0.2723958328125 0.50648148125 0.2713541671875 0.50648148125 0.2703125 0.5101851859375001 0.2697916671875 0.54444444375 0.2708333328125 0.5601851859375 0.2744791671875 0.578703703125 0.28125 0.577777778125
9 0.284375 0.5703703703125 0.2875 0.571296296875 0.2880208328125 0.5703703703125 0.283556546875 0.5507936515625 0.28854166718749996 0.547222221875 0.28854166718749996 0.5379629625 0.2864583328125 0.5314814812499999 0.2838541671875 0.5296296296875 0.2822916671875 0.5305555562500001 0.28072916718749996 0.534259259375 0.2802083328125 0.5361111109375 0.2813244046875 0.541005290625 0.2802083328125 0.54351851875 0.284375 0.5703703703125