1 0.2359375 0.41018518593750003 0.234375 0.41203703750000004 0.234375 0.4138888890625 0.22916666718749998 0.4138888890625 0.2286458328125 0.4166666671875 0.2265625 0.4138888890625 0.23020833281250003 0.41944444374999995 0.2286458328125 0.4296296296875 0.23315972187499998 0.43641975312500003 0.23177083281250002 0.44259259218749997 0.228125 0.44351851875000003 0.228125 0.45 0.2296875 0.4574074078125 0.2296875 0.522222221875 0.23125 0.5546296296875 0.234375 0.590740740625 0.23541666718749998 0.5953703703125 0.23697916718749998 0.597222221875 0.2427083328125 0.5953703703125 0.2515625 0.5953703703125 0.2567708328125 0.6 0.2630208328125 0.5990740734375 0.2645833328125 0.5953703703125 0.265625 0.5824074078125 0.2677083328125 0.5759259265625001 0.2708333328125 0.5796296296875 0.2760416671875 0.5796296296875 0.2776041671875 0.5768518515625 0.2822916671875 0.5453703703125 0.2822916671875 0.5 0.2791666671875 0.42222222187499997 0.2786458328125 0.41944444374999995 0.27291666718749996 0.409259259375 0.265625 0.403703703125 0.2578125 0.3916666671875 0.253125 0.38333333281250004 0.2494791671875 0.371296296875 0.2442708328125 0.36296296250000004 0.23072916718749997 0.35648148125 0.2270833328125 0.35648148125 0.22552083281250002 0.3583333328125 0.225 0.38148148125 0.2260416671875 0.3916666671875 0.2327083328125 0.40796296249999997 0.2359375 0.41018518593750003
1 0.75 0.49629629687500004 0.75625 0.49444444374999996 0.7635416671875 0.4953703703125 0.7666666671875 0.49351851875 0.7822916671875 0.49351851875 0.7953125 0.497222221875 0.8041666671875 0.4981481484375 0.80625 0.5 0.8114583328125 0.5 0.8182291671874999 0.502777778125 0.8229166671874999 0.50648148125 0.8296875 0.5148148140625 0.8328125 0.5120370375000001 0.8338541671874999 0.50648148125 0.8333333328125001 0.4675925921875 0.8317708328125001 0.4601851859375 0.8302083328125001 0.4574074078125 0.8265625 0.45555555625000005 0.8088541671874999 0.45185185156249996 0.7947916671875 0.45185185156249996 0.7776041671875 0.4583333328125 0.7708333328125 0.4583333328125 0.7505208328124999 0.46296296249999996 0.7473958328125 0.46481481406249997 0.7458333328125 0.4675925921875 0.74375 0.4796296296875 0.74375 0.490740740625 0.7442708328125 0.49259259218749996 0.75 0.49629629687500004
1 0 0.7574074078125 0.0015625 0.7574074078125 0.0046875 0.752777778125 0.009375 0.75 0.0161458328125 0.7518518515625 0.021354167187500002 0.7509259265625 0.0270833328125 0.75555555625 0.0286458328125 0.759259259375 0.029166667187500002 0.765740740625 0.0307291671875 0.8101851859375 0.0322916671875 0.8138888890624999 0.0348958328125 0.815740740625 0.0348958328125 0.81851851875 0.0333333328125 0.8203703703125 0.0333333328125 0.8240740734375 0.0375 0.8222222218749999 0.0380208328125 0.8240740734375 0.0432291671875 0.827777778125 0.0484375 0.8370370375 0.052604167187499995 0.8351851859374999 0.0557291671875 0.8379629625 0.065625 0.8388888890624999 0.07083333281250001 0.8333333328125001 0.0760416671875 0.83148148125 0.08125 0.8222222218749999 0.08645833281250001 0.803703703125 0.0905689609375 0.7973277078125001 0.09114583281250001 0.8018518515625 0.09097222187500001 0.7910493828125 0.09375 0.772222221875 0.0953125 0.747222221875 0.0973958328125 0.7416666671875001 0.096875 0.73148148125 0.0984375 0.7268518515625 0.09895833281250001 0.7185185187500001 0.1 0.7148148140624999 0.1 0.709259259375 0.09895833281250001 0.70648148125 0.0994791671875 0.702777778125 0.103125 0.6972222218749999 0.1067708328125 0.7009259265625001 0.11145833281249999 0.7009259265625001 0.1140625 0.7046296296875 0.1171875 0.70648148125 0.1234375 0.70648148125 0.1265625 0.703703703125 0.134375 0.7046296296875 0.1369791671875 0.7 0.1421875 0.6990740734374999 0.1463541671875 0.6944444437499999 0.1510416671875 0.6925925921875 0.1552083328125 0.6879629625 0.1588541671875 0.6870370375 0.1609375 0.6851851859375 0.16354166718750002 0.6796296296875 0.178125 0.6675925921875 0.1854166671875 0.6666666671875 0.18802083281249998 0.6731481484375 0.1890625 0.6861111109375 0.1901041671875 0.6888888890625 0.1916666671875 0.6898148140625 0.20052083281250002 0.690740740625 0.20989583281250002 0.6851851859375 0.2140625 0.678703703125 0.2171875 0.66851851875 0.2203125 0.64444444375 0.22239583281250003 0.6111111109375 0.2234375 0.6074074078125 0.225 0.6074074078125 0.2286458328125 0.6129629624999999 0.23177083281250002 0.6120370375 0.23333333281250002 0.6046296296875 0.2338541671875 0.5768518515625 0.2328125 0.5574074078125 0.234375 0.55 0.2723958328125 0.559259259375 0.2734375 0.565740740625 0.2755208328125 0.565740740625 0.2770833328125 0.5611111109375 0.2760416671875 0.5574074078125 0.2744791671875 0.5574074078125 0.2598958328125 0.46851851875 0.2588541671875 0.46851851875 0.259375 0.465740740625 0.23525390625 0.43023726875 0.23333333281250002 0.4296296296875 0.23333333281250002 0.4246296296875 0.2312337234375 0.4243200234375 0.2292236328125 0.4213614 0.23333333281250002 0.41962962968750006 0.23333333281250002 0.4046296296875 0.2328125 0.3981481484375 0.23125 0.3953703703125 0.228125 0.39444444375 0.2270833328125 0.3916666671875 0.22760416718749998 0.375 0.23177083281250002 0.371296296875 0.23177083281250002 0.3648148140625 0.2296875 0.365740740625 0.2298611109375 0.36080246875 0.2260416671875 0.352777778125 0.22552083281250002 0.3416666671875 0.2234375 0.328703703125 0.2171875 0.3148148140625 0.209375 0.3083333328125 0.20416666718749998 0.30648148124999997 0.2 0.29722222187499997 0.1890625 0.28796296250000003 0.18802083281249998 0.2851851859375 0.184375 0.28148148125 0.1765625 0.2768518515625 0.1692708328125 0.26574074062499997 0.16458333281249998 0.2629629625 0.1619791671875 0.25648148125 0.15677083281249998 0.253703703125 0.1494791671875 0.24722222187499998 0.1473958328125 0.24259259218749998 0.1416666671875 0.2388888890625 0.1369791671875 0.23055555625 0.1348958328125 0.2296296296875 0.13229166718750002 0.2259259265625 0.1260416671875 0.22407407343750002 0.12395833281249999 0.221296296875 0.121875 0.2148148140625 0.1177083328125 0.21296296250000002 0.1145833328125 0.20833333281250002 0.1109375 0.20740740781250003 0.1078125 0.1990740734375 0.10364583281249999 0.1981481484375 0.096875 0.19351851874999998 0.0921875 0.1851851859375 0.0875 0.18148148125000002 0.08333333281250001 0.17314814843749998 0.0760416671875 0.1675925921875 0.0713541671875 0.165740740625 0.0692708328125 0.1611111109375 0.0635416671875 0.15648148125 0.058854167187499994 0.147222221875 0.0557291671875 0.1453703703125 0.054166667187499996 0.1425925921875 0.0479166671875 0.140740740625 0.0463541671875 0.13888888906250002 0.04375 0.13148148125 0.0401041671875 0.1296296296875 0.0364583328125 0.12407407343750002 0.0328125 0.1231481484375 0.0296875 0.11574074062499999 0.0244791671875 0.11388888906250001 0.0182291671875 0.1046296296875 0.0181640625 0.11070601875 0.016153971875 0.10774739687499998 0.015625 0.102777778125 0.0141438796875 0.1047887734375 0.0121337890625 0.10183015 0.0125 0.097222221875 0.0101236984375 0.098871528125 0.006103515625 0.0929542828125 0.0057291671875 0.0898148140625 0.0040934249999999995 0.08999565937500001 0.0020833328125000002 0.0870370375 0 0.0870370375 0.000576871875 0.09156118125 0 0.0953703703125 0.0011537453125 0.09608532656249999 0 0.1 0.000771234375 0.109223646875 0 0.109259259375 0.0010283125000000001 0.11384140625000001 0 0.11388888906250001 0.001285390625 0.11845916406250001 0 0.11851851875 0.0015424671875 0.12307692343750001 0 0.1231481484375 0 0.7574074078125
7 0.35 0.5759259265625001 0.3552083328125 0.5768518515625 0.3578125 0.5694444437499999 0.3614583328125 0.5629629625 0.3614583328125 0.5555555562500001 0.359375 0.540740740625 0.3578125 0.534259259375 0.3541666671875 0.5296296296875 0.35208333281250004 0.5305555562500001 0.3489583328125 0.5379629625 0.346875 0.5509259265625001 0.3447916671875 0.55648148125 0.3447916671875 0.5611111109375 0.35 0.5759259265625001
9 0.5078125 0.5574074078125 0.5088541671875 0.5546296296875 0.5044791671875 0.5424074078125 0.5057291671875 0.5361111109375 0.509375 0.534259259375 0.5109375 0.5240740734375 0.5109375 0.5129629625 0.5088541671875 0.4990740734375 0.50625 0.49629629687500004 0.5046875 0.4990740734375 0.5005208328124999 0.522222221875 0.5005208328124999 0.5268518515625 0.50625 0.5583333328125 0.5078125 0.5574074078125
9 0.46458333281249997 0.54444444375 0.46770833281249996 0.54351851875 0.4713541671875 0.5481481484375 0.4739583328125 0.5555555562500001 0.4760416671875 0.553703703125 0.47447916718750005 0.546296296875 0.47239583281249997 0.5425925921875 0.4713541671875 0.534259259375 0.4713541671875 0.521296296875 0.47239583281249997 0.5166666671875 0.4713541671875 0.503703703125 0.4703125 0.4990740734375 0.4671875 0.49444444374999996 0.46510416718750003 0.49629629687500004 0.46302083281249995 0.502777778125 0.4604166671875 0.5351851859375001 0.45989583281249996 0.547222221875 0.4614583328125 0.5527777781250001 0.46302083281249995 0.5518518515624999 0.46458333281249997 0.54444444375
9 0.3395833328125 0.5398148140625 0.3411458328125 0.5453703703125 0.3447916671875 0.5481481484375 0.3473958328125 0.5388888890625 0.3526041671875 0.5296296296875 0.3583333328125 0.5314814812499999 0.3614583328125 0.534259259375 0.3625 0.5287037031249999 0.3619791671875 0.5138888890625 0.35989583281250004 0.50648148125 0.3567708328125 0.5018518515625 0.3546875 0.48981481406249994 0.3536458328125 0.4879629625 0.3494791671875 0.4879629625 0.3473958328125 0.49351851875 0.3463541671875 0.5 0.3416666671875 0.5074074078125 0.3401041671875 0.5120370375000001 0.3395833328125 0.51944444375 0.340625 0.5231481484375 0.340625 0.5305555562500001 0.3395833328125 0.5398148140625
14 0.3260416671875 0.553703703125 0.32864583281250004 0.5481481484375 0.3369791671875 0.54444444375 0.3380208328125 0.5425925921875 0.340625 0.527777778125 0.340625 0.5231481484375 0.3390625 0.51851851875 0.3395833328125 0.5138888890625 0.3427083328125 0.50555555625 0.3463541671875 0.5009259265625 0.3484375 0.490740740625 0.3505208328125 0.4879629625 0.3536458328125 0.4879629625 0.3546875 0.48981481406249994 0.3567708328125 0.5018518515625 0.35989583281250004 0.5074074078125 0.3614583328125 0.5203703703125 0.3640625 0.525 0.364375 0.5203703703125 0.3651041671875 0.51944444375 0.3635416671875 0.5111111109375 0.3635416671875 0.4953703703125 0.3604166671875 0.4796296296875 0.3578125 0.47592592656250005 0.3515625 0.47407407343749997 0.3317708328125 0.47407407343749997 0.3223958328125 0.4796296296875 0.3192708328125 0.4888888890625 0.315625 0.5129629625 0.315625 0.547222221875 0.3171875 0.55 0.3239583328125 0.553703703125 0.3260416671875 0.553703703125
11 0.3135416671875 0.5259259265625 0.315625 0.51944444375 0.3177083328125 0.4888888890625 0.3135416671875 0.48703703750000005 0.3098958328125 0.4916666671875 0.3088541671875 0.4953703703125 0.3088541671875 0.51851851875 0.3098958328125 0.525 0.3135416671875 0.5259259265625
1 0.8458333328125001 0.5305555562500001 0.846875 0.5388888890625 0.8473958328125001 0.5601851859375 0.8489583328125001 0.565740740625 0.8583333328125 0.5555555562500001 0.8666666671875 0.5518518515624999 0.86875 0.5481481484375 0.875 0.5416666671875 0.8817708328125 0.540740740625 0.890625 0.5351851859375001 0.9015625 0.5333333328125 0.94375 0.5333333328125 0.953125 0.5361111109375 0.9588541671874999 0.5361111109375 0.9630208328125001 0.5398148140625 0.96875 0.5416666671875 0.9708333328125001 0.5453703703125 0.9744791671874999 0.546296296875 0.978125 0.55 0.9994791671875 0.5518518515624999 0.9909303156249999 0.420434228125 0.9994791671875 0.4138888890625 0.9869791671874999 0.415740740625 0.9692708328125 0.42129629687500003 0.9463541671875 0.42314814843750004 0.9223958328125 0.42870370312499995 0.8838541671875 0.43148148124999997 0.8708333328125001 0.434259259375 0.8645833328125001 0.4370370375 0.8572916671874999 0.4370370375 0.8526041671875 0.4388888890625 0.8484375 0.44629629687500005 0.8473958328125001 0.45277777812500003 0.8463541671874999 0.5083333328124999 0.8483114921875 0.51409796875 0.8458333328125001 0.515740740625 0.8458333328125001 0.5305555562500001
1 0.7130208328125 0.5018518515625 0.7192708328124999 0.5009259265625 0.7244791671875 0.5018518515625 0.7265625 0.503703703125 0.7270833328124999 0.5101851859375001 0.7286458328125 0.5101851859375001 0.7317708328125 0.5074074078125 0.7375 0.5074074078125 0.7395833328125 0.50555555625 0.7416666671875001 0.5 0.7432291671875 0.471296296875 0.7411458328125 0.4675925921875 0.7291666671875 0.465740740625 0.7244791671875 0.4675925921875 0.7213541671875 0.46481481406249997 0.7140625 0.46481481406249997 0.7098958328125 0.4675925921875 0.7072916671875 0.4768518515625 0.70625 0.49444444374999996 0.7067708328125 0.503703703125 0.7088541671875 0.5046296296875 0.7130208328125 0.5018518515625