9 0.42395833281249995 0.48981481406249994 0.42552083281249997 0.4981481484375 0.42669270781249996 0.4995370375 0.42604166718750003 0.5009259265625 0.428125 0.5138888890625 0.4302083328125 0.5138888890625 0.43177083281249995 0.5120370375000001 0.4283854171875 0.503703703125 0.42890625 0.49583333281249997 0.4322916671875 0.49351851875 0.4328125 0.4854938265625 0.43385416718750003 0.48425925937500003 0.4348958328125 0.48425925937500003 0.43528645781249997 0.487654321875 0.43776041718750003 0.48981481406249994 0.43778044843749997 0.4913817671875 0.440234375 0.4919753078125 0.43990384687499995 0.49451566874999997 0.4505208328125 0.5101851859375001 0.4515625 0.509259259375 0.453125 0.497222221875 0.45520833281249995 0.49259259218749996 0.4557291671875 0.4861111109375 0.4557291671875 0.47592592656250005 0.4546875 0.471296296875 0.4557291671875 0.46296296249999996 0.4557291671875 0.4481481484375 0.4515625 0.4361111109375 0.44895833281249997 0.43333333281249997 0.44895833281249997 0.4129629625 0.4479166671875 0.41111111093749997 0.4427083328125 0.409259259375 0.43958333281249995 0.4138888890625 0.4369791671875 0.4296296296875 0.43177083281249995 0.43518518593750005 0.4296875 0.43981481406249995 0.425 0.46296296249999996 0.4234375 0.46666666718750005 0.42291666718750004 0.46944444374999994 0.4250400640625 0.47257834687500005 0.42291666718750004 0.4768518515625 0.42395833281249995 0.48981481406249994
9 0.4765625 0.45185185156249996 0.4796875 0.45185185156249996 0.48125 0.4546296296875 0.48229166718750005 0.4546296296875 0.4848958328125 0.44259259218749997 0.48541666718750004 0.43333333281249997 0.48125 0.427777778125 0.48020833281249997 0.4138888890625 0.475 0.4138888890625 0.4739583328125 0.425 0.47083333281249995 0.434259259375 0.4703125 0.4388888890625 0.46979166718750004 0.4583333328125 0.47083333281249995 0.4611111109375 0.47447916718750005 0.45370370312499997 0.4765625 0.45185185156249996
7 0.4380208328125 0.5453703703125 0.4390625 0.547222221875 0.440625 0.547222221875 0.4421875 0.5453703703125 0.44375 0.5324074078125001 0.44635416718750004 0.5314814812499999 0.44947916718750003 0.525 0.4479166671875 0.48425925937500003 0.44635416718750004 0.48148148125 0.43541666718750005 0.4824074078125 0.43385416718750003 0.48425925937500003 0.4328125 0.4888888890625 0.4322916671875 0.49629629687500004 0.43333333281249997 0.525 0.434375 0.5324074078125001 0.4380208328125 0.5453703703125
7 0.47552083281249996 0.4861111109375 0.478125 0.4861111109375 0.48020833281249997 0.4796296296875 0.4828125 0.4768518515625 0.4838541671875 0.4731481484375 0.4838541671875 0.46481481406249997 0.48229166718750005 0.45648148125 0.4796875 0.45185185156249996 0.4765625 0.45185185156249996 0.47447916718750005 0.45370370312499997 0.47239583281249997 0.4583333328125 0.4703125 0.4675925921875 0.4703125 0.475 0.47291666718750003 0.478703703125 0.47552083281249996 0.4861111109375
7 0.5890625 0.4620370375 0.5890625 0.4453703703125 0.5869791671875 0.44166666718750003 0.5796875 0.440740740625 0.5786458328124999 0.44259259218749997 0.5765625 0.4546296296875 0.5760416671875 0.4620370375 0.5770833328125 0.46388888906250003 0.5880208328125 0.46481481406249997 0.5890625 0.4620370375
14 0.7859375 0.48703703750000005 0.8041666671875 0.48518518593750004 0.8223958328125001 0.48703703750000005 0.8296875 0.49259259218749996 0.8447916671875 0.4916666671875 0.8703125 0.49444444374999996 0.8729166671874999 0.49259259218749996 0.8739583328125 0.48981481406249994 0.8760416671875 0.4703703703125 0.875 0.4611111109375 0.8619791671874999 0.43333333281249997 0.8604166671875 0.43148148124999997 0.8510416671875 0.42870370312499995 0.8494791671874999 0.4268518515625 0.8395833328125001 0.4240740734375 0.8125 0.42222222187499997 0.8067708328125001 0.42129629687500003 0.8041666671875 0.41944444374999995 0.7833333328125 0.41944444374999995 0.7791666671875 0.42592592656250006 0.7765625 0.44166666718750003 0.7744791671875 0.4453703703125 0.7734375 0.45185185156249996 0.7734375 0.47407407343749997 0.7796875 0.477777778125 0.7822916671875 0.48518518593750004 0.7859375 0.48703703750000005
2 0.5989583328125 0.46388888906250003 0.6015625 0.45370370312499997 0.6046875 0.44907407343749994 0.61875 0.44629629687500005 0.6270833328125 0.440740740625 0.6265625 0.43518518593750005 0.6213541671875 0.42870370312499995 0.6098958328124999 0.42870370312499995 0.6 0.4268518515625 0.5932291671875001 0.4296296296875 0.5901041671875 0.4388888890625 0.5895833328125 0.4611111109375 0.590625 0.46388888906250003 0.5927083328125 0.46481481406249997 0.5989583328125 0.46388888906250003
2 0.53125 0.45648148125 0.5322916671875 0.45370370312499997 0.5317708328124999 0.44351851875000003 0.5276041671875 0.43518518593750005 0.5265625 0.43055555625 0.5208333328125 0.42314814843750004 0.5166666671875 0.42222222187499997 0.5140625 0.4240740734375 0.5140625 0.42592592656250006 0.515625 0.4268518515625 0.5171875 0.43055555625 0.5166666671875 0.43981481406249995 0.5151041671875001 0.44259259218749997 0.5119791671875 0.44351851875000003 0.5104166671875 0.44629629687500005 0.5098958328125 0.4546296296875 0.5114583328125 0.45648148125 0.5296875 0.4574074078125 0.53125 0.45648148125
1 0.7005208328125 0.475 0.7046875 0.4731481484375 0.7307291671875 0.47407407343749997 0.7359375 0.47222222187499996 0.74375 0.47407407343749997 0.7552083328125 0.4703703703125 0.7708333328125 0.4703703703125 0.7723958328125 0.46666666718750005 0.7723958328125 0.45370370312499997 0.7734375 0.4453703703125 0.778125 0.4296296296875 0.7796875 0.4203703703125 0.7828125 0.4175925921875 0.8109375 0.4166666671875 0.8145833328125001 0.4203703703125 0.8171875 0.41851851875 0.8255208328125001 0.41851851875 0.8307291671874999 0.425 0.8411458328125001 0.425 0.8432291671875 0.427777778125 0.8458333328125001 0.4361111109375 0.85 0.43240740781250003 0.8604166671875 0.43148148124999997 0.8619791671874999 0.42870370312499995 0.8619791671874999 0.42314814843750004 0.8609375 0.41203703750000004 0.8572916671874999 0.40555555625000006 0.8421875 0.40092592656250003 0.83125 0.40092592656250003 0.8265625 0.3990740734375 0.8161458328125001 0.3990740734375 0.80625 0.397222221875 0.7895833328124999 0.397222221875 0.784375 0.3953703703125 0.7734375 0.39444444375 0.7572916671875001 0.3953703703125 0.7255208328125 0.39074074062499997 0.7114583328124999 0.3916666671875 0.70625 0.3898148140625 0.7005208328125 0.3898148140625 0.6984375 0.3925925921875 0.6958333328124999 0.40092592656250003 0.6932291671875 0.4370370375 0.6911458328125 0.45185185156249996 0.690625 0.46388888906250003 0.6916666671875 0.4675925921875 0.6973958328125 0.47407407343749997 0.7005208328125 0.475
1 0.6307291671875 0.4388888890625 0.6427083328125 0.4388888890625 0.6442708328125 0.4361111109375 0.6463541671875 0.4074074078125 0.659375 0.4129629625 0.6588541671875 0.41851851875 0.659375 0.44259259218749997 0.6604166671875 0.4453703703125 0.6625 0.44629629687500005 0.6661458328125 0.45185185156249996 0.6682291671875 0.46851851875 0.6692708328125 0.4703703703125 0.6838541671875 0.47222222187499996 0.6875 0.4703703703125 0.6911458328125 0.45555555625000005 0.6911458328125 0.44629629687500005 0.69375 0.4166666671875 0.6932291671875 0.40833333281249995 0.6890625 0.40833333281249995 0.6854166671875 0.4046296296875 0.6802083328124999 0.40277777812500004 0.6645833328124999 0.40277777812500004 0.6614583328125 0.403703703125 0.6598958328125 0.4074074078125 0.6463541671875 0.40648148125 0.6447916671875 0.4018518515625 0.6436458328125 0.406296296875 0.641840278125 0.4015432109375 0.6409374999999999 0.4061111109375 0.6388888890625 0.4012345671875 0.6382291671875 0.40592592656250004 0.6359375 0.40092592656250003 0.6329861109375 0.400617284375 0.6355208328125 0.40574074062500004 0.6301041671875 0.40537037031249995 0.630034721875 0.40030864218750006 0.6270833328125 0.4 0.6273958328125 0.40518518593749997 0.6246875000000001 0.40499999999999997 0.6234375 0.40092592656250003 0.6219791671875 0.4048148140625 0.6192708328125 0.4046296296875 0.61875 0.4138888890625 0.6213541671875 0.4268518515625 0.6286458328125 0.4370370375 0.6307291671875 0.4388888890625
1 0.5989583328125 0.4268518515625 0.6151041671875 0.4296296296875 0.6177083328124999 0.427777778125 0.61875 0.425 0.6182291671875 0.41203703750000004 0.6166666671875001 0.409259259375 0.6026041671875 0.40648148125 0.5911458328125 0.4074074078125 0.5895833328125 0.41018518593750003 0.5901041671875 0.4268518515625 0.5911458328125 0.4296296296875 0.5989583328125 0.4268518515625
1 0.5619791671875001 0.43981481406249995 0.5596354171875 0.43680555625000006 0.5541666671875001 0.4354938265625 0.5546875 0.4379629625 0.5536458328125 0.440740740625 0.5536458328125 0.4611111109375 0.5557291671875 0.46296296249999996 0.5630208328124999 0.46296296249999996 0.5635416671875 0.44444444375 0.5651041671875 0.43811728437499997 0.5755208328125 0.44351851875000003 0.5760416671875 0.440740740625 0.5822916671875 0.43487654375 0.5875 0.434259259375 0.5885416671875 0.43240740781250003 0.5895833328125 0.42870370312499995 0.5890625 0.41944444374999995 0.5796875 0.41944444374999995 0.5796875 0.42469135781249995 0.5787760421875 0.42476851875 0.5796875 0.42993827187500006 0.5778645828125 0.43009259218749996 0.5796875 0.43518518593750005 0.576953125 0.43541666718750005 0.5755208328125 0.43981481406249995 0.5733072921875 0.44008487656249995 0.5678385421875001 0.43877314843750004 0.55625 0.42314814843750004 0.5552083328124999 0.425 0.5546875 0.4302469140625 0.5583333328125 0.4296296296875 0.5614583328125 0.434259259375 0.5623697921875 0.43746141875 0.5619791671875001 0.43981481406249995