1 0.7052083328125 0.41851851875 0.7125 0.42129629687500003 0.7234375 0.43333333281249997 0.7302083328125 0.44444444375 0.7359375 0.45 0.74375 0.45370370312499997 0.7489583328125 0.4601851859375 0.7505208328124999 0.46481481406249997 0.7505208328124999 0.475 0.7484375 0.4888888890625 0.7484375 0.497222221875 0.753125 0.5009259265625 0.7588541671875 0.5009259265625 0.7609375 0.4990740734375 0.765625 0.48981481406249994 0.7723958328125 0.4888888890625 0.7833333328125 0.48981481406249994 0.7880208328125 0.4916666671875 0.7916666671875 0.5009259265625 0.7953125 0.503703703125 0.8083333328125001 0.5046296296875 0.8109375 0.502777778125 0.8135416671875 0.4981481484375 0.8166666671874999 0.49629629687500004 0.8177083328125001 0.4916666671875 0.8177083328125001 0.4824074078125 0.815625 0.475 0.815625 0.46944444374999994 0.825 0.4574074078125 0.8296875 0.44629629687500005 0.8333333328125001 0.440740740625 0.8359375 0.4388888890625 0.8432291671875 0.4379629625 0.8442708328125 0.4361111109375 0.846875 0.4148148140625 0.846875 0.4046296296875 0.8458333328125001 0.40277777812500004 0.8348958328125 0.4018518515625 0.8302083328125001 0.4 0.8119791671875 0.4 0.7927083328125 0.396296296875 0.7770833328125 0.3953703703125 0.7713541671875 0.39351851875 0.7572916671875001 0.39351851875 0.71875 0.3888888890625 0.69375 0.3888888890625 0.6916666671875 0.39351851875 0.6916666671875 0.4018518515625 0.6963541671875 0.409259259375 0.7005208328125 0.41851851875 0.7052083328125 0.41851851875
9 0.3953125 0.4796296296875 0.3942708328125 0.477777778125 0.3916666671875 0.477777778125 0.39114583281250004 0.4796296296875 0.3916666671875 0.490740740625 0.39375 0.5 0.3958333328125 0.522222221875 0.396875 0.5231481484375 0.39791666718749996 0.521296296875 0.4 0.5138888890625 0.3994791671875 0.4986111109375 0.40123697968750005 0.49583333281249997 0.4214192703125 0.528240740625 0.42291666718750004 0.5287037031249999 0.4234375 0.5314814812499999 0.4234375 0.5203703703125 0.42421875 0.51851851875 0.4265625 0.4916666671875 0.4265625 0.475 0.4296875 0.46481481406249997 0.4291666671875 0.44444444375 0.4244791671875 0.427777778125 0.42395833281249995 0.40555555625000006 0.4203125 0.3990740734375 0.415625 0.4 0.4114583328125 0.4046296296875 0.40833333281249995 0.4046296296875 0.40833333281249995 0.4166666671875 0.40625 0.42129629687500003 0.4046875 0.42222222187499997 0.3953125 0.4361111109375 0.3932291671875 0.447222221875 0.39375 0.45277777812500003 0.3958333328125 0.459259259375 0.4026388890625 0.473580246875 0.3953125 0.4796296296875
9 0.615625 0.4824074078125 0.6182291671875 0.475 0.6192708328125 0.459259259375 0.6171875 0.44907407343749994 0.6151041671875 0.44351851875000003 0.6130208328125 0.44444444375 0.6098958328124999 0.4583333328125 0.609375 0.46481481406249997 0.6104166671875 0.477777778125 0.6119791671875 0.48148148125 0.615625 0.4824074078125
7 0.43958333281249995 0.4796296296875 0.44375 0.46851851875 0.44375 0.45648148125 0.4427083328125 0.45185185156249996 0.4348958328125 0.45185185156249996 0.4328125 0.45370370312499997 0.43333333281249997 0.475 0.4359375 0.4796296296875 0.43958333281249995 0.4796296296875
7 0.4010416671875 0.5305555562500001 0.40416666718750005 0.5453703703125 0.4057291671875 0.5481481484375 0.40833333281249995 0.5583333328125 0.4114583328125 0.5583333328125 0.4125 0.55648148125 0.4145833328125 0.5398148140625 0.42291666718750004 0.534259259375 0.42395833281249995 0.5324074078125001 0.42395833281249995 0.522222221875 0.42083333281249996 0.5111111109375 0.41979166718750005 0.48703703750000005 0.4192708328125 0.48425925937500003 0.4171875 0.4824074078125 0.4109375 0.4824074078125 0.4036458328125 0.48425925937500003 0.4015625 0.4888888890625 0.40052083281249995 0.49444444374999996 0.40052083281249995 0.5018518515625 0.4015625 0.5083333328124999 0.4010416671875 0.5305555562500001
9 0.4359375 0.45 0.4427083328125 0.447222221875 0.44375 0.44351851875000003 0.44375 0.4388888890625 0.440625 0.4203703703125 0.43958333281249995 0.41851851875 0.4375 0.41851851875 0.43645833281249996 0.4203703703125 0.4348958328125 0.42870370312499995 0.4328125 0.43148148124999997 0.43177083281249995 0.43518518593750005 0.43125 0.44166666718750003 0.43177083281249995 0.44629629687500005 0.43333333281249997 0.44907407343749994 0.4359375 0.45
1 0.5635416671875 0.425 0.5723958328125 0.42314814843750004 0.5739583328125 0.42129629687500003 0.5734375 0.4175925921875 0.56875 0.4138888890625 0.5609375 0.4148148140625 0.5588541671875 0.41851851875 0.5588541671875 0.4240740734375 0.5598958328125 0.42870370312499995 0.5635416671875 0.425
1 0.5817708328125 0.42592592656250006 0.5885416671875 0.42592592656250006 0.5911458328125 0.43055555625 0.5911458328125 0.477777778125 0.5958333328125 0.4796296296875 0.6020833328124999 0.4796296296875 0.6046875 0.471296296875 0.6088541671875001 0.46666666718750005 0.6119791671875 0.4481481484375 0.6135416671875 0.44444444375 0.6151041671875 0.44444444375 0.6166666671875001 0.447222221875 0.61875 0.4546296296875 0.61875 0.4768518515625 0.621875 0.4796296296875 0.625 0.477777778125 0.6260416671875 0.47222222187499996 0.6291666671875 0.42870370312499995 0.6291666671875 0.41851851875 0.628125 0.4166666671875 0.5932291671875001 0.4129629625 0.5885416671875 0.41111111093749997 0.5776041671875001 0.41203703750000004 0.5765625 0.4138888890625 0.5765625 0.4203703703125 0.5776041671875001 0.4240740734375 0.5817708328125 0.42592592656250006
1 0.6286458328125 0.4824074078125 0.6401041671875001 0.4824074078125 0.64375 0.48055555625 0.6453125 0.477777778125 0.6453125 0.4611111109375 0.6484375 0.44259259218749997 0.6484375 0.43240740781250003 0.64375 0.41944444374999995 0.64375 0.41203703750000004 0.6494791671875 0.4 0.6479166671875001 0.3981481484375 0.6380208328125 0.397222221875 0.6328125 0.4 0.6307291671875 0.40555555625000006 0.6296875 0.4268518515625 0.625 0.4768518515625 0.6270833328125 0.48148148125 0.6286458328125 0.4824074078125
2 0.6604166671875 0.4888888890625 0.6614583328125 0.48703703750000005 0.6614583328125 0.475 0.662465278125 0.4717901234375 0.6734375 0.475 0.6729166671875 0.48518518593750004 0.6739583328125 0.48703703750000005 0.6822916671875 0.4888888890625 0.690625 0.4953703703125 0.7010416671875 0.49444444374999996 0.7046875 0.49629629687500004 0.71875 0.49629629687500004 0.721875 0.4981481484375 0.73125 0.4990740734375 0.74375 0.502777778125 0.7479166671875 0.49629629687500004 0.7484375 0.48055555625 0.75 0.46851851875 0.7489583328125 0.4611111109375 0.7479166671875 0.459259259375 0.7401041671875 0.45185185156249996 0.7286458328125 0.44629629687500005 0.7270833328124999 0.43981481406249995 0.725 0.4361111109375 0.7161458328125 0.42592592656250006 0.709375 0.42129629687500003 0.7005208328125 0.4203703703125 0.6958333328124999 0.4370370375 0.690625 0.44259259218749997 0.6822916671875 0.4583333328125 0.6755208328125 0.46851851875 0.6606770828124999 0.46851851875 0.6598958328125 0.4620370375 0.65625 0.447222221875 0.6536458328125 0.440740740625 0.65 0.44259259218749997 0.6479166671875001 0.447222221875 0.6463541671875 0.45648148125 0.64600694375 0.46697530781249996 0.6487499999999999 0.467777778125 0.6459201390625 0.4737654328125 0.6458333328125 0.48055555625 0.6479166671875001 0.4879629625 0.65625 0.48981481406249994 0.6604166671875 0.4888888890625
11 0.5869791671875 0.4796296296875 0.5895833328125 0.478703703125 0.590625 0.4768518515625 0.5911458328125 0.42870370312499995 0.5901041671875 0.4268518515625 0.5875 0.425 0.5791666671875 0.425 0.5755208328125 0.42314814843750004 0.5734375 0.425 0.5640625 0.4268518515625 0.5609375 0.43240740781250003 0.559375 0.447222221875 0.5604166671875 0.475 0.5635416671875 0.4768518515625 0.5869791671875 0.4796296296875
7 0.559375 0.4731481484375 0.5598958328125 0.46481481406249997 0.5583333328125 0.45277777812500003 0.5567708328125 0.4509259265625 0.553125 0.45 0.5515625 0.4546296296875 0.5510416671875 0.47222222187499996 0.553125 0.475 0.5583333328125 0.475 0.559375 0.4731481484375
1 0.8583333328125 0.46851851875 0.8604166671875 0.4620370375 0.8635416671874999 0.46388888906250003 0.8729166671874999 0.46481481406249997 0.8791666671874999 0.4601851859375 0.9098958328125001 0.4601851859375 0.9192708328125001 0.4574074078125 0.9296875 0.459259259375 0.9432291671874999 0.459259259375 0.9494791671874999 0.4620370375 0.990625 0.4675925921875 0.9994791671875 0.4675925921875 0.9994791671875 0.3759259265625 0.9177083328125001 0.3648148140625 0.9072916671875 0.36296296250000004 0.9052083328125 0.3611111109375 0.9010416671874999 0.3611111109375 0.8958333328125001 0.3583333328125 0.8875 0.35648148125 0.8703125 0.35648148125 0.8604166671875 0.35925925937500003 0.853125 0.3638888890625 0.8510416671875 0.3731481484375 0.8458333328125001 0.43333333281249997 0.8458333328125001 0.46666666718750005 0.846875 0.46851851875 0.8583333328125 0.46851851875
14 0.81875 0.497222221875 0.8208333328125 0.5046296296875 0.8244791671874999 0.50648148125 0.8291666671875 0.50648148125 0.8302083328125001 0.503703703125 0.8296875 0.4916666671875 0.8307291671874999 0.4879629625 0.8432291671875 0.475 0.8447916671875 0.471296296875 0.8453125 0.43981481406249995 0.84375 0.4379629625 0.834375 0.43981481406249995 0.8307291671874999 0.44629629687500005 0.8265625 0.4583333328125 0.8171875 0.46851851875 0.81875 0.497222221875