14 0.7302083328125 0.51851851875 0.7338541671875001 0.521296296875 0.7380208328125 0.521296296875 0.7390625 0.48703703750000005 0.7380208328125 0.4703703703125 0.7364583328125 0.46851851875 0.734375 0.475 0.7291666671875 0.48518518593750004 0.7234375 0.48981481406249994 0.7208333328125 0.4990740734375 0.7203125 0.5074074078125 0.7213541671875 0.5111111109375 0.7265625 0.5129629625 0.7302083328125 0.51851851875
14 0.8484375 0.5370370375 0.8536458328125001 0.5370370375 0.8578125 0.5324074078125001 0.8614583328125001 0.5370370375 0.865625 0.5379629625 0.8682291671875 0.5361111109375 0.8692708328125001 0.5324074078125001 0.8708333328125001 0.5138888890625 0.8755208328125 0.5018518515625 0.8770833328125001 0.48703703750000005 0.8796875 0.48055555625 0.8859375 0.48055555625 0.8885416671874999 0.4888888890625 0.8916666671875 0.48425925937500003 0.8927083328125001 0.48425925937500003 0.8953125 0.49444444374999996 0.8973958328125 0.4953703703125 0.9010416671874999 0.49259259218749996 0.9046875 0.4824074078125 0.9046875 0.47592592656250005 0.9078125 0.46851851875 0.9270833328125001 0.465740740625 0.9348958328125001 0.4703703703125 0.934375 0.4620370375 0.9328125 0.4583333328125 0.9307291671875 0.45648148125 0.8921875 0.4574074078125 0.8697916671874999 0.4620370375 0.8640625 0.46666666718750005 0.8541666671874999 0.4879629625 0.846875 0.49351851875 0.8453125 0.497222221875 0.8432291671875 0.509259259375 0.8432291671875 0.5259259265625 0.8447916671875 0.5314814812499999 0.8484375 0.5370370375
11 0.9145833328125 0.50648148125 0.9166666671874999 0.5129629625 0.9197916671874999 0.5138888890625 0.9239583328125001 0.5111111109375 0.9265625 0.5111111109375 0.9307291671875 0.5138888890625 0.934375 0.5138888890625 0.9369791671875 0.5120370375000001 0.94375 0.5120370375000001 0.9447916671875 0.5101851859375001 0.9479166671874999 0.49259259218749996 0.9572916671874999 0.47222222187499996 0.9583333328125001 0.46944444374999994 0.9583333328125001 0.465740740625 0.9567708328125001 0.46388888906250003 0.95 0.4620370375 0.9447916671875 0.46388888906250003 0.9421875 0.46851851875 0.9390625 0.4703703703125 0.9322916671874999 0.4601851859375 0.9239583328125001 0.459259259375 0.9192708328125001 0.46296296249999996 0.9161458328125001 0.46296296249999996 0.9067708328125 0.46851851875 0.9041666671874999 0.47407407343749997 0.9036458328125001 0.48425925937500003 0.9072916671875 0.48703703750000005 0.9098958328125001 0.497222221875 0.9145833328125 0.50648148125
11 0.7677083328125 0.51944444375 0.7692708328125 0.5166666671875 0.7708333328125 0.5074074078125 0.7744791671875 0.5009259265625 0.7786458328125 0.4981481484375 0.7833333328125 0.4981481484375 0.7885416671875001 0.4953703703125 0.7953125 0.49444444374999996 0.7979166671875 0.48148148125 0.8041666671875 0.48148148125 0.8057291671875 0.477777778125 0.8057291671875 0.46851851875 0.8020833328125001 0.46481481406249997 0.775 0.46481481406249997 0.7635416671875 0.46666666718750005 0.7630208328125 0.47592592656250005 0.7640625 0.5120370375000001 0.7661458328124999 0.51944444375 0.7677083328125 0.51944444375
11 0.8130208328125 0.521296296875 0.8359375 0.522222221875 0.8401041671874999 0.527777778125 0.8416666671874999 0.527777778125 0.8427083328125 0.5259259265625 0.84375 0.50648148125 0.8453125 0.49629629687500004 0.8526041671875 0.48703703750000005 0.8552083328125001 0.4796296296875 0.8557291671874999 0.4731481484375 0.8552083328125001 0.46851851875 0.853125 0.465740740625 0.8203125 0.46666666718750005 0.8135416671875 0.46944444374999994 0.8098958328125001 0.48148148125 0.8083333328125001 0.48981481406249994 0.809375 0.50648148125 0.8109375 0.5166666671875 0.8130208328125 0.521296296875
9 0.5317708328124999 0.4981481484375 0.5328125 0.4953703703125 0.5328125 0.475 0.5322916671875 0.471296296875 0.53125 0.4703703703125 0.5291666671875 0.4703703703125 0.5276041671875 0.475 0.5270833328125 0.490740740625 0.5276041671875 0.4953703703125 0.5296875 0.5 0.5317708328124999 0.4981481484375
9 0.5619791671875001 0.478703703125 0.5609375 0.46944444374999994 0.5572916671875 0.4703703703125 0.5557291671875 0.4731481484375 0.5552083328124999 0.48333333281249996 0.559375 0.48518518593750004 0.5614583328125 0.48425925937500003 0.5619791671875001 0.478703703125
9 0.16586805625 0.5137654328125 0.1646780296875 0.5150673390625 0.1667708328125 0.5183333328125 0.1652935609375 0.5199494953125 0.1654513890625 0.5259259265625 0.166524621875 0.5297138046875001 0.165625 0.5314814812499999 0.1682291671875 0.540740740625 0.171875 0.575 0.1729166671875 0.5768518515625 0.175 0.5768518515625 0.1765625 0.5759259265625001 0.1776041671875 0.5731481484375001 0.1757986109375 0.5640123453125 0.1755208328125 0.5580246921875001 0.178125 0.5574074078125 0.17916666718750002 0.5351851859375001 0.18125 0.5259259265625 0.1807291671875 0.5175925921875 0.1828125 0.5138888890625 0.1833333328125 0.5083333328124999 0.1807291671875 0.497222221875 0.1760416671875 0.490740740625 0.1760416671875 0.4796296296875 0.1739583328125 0.475 0.1729166671875 0.475 0.17135416718750002 0.477777778125 0.1692708328125 0.490740740625 0.1651041671875 0.497222221875 0.1640625 0.5046296296875 0.164965278125 0.50919753125 0.1640625 0.5101851859375001 0.16586805625 0.5137654328125
9 0.2494791671875 0.5481481484375 0.2510416671875 0.5527777781250001 0.2567708328125 0.5527777781250001 0.25833333281250004 0.5509259265625001 0.2578125 0.5370370375 0.2515625 0.5203703703125 0.2545138890625 0.5203703703125 0.25729166718749996 0.51851851875 0.2567708328125 0.5148148140625 0.2546875 0.5083333328124999 0.25052083281250004 0.5083333328124999 0.24895833281250002 0.5101851859375001 0.2484375 0.5120370375000001 0.25 0.516203703125 0.2484375 0.5203703703125 0.2494791671875 0.5481481484375
9 0.3104166671875 0.5509259265625001 0.3114583328125 0.5481481484375 0.3114583328125 0.5425925921875 0.3072916671875 0.5259259265625 0.3098958328125 0.5120370375000001 0.309375 0.497222221875 0.3067708328125 0.48518518593750004 0.3020833328125 0.4879629625 0.3010416671875 0.490740740625 0.3005208328125 0.5166666671875 0.3036458328125 0.5268518515625 0.3067708328125 0.55 0.3104166671875 0.5509259265625001
9 0.3109375 0.5481481484375 0.3145833328125 0.5379629625 0.3151041671875 0.5203703703125 0.3140625 0.5148148140625 0.3109375 0.5111111109375 0.3078125 0.51851851875 0.3072916671875 0.527777778125 0.3098958328125 0.5379629625 0.3098958328125 0.547222221875 0.3109375 0.5481481484375
9 0.9760416671875 0.5120370375000001 0.978125 0.5101851859375001 0.9776041671875 0.502777778125 0.9697916671875 0.4888888890625 0.9671875 0.47407407343749997 0.9640625 0.46944444374999994 0.9598958328125 0.4703703703125 0.95625 0.48055555625 0.9494791671874999 0.4916666671875 0.9473958328125001 0.497222221875 0.946875 0.5120370375000001 0.95 0.5148148140625 0.9640625 0.5120370375000001 0.9760416671875 0.5120370375000001
9 0.9046875 0.5203703703125 0.9125 0.5175925921875 0.9145833328125 0.5148148140625 0.9151041671875 0.5120370375000001 0.9140625 0.50648148125 0.909375 0.49629629687500004 0.9078125 0.4879629625 0.90625 0.4861111109375 0.9036458328125001 0.4861111109375 0.9020833328125001 0.4888888890625 0.9010416671874999 0.49444444374999996 0.8973958328125 0.502777778125 0.8963541671874999 0.5083333328124999 0.8958333328125001 0.51851851875 0.896875 0.5231481484375 0.9015625 0.5231481484375 0.9046875 0.5203703703125
9 0.6963541671875 0.521296296875 0.6984375 0.51851851875 0.7 0.5018518515625 0.7 0.48518518593750004 0.6973958328125 0.47407407343749997 0.69375 0.47407407343749997 0.690625 0.48518518593750004 0.6901041671875 0.502777778125 0.6916666671875 0.5101851859375001 0.6921875 0.51851851875 0.6963541671875 0.521296296875
9 0.878125 0.5388888890625 0.8796875 0.547222221875 0.88125 0.5481481484375 0.8828125 0.5453703703125 0.8848958328125001 0.5351851859375001 0.8885416671874999 0.5305555562500001 0.8911458328125 0.525 0.8947916671874999 0.521296296875 0.8963541671874999 0.5120370375000001 0.8963541671874999 0.502777778125 0.89375 0.48981481406249994 0.890625 0.48703703750000005 0.8880208328125001 0.4796296296875 0.8833333328125 0.478703703125 0.88125 0.48148148125 0.8796875 0.490740740625 0.8755208328125 0.5046296296875 0.875 0.5111111109375 0.8786458328125001 0.5166666671875 0.8791666671874999 0.51944444375 0.878125 0.5388888890625
9 0.7057291671875 0.5203703703125 0.7072916671875 0.51851851875 0.709375 0.49444444374999996 0.709375 0.48425925937500003 0.7067708328125 0.47222222187499996 0.7036458328124999 0.471296296875 0.7010416671875 0.47592592656250005 0.7005208328125 0.497222221875 0.7015625 0.509259259375 0.7041666671875 0.51851851875 0.7057291671875 0.5203703703125
9 0.56484375 0.4800925921875 0.5671875 0.475 0.5666666671875 0.47222222187499996 0.5645833328125 0.46851851875 0.5630208328124999 0.46944444374999994 0.5630208328124999 0.4861111109375 0.5640625 0.4888888890625 0.5671875 0.4888888890625 0.56484375 0.4800925921875
9 0.234375 0.5490740734374999 0.2359375 0.553703703125 0.23854166718749997 0.553703703125 0.2421875 0.5518518515624999 0.2421875 0.5101851859375001 0.240625 0.5046296296875 0.2364583328125 0.5 0.2348958328125 0.5018518515625 0.234375 0.5046296296875 0.2338541671875 0.5111111109375 0.23541666718749998 0.5231481484375 0.234375 0.5324074078125001 0.234375 0.5490740734374999
7 0.35625 0.625 0.3572916671875 0.6268518515625 0.35885416718749996 0.6268518515625 0.3614583328125 0.6240740734375 0.3651041671875 0.6120370375 0.371875 0.6009259265625 0.3729166671875 0.5916666671875 0.3708333328125 0.58055555625 0.3703125 0.565740740625 0.36770833281250004 0.55648148125 0.3651041671875 0.5546296296875 0.3536458328125 0.5546296296875 0.35208333281250004 0.5583333328125 0.3505208328125 0.571296296875 0.3505208328125 0.6 0.3541666671875 0.6120370375 0.35625 0.625
7 0.5572916671875 0.50648148125 0.5598958328125 0.50648148125 0.5619791671875001 0.502777778125 0.5625 0.49259259218749996 0.5609375 0.4879629625 0.55625 0.48703703750000005 0.5552083328124999 0.4879629625 0.5552083328124999 0.49629629687500004 0.55625 0.502777778125 0.5572916671875 0.50648148125
7 0.6645833328124999 0.47592592656250005 0.6614583328125 0.4703703703125 0.6604166671875 0.46388888906250003 0.6583333328125 0.4611111109375 0.6567708328124999 0.46388888906250003 0.6541666671875 0.477777778125 0.6572916671875 0.4796296296875 0.6635416671875001 0.4796296296875 0.6645833328124999 0.47592592656250005
7 0.6515625 0.477777778125 0.6515625 0.47407407343749997 0.6489583328124999 0.4675925921875 0.6458333328125 0.4675925921875 0.6453125 0.46944444374999994 0.6447916671875 0.4768518515625 0.6458333328125 0.478703703125 0.6505208328125 0.4796296296875 0.6515625 0.477777778125
7 0.78125 0.5305555562500001 0.7859375 0.525 0.7927083328125 0.525 0.7979166671875 0.5231481484375 0.8026041671874999 0.5259259265625 0.8057291671875 0.5305555562500001 0.8109375 0.5305555562500001 0.8125 0.527777778125 0.8125 0.5203703703125 0.809375 0.5111111109375 0.80625 0.48981481406249994 0.8010416671874999 0.48055555625 0.7984375 0.48055555625 0.7973958328124999 0.4824074078125 0.7963541671875001 0.4916666671875 0.7953125 0.49351851875 0.784375 0.497222221875 0.7786458328125 0.497222221875 0.7739583328124999 0.5009259265625 0.7708333328125 0.5074074078125 0.7703125 0.51851851875 0.7755208328125 0.5296296296875 0.7786458328125 0.5314814812499999 0.78125 0.5305555562500001
14 0.71875 0.5074074078125 0.7197916671875 0.50555555625 0.7223958328125 0.4916666671875 0.728125 0.48518518593750004 0.7348958328124999 0.4731481484375 0.7364583328125 0.46851851875 0.7359375 0.465740740625 0.7286458328125 0.4620370375 0.7244791671875 0.4620370375 0.7197916671875 0.46481481406249997 0.7161458328125 0.4703703703125 0.7135416671875 0.4824074078125 0.7109375 0.48981481406249994 0.7098958328125 0.49444444374999996 0.7104166671875001 0.503703703125 0.715625 0.5083333328124999 0.71875 0.5074074078125
1 0.6791666671875001 0.48425925937500003 0.6817708328125 0.4796296296875 0.6864583328125 0.46296296249999996 0.6901041671875 0.45648148125 0.6958333328124999 0.45370370312499997 0.7078125 0.45370370312499997 0.709375 0.45185185156249996 0.709375 0.44444444375 0.7078125 0.440740740625 0.70625 0.43981481406249995 0.6765625 0.43981481406249995 0.6729166671875 0.44166666718750003 0.6713541671875001 0.4481481484375 0.6703125 0.477777778125 0.6723958328124999 0.4824074078125 0.6760416671875 0.48518518593750004 0.6791666671875001 0.48425925937500003
11 0.3854166671875 0.5305555562500001 0.390625 0.527777778125 0.40052083281249995 0.5259259265625 0.40260416718750003 0.5231481484375 0.403125 0.5148148140625 0.4015625 0.49629629687500004 0.3984375 0.48518518593750004 0.3932291671875 0.48148148125 0.3828125 0.48333333281249996 0.378125 0.4861111109375 0.3760416671875 0.4916666671875 0.37552083281250004 0.5 0.378125 0.5203703703125 0.3802083328125 0.5296296296875 0.3854166671875 0.5305555562500001
1 0.6854166671875 0.502777778125 0.6890625 0.4861111109375 0.69375 0.47407407343749997 0.6932291671875 0.47108721718749996 0.6958333328124999 0.4703405015625 0.6979166671875 0.47407407343749997 0.7005208328125 0.4768518515625 0.6984375 0.4695937875 0.7036458328124999 0.4681003578125 0.7041666671875 0.47222222187499996 0.70625 0.46735364375 0.7088541671875 0.46660692968750006 0.7088541671875 0.4731481484375 0.7111979171875 0.4703703703125 0.7114583328124999 0.4658602140625 0.7135416671875 0.4675925921875 0.7140625 0.4651135015625 0.7166666671875 0.4643667859375 0.7168402781250001 0.4660493828125 0.7192708328124999 0.463620071875 0.7201388890625 0.4645061734375 0.721875 0.4628733578125 0.7234375 0.46296296249999996 0.7244791671875 0.4621266421875 0.7260416671875001 0.4625 0.7270833328124999 0.46137992812500006 0.7286458328125 0.4620370375 0.7296875 0.46063321406249996 0.731597221875 0.46296296249999996 0.7322916671875 0.4598864984375 0.7348958328124999 0.45913978593750004 0.7345486109375 0.46388888906250003 0.7375 0.46481481406249997 0.7390625 0.46296296249999996 0.7390625 0.4611111109375 0.7375 0.4583930703125 0.7380208328125 0.4546296296875 0.7401041671875 0.45764635625 0.7557291671875 0.45316606875 0.76328125 0.45694444375 0.7630208328125 0.46296296249999996 0.7645833328125 0.465740740625 0.7739583328124999 0.46481481406249997 0.7765625 0.4620370375 0.7765625 0.4546296296875 0.7744791671875 0.45185185156249996 0.7697916671875 0.45 0.7583333328124999 0.4524193546875 0.6911458328125 0.45370370312499997 0.6880208328124999 0.4574074078125 0.6841145828124999 0.4699074078125 0.6854166671875 0.473327359375 0.6828125 0.47407407343749997 0.6802083328124999 0.48518518593750004 0.6802083328124999 0.4916666671875 0.6817708328125 0.4990740734375 0.6854166671875 0.502777778125
9 0.3411458328125 0.5490740734374999 0.342945075 0.552441078125 0.3416666671875 0.5546296296875 0.3427083328125 0.5638888890625 0.3453125 0.5703703703125 0.3465435609375 0.5702861953125 0.3458333328125 0.5740740734374999 0.346726190625 0.574867725 0.3458333328125 0.5851851859375 0.34427083281250004 0.5916666671875 0.34427083281250004 0.5962962968750001 0.3453125 0.6 0.346875 0.602777778125 0.3489583328125 0.603703703125 0.35104166718749996 0.6018518515625 0.35104166718749996 0.5925925921874999 0.348342803125 0.5792087546875 0.35104166718749996 0.5759259265625001 0.35104166718749996 0.56851851875 0.353125 0.5574074078125 0.3541666671875 0.5555555562500001 0.35885416718749996 0.5546296296875 0.3645833328125 0.5546296296875 0.36770833281250004 0.55648148125 0.3697916671875 0.5666666671875 0.3697916671875 0.58055555625 0.3682291671875 0.5851851859375 0.36875 0.5981481484375 0.3692708328125 0.6009259265625 0.3734375 0.6 0.3760416671875 0.5953703703125 0.3760416671875 0.5833333328125 0.378125 0.553703703125 0.3776041671875 0.5481481484375 0.37552083281250004 0.54444444375 0.37552083281250004 0.5379629625 0.378125 0.5314814812499999 0.378125 0.522222221875 0.3770833328125 0.5148148140625 0.3734375 0.503703703125 0.375 0.48981481406249994 0.37447916718749996 0.48148148125 0.371875 0.4768518515625 0.3682291671875 0.47407407343749997 0.3625 0.47592592656250005 0.359375 0.48425925937500003 0.3572916671875 0.49444444374999996 0.3494791671875 0.503703703125 0.3458333328125 0.5138888890625 0.34322916718749996 0.5379629625 0.3411458328125 0.54351851875 0.3420454546875 0.5479797984375 0.3411458328125 0.5490740734374999